47.707079, -118.471852784
47.716079, -118.471852784
47.725079, -118.471852784
47.734079, -118.471852784
47.743079, -118.471852784
47.752079, -118.471852784
47.761079, -118.471852784
47.770079, -118.471852784
47.779079, -118.471852784
47.788079, -118.471852784
47.797079, -118.471852784
47.806079, -118.471852784
47.815079, -118.471852784
47.824079, -118.471852784
47.833079, -118.471852784
47.842079, -118.471852784
47.851079, -118.471852784
47.860079, -118.471852784
47.869079, -118.471852784
47.878079, -118.471852784
47.887079, -118.471852784
47.896079, -118.471852784
47.905079, -118.471852784
47.914079, -118.471852784
47.923079, -118.471852784
47.932079, -118.471852784
47.941079, -118.471852784
47.950079, -118.471852784
47.959079, -118.471852784
47.968079, -118.471852784
47.977079, -118.471852784
47.986079, -118.471852784
47.995079, -118.471852784
48.004079, -118.471852784
48.013079, -118.471852784
48.022079, -118.471852784
48.031079, -118.471852784
48.040079, -118.471852784
48.049079, -118.471852784
48.058079, -118.471852784
48.067079, -118.471852784
48.076079, -118.471852784
48.085079, -118.471852784
48.094079, -118.471852784
48.103079, -118.471852784
48.112079, -118.471852784
48.121079, -118.471852784
48.130079, -118.471852784
48.139079, -118.471852784
48.148079, -118.471852784
48.157079, -118.471852784
48.166079, -118.471852784
48.175079, -118.471852784
48.184079, -118.471852784
48.193079, -118.471852784
48.202079, -118.471852784
48.211079, -118.471852784
48.220079, -118.471852784
48.229079, -118.471852784
48.238079, -118.471852784
48.247079, -118.471852784
48.256079, -118.471852784
48.265079, -118.471852784
48.274079, -118.471852784
48.283079, -118.471852784
48.292079, -118.471852784
48.301079, -118.471852784
48.310079, -118.471852784
48.319079, -118.471852784
48.328079, -118.471852784
48.337079, -118.471852784
48.346079, -118.471852784
48.355079, -118.471852784
48.364079, -118.471852784
48.373079, -118.471852784
48.382079, -118.471852784
48.391079, -118.471852784
48.400079, -118.471852784
48.409079, -118.471852784
48.418079, -118.471852784
48.427079, -118.471852784
48.436079, -118.471852784
48.445079, -118.471852784
48.454079, -118.471852784
48.463079, -118.471852784
48.472079, -118.471852784
48.481079, -118.471852784
48.490079, -118.471852784
48.499079, -118.471852784
48.508079, -118.471852784
48.517079, -118.471852784
48.526079, -118.471852784
48.535079, -118.471852784
48.544079, -118.471852784
48.553079, -118.471852784
48.562079, -118.471852784
48.571079, -118.471852784
48.580079, -118.471852784
48.589079, -118.471852784
48.598079, -118.471852784
48.607079, -118.471852784
48.616079, -118.471852784
48.625079, -118.471852784
48.634079, -118.471852784
48.643079, -118.471852784
48.652079, -118.471852784
48.661079, -118.471852784
48.670079, -118.471852784
48.679079, -118.471852784
48.688079, -118.471852784
48.697079, -118.471852784
48.706079, -118.471852784
48.715079, -118.471852784
48.724079, -118.471852784
48.733079, -118.471852784
48.742079, -118.471852784
48.751079, -118.471852784
48.760079, -118.471852784
48.769079, -118.471852784
48.778079, -118.471852784
48.787079, -118.471852784
48.796079, -118.471852784
48.805079, -118.471852784
48.814079, -118.471852784
48.823079, -118.471852784
48.832079, -118.471852784
48.841079, -118.471852784
48.850079, -118.471852784
48.859079, -118.471852784
48.868079, -118.471852784
48.877079, -118.471852784
48.886079, -118.471852784
48.895079, -118.471852784
48.904079, -118.471852784
48.913079, -118.471852784
48.922079, -118.471852784
48.931079, -118.471852784
48.940079, -118.471852784
48.949079, -118.471852784
46.213079, -118.458146026
46.222079, -118.458146026
46.231079, -118.458146026
46.240079, -118.458146026
46.249079, -118.458146026
46.258079, -118.458146026
46.267079, -118.458146026
46.276079, -118.458146026
46.285079, -118.458146026
46.294079, -118.458146026
46.303079, -118.458146026
46.312079, -118.458146026
46.321079, -118.458146026
46.330079, -118.458146026
46.339079, -118.458146026
46.348079, -118.458146026
46.357079, -118.458146026
46.366079, -118.458146026
46.375079, -118.458146026
46.384079, -118.458146026
46.393079, -118.458146026
46.402079, -118.458146026
46.411079, -118.458146026
46.420079, -118.458146026
46.429079, -118.458146026
46.438079, -118.458146026
46.447079, -118.458146026
46.456079, -118.458146026
46.465079, -118.458146026
46.474079, -118.458146026
46.483079, -118.458146026
46.492079, -118.458146026
46.501079, -118.458146026
46.510079, -118.458146026
46.519079, -118.458146026
46.528079, -118.458146026
46.537079, -118.458146026
46.546079, -118.458146026
46.555079, -118.458146026
46.564079, -118.458146026
46.573079, -118.458146026
46.582079, -118.458146026
46.591079, -118.458146026
46.600079, -118.458146026
46.609079, -118.458146026
46.618079, -118.458146026
46.627079, -118.458146026
46.636079, -118.458146026
46.645079, -118.458146026
46.654079, -118.458146026
46.663079, -118.458146026
46.672079, -118.458146026
46.681079, -118.458146026
46.690079, -118.458146026
46.699079, -118.458146026
46.708079, -118.458146026
46.717079, -118.458146026
46.726079, -118.458146026
46.735079, -118.458146026
46.744079, -118.458146026
46.753079, -118.458146026
46.762079, -118.458146026
46.771079, -118.458146026
46.780079, -118.458146026
46.789079, -118.458146026
46.798079, -118.458146026
46.807079, -118.458146026
46.816079, -118.458146026
46.825079, -118.458146026
46.834079, -118.458146026
46.843079, -118.458146026
46.852079, -118.458146026
46.861079, -118.458146026
46.870079, -118.458146026
46.879079, -118.458146026
46.888079, -118.458146026
46.897079, -118.458146026
46.906079, -118.458146026
46.915079, -118.458146026
46.924079, -118.458146026
46.933079, -118.458146026
46.942079, -118.458146026
46.951079, -118.458146026
46.960079, -118.458146026
46.969079, -118.458146026
46.978079, -118.458146026
46.987079, -118.458146026
46.996079, -118.458146026
47.005079, -118.458146026
47.014079, -118.458146026
47.023079, -118.458146026
47.032079, -118.458146026
47.041079, -118.458146026
47.050079, -118.458146026
47.059079, -118.458146026
47.068079, -118.458146026
47.077079, -118.458146026
47.086079, -118.458146026
47.095079, -118.458146026
47.104079, -118.458146026
47.113079, -118.458146026
47.122079, -118.458146026
47.131079, -118.458146026
47.140079, -118.458146026
47.149079, -118.458146026
47.158079, -118.458146026
47.167079, -118.458146026
47.176079, -118.458146026
47.185079, -118.458146026
47.194079, -118.458146026
47.203079, -118.458146026
47.212079, -118.458146026
47.221079, -118.458146026
47.230079, -118.458146026
47.239079, -118.458146026
47.248079, -118.458146026
47.257079, -118.458146026
47.266079, -118.458146026
47.275079, -118.458146026
47.284079, -118.458146026
47.293079, -118.458146026
47.302079, -118.458146026
47.311079, -118.458146026
47.320079, -118.458146026
47.329079, -118.458146026
47.338079, -118.458146026
47.347079, -118.458146026
47.356079, -118.458146026
47.365079, -118.458146026
47.374079, -118.458146026
47.383079, -118.458146026
47.392079, -118.458146026
47.401079, -118.458146026
47.410079, -118.458146026
47.419079, -118.458146026
47.428079, -118.458146026
47.437079, -118.458146026
47.446079, -118.458146026
47.455079, -118.458146026
47.464079, -118.458146026
47.473079, -118.458146026
47.482079, -118.458146026
47.491079, -118.458146026
47.500079, -118.458146026
47.509079, -118.458146026
47.518079, -118.458146026
47.527079, -118.458146026
47.536079, -118.458146026
47.545079, -118.458146026
47.554079, -118.458146026
47.563079, -118.458146026
47.572079, -118.458146026
47.581079, -118.458146026
47.590079, -118.458146026
47.599079, -118.458146026
47.608079, -118.458146026
47.617079, -118.458146026
47.626079, -118.458146026
47.635079, -118.458146026
47.644079, -118.458146026
47.653079, -118.458146026
47.662079, -118.458146026
47.671079, -118.458146026
47.680079, -118.458146026
47.689079, -118.458146026
47.698079, -118.458146026
47.707079, -118.458146026
47.716079, -118.458146026
47.725079, -118.458146026
47.734079, -118.458146026
47.743079, -118.458146026
47.752079, -118.458146026
47.761079, -118.458146026
47.770079, -118.458146026
47.779079, -118.458146026
47.788079, -118.458146026
47.797079, -118.458146026
47.806079, -118.458146026
47.815079, -118.458146026
47.824079, -118.458146026
47.833079, -118.458146026
47.842079, -118.458146026
47.851079, -118.458146026
47.860079, -118.458146026
47.869079, -118.458146026
47.878079, -118.458146026
47.887079, -118.458146026
47.896079, -118.458146026
47.905079, -118.458146026
47.914079, -118.458146026
47.923079, -118.458146026
47.932079, -118.458146026
47.941079, -118.458146026
47.950079, -118.458146026
47.959079, -118.458146026
47.968079, -118.458146026
47.977079, -118.458146026
47.986079, -118.458146026
47.995079, -118.458146026
48.004079, -118.458146026
48.013079, -118.458146026
48.022079, -118.458146026
48.031079, -118.458146026
48.040079, -118.458146026
48.049079, -118.458146026
48.058079, -118.458146026
48.067079, -118.458146026
48.076079, -118.458146026
48.085079, -118.458146026
48.094079, -118.458146026
48.103079, -118.458146026
48.112079, -118.458146026
48.121079, -118.458146026
48.130079, -118.458146026
48.139079, -118.458146026
48.148079, -118.458146026
48.157079, -118.458146026
48.166079, -118.458146026
48.175079, -118.458146026
48.184079, -118.458146026
48.193079, -118.458146026
48.202079, -118.458146026
48.211079, -118.458146026
48.220079, -118.458146026
48.229079, -118.458146026
48.238079, -118.458146026
48.247079, -118.458146026
48.256079, -118.458146026
48.265079, -118.458146026
48.274079, -118.458146026
48.283079, -118.458146026
48.292079, -118.458146026
48.301079, -118.458146026
48.310079, -118.458146026
48.319079, -118.458146026
48.328079, -118.458146026
48.337079, -118.458146026
48.346079, -118.458146026
48.355079, -118.458146026
48.364079, -118.458146026
48.373079, -118.458146026
48.382079, -118.458146026
48.391079, -118.458146026
48.400079, -118.458146026
48.409079, -118.458146026
48.418079, -118.458146026
48.427079, -118.458146026
48.436079, -118.458146026
48.445079, -118.458146026
48.454079, -118.458146026
48.463079, -118.458146026
48.472079, -118.458146026
48.481079, -118.458146026
48.490079, -118.458146026
48.499079, -118.458146026
48.508079, -118.458146026
48.517079, -118.458146026
48.526079, -118.458146026
48.535079, -118.458146026
48.544079, -118.458146026
48.553079, -118.458146026
48.562079, -118.458146026
48.571079, -118.458146026
48.580079, -118.458146026
48.589079, -118.458146026
48.598079, -118.458146026
48.607079, -118.458146026
48.616079, -118.458146026
48.625079, -118.458146026
48.634079, -118.458146026
48.643079, -118.458146026
48.652079, -118.458146026
48.661079, -118.458146026
48.670079, -118.458146026
48.679079, -118.458146026
48.688079, -118.458146026
48.697079, -118.458146026
48.706079, -118.458146026
48.715079, -118.458146026
48.724079, -118.458146026
48.733079, -118.458146026
48.742079, -118.458146026
48.751079, -118.458146026
48.760079, -118.458146026
48.769079, -118.458146026
48.778079, -118.458146026
48.787079, -118.458146026
48.796079, -118.458146026
48.805079, -118.458146026
48.814079, -118.458146026
48.823079, -118.458146026
48.832079, -118.458146026
48.841079, -118.458146026
48.850079, -118.458146026
48.859079, -118.458146026
48.868079, -118.458146026
48.877079, -118.458146026
48.886079, -118.458146026
48.895079, -118.458146026
48.904079, -118.458146026
48.913079, -118.458146026
48.922079, -118.458146026
48.931079, -118.458146026
48.940079, -118.458146026
48.949079, -118.458146026
46.213079, -118.444439267
46.222079, -118.444439267
46.231079, -118.444439267
46.240079, -118.444439267
46.249079, -118.444439267
46.258079, -118.444439267
46.267079, -118.444439267
46.276079, -118.444439267
46.285079, -118.444439267
46.294079, -118.444439267
46.303079, -118.444439267
46.312079, -118.444439267
46.321079, -118.444439267
46.330079, -118.444439267
46.339079, -118.444439267
46.348079, -118.444439267
46.357079, -118.444439267
46.366079, -118.444439267
46.375079, -118.444439267
46.384079, -118.444439267
46.393079, -118.444439267
46.402079, -118.444439267
46.411079, -118.444439267
46.420079, -118.444439267
46.429079, -118.444439267
46.438079, -118.444439267
46.447079, -118.444439267
46.456079, -118.444439267
46.465079, -118.444439267
46.474079, -118.444439267
46.483079, -118.444439267
46.492079, -118.444439267
46.501079, -118.444439267
46.510079, -118.444439267
46.519079, -118.444439267
46.528079, -118.444439267
46.537079, -118.444439267
46.546079, -118.444439267
46.555079, -118.444439267
46.564079, -118.444439267
46.573079, -118.444439267
46.582079, -118.444439267
46.591079, -118.444439267
46.600079, -118.444439267
46.609079, -118.444439267
46.618079, -118.444439267
46.627079, -118.444439267
46.636079, -118.444439267
46.645079, -118.444439267
46.654079, -118.444439267
46.663079, -118.444439267
46.672079, -118.444439267
46.681079, -118.444439267
46.690079, -118.444439267
46.699079, -118.444439267
46.708079, -118.444439267
46.717079, -118.444439267
46.726079, -118.444439267
46.735079, -118.444439267
46.744079, -118.444439267
46.753079, -118.444439267
46.762079, -118.444439267
46.771079, -118.444439267
46.780079, -118.444439267
46.789079, -118.444439267
46.798079, -118.444439267
46.807079, -118.444439267
46.816079, -118.444439267
46.825079, -118.444439267
46.834079, -118.444439267
46.843079, -118.444439267
46.852079, -118.444439267
46.861079, -118.444439267
46.870079, -118.444439267
46.879079, -118.444439267
46.888079, -118.444439267
46.897079, -118.444439267
46.906079, -118.444439267
46.915079, -118.444439267
46.924079, -118.444439267
46.933079, -118.444439267
46.942079, -118.444439267
46.951079, -118.444439267
46.960079, -118.444439267
46.969079, -118.444439267
46.978079, -118.444439267
46.987079, -118.444439267
46.996079, -118.444439267
47.005079, -118.444439267
47.014079, -118.444439267
47.023079, -118.444439267
47.032079, -118.444439267
47.041079, -118.444439267
47.050079, -118.444439267
47.059079, -118.444439267
47.068079, -118.444439267
47.077079, -118.444439267
47.086079, -118.444439267
47.095079, -118.444439267
47.104079, -118.444439267
47.113079, -118.444439267
47.122079, -118.444439267
47.131079, -118.444439267
47.140079, -118.444439267
47.149079, -118.444439267
47.158079, -118.444439267
47.167079, -118.444439267
47.176079, -118.444439267
47.185079, -118.444439267
47.194079, -118.444439267
47.203079, -118.444439267
47.212079, -118.444439267
47.221079, -118.444439267
47.230079, -118.444439267
47.239079, -118.444439267
47.248079, -118.444439267
47.257079, -118.444439267
47.266079, -118.444439267
47.275079, -118.444439267
47.284079, -118.444439267
47.293079, -118.444439267
47.302079, -118.444439267
47.311079, -118.444439267
47.320079, -118.444439267
47.329079, -118.444439267
47.338079, -118.444439267
47.347079, -118.444439267
47.356079, -118.444439267
47.365079, -118.444439267
47.374079, -118.444439267
47.383079, -118.444439267
47.392079, -118.444439267
47.401079, -118.444439267
47.410079, -118.444439267
47.419079, -118.444439267
47.428079, -118.444439267
47.437079, -118.444439267
47.446079, -118.444439267
47.455079, -118.444439267
47.464079, -118.444439267
47.473079, -118.444439267
47.482079, -118.444439267
47.491079, -118.444439267
47.500079, -118.444439267
47.509079, -118.444439267
47.518079, -118.444439267
47.527079, -118.444439267
47.536079, -118.444439267
47.545079, -118.444439267
47.554079, -118.444439267
47.563079, -118.444439267
47.572079, -118.444439267
47.581079, -118.444439267
47.590079, -118.444439267
47.599079, -118.444439267
47.608079, -118.444439267
47.617079, -118.444439267
47.626079, -118.444439267
47.635079, -118.444439267
47.644079, -118.444439267
47.653079, -118.444439267
47.662079, -118.444439267
47.671079, -118.444439267
47.680079, -118.444439267
47.689079, -118.444439267
47.698079, -118.444439267
47.707079, -118.444439267
47.716079, -118.444439267
47.725079, -118.444439267
47.734079, -118.444439267
47.743079, -118.444439267
47.752079, -118.444439267
47.761079, -118.444439267
47.770079, -118.444439267
47.779079, -118.444439267
47.788079, -118.444439267
47.797079, -118.444439267
47.806079, -118.444439267
47.815079, -118.444439267
47.824079, -118.444439267
47.833079, -118.444439267
47.842079, -118.444439267
47.851079, -118.444439267
47.860079, -118.444439267
47.869079, -118.444439267
47.878079, -118.444439267
47.887079, -118.444439267
47.896079, -118.444439267
47.905079, -118.444439267
47.914079, -118.444439267
47.923079, -118.444439267
47.932079, -118.444439267
47.941079, -118.444439267
47.950079, -118.444439267
47.959079, -118.444439267
47.968079, -118.444439267
47.977079, -118.444439267
47.986079, -118.444439267
47.995079, -118.444439267
48.004079, -118.444439267
48.013079, -118.444439267
48.022079, -118.444439267
48.031079, -118.444439267
48.040079, -118.444439267
48.049079, -118.444439267
48.058079, -118.444439267
48.067079, -118.444439267
48.076079, -118.444439267
48.085079, -118.444439267
48.094079, -118.444439267
48.103079, -118.444439267
48.112079, -118.444439267
48.121079, -118.444439267
48.130079, -118.444439267
48.139079, -118.444439267
48.148079, -118.444439267
48.157079, -118.444439267
48.166079, -118.444439267
48.175079, -118.444439267
48.184079, -118.444439267
48.193079, -118.444439267
48.202079, -118.444439267
48.211079, -118.444439267
48.220079, -118.444439267
48.229079, -118.444439267
48.238079, -118.444439267
48.247079, -118.444439267
48.256079, -118.444439267
48.265079, -118.444439267
48.274079, -118.444439267
48.283079, -118.444439267
48.292079, -118.444439267
48.301079, -118.444439267
48.310079, -118.444439267
48.319079, -118.444439267
48.328079, -118.444439267
48.337079, -118.444439267
48.346079, -118.444439267
48.355079, -118.444439267
48.364079, -118.444439267
48.373079, -118.444439267
48.382079, -118.444439267
48.391079, -118.444439267
48.400079, -118.444439267
48.409079, -118.444439267
48.418079, -118.444439267
48.427079, -118.444439267
48.436079, -118.444439267
48.445079, -118.444439267
48.454079, -118.444439267
48.463079, -118.444439267
48.472079, -118.444439267
48.481079, -118.444439267
48.490079, -118.444439267
48.499079, -118.444439267
48.508079, -118.444439267
48.517079, -118.444439267
48.526079, -118.444439267
48.535079, -118.444439267
48.544079, -118.444439267
48.553079, -118.444439267
48.562079, -118.444439267
48.571079, -118.444439267
48.580079, -118.444439267
48.589079, -118.444439267
48.598079, -118.444439267
48.607079, -118.444439267
48.616079, -118.444439267
48.625079, -118.444439267
48.634079, -118.444439267
48.643079, -118.444439267
48.652079, -118.444439267
48.661079, -118.444439267
48.670079, -118.444439267
48.679079, -118.444439267
48.688079, -118.444439267
48.697079, -118.444439267
48.706079, -118.444439267
48.715079, -118.444439267
48.724079, -118.444439267
48.733079, -118.444439267
48.742079, -118.444439267
48.751079, -118.444439267
48.760079, -118.444439267
48.769079, -118.444439267
48.778079, -118.444439267
48.787079, -118.444439267
48.796079, -118.444439267
48.805079, -118.444439267
48.814079, -118.444439267
48.823079, -118.444439267
48.832079, -118.444439267
48.841079, -118.444439267
48.850079, -118.444439267
48.859079, -118.444439267
48.868079, -118.444439267
48.877079, -118.444439267
48.886079, -118.444439267
48.895079, -118.444439267
48.904079, -118.444439267
48.913079, -118.444439267
48.922079, -118.444439267
48.931079, -118.444439267
48.940079, -118.444439267
48.949079, -118.444439267
46.213079, -118.430732509
46.222079, -118.430732509
46.231079, -118.430732509
46.240079, -118.430732509
46.249079, -118.430732509
46.258079, -118.430732509
46.267079, -118.430732509
46.276079, -118.430732509
46.285079, -118.430732509
46.294079, -118.430732509
46.303079, -118.430732509
46.312079, -118.430732509
46.321079, -118.430732509
46.330079, -118.430732509
46.339079, -118.430732509
46.348079, -118.430732509
46.357079, -118.430732509
46.366079, -118.430732509
46.375079, -118.430732509
46.384079, -118.430732509
46.393079, -118.430732509
46.402079, -118.430732509
46.411079, -118.430732509
46.420079, -118.430732509
46.429079, -118.430732509
46.438079, -118.430732509
46.447079, -118.430732509
46.456079, -118.430732509
46.465079, -118.430732509
46.474079, -118.430732509
46.483079, -118.430732509
46.492079, -118.430732509
46.501079, -118.430732509
46.510079, -118.430732509
46.519079, -118.430732509
46.528079, -118.430732509
46.537079, -118.430732509
46.546079, -118.430732509
46.555079, -118.430732509
46.564079, -118.430732509
46.573079, -118.430732509
46.582079, -118.430732509
46.591079, -118.430732509
46.600079, -118.430732509
46.609079, -118.430732509
46.618079, -118.430732509
46.627079, -118.430732509
46.636079, -118.430732509
46.645079, -118.430732509
46.654079, -118.430732509
46.663079, -118.430732509
46.672079, -118.430732509
46.681079, -118.430732509
46.690079, -118.430732509
46.699079, -118.430732509
46.708079, -118.430732509
46.717079, -118.430732509
46.726079, -118.430732509
46.735079, -118.430732509
46.744079, -118.430732509
46.753079, -118.430732509
46.762079, -118.430732509
46.771079, -118.430732509
46.780079, -118.430732509
46.789079, -118.430732509
46.798079, -118.430732509
46.807079, -118.430732509
46.816079, -118.430732509
46.825079, -118.430732509
46.834079, -118.430732509
46.843079, -118.430732509
46.852079, -118.430732509
46.861079, -118.430732509
46.870079, -118.430732509
46.879079, -118.430732509
46.888079, -118.430732509
46.897079, -118.430732509
46.906079, -118.430732509
46.915079, -118.430732509
46.924079, -118.430732509
46.933079, -118.430732509
46.942079, -118.430732509
46.951079, -118.430732509
46.960079, -118.430732509
46.969079, -118.430732509
46.978079, -118.430732509
46.987079, -118.430732509
46.996079, -118.430732509
47.005079, -118.430732509
47.014079, -118.430732509
47.023079, -118.430732509
47.032079, -118.430732509
47.041079, -118.430732509
47.050079, -118.430732509
47.059079, -118.430732509
47.068079, -118.430732509
47.077079, -118.430732509
47.086079, -118.430732509
47.095079, -118.430732509
47.104079, -118.430732509
47.113079, -118.430732509
47.122079, -118.430732509
47.131079, -118.430732509
47.140079, -118.430732509
47.149079, -118.430732509
47.158079, -118.430732509
47.167079, -118.430732509
47.176079, -118.430732509
47.185079, -118.430732509
47.194079, -118.430732509
47.203079, -118.430732509
47.212079, -118.430732509
47.221079, -118.430732509
47.230079, -118.430732509
47.239079, -118.430732509
47.248079, -118.430732509
47.257079, -118.430732509
47.266079, -118.430732509
47.275079, -118.430732509
47.284079, -118.430732509
47.293079, -118.430732509
47.302079, -118.430732509
47.311079, -118.430732509
47.320079, -118.430732509
47.329079, -118.430732509
47.338079, -118.430732509
47.347079, -118.430732509
47.356079, -118.430732509
47.365079, -118.430732509
47.374079, -118.430732509
47.383079, -118.430732509
47.392079, -118.430732509
47.401079, -118.430732509
47.410079, -118.430732509
47.419079, -118.430732509
47.428079, -118.430732509
47.437079, -118.430732509
47.446079, -118.430732509
47.455079, -118.430732509
47.464079, -118.430732509
47.473079, -118.430732509
47.482079, -118.430732509
47.491079, -118.430732509
47.500079, -118.430732509
47.509079, -118.430732509
47.518079, -118.430732509
47.527079, -118.430732509
47.536079, -118.430732509
47.545079, -118.430732509
47.554079, -118.430732509
47.563079, -118.430732509
47.572079, -118.430732509
47.581079, -118.430732509
47.590079, -118.430732509
47.599079, -118.430732509
47.608079, -118.430732509
47.617079, -118.430732509
47.626079, -118.430732509
47.635079, -118.430732509
47.644079, -118.430732509
47.653079, -118.430732509
47.662079, -118.430732509
47.671079, -118.430732509
47.680079, -118.430732509
47.689079, -118.430732509
47.698079, -118.430732509
47.707079, -118.430732509
47.716079, -118.430732509
47.725079, -118.430732509
47.734079, -118.430732509
47.743079, -118.430732509
47.752079, -118.430732509
47.761079, -118.430732509
47.770079, -118.430732509
47.779079, -118.430732509
47.788079, -118.430732509
47.797079, -118.430732509
47.806079, -118.430732509
47.815079, -118.430732509
47.824079, -118.430732509
47.833079, -118.430732509
47.842079, -118.430732509
47.851079, -118.430732509
47.860079, -118.430732509
47.869079, -118.430732509
47.878079, -118.430732509
47.887079, -118.430732509
47.896079, -118.430732509
47.905079, -118.430732509
47.914079, -118.430732509
47.923079, -118.430732509
47.932079, -118.430732509
47.941079, -118.430732509
47.950079, -118.430732509
47.959079, -118.430732509
47.968079, -118.430732509
47.977079, -118.430732509
47.986079, -118.430732509
47.995079, -118.430732509
48.004079, -118.430732509
48.013079, -118.430732509
48.022079, -118.430732509
48.031079, -118.430732509
48.040079, -118.430732509
48.049079, -118.430732509
48.058079, -118.430732509
48.067079, -118.430732509
48.076079, -118.430732509
48.085079, -118.430732509
48.094079, -118.430732509
48.103079, -118.430732509
48.112079, -118.430732509
48.121079, -118.430732509
48.130079, -118.430732509
48.139079, -118.430732509
48.148079, -118.430732509
48.157079, -118.430732509
48.166079, -118.430732509
48.175079, -118.430732509
48.184079, -118.430732509
48.193079, -118.430732509
48.202079, -118.430732509
48.211079, -118.430732509
48.220079, -118.430732509
48.229079, -118.430732509
48.238079, -118.430732509
48.247079, -118.430732509
48.256079, -118.430732509
48.265079, -118.430732509
48.274079, -118.430732509
48.283079, -118.430732509
48.292079, -118.430732509
48.301079, -118.430732509
48.310079, -118.430732509
48.319079, -118.430732509
48.328079, -118.430732509
48.337079, -118.430732509
48.346079, -118.430732509
48.355079, -118.430732509
48.364079, -118.430732509
48.373079, -118.430732509
48.382079, -118.430732509
48.391079, -118.430732509
48.400079, -118.430732509
48.409079, -118.430732509
48.418079, -118.430732509
48.427079, -118.430732509
48.436079, -118.430732509
48.445079, -118.430732509
48.454079, -118.430732509
48.463079, -118.430732509
48.472079, -118.430732509
48.481079, -118.430732509
48.490079, -118.430732509
48.499079, -118.430732509
48.508079, -118.430732509
48.517079, -118.430732509
48.526079, -118.430732509
48.535079, -118.430732509
48.544079, -118.430732509
48.553079, -118.430732509
48.562079, -118.430732509
48.571079, -118.430732509
48.580079, -118.430732509
48.589079, -118.430732509
48.598079, -118.430732509
48.607079, -118.430732509
48.616079, -118.430732509
48.625079, -118.430732509
48.634079, -118.430732509
48.643079, -118.430732509
48.652079, -118.430732509
48.661079, -118.430732509
48.670079, -118.430732509
48.679079, -118.430732509
48.688079, -118.430732509
48.697079, -118.430732509
48.706079, -118.430732509
48.715079, -118.430732509
48.724079, -118.430732509
48.733079, -118.430732509
48.742079, -118.430732509
48.751079, -118.430732509
48.760079, -118.430732509
48.769079, -118.430732509
48.778079, -118.430732509
48.787079, -118.430732509
48.796079, -118.430732509
48.805079, -118.430732509
48.814079, -118.430732509
48.823079, -118.430732509
48.832079, -118.430732509
48.841079, -118.430732509
48.850079, -118.430732509
48.859079, -118.430732509
48.868079, -118.430732509
48.877079, -118.430732509
48.886079, -118.430732509
48.895079, -118.430732509
48.904079, -118.430732509
48.913079, -118.430732509
48.922079, -118.430732509
48.931079, -118.430732509
48.940079, -118.430732509
48.949079, -118.430732509
46.213079, -118.41702575
46.222079, -118.41702575
46.231079, -118.41702575
46.240079, -118.41702575
46.249079, -118.41702575
46.258079, -118.41702575
46.267079, -118.41702575
46.276079, -118.41702575
46.285079, -118.41702575
46.294079, -118.41702575
46.303079, -118.41702575
46.312079, -118.41702575
46.321079, -118.41702575
46.330079, -118.41702575
46.339079, -118.41702575
46.348079, -118.41702575
46.357079, -118.41702575
46.366079, -118.41702575
46.375079, -118.41702575
46.384079, -118.41702575
46.393079, -118.41702575
46.402079, -118.41702575
46.411079, -118.41702575
46.420079, -118.41702575
46.429079, -118.41702575
46.438079, -118.41702575
46.447079, -118.41702575
46.456079, -118.41702575
46.465079, -118.41702575
46.474079, -118.41702575
46.483079, -118.41702575
46.492079, -118.41702575
46.501079, -118.41702575
46.510079, -118.41702575
46.519079, -118.41702575
46.528079, -118.41702575
46.537079, -118.41702575
46.546079, -118.41702575
46.555079, -118.41702575
46.564079, -118.41702575
46.573079, -118.41702575
46.582079, -118.41702575
46.591079, -118.41702575
46.600079, -118.41702575
46.609079, -118.41702575
46.618079, -118.41702575
46.627079, -118.41702575
46.636079, -118.41702575
46.645079, -118.41702575
46.654079, -118.41702575
46.663079, -118.41702575
46.672079, -118.41702575
46.681079, -118.41702575
46.690079, -118.41702575
46.699079, -118.41702575
46.708079, -118.41702575
46.717079, -118.41702575
46.726079, -118.41702575
46.735079, -118.41702575
46.744079, -118.41702575
46.753079, -118.41702575
46.762079, -118.41702575
46.771079, -118.41702575
46.780079, -118.41702575
46.789079, -118.41702575
46.798079, -118.41702575
46.807079, -118.41702575
46.816079, -118.41702575
46.825079, -118.41702575
46.834079, -118.41702575
46.843079, -118.41702575
46.852079, -118.41702575
46.861079, -118.41702575
46.870079, -118.41702575
46.879079, -118.41702575
46.888079, -118.41702575
46.897079, -118.41702575
46.906079, -118.41702575
46.915079, -118.41702575
46.924079, -118.41702575
46.933079, -118.41702575
46.942079, -118.41702575
46.951079, -118.41702575
46.960079, -118.41702575
46.969079, -118.41702575
46.978079, -118.41702575
46.987079, -118.41702575
46.996079, -118.41702575
47.005079, -118.41702575
47.014079, -118.41702575
47.023079, -118.41702575
47.032079, -118.41702575
47.041079, -118.41702575
47.050079, -118.41702575
47.059079, -118.41702575
47.068079, -118.41702575
47.077079, -118.41702575
47.086079, -118.41702575
47.095079, -118.41702575
47.104079, -118.41702575
47.113079, -118.41702575
47.122079, -118.41702575
47.131079, -118.41702575
47.140079, -118.41702575
47.149079, -118.41702575
47.158079, -118.41702575
47.167079, -118.41702575
47.176079, -118.41702575
47.185079, -118.41702575
47.194079, -118.41702575
47.203079, -118.41702575
47.212079, -118.41702575
47.221079, -118.41702575
47.230079, -118.41702575
47.239079, -118.41702575
47.248079, -118.41702575
47.257079, -118.41702575
47.266079, -118.41702575
47.275079, -118.41702575
47.284079, -118.41702575
47.293079, -118.41702575
47.302079, -118.41702575
47.311079, -118.41702575
47.320079, -118.41702575
47.329079, -118.41702575
47.338079, -118.41702575
47.347079, -118.41702575
47.356079, -118.41702575
47.365079, -118.41702575
47.374079, -118.41702575
47.383079, -118.41702575
47.392079, -118.41702575
47.401079, -118.41702575
47.410079, -118.41702575
47.419079, -118.41702575
47.428079, -118.41702575
47.437079, -118.41702575
47.446079, -118.41702575
47.455079, -118.41702575
47.464079, -118.41702575
47.473079, -118.41702575
47.482079, -118.41702575
47.491079, -118.41702575
47.500079, -118.41702575
47.509079, -118.41702575
47.518079, -118.41702575
47.527079, -118.41702575
47.536079, -118.41702575
47.545079, -118.41702575
47.554079, -118.41702575
47.563079, -118.41702575
47.572079, -118.41702575
47.581079, -118.41702575
47.590079, -118.41702575
47.599079, -118.41702575
47.608079, -118.41702575
47.617079, -118.41702575
47.626079, -118.41702575
47.635079, -118.41702575
47.644079, -118.41702575
47.653079, -118.41702575
47.662079, -118.41702575
47.671079, -118.41702575
47.680079, -118.41702575
47.689079, -118.41702575
47.698079, -118.41702575
47.707079, -118.41702575
47.716079, -118.41702575
47.725079, -118.41702575
47.734079, -118.41702575
47.743079, -118.41702575
47.752079, -118.41702575
47.761079, -118.41702575
47.770079, -118.41702575
47.779079, -118.41702575
47.788079, -118.41702575
47.797079, -118.41702575
47.806079, -118.41702575
47.815079, -118.41702575
47.824079, -118.41702575
47.833079, -118.41702575
47.842079, -118.41702575
47.851079, -118.41702575
47.860079, -118.41702575
47.869079, -118.41702575
47.878079, -118.41702575
47.887079, -118.41702575
47.896079, -118.41702575
47.905079, -118.41702575
47.914079, -118.41702575
47.923079, -118.41702575
47.932079, -118.41702575
47.941079, -118.41702575
47.950079, -118.41702575
47.959079, -118.41702575
47.968079, -118.41702575
47.977079, -118.41702575
47.986079, -118.41702575
47.995079, -118.41702575
48.004079, -118.41702575
48.013079, -118.41702575
48.022079, -118.41702575
48.031079, -118.41702575
48.040079, -118.41702575
48.049079, -118.41702575
48.058079, -118.41702575
48.067079, -118.41702575
48.076079, -118.41702575
48.085079, -118.41702575
48.094079, -118.41702575
48.103079, -118.41702575
48.112079, -118.41702575
48.121079, -118.41702575
48.130079, -118.41702575
48.139079, -118.41702575
48.148079, -118.41702575
48.157079, -118.41702575
48.166079, -118.41702575
48.175079, -118.41702575
48.184079, -118.41702575
48.193079, -118.41702575
48.202079, -118.41702575
48.211079, -118.41702575
48.220079, -118.41702575
48.229079, -118.41702575
48.238079, -118.41702575
48.247079, -118.41702575
48.256079, -118.41702575
48.265079, -118.41702575
48.274079, -118.41702575
48.283079, -118.41702575
48.292079, -118.41702575
48.301079, -118.41702575
48.310079, -118.41702575
48.319079, -118.41702575
48.328079, -118.41702575
48.337079, -118.41702575
48.346079, -118.41702575
48.355079, -118.41702575
48.364079, -118.41702575
48.373079, -118.41702575
48.382079, -118.41702575
48.391079, -118.41702575
48.400079, -118.41702575
48.409079, -118.41702575
48.418079, -118.41702575
48.427079, -118.41702575
48.436079, -118.41702575
48.445079, -118.41702575
48.454079, -118.41702575
48.463079, -118.41702575
48.472079, -118.41702575
48.481079, -118.41702575
48.490079, -118.41702575
48.499079, -118.41702575
48.508079, -118.41702575
48.517079, -118.41702575
48.526079, -118.41702575
48.535079, -118.41702575
48.544079, -118.41702575
48.553079, -118.41702575
48.562079, -118.41702575
48.571079, -118.41702575
48.580079, -118.41702575
48.589079, -118.41702575
48.598079, -118.41702575
48.607079, -118.41702575
48.616079, -118.41702575
48.625079, -118.41702575
48.634079, -118.41702575
48.643079, -118.41702575
48.652079, -118.41702575
48.661079, -118.41702575
48.670079, -118.41702575
48.679079, -118.41702575
48.688079, -118.41702575
48.697079, -118.41702575
48.706079, -118.41702575
48.715079, -118.41702575
48.724079, -118.41702575
48.733079, -118.41702575
48.742079, -118.41702575
48.751079, -118.41702575
48.760079, -118.41702575
48.769079, -118.41702575
48.778079, -118.41702575
48.787079, -118.41702575
48.796079, -118.41702575
48.805079, -118.41702575
48.814079, -118.41702575
48.823079, -118.41702575
48.832079, -118.41702575
48.841079, -118.41702575
48.850079, -118.41702575
48.859079, -118.41702575
48.868079, -118.41702575
48.877079, -118.41702575
48.886079, -118.41702575
48.895079, -118.41702575
48.904079, -118.41702575
48.913079, -118.41702575
48.922079, -118.41702575
48.931079, -118.41702575
48.940079, -118.41702575
48.949079, -118.41702575
46.213079, -118.403318992
46.222079, -118.403318992
46.231079, -118.403318992
46.240079, -118.403318992
46.249079, -118.403318992
46.258079, -118.403318992
46.267079, -118.403318992
46.276079, -118.403318992
46.285079, -118.403318992
46.294079, -118.403318992
46.303079, -118.403318992
46.312079, -118.403318992
46.321079, -118.403318992
46.330079, -118.403318992
46.339079, -118.403318992
46.348079, -118.403318992
46.357079, -118.403318992
46.366079, -118.403318992
46.375079, -118.403318992
46.384079, -118.403318992
46.393079, -118.403318992
46.402079, -118.403318992
46.411079, -118.403318992
46.420079, -118.403318992
46.429079, -118.403318992
46.438079, -118.403318992
46.447079, -118.403318992
46.456079, -118.403318992
46.465079, -118.403318992
46.474079, -118.403318992
46.483079, -118.403318992
46.492079, -118.403318992
46.501079, -118.403318992
46.510079, -118.403318992
46.519079, -118.403318992
46.528079, -118.403318992
46.537079, -118.403318992
46.546079, -118.403318992
46.555079, -118.403318992
46.564079, -118.403318992
46.573079, -118.403318992
46.582079, -118.403318992
46.591079, -118.403318992
46.600079, -118.403318992
46.609079, -118.403318992
46.618079, -118.403318992
46.627079, -118.403318992
46.636079, -118.403318992
46.645079, -118.403318992
46.654079, -118.403318992
46.663079, -118.403318992
46.672079, -118.403318992
46.681079, -118.403318992
46.690079, -118.403318992
46.699079, -118.403318992
46.708079, -118.403318992
46.717079, -118.403318992
46.726079, -118.403318992
46.735079, -118.403318992
46.744079, -118.403318992
46.753079, -118.403318992
46.762079, -118.403318992
46.771079, -118.403318992
46.780079, -118.403318992
46.789079, -118.403318992
46.798079, -118.403318992
46.807079, -118.403318992
46.816079, -118.403318992
46.825079, -118.403318992
46.834079, -118.403318992
46.843079, -118.403318992
46.852079, -118.403318992
46.861079, -118.403318992
46.870079, -118.403318992
46.879079, -118.403318992
46.888079, -118.403318992
46.897079, -118.403318992
46.906079, -118.403318992
46.915079, -118.403318992
46.924079, -118.403318992
46.933079, -118.403318992
46.942079, -118.403318992
46.951079, -118.403318992
46.960079, -118.403318992
46.969079, -118.403318992
46.978079, -118.403318992
46.987079, -118.403318992
46.996079, -118.403318992
47.005079, -118.403318992
47.014079, -118.403318992
47.023079, -118.403318992
47.032079, -118.403318992
47.041079, -118.403318992
47.050079, -118.403318992
47.059079, -118.403318992
47.068079, -118.403318992
47.077079, -118.403318992
47.086079, -118.403318992
47.095079, -118.403318992
47.104079, -118.403318992
47.113079, -118.403318992
47.122079, -118.403318992
47.131079, -118.403318992
47.140079, -118.403318992
47.149079, -118.403318992
47.158079, -118.403318992
47.167079, -118.403318992
47.176079, -118.403318992
47.185079, -118.403318992
47.194079, -118.403318992
47.203079, -118.403318992
47.212079, -118.403318992
47.221079, -118.403318992
47.230079, -118.403318992
47.239079, -118.403318992
47.248079, -118.403318992
47.257079, -118.403318992
47.266079, -118.403318992
47.275079, -118.403318992
47.284079, -118.403318992
47.293079, -118.403318992
47.302079, -118.403318992
47.311079, -118.403318992
47.320079, -118.403318992
47.329079, -118.403318992
47.338079, -118.403318992
47.347079, -118.403318992
47.356079, -118.403318992
47.365079, -118.403318992
47.374079, -118.403318992
47.383079, -118.403318992
47.392079, -118.403318992
47.401079, -118.403318992
47.410079, -118.403318992
47.419079, -118.403318992
47.428079, -118.403318992
47.437079, -118.403318992
47.446079, -118.403318992
47.455079, -118.403318992
47.464079, -118.403318992
47.473079, -118.403318992
47.482079, -118.403318992
47.491079, -118.403318992
47.500079, -118.403318992
47.509079, -118.403318992
47.518079, -118.403318992
47.527079, -118.403318992
47.536079, -118.403318992
47.545079, -118.403318992
47.554079, -118.403318992
47.563079, -118.403318992
47.572079, -118.403318992
47.581079, -118.403318992
47.590079, -118.403318992
47.599079, -118.403318992
47.608079, -118.403318992
47.617079, -118.403318992
47.626079, -118.403318992
47.635079, -118.403318992
47.644079, -118.403318992
47.653079, -118.403318992
47.662079, -118.403318992
47.671079, -118.403318992
47.680079, -118.403318992
47.689079, -118.403318992
47.698079, -118.403318992
47.707079, -118.403318992
47.716079, -118.403318992
47.725079, -118.403318992
47.734079, -118.403318992
47.743079, -118.403318992
47.752079, -118.403318992
47.761079, -118.403318992
47.770079, -118.403318992
47.779079, -118.403318992
47.788079, -118.403318992
47.797079, -118.403318992
47.806079, -118.403318992
47.815079, -118.403318992
47.824079, -118.403318992
47.833079, -118.403318992
47.842079, -118.403318992
47.851079, -118.403318992
47.860079, -118.403318992
47.869079, -118.403318992
47.878079, -118.403318992
47.887079, -118.403318992
47.896079, -118.403318992
47.905079, -118.403318992
47.914079, -118.403318992
47.923079, -118.403318992
47.932079, -118.403318992
47.941079, -118.403318992
47.950079, -118.403318992
47.959079, -118.403318992
47.968079, -118.403318992
47.977079, -118.403318992
47.986079, -118.403318992
47.995079, -118.403318992
48.004079, -118.403318992
48.013079, -118.403318992
48.022079, -118.403318992
48.031079, -118.403318992
48.040079, -118.403318992
48.049079, -118.403318992
48.058079, -118.403318992
48.067079, -118.403318992
48.076079, -118.403318992
48.085079, -118.403318992
48.094079, -118.403318992
48.103079, -118.403318992
48.112079, -118.403318992
48.121079, -118.403318992
48.130079, -118.403318992
48.139079, -118.403318992
48.148079, -118.403318992
48.157079, -118.403318992
48.166079, -118.403318992
48.175079, -118.403318992
48.184079, -118.403318992
48.193079, -118.403318992
48.202079, -118.403318992
48.211079, -118.403318992
48.220079, -118.403318992
48.229079, -118.403318992
48.238079, -118.403318992
48.247079, -118.403318992
48.256079, -118.403318992
48.265079, -118.403318992
48.274079, -118.403318992
48.283079, -118.403318992
48.292079, -118.403318992
48.301079, -118.403318992
48.310079, -118.403318992
48.319079, -118.403318992
48.328079, -118.403318992
48.337079, -118.403318992
48.346079, -118.403318992
48.355079, -118.403318992
48.364079, -118.403318992
48.373079, -118.403318992
48.382079, -118.403318992
48.391079, -118.403318992
48.400079, -118.403318992
48.409079, -118.403318992
48.418079, -118.403318992
48.427079, -118.403318992
48.436079, -118.403318992
48.445079, -118.403318992
48.454079, -118.403318992
48.463079, -118.403318992
48.472079, -118.403318992
48.481079, -118.403318992
48.490079, -118.403318992
48.499079, -118.403318992
48.508079, -118.403318992
48.517079, -118.403318992
48.526079, -118.403318992
48.535079, -118.403318992
48.544079, -118.403318992
48.553079, -118.403318992
48.562079, -118.403318992
48.571079, -118.403318992
48.580079, -118.403318992
48.589079, -118.403318992
48.598079, -118.403318992
48.607079, -118.403318992
48.616079, -118.403318992
48.625079, -118.403318992
48.634079, -118.403318992
48.643079, -118.403318992
48.652079, -118.403318992
48.661079, -118.403318992
48.670079, -118.403318992
48.679079, -118.403318992
48.688079, -118.403318992
48.697079, -118.403318992
48.706079, -118.403318992
48.715079, -118.403318992
48.724079, -118.403318992
48.733079, -118.403318992
48.742079, -118.403318992
48.751079, -118.403318992
48.760079, -118.403318992
48.769079, -118.403318992
48.778079, -118.403318992
48.787079, -118.403318992
48.796079, -118.403318992
48.805079, -118.403318992
48.814079, -118.403318992
48.823079, -118.403318992
48.832079, -118.403318992
48.841079, -118.403318992
48.850079, -118.403318992
48.859079, -118.403318992
48.868079, -118.403318992
48.877079, -118.403318992
48.886079, -118.403318992
48.895079, -118.403318992
48.904079, -118.403318992
48.913079, -118.403318992
48.922079, -118.403318992
48.931079, -118.403318992
48.940079, -118.403318992
48.949079, -118.403318992
46.213079, -118.389612233
46.222079, -118.389612233
46.231079, -118.389612233
46.240079, -118.389612233
46.249079, -118.389612233
46.258079, -118.389612233
46.267079, -118.389612233
46.276079, -118.389612233
46.285079, -118.389612233
46.294079, -118.389612233
46.303079, -118.389612233
46.312079, -118.389612233
46.321079, -118.389612233
46.330079, -118.389612233
46.339079, -118.389612233
46.348079, -118.389612233
46.357079, -118.389612233
46.366079, -118.389612233
46.375079, -118.389612233
46.384079, -118.389612233
46.393079, -118.389612233
46.402079, -118.389612233
46.411079, -118.389612233
46.420079, -118.389612233
46.429079, -118.389612233
46.438079, -118.389612233
46.447079, -118.389612233
46.456079, -118.389612233
46.465079, -118.389612233
46.474079, -118.389612233
46.483079, -118.389612233
46.492079, -118.389612233
46.501079, -118.389612233
46.510079, -118.389612233
46.519079, -118.389612233
46.528079, -118.389612233
46.537079, -118.389612233
46.546079, -118.389612233
46.555079, -118.389612233
46.564079, -118.389612233
46.573079, -118.389612233
46.582079, -118.389612233
46.591079, -118.389612233
46.600079, -118.389612233
46.609079, -118.389612233
46.618079, -118.389612233
46.627079, -118.389612233
46.636079, -118.389612233
46.645079, -118.389612233
46.654079, -118.389612233
46.663079, -118.389612233
46.672079, -118.389612233
46.681079, -118.389612233
46.690079, -118.389612233
46.699079, -118.389612233
46.708079, -118.389612233
46.717079, -118.389612233
46.726079, -118.389612233
46.735079, -118.389612233
46.744079, -118.389612233
46.753079, -118.389612233
46.762079, -118.389612233
46.771079, -118.389612233
46.780079, -118.389612233
46.789079, -118.389612233
46.798079, -118.389612233
46.807079, -118.389612233
46.816079, -118.389612233
46.825079, -118.389612233
46.834079, -118.389612233
46.843079, -118.389612233
46.852079, -118.389612233
46.861079, -118.389612233
46.870079, -118.389612233
46.879079, -118.389612233
46.888079, -118.389612233
46.897079, -118.389612233
46.906079, -118.389612233
46.915079, -118.389612233
46.924079, -118.389612233
46.933079, -118.389612233
46.942079, -118.389612233
46.951079, -118.389612233
46.960079, -118.389612233
46.969079, -118.389612233
46.978079, -118.389612233
46.987079, -118.389612233
46.996079, -118.389612233
47.005079, -118.389612233
47.014079, -118.389612233
47.023079, -118.389612233
47.032079, -118.389612233
47.041079, -118.389612233
47.050079, -118.389612233
47.059079, -118.389612233
47.068079, -118.389612233
47.077079, -118.389612233
47.086079, -118.389612233
47.095079, -118.389612233
47.104079, -118.389612233
47.113079, -118.389612233
47.122079, -118.389612233
47.131079, -118.389612233
47.140079, -118.389612233
47.149079, -118.389612233
47.158079, -118.389612233
47.167079, -118.389612233
47.176079, -118.389612233
47.185079, -118.389612233
47.194079, -118.389612233
47.203079, -118.389612233
47.212079, -118.389612233
47.221079, -118.389612233
47.230079, -118.389612233
47.239079, -118.389612233
47.248079, -118.389612233
47.257079, -118.389612233
47.266079, -118.389612233
47.275079, -118.389612233
47.284079, -118.389612233
47.293079, -118.389612233
47.302079, -118.389612233
47.311079, -118.389612233
47.320079, -118.389612233
47.329079, -118.389612233
47.338079, -118.389612233
47.347079, -118.389612233
47.356079, -118.389612233
47.365079, -118.389612233
47.374079, -118.389612233
47.383079, -118.389612233
47.392079, -118.389612233
47.401079, -118.389612233
47.410079, -118.389612233
47.419079, -118.389612233
47.428079, -118.389612233
47.437079, -118.389612233
47.446079, -118.389612233
47.455079, -118.389612233
47.464079, -118.389612233
47.473079, -118.389612233
47.482079, -118.389612233
47.491079, -118.389612233
47.500079, -118.389612233
47.509079, -118.389612233
47.518079, -118.389612233
47.527079, -118.389612233
47.536079, -118.389612233
47.545079, -118.389612233
47.554079, -118.389612233
47.563079, -118.389612233
47.572079, -118.389612233
47.581079, -118.389612233
47.590079, -118.389612233
47.599079, -118.389612233
47.608079, -118.389612233
47.617079, -118.389612233
47.626079, -118.389612233
47.635079, -118.389612233
47.644079, -118.389612233
47.653079, -118.389612233
47.662079, -118.389612233
47.671079, -118.389612233
47.680079, -118.389612233
47.689079, -118.389612233
47.698079, -118.389612233
47.707079, -118.389612233
47.716079, -118.389612233
47.725079, -118.389612233
47.734079, -118.389612233
47.743079, -118.389612233
47.752079, -118.389612233
47.761079, -118.389612233
47.770079, -118.389612233
47.779079, -118.389612233
47.788079, -118.389612233
47.797079, -118.389612233
47.806079, -118.389612233
47.815079, -118.389612233
47.824079, -118.389612233
47.833079, -118.389612233
47.842079, -118.389612233
47.851079, -118.389612233
47.860079, -118.389612233
47.869079, -118.389612233
47.878079, -118.389612233
47.887079, -118.389612233
47.896079, -118.389612233
47.905079, -118.389612233
47.914079, -118.389612233
47.923079, -118.389612233
47.932079, -118.389612233
47.941079, -118.389612233
47.950079, -118.389612233
47.959079, -118.389612233
47.968079, -118.389612233
47.977079, -118.389612233
47.986079, -118.389612233
47.995079, -118.389612233
48.004079, -118.389612233
48.013079, -118.389612233
48.022079, -118.389612233
48.031079, -118.389612233
48.040079, -118.389612233
48.049079, -118.389612233
48.058079, -118.389612233
48.067079, -118.389612233
48.076079, -118.389612233
48.085079, -118.389612233
48.094079, -118.389612233
48.103079, -118.389612233
48.112079, -118.389612233
48.121079, -118.389612233
48.130079, -118.389612233
48.139079, -118.389612233
48.148079, -118.389612233
48.157079, -118.389612233
48.166079, -118.389612233
48.175079, -118.389612233
48.184079, -118.389612233
48.193079, -118.389612233
48.202079, -118.389612233
48.211079, -118.389612233
48.220079, -118.389612233
48.229079, -118.389612233
48.238079, -118.389612233
48.247079, -118.389612233
48.256079, -118.389612233
48.265079, -118.389612233
48.274079, -118.389612233
48.283079, -118.389612233
48.292079, -118.389612233
48.301079, -118.389612233
48.310079, -118.389612233
48.319079, -118.389612233
48.328079, -118.389612233
48.337079, -118.389612233
48.346079, -118.389612233
48.355079, -118.389612233
48.364079, -118.389612233
48.373079, -118.389612233
48.382079, -118.389612233
48.391079, -118.389612233
48.400079, -118.389612233
48.409079, -118.389612233
48.418079, -118.389612233
48.427079, -118.389612233
48.436079, -118.389612233
48.445079, -118.389612233
48.454079, -118.389612233
48.463079, -118.389612233
48.472079, -118.389612233
48.481079, -118.389612233
48.490079, -118.389612233
48.499079, -118.389612233
48.508079, -118.389612233
48.517079, -118.389612233
48.526079, -118.389612233
48.535079, -118.389612233
48.544079, -118.389612233
48.553079, -118.389612233
48.562079, -118.389612233
48.571079, -118.389612233
48.580079, -118.389612233
48.589079, -118.389612233
48.598079, -118.389612233
48.607079, -118.389612233
48.616079, -118.389612233
48.625079, -118.389612233
48.634079, -118.389612233
48.643079, -118.389612233
48.652079, -118.389612233
48.661079, -118.389612233
48.670079, -118.389612233
48.679079, -118.389612233
48.688079, -118.389612233
48.697079, -118.389612233
48.706079, -118.389612233
48.715079, -118.389612233
48.724079, -118.389612233
48.733079, -118.389612233
48.742079, -118.389612233
48.751079, -118.389612233
48.760079, -118.389612233
48.769079, -118.389612233
48.778079, -118.389612233
48.787079, -118.389612233
48.796079, -118.389612233
48.805079, -118.389612233
48.814079, -118.389612233
48.823079, -118.389612233
48.832079, -118.389612233
48.841079, -118.389612233
48.850079, -118.389612233
48.859079, -118.389612233
48.868079, -118.389612233
48.877079, -118.389612233
48.886079, -118.389612233
48.895079, -118.389612233
48.904079, -118.389612233
48.913079, -118.389612233
48.922079, -118.389612233
48.931079, -118.389612233
48.940079, -118.389612233
48.949079, -118.389612233
46.213079, -118.375905475
46.222079, -118.375905475
46.231079, -118.375905475
46.240079, -118.375905475
46.249079, -118.375905475
46.258079, -118.375905475
46.267079, -118.375905475
46.276079, -118.375905475
46.285079, -118.375905475
46.294079, -118.375905475
46.303079, -118.375905475
46.312079, -118.375905475
46.321079, -118.375905475
46.330079, -118.375905475
46.339079, -118.375905475
46.348079, -118.375905475
46.357079, -118.375905475
46.366079, -118.375905475
46.375079, -118.375905475
46.384079, -118.375905475
46.393079, -118.375905475
46.402079, -118.375905475
46.411079, -118.375905475
46.420079, -118.375905475
46.429079, -118.375905475
46.438079, -118.375905475
46.447079, -118.375905475
46.456079, -118.375905475
46.465079, -118.375905475
46.474079, -118.375905475
46.483079, -118.375905475
46.492079, -118.375905475
46.501079, -118.375905475
46.510079, -118.375905475
46.519079, -118.375905475
46.528079, -118.375905475
46.537079, -118.375905475
46.546079, -118.375905475
46.555079, -118.375905475
46.564079, -118.375905475
46.573079, -118.375905475
46.582079, -118.375905475
46.591079, -118.375905475
46.600079, -118.375905475
46.609079, -118.375905475
46.618079, -118.375905475
46.627079, -118.375905475
46.636079, -118.375905475
46.645079, -118.375905475
46.654079, -118.375905475
46.663079, -118.375905475
46.672079, -118.375905475
46.681079, -118.375905475
46.690079, -118.375905475
46.699079, -118.375905475
46.708079, -118.375905475
46.717079, -118.375905475
46.726079, -118.375905475
46.735079, -118.375905475
46.744079, -118.375905475
46.753079, -118.375905475
46.762079, -118.375905475
46.771079, -118.375905475
46.780079, -118.375905475
46.789079, -118.375905475
46.798079, -118.375905475
46.807079, -118.375905475
46.816079, -118.375905475
46.825079, -118.375905475
46.834079, -118.375905475
46.843079, -118.375905475
46.852079, -118.375905475
46.861079, -118.375905475
46.870079, -118.375905475
46.879079, -118.375905475
46.888079, -118.375905475
46.897079, -118.375905475
46.906079, -118.375905475
46.915079, -118.375905475
46.924079, -118.375905475
46.933079, -118.375905475
46.942079, -118.375905475
46.951079, -118.375905475
46.960079, -118.375905475
46.969079, -118.375905475
46.978079, -118.375905475
46.987079, -118.375905475
46.996079, -118.375905475
47.005079, -118.375905475
47.014079, -118.375905475
47.023079, -118.375905475
47.032079, -118.375905475
47.041079, -118.375905475
47.050079, -118.375905475
47.059079, -118.375905475
47.068079, -118.375905475
47.077079, -118.375905475
47.086079, -118.375905475
47.095079, -118.375905475
47.104079, -118.375905475
47.113079, -118.375905475
47.122079, -118.375905475
47.131079, -118.375905475
47.140079, -118.375905475
47.149079, -118.375905475
47.158079, -118.375905475
47.167079, -118.375905475
47.176079, -118.375905475
47.185079, -118.375905475
47.194079, -118.375905475
47.203079, -118.375905475
47.212079, -118.375905475
47.221079, -118.375905475
47.230079, -118.375905475
47.239079, -118.375905475
47.248079, -118.375905475
47.257079, -118.375905475
47.266079, -118.375905475
47.275079, -118.375905475
47.284079, -118.375905475
47.293079, -118.375905475
47.302079, -118.375905475
47.311079, -118.375905475
47.320079, -118.375905475
47.329079, -118.375905475
47.338079, -118.375905475
47.347079, -118.375905475
47.356079, -118.375905475
47.365079, -118.375905475
47.374079, -118.375905475
47.383079, -118.375905475
47.392079, -118.375905475
47.401079, -118.375905475
47.410079, -118.375905475
47.419079, -118.375905475
47.428079, -118.375905475
47.437079, -118.375905475
47.446079, -118.375905475
47.455079, -118.375905475
47.464079, -118.375905475
47.473079, -118.375905475
47.482079, -118.375905475
47.491079, -118.375905475
47.500079, -118.375905475
47.509079, -118.375905475
47.518079, -118.375905475
47.527079, -118.375905475
47.536079, -118.375905475
47.545079, -118.375905475
47.554079, -118.375905475
47.563079, -118.375905475
47.572079, -118.375905475
47.581079, -118.375905475
47.590079, -118.375905475
47.599079, -118.375905475
47.608079, -118.375905475
47.617079, -118.375905475
47.626079, -118.375905475
47.635079, -118.375905475
47.644079, -118.375905475
47.653079, -118.375905475
47.662079, -118.375905475
47.671079, -118.375905475
47.680079, -118.375905475
47.689079, -118.375905475
47.698079, -118.375905475
47.707079, -118.375905475
47.716079, -118.375905475
47.725079, -118.375905475
47.734079, -118.375905475
47.743079, -118.375905475
47.752079, -118.375905475
47.761079, -118.375905475
47.770079, -118.375905475
47.779079, -118.375905475
47.788079, -118.375905475
47.797079, -118.375905475
47.806079, -118.375905475
47.815079, -118.375905475
47.824079, -118.375905475
47.833079, -118.375905475
47.842079, -118.375905475
47.851079, -118.375905475
47.860079, -118.375905475
47.869079, -118.375905475
47.878079, -118.375905475
47.887079, -118.375905475
47.896079, -118.375905475
47.905079, -118.375905475
47.914079, -118.375905475
47.923079, -118.375905475
47.932079, -118.375905475
47.941079, -118.375905475
47.950079, -118.375905475
47.959079, -118.375905475
47.968079, -118.375905475
47.977079, -118.375905475
47.986079, -118.375905475
47.995079, -118.375905475
48.004079, -118.375905475
48.013079, -118.375905475
48.022079, -118.375905475
48.031079, -118.375905475
48.040079, -118.375905475
48.049079, -118.375905475
48.058079, -118.375905475
48.067079, -118.375905475
48.076079, -118.375905475
48.085079, -118.375905475
48.094079, -118.375905475
48.103079, -118.375905475
48.112079, -118.375905475
48.121079, -118.375905475
48.130079, -118.375905475
48.139079, -118.375905475
48.148079, -118.375905475
48.157079, -118.375905475
48.166079, -118.375905475
48.175079, -118.375905475
48.184079, -118.375905475
48.193079, -118.375905475
48.202079, -118.375905475
48.211079, -118.375905475
48.220079, -118.375905475
48.229079, -118.375905475
48.238079, -118.375905475
48.247079, -118.375905475
48.256079, -118.375905475
48.265079, -118.375905475
48.274079, -118.375905475
48.283079, -118.375905475
48.292079, -118.375905475
48.301079, -118.375905475
48.310079, -118.375905475
48.319079, -118.375905475
48.328079, -118.375905475
48.337079, -118.375905475
48.346079, -118.375905475
48.355079, -118.375905475
48.364079, -118.375905475
48.373079, -118.375905475
48.382079, -118.375905475
48.391079, -118.375905475
48.400079, -118.375905475
48.409079, -118.375905475
48.418079, -118.375905475
48.427079, -118.375905475
48.436079, -118.375905475
48.445079, -118.375905475
48.454079, -118.375905475
48.463079, -118.375905475
48.472079, -118.375905475
48.481079, -118.375905475
48.490079, -118.375905475
48.499079, -118.375905475
48.508079, -118.375905475
48.517079, -118.375905475
48.526079, -118.375905475
48.535079, -118.375905475
48.544079, -118.375905475
48.553079, -118.375905475
48.562079, -118.375905475
48.571079, -118.375905475
48.580079, -118.375905475
48.589079, -118.375905475
48.598079, -118.375905475
48.607079, -118.375905475
48.616079, -118.375905475
48.625079, -118.375905475
48.634079, -118.375905475
48.643079, -118.375905475
48.652079, -118.375905475
48.661079, -118.375905475
48.670079, -118.375905475
48.679079, -118.375905475
48.688079, -118.375905475
48.697079, -118.375905475
48.706079, -118.375905475
48.715079, -118.375905475
48.724079, -118.375905475
48.733079, -118.375905475
48.742079, -118.375905475
48.751079, -118.375905475
48.760079, -118.375905475
48.769079, -118.375905475
48.778079, -118.375905475
48.787079, -118.375905475
48.796079, -118.375905475
48.805079, -118.375905475
48.814079, -118.375905475
48.823079, -118.375905475
48.832079, -118.375905475
48.841079, -118.375905475
48.850079, -118.375905475
48.859079, -118.375905475
48.868079, -118.375905475
48.877079, -118.375905475
48.886079, -118.375905475
48.895079, -118.375905475
48.904079, -118.375905475
48.913079, -118.375905475
48.922079, -118.375905475
48.931079, -118.375905475
48.940079, -118.375905475
48.949079, -118.375905475
46.213079, -118.362198716
46.222079, -118.362198716
46.231079, -118.362198716
46.240079, -118.362198716
46.249079, -118.362198716
46.258079, -118.362198716
46.267079, -118.362198716
46.276079, -118.362198716
46.285079, -118.362198716
46.294079, -118.362198716
46.303079, -118.362198716
46.312079, -118.362198716
46.321079, -118.362198716
46.330079, -118.362198716
46.339079, -118.362198716
46.348079, -118.362198716
46.357079, -118.362198716
46.366079, -118.362198716
46.375079, -118.362198716
46.384079, -118.362198716
46.393079, -118.362198716
46.402079, -118.362198716
46.411079, -118.362198716
46.420079, -118.362198716
46.429079, -118.362198716
46.438079, -118.362198716
46.447079, -118.362198716
46.456079, -118.362198716
46.465079, -118.362198716
46.474079, -118.362198716
46.483079, -118.362198716
46.492079, -118.362198716
46.501079, -118.362198716
46.510079, -118.362198716
46.519079, -118.362198716
46.528079, -118.362198716
46.537079, -118.362198716
46.546079, -118.362198716
46.555079, -118.362198716
46.564079, -118.362198716
46.573079, -118.362198716
46.582079, -118.362198716
46.591079, -118.362198716
46.600079, -118.362198716
46.609079, -118.362198716
46.618079, -118.362198716
46.627079, -118.362198716
46.636079, -118.362198716
46.645079, -118.362198716
46.654079, -118.362198716
46.663079, -118.362198716
46.672079, -118.362198716
46.681079, -118.362198716
46.690079, -118.362198716
46.699079, -118.362198716
46.708079, -118.362198716
46.717079, -118.362198716
46.726079, -118.362198716
46.735079, -118.362198716
46.744079, -118.362198716
46.753079, -118.362198716
46.762079, -118.362198716
46.771079, -118.362198716
46.780079, -118.362198716
46.789079, -118.362198716
46.798079, -118.362198716
46.807079, -118.362198716
46.816079, -118.362198716
46.825079, -118.362198716
46.834079, -118.362198716
46.843079, -118.362198716
46.852079, -118.362198716
46.861079, -118.362198716
46.870079, -118.362198716
46.879079, -118.362198716
46.888079, -118.362198716
46.897079, -118.362198716
46.906079, -118.362198716
46.915079, -118.362198716
46.924079, -118.362198716
46.933079, -118.362198716
46.942079, -118.362198716
46.951079, -118.362198716
46.960079, -118.362198716
46.969079, -118.362198716
46.978079, -118.362198716
46.987079, -118.362198716
46.996079, -118.362198716
47.005079, -118.362198716
47.014079, -118.362198716
47.023079, -118.362198716
47.032079, -118.362198716
47.041079, -118.362198716
47.050079, -118.362198716
47.059079, -118.362198716
47.068079, -118.362198716
47.077079, -118.362198716
47.086079, -118.362198716
47.095079, -118.362198716
47.104079, -118.362198716
47.113079, -118.362198716
47.122079, -118.362198716
47.131079, -118.362198716
47.140079, -118.362198716
47.149079, -118.362198716
47.158079, -118.362198716
47.167079, -118.362198716
47.176079, -118.362198716
47.185079, -118.362198716
47.194079, -118.362198716
47.203079, -118.362198716
47.212079, -118.362198716
47.221079, -118.362198716
47.230079, -118.362198716
47.239079, -118.362198716
47.248079, -118.362198716
47.257079, -118.362198716
47.266079, -118.362198716
47.275079, -118.362198716
47.284079, -118.362198716
47.293079, -118.362198716
47.302079, -118.362198716
47.311079, -118.362198716
47.320079, -118.362198716
47.329079, -118.362198716
47.338079, -118.362198716
