46.402079, -118.896762297
46.411079, -118.896762297
46.420079, -118.896762297
46.429079, -118.896762297
46.438079, -118.896762297
46.447079, -118.896762297
46.456079, -118.896762297
46.465079, -118.896762297
46.474079, -118.896762297
46.483079, -118.896762297
46.492079, -118.896762297
46.501079, -118.896762297
46.510079, -118.896762297
46.519079, -118.896762297
46.528079, -118.896762297
46.537079, -118.896762297
46.546079, -118.896762297
46.555079, -118.896762297
46.564079, -118.896762297
46.573079, -118.896762297
46.582079, -118.896762297
46.591079, -118.896762297
46.600079, -118.896762297
46.609079, -118.896762297
46.618079, -118.896762297
46.627079, -118.896762297
46.636079, -118.896762297
46.645079, -118.896762297
46.654079, -118.896762297
46.663079, -118.896762297
46.672079, -118.896762297
46.681079, -118.896762297
46.690079, -118.896762297
46.699079, -118.896762297
46.708079, -118.896762297
46.717079, -118.896762297
46.726079, -118.896762297
46.735079, -118.896762297
46.744079, -118.896762297
46.753079, -118.896762297
46.762079, -118.896762297
46.771079, -118.896762297
46.780079, -118.896762297
46.789079, -118.896762297
46.798079, -118.896762297
46.807079, -118.896762297
46.816079, -118.896762297
46.825079, -118.896762297
46.834079, -118.896762297
46.843079, -118.896762297
46.852079, -118.896762297
46.861079, -118.896762297
46.870079, -118.896762297
46.879079, -118.896762297
46.888079, -118.896762297
46.897079, -118.896762297
46.906079, -118.896762297
46.915079, -118.896762297
46.924079, -118.896762297
46.933079, -118.896762297
46.942079, -118.896762297
46.951079, -118.896762297
46.960079, -118.896762297
46.969079, -118.896762297
46.978079, -118.896762297
46.987079, -118.896762297
46.996079, -118.896762297
47.005079, -118.896762297
47.014079, -118.896762297
47.023079, -118.896762297
47.032079, -118.896762297
47.041079, -118.896762297
47.050079, -118.896762297
47.059079, -118.896762297
47.068079, -118.896762297
47.077079, -118.896762297
47.086079, -118.896762297
47.095079, -118.896762297
47.104079, -118.896762297
47.113079, -118.896762297
47.122079, -118.896762297
47.131079, -118.896762297
47.140079, -118.896762297
47.149079, -118.896762297
47.158079, -118.896762297
47.167079, -118.896762297
47.176079, -118.896762297
47.185079, -118.896762297
47.194079, -118.896762297
47.203079, -118.896762297
47.212079, -118.896762297
47.221079, -118.896762297
47.230079, -118.896762297
47.239079, -118.896762297
47.248079, -118.896762297
47.257079, -118.896762297
47.266079, -118.896762297
47.275079, -118.896762297
47.284079, -118.896762297
47.293079, -118.896762297
47.302079, -118.896762297
47.311079, -118.896762297
47.320079, -118.896762297
47.329079, -118.896762297
47.338079, -118.896762297
47.347079, -118.896762297
47.356079, -118.896762297
47.365079, -118.896762297
47.374079, -118.896762297
47.383079, -118.896762297
47.392079, -118.896762297
47.401079, -118.896762297
47.410079, -118.896762297
47.419079, -118.896762297
47.428079, -118.896762297
47.437079, -118.896762297
47.446079, -118.896762297
47.455079, -118.896762297
47.464079, -118.896762297
47.473079, -118.896762297
47.482079, -118.896762297
47.491079, -118.896762297
47.500079, -118.896762297
47.509079, -118.896762297
47.518079, -118.896762297
47.527079, -118.896762297
47.536079, -118.896762297
47.545079, -118.896762297
47.554079, -118.896762297
47.563079, -118.896762297
47.572079, -118.896762297
47.581079, -118.896762297
47.590079, -118.896762297
47.599079, -118.896762297
47.608079, -118.896762297
47.617079, -118.896762297
47.626079, -118.896762297
47.635079, -118.896762297
47.644079, -118.896762297
47.653079, -118.896762297
47.662079, -118.896762297
47.671079, -118.896762297
47.680079, -118.896762297
47.689079, -118.896762297
47.698079, -118.896762297
47.707079, -118.896762297
47.716079, -118.896762297
47.725079, -118.896762297
47.734079, -118.896762297
47.743079, -118.896762297
47.752079, -118.896762297
47.761079, -118.896762297
47.770079, -118.896762297
47.779079, -118.896762297
47.788079, -118.896762297
47.797079, -118.896762297
47.806079, -118.896762297
47.815079, -118.896762297
47.824079, -118.896762297
47.833079, -118.896762297
47.842079, -118.896762297
47.851079, -118.896762297
47.860079, -118.896762297
47.869079, -118.896762297
47.878079, -118.896762297
47.887079, -118.896762297
47.896079, -118.896762297
47.905079, -118.896762297
47.914079, -118.896762297
47.923079, -118.896762297
47.932079, -118.896762297
47.941079, -118.896762297
47.950079, -118.896762297
47.959079, -118.896762297
47.968079, -118.896762297
47.977079, -118.896762297
47.986079, -118.896762297
47.995079, -118.896762297
48.004079, -118.896762297
48.013079, -118.896762297
48.022079, -118.896762297
48.031079, -118.896762297
48.040079, -118.896762297
48.049079, -118.896762297
48.058079, -118.896762297
48.067079, -118.896762297
48.076079, -118.896762297
48.085079, -118.896762297
48.094079, -118.896762297
48.103079, -118.896762297
48.112079, -118.896762297
48.121079, -118.896762297
48.130079, -118.896762297
48.139079, -118.896762297
48.148079, -118.896762297
48.157079, -118.896762297
48.166079, -118.896762297
48.175079, -118.896762297
48.184079, -118.896762297
48.193079, -118.896762297
48.202079, -118.896762297
48.211079, -118.896762297
48.220079, -118.896762297
48.229079, -118.896762297
48.238079, -118.896762297
48.247079, -118.896762297
48.256079, -118.896762297
48.265079, -118.896762297
48.274079, -118.896762297
48.283079, -118.896762297
48.292079, -118.896762297
48.301079, -118.896762297
48.310079, -118.896762297
48.319079, -118.896762297
48.328079, -118.896762297
48.337079, -118.896762297
48.346079, -118.896762297
48.355079, -118.896762297
48.364079, -118.896762297
48.373079, -118.896762297
48.382079, -118.896762297
48.391079, -118.896762297
48.400079, -118.896762297
48.409079, -118.896762297
48.418079, -118.896762297
48.427079, -118.896762297
48.436079, -118.896762297
48.445079, -118.896762297
48.454079, -118.896762297
48.463079, -118.896762297
48.472079, -118.896762297
48.481079, -118.896762297
48.490079, -118.896762297
48.499079, -118.896762297
48.508079, -118.896762297
48.517079, -118.896762297
48.526079, -118.896762297
48.535079, -118.896762297
48.544079, -118.896762297
48.553079, -118.896762297
48.562079, -118.896762297
48.571079, -118.896762297
48.580079, -118.896762297
48.589079, -118.896762297
48.598079, -118.896762297
48.607079, -118.896762297
48.616079, -118.896762297
48.625079, -118.896762297
48.634079, -118.896762297
48.643079, -118.896762297
48.652079, -118.896762297
48.661079, -118.896762297
48.670079, -118.896762297
48.679079, -118.896762297
48.688079, -118.896762297
48.697079, -118.896762297
48.706079, -118.896762297
48.715079, -118.896762297
48.724079, -118.896762297
48.733079, -118.896762297
48.742079, -118.896762297
48.751079, -118.896762297
48.760079, -118.896762297
48.769079, -118.896762297
48.778079, -118.896762297
48.787079, -118.896762297
48.796079, -118.896762297
48.805079, -118.896762297
48.814079, -118.896762297
48.823079, -118.896762297
48.832079, -118.896762297
48.841079, -118.896762297
48.850079, -118.896762297
48.859079, -118.896762297
48.868079, -118.896762297
48.877079, -118.896762297
48.886079, -118.896762297
48.895079, -118.896762297
48.904079, -118.896762297
48.913079, -118.896762297
48.922079, -118.896762297
48.931079, -118.896762297
48.940079, -118.896762297
48.949079, -118.896762297
46.213079, -118.883055539
46.222079, -118.883055539
46.231079, -118.883055539
46.240079, -118.883055539
46.249079, -118.883055539
46.258079, -118.883055539
46.267079, -118.883055539
46.276079, -118.883055539
46.285079, -118.883055539
46.294079, -118.883055539
46.303079, -118.883055539
46.312079, -118.883055539
46.321079, -118.883055539
46.330079, -118.883055539
46.339079, -118.883055539
46.348079, -118.883055539
46.357079, -118.883055539
46.366079, -118.883055539
46.375079, -118.883055539
46.384079, -118.883055539
46.393079, -118.883055539
46.402079, -118.883055539
46.411079, -118.883055539
46.420079, -118.883055539
46.429079, -118.883055539
46.438079, -118.883055539
46.447079, -118.883055539
46.456079, -118.883055539
46.465079, -118.883055539
46.474079, -118.883055539
46.483079, -118.883055539
46.492079, -118.883055539
46.501079, -118.883055539
46.510079, -118.883055539
46.519079, -118.883055539
46.528079, -118.883055539
46.537079, -118.883055539
46.546079, -118.883055539
46.555079, -118.883055539
46.564079, -118.883055539
46.573079, -118.883055539
46.582079, -118.883055539
46.591079, -118.883055539
46.600079, -118.883055539
46.609079, -118.883055539
46.618079, -118.883055539
46.627079, -118.883055539
46.636079, -118.883055539
46.645079, -118.883055539
46.654079, -118.883055539
46.663079, -118.883055539
46.672079, -118.883055539
46.681079, -118.883055539
46.690079, -118.883055539
46.699079, -118.883055539
46.708079, -118.883055539
46.717079, -118.883055539
46.726079, -118.883055539
46.735079, -118.883055539
46.744079, -118.883055539
46.753079, -118.883055539
46.762079, -118.883055539
46.771079, -118.883055539
46.780079, -118.883055539
46.789079, -118.883055539
46.798079, -118.883055539
46.807079, -118.883055539
46.816079, -118.883055539
46.825079, -118.883055539
46.834079, -118.883055539
46.843079, -118.883055539
46.852079, -118.883055539
46.861079, -118.883055539
46.870079, -118.883055539
46.879079, -118.883055539
46.888079, -118.883055539
46.897079, -118.883055539
46.906079, -118.883055539
46.915079, -118.883055539
46.924079, -118.883055539
46.933079, -118.883055539
46.942079, -118.883055539
46.951079, -118.883055539
46.960079, -118.883055539
46.969079, -118.883055539
46.978079, -118.883055539
46.987079, -118.883055539
46.996079, -118.883055539
47.005079, -118.883055539
47.014079, -118.883055539
47.023079, -118.883055539
47.032079, -118.883055539
47.041079, -118.883055539
47.050079, -118.883055539
47.059079, -118.883055539
47.068079, -118.883055539
47.077079, -118.883055539
47.086079, -118.883055539
47.095079, -118.883055539
47.104079, -118.883055539
47.113079, -118.883055539
47.122079, -118.883055539
47.131079, -118.883055539
47.140079, -118.883055539
47.149079, -118.883055539
47.158079, -118.883055539
47.167079, -118.883055539
47.176079, -118.883055539
47.185079, -118.883055539
47.194079, -118.883055539
47.203079, -118.883055539
47.212079, -118.883055539
47.221079, -118.883055539
47.230079, -118.883055539
47.239079, -118.883055539
47.248079, -118.883055539
47.257079, -118.883055539
47.266079, -118.883055539
47.275079, -118.883055539
47.284079, -118.883055539
47.293079, -118.883055539
47.302079, -118.883055539
47.311079, -118.883055539
47.320079, -118.883055539
47.329079, -118.883055539
47.338079, -118.883055539
47.347079, -118.883055539
47.356079, -118.883055539
47.365079, -118.883055539
47.374079, -118.883055539
47.383079, -118.883055539
47.392079, -118.883055539
47.401079, -118.883055539
47.410079, -118.883055539
47.419079, -118.883055539
47.428079, -118.883055539
47.437079, -118.883055539
47.446079, -118.883055539
47.455079, -118.883055539
47.464079, -118.883055539
47.473079, -118.883055539
47.482079, -118.883055539
47.491079, -118.883055539
47.500079, -118.883055539
47.509079, -118.883055539
47.518079, -118.883055539
47.527079, -118.883055539
47.536079, -118.883055539
47.545079, -118.883055539
47.554079, -118.883055539
47.563079, -118.883055539
47.572079, -118.883055539
47.581079, -118.883055539
47.590079, -118.883055539
47.599079, -118.883055539
47.608079, -118.883055539
47.617079, -118.883055539
47.626079, -118.883055539
47.635079, -118.883055539
47.644079, -118.883055539
47.653079, -118.883055539
47.662079, -118.883055539
47.671079, -118.883055539
47.680079, -118.883055539
47.689079, -118.883055539
47.698079, -118.883055539
47.707079, -118.883055539
47.716079, -118.883055539
47.725079, -118.883055539
47.734079, -118.883055539
47.743079, -118.883055539
47.752079, -118.883055539
47.761079, -118.883055539
47.770079, -118.883055539
47.779079, -118.883055539
47.788079, -118.883055539
47.797079, -118.883055539
47.806079, -118.883055539
47.815079, -118.883055539
47.824079, -118.883055539
47.833079, -118.883055539
47.842079, -118.883055539
47.851079, -118.883055539
47.860079, -118.883055539
47.869079, -118.883055539
47.878079, -118.883055539
47.887079, -118.883055539
47.896079, -118.883055539
47.905079, -118.883055539
47.914079, -118.883055539
47.923079, -118.883055539
47.932079, -118.883055539
47.941079, -118.883055539
47.950079, -118.883055539
47.959079, -118.883055539
47.968079, -118.883055539
47.977079, -118.883055539
47.986079, -118.883055539
47.995079, -118.883055539
48.004079, -118.883055539
48.013079, -118.883055539
48.022079, -118.883055539
48.031079, -118.883055539
48.040079, -118.883055539
48.049079, -118.883055539
48.058079, -118.883055539
48.067079, -118.883055539
48.076079, -118.883055539
48.085079, -118.883055539
48.094079, -118.883055539
48.103079, -118.883055539
48.112079, -118.883055539
48.121079, -118.883055539
48.130079, -118.883055539
48.139079, -118.883055539
48.148079, -118.883055539
48.157079, -118.883055539
48.166079, -118.883055539
48.175079, -118.883055539
48.184079, -118.883055539
48.193079, -118.883055539
48.202079, -118.883055539
48.211079, -118.883055539
48.220079, -118.883055539
48.229079, -118.883055539
48.238079, -118.883055539
48.247079, -118.883055539
48.256079, -118.883055539
48.265079, -118.883055539
48.274079, -118.883055539
48.283079, -118.883055539
48.292079, -118.883055539
48.301079, -118.883055539
48.310079, -118.883055539
48.319079, -118.883055539
48.328079, -118.883055539
48.337079, -118.883055539
48.346079, -118.883055539
48.355079, -118.883055539
48.364079, -118.883055539
48.373079, -118.883055539
48.382079, -118.883055539
48.391079, -118.883055539
48.400079, -118.883055539
48.409079, -118.883055539
48.418079, -118.883055539
48.427079, -118.883055539
48.436079, -118.883055539
48.445079, -118.883055539
48.454079, -118.883055539
48.463079, -118.883055539
48.472079, -118.883055539
48.481079, -118.883055539
48.490079, -118.883055539
48.499079, -118.883055539
48.508079, -118.883055539
48.517079, -118.883055539
48.526079, -118.883055539
48.535079, -118.883055539
48.544079, -118.883055539
48.553079, -118.883055539
48.562079, -118.883055539
48.571079, -118.883055539
48.580079, -118.883055539
48.589079, -118.883055539
48.598079, -118.883055539
48.607079, -118.883055539
48.616079, -118.883055539
48.625079, -118.883055539
48.634079, -118.883055539
48.643079, -118.883055539
48.652079, -118.883055539
48.661079, -118.883055539
48.670079, -118.883055539
48.679079, -118.883055539
48.688079, -118.883055539
48.697079, -118.883055539
48.706079, -118.883055539
48.715079, -118.883055539
48.724079, -118.883055539
48.733079, -118.883055539
48.742079, -118.883055539
48.751079, -118.883055539
48.760079, -118.883055539
48.769079, -118.883055539
48.778079, -118.883055539
48.787079, -118.883055539
48.796079, -118.883055539
48.805079, -118.883055539
48.814079, -118.883055539
48.823079, -118.883055539
48.832079, -118.883055539
48.841079, -118.883055539
48.850079, -118.883055539
48.859079, -118.883055539
48.868079, -118.883055539
48.877079, -118.883055539
48.886079, -118.883055539
48.895079, -118.883055539
48.904079, -118.883055539
48.913079, -118.883055539
48.922079, -118.883055539
48.931079, -118.883055539
48.940079, -118.883055539
48.949079, -118.883055539
46.213079, -118.86934878
46.222079, -118.86934878
46.231079, -118.86934878
46.240079, -118.86934878
46.249079, -118.86934878
46.258079, -118.86934878
46.267079, -118.86934878
46.276079, -118.86934878
46.285079, -118.86934878
46.294079, -118.86934878
46.303079, -118.86934878
46.312079, -118.86934878
46.321079, -118.86934878
46.330079, -118.86934878
46.339079, -118.86934878
46.348079, -118.86934878
46.357079, -118.86934878
46.366079, -118.86934878
46.375079, -118.86934878
46.384079, -118.86934878
46.393079, -118.86934878
46.402079, -118.86934878
46.411079, -118.86934878
46.420079, -118.86934878
46.429079, -118.86934878
46.438079, -118.86934878
46.447079, -118.86934878
46.456079, -118.86934878
46.465079, -118.86934878
46.474079, -118.86934878
46.483079, -118.86934878
46.492079, -118.86934878
46.501079, -118.86934878
46.510079, -118.86934878
46.519079, -118.86934878
46.528079, -118.86934878
46.537079, -118.86934878
46.546079, -118.86934878
46.555079, -118.86934878
46.564079, -118.86934878
46.573079, -118.86934878
46.582079, -118.86934878
46.591079, -118.86934878
46.600079, -118.86934878
46.609079, -118.86934878
46.618079, -118.86934878
46.627079, -118.86934878
46.636079, -118.86934878
46.645079, -118.86934878
46.654079, -118.86934878
46.663079, -118.86934878
46.672079, -118.86934878
46.681079, -118.86934878
46.690079, -118.86934878
46.699079, -118.86934878
46.708079, -118.86934878
46.717079, -118.86934878
46.726079, -118.86934878
46.735079, -118.86934878
46.744079, -118.86934878
46.753079, -118.86934878
46.762079, -118.86934878
46.771079, -118.86934878
46.780079, -118.86934878
46.789079, -118.86934878
46.798079, -118.86934878
46.807079, -118.86934878
46.816079, -118.86934878
46.825079, -118.86934878
46.834079, -118.86934878
46.843079, -118.86934878
46.852079, -118.86934878
46.861079, -118.86934878
46.870079, -118.86934878
46.879079, -118.86934878
46.888079, -118.86934878
46.897079, -118.86934878
46.906079, -118.86934878
46.915079, -118.86934878
46.924079, -118.86934878
46.933079, -118.86934878
46.942079, -118.86934878
46.951079, -118.86934878
46.960079, -118.86934878
46.969079, -118.86934878
46.978079, -118.86934878
46.987079, -118.86934878
46.996079, -118.86934878
47.005079, -118.86934878
47.014079, -118.86934878
47.023079, -118.86934878
47.032079, -118.86934878
47.041079, -118.86934878
47.050079, -118.86934878
47.059079, -118.86934878
47.068079, -118.86934878
47.077079, -118.86934878
47.086079, -118.86934878
47.095079, -118.86934878
47.104079, -118.86934878
47.113079, -118.86934878
47.122079, -118.86934878
47.131079, -118.86934878
47.140079, -118.86934878
47.149079, -118.86934878
47.158079, -118.86934878
47.167079, -118.86934878
47.176079, -118.86934878
47.185079, -118.86934878
47.194079, -118.86934878
47.203079, -118.86934878
47.212079, -118.86934878
47.221079, -118.86934878
47.230079, -118.86934878
47.239079, -118.86934878
47.248079, -118.86934878
47.257079, -118.86934878
47.266079, -118.86934878
47.275079, -118.86934878
47.284079, -118.86934878
47.293079, -118.86934878
47.302079, -118.86934878
47.311079, -118.86934878
47.320079, -118.86934878
47.329079, -118.86934878
47.338079, -118.86934878
47.347079, -118.86934878
47.356079, -118.86934878
47.365079, -118.86934878
47.374079, -118.86934878
47.383079, -118.86934878
47.392079, -118.86934878
47.401079, -118.86934878
47.410079, -118.86934878
47.419079, -118.86934878
47.428079, -118.86934878
47.437079, -118.86934878
47.446079, -118.86934878
47.455079, -118.86934878
47.464079, -118.86934878
47.473079, -118.86934878
47.482079, -118.86934878
47.491079, -118.86934878
47.500079, -118.86934878
47.509079, -118.86934878
47.518079, -118.86934878
47.527079, -118.86934878
47.536079, -118.86934878
47.545079, -118.86934878
47.554079, -118.86934878
47.563079, -118.86934878
47.572079, -118.86934878
47.581079, -118.86934878
47.590079, -118.86934878
47.599079, -118.86934878
47.608079, -118.86934878
47.617079, -118.86934878
47.626079, -118.86934878
47.635079, -118.86934878
47.644079, -118.86934878
47.653079, -118.86934878
47.662079, -118.86934878
47.671079, -118.86934878
47.680079, -118.86934878
47.689079, -118.86934878
47.698079, -118.86934878
47.707079, -118.86934878
47.716079, -118.86934878
47.725079, -118.86934878
47.734079, -118.86934878
47.743079, -118.86934878
47.752079, -118.86934878
47.761079, -118.86934878
47.770079, -118.86934878
47.779079, -118.86934878
47.788079, -118.86934878
47.797079, -118.86934878
47.806079, -118.86934878
47.815079, -118.86934878
47.824079, -118.86934878
47.833079, -118.86934878
47.842079, -118.86934878
47.851079, -118.86934878
47.860079, -118.86934878
47.869079, -118.86934878
47.878079, -118.86934878
47.887079, -118.86934878
47.896079, -118.86934878
47.905079, -118.86934878
47.914079, -118.86934878
47.923079, -118.86934878
47.932079, -118.86934878
47.941079, -118.86934878
47.950079, -118.86934878
47.959079, -118.86934878
47.968079, -118.86934878
47.977079, -118.86934878
47.986079, -118.86934878
47.995079, -118.86934878
48.004079, -118.86934878
48.013079, -118.86934878
48.022079, -118.86934878
48.031079, -118.86934878
48.040079, -118.86934878
48.049079, -118.86934878
48.058079, -118.86934878
48.067079, -118.86934878
48.076079, -118.86934878
48.085079, -118.86934878
48.094079, -118.86934878
48.103079, -118.86934878
48.112079, -118.86934878
48.121079, -118.86934878
48.130079, -118.86934878
48.139079, -118.86934878
48.148079, -118.86934878
48.157079, -118.86934878
48.166079, -118.86934878
48.175079, -118.86934878
48.184079, -118.86934878
48.193079, -118.86934878
48.202079, -118.86934878
48.211079, -118.86934878
48.220079, -118.86934878
48.229079, -118.86934878
48.238079, -118.86934878
48.247079, -118.86934878
48.256079, -118.86934878
48.265079, -118.86934878
48.274079, -118.86934878
48.283079, -118.86934878
48.292079, -118.86934878
48.301079, -118.86934878
48.310079, -118.86934878
48.319079, -118.86934878
48.328079, -118.86934878
48.337079, -118.86934878
48.346079, -118.86934878
48.355079, -118.86934878
48.364079, -118.86934878
48.373079, -118.86934878
48.382079, -118.86934878
48.391079, -118.86934878
48.400079, -118.86934878
48.409079, -118.86934878
48.418079, -118.86934878
48.427079, -118.86934878
48.436079, -118.86934878
48.445079, -118.86934878
48.454079, -118.86934878
48.463079, -118.86934878
48.472079, -118.86934878
48.481079, -118.86934878
48.490079, -118.86934878
48.499079, -118.86934878
48.508079, -118.86934878
48.517079, -118.86934878
48.526079, -118.86934878
48.535079, -118.86934878
48.544079, -118.86934878
48.553079, -118.86934878
48.562079, -118.86934878
48.571079, -118.86934878
48.580079, -118.86934878
48.589079, -118.86934878
48.598079, -118.86934878
48.607079, -118.86934878
48.616079, -118.86934878
48.625079, -118.86934878
48.634079, -118.86934878
48.643079, -118.86934878
48.652079, -118.86934878
48.661079, -118.86934878
48.670079, -118.86934878
48.679079, -118.86934878
48.688079, -118.86934878
48.697079, -118.86934878
48.706079, -118.86934878
48.715079, -118.86934878
48.724079, -118.86934878
48.733079, -118.86934878
48.742079, -118.86934878
48.751079, -118.86934878
48.760079, -118.86934878
48.769079, -118.86934878
48.778079, -118.86934878
48.787079, -118.86934878
48.796079, -118.86934878
48.805079, -118.86934878
48.814079, -118.86934878
48.823079, -118.86934878
48.832079, -118.86934878
48.841079, -118.86934878
48.850079, -118.86934878
48.859079, -118.86934878
48.868079, -118.86934878
48.877079, -118.86934878
48.886079, -118.86934878
48.895079, -118.86934878
48.904079, -118.86934878
48.913079, -118.86934878
48.922079, -118.86934878
48.931079, -118.86934878
48.940079, -118.86934878
48.949079, -118.86934878
46.213079, -118.855642022
46.222079, -118.855642022
46.231079, -118.855642022
46.240079, -118.855642022
46.249079, -118.855642022
46.258079, -118.855642022
46.267079, -118.855642022
46.276079, -118.855642022
46.285079, -118.855642022
46.294079, -118.855642022
46.303079, -118.855642022
46.312079, -118.855642022
46.321079, -118.855642022
46.330079, -118.855642022
46.339079, -118.855642022
46.348079, -118.855642022
46.357079, -118.855642022
46.366079, -118.855642022
46.375079, -118.855642022
46.384079, -118.855642022
46.393079, -118.855642022
46.402079, -118.855642022
46.411079, -118.855642022
46.420079, -118.855642022
46.429079, -118.855642022
46.438079, -118.855642022
46.447079, -118.855642022
46.456079, -118.855642022
46.465079, -118.855642022
46.474079, -118.855642022
46.483079, -118.855642022
46.492079, -118.855642022
46.501079, -118.855642022
46.510079, -118.855642022
46.519079, -118.855642022
46.528079, -118.855642022
46.537079, -118.855642022
46.546079, -118.855642022
46.555079, -118.855642022
46.564079, -118.855642022
46.573079, -118.855642022
46.582079, -118.855642022
46.591079, -118.855642022
46.600079, -118.855642022
46.609079, -118.855642022
46.618079, -118.855642022
46.627079, -118.855642022
46.636079, -118.855642022
46.645079, -118.855642022
46.654079, -118.855642022
46.663079, -118.855642022
46.672079, -118.855642022
46.681079, -118.855642022
46.690079, -118.855642022
46.699079, -118.855642022
46.708079, -118.855642022
46.717079, -118.855642022
46.726079, -118.855642022
46.735079, -118.855642022
46.744079, -118.855642022
46.753079, -118.855642022
46.762079, -118.855642022
46.771079, -118.855642022
46.780079, -118.855642022
46.789079, -118.855642022
46.798079, -118.855642022
46.807079, -118.855642022
46.816079, -118.855642022
46.825079, -118.855642022
46.834079, -118.855642022
46.843079, -118.855642022
46.852079, -118.855642022
46.861079, -118.855642022
46.870079, -118.855642022
46.879079, -118.855642022
46.888079, -118.855642022
46.897079, -118.855642022
46.906079, -118.855642022
46.915079, -118.855642022
46.924079, -118.855642022
46.933079, -118.855642022
46.942079, -118.855642022
46.951079, -118.855642022
46.960079, -118.855642022
46.969079, -118.855642022
46.978079, -118.855642022
46.987079, -118.855642022
46.996079, -118.855642022
47.005079, -118.855642022
47.014079, -118.855642022
47.023079, -118.855642022
47.032079, -118.855642022
47.041079, -118.855642022
47.050079, -118.855642022
47.059079, -118.855642022
47.068079, -118.855642022
47.077079, -118.855642022
47.086079, -118.855642022
47.095079, -118.855642022
47.104079, -118.855642022
47.113079, -118.855642022
47.122079, -118.855642022
47.131079, -118.855642022
47.140079, -118.855642022
47.149079, -118.855642022
47.158079, -118.855642022
47.167079, -118.855642022
47.176079, -118.855642022
47.185079, -118.855642022
47.194079, -118.855642022
47.203079, -118.855642022
47.212079, -118.855642022
47.221079, -118.855642022
47.230079, -118.855642022
47.239079, -118.855642022
47.248079, -118.855642022
47.257079, -118.855642022
47.266079, -118.855642022
47.275079, -118.855642022
47.284079, -118.855642022
47.293079, -118.855642022
47.302079, -118.855642022
47.311079, -118.855642022
47.320079, -118.855642022
47.329079, -118.855642022
47.338079, -118.855642022
47.347079, -118.855642022
47.356079, -118.855642022
47.365079, -118.855642022
47.374079, -118.855642022
47.383079, -118.855642022
47.392079, -118.855642022
47.401079, -118.855642022
47.410079, -118.855642022
47.419079, -118.855642022
47.428079, -118.855642022
47.437079, -118.855642022
47.446079, -118.855642022
47.455079, -118.855642022
47.464079, -118.855642022
47.473079, -118.855642022
47.482079, -118.855642022
47.491079, -118.855642022
47.500079, -118.855642022
47.509079, -118.855642022
47.518079, -118.855642022
47.527079, -118.855642022
47.536079, -118.855642022
47.545079, -118.855642022
47.554079, -118.855642022
47.563079, -118.855642022
47.572079, -118.855642022
47.581079, -118.855642022
47.590079, -118.855642022
47.599079, -118.855642022
47.608079, -118.855642022
47.617079, -118.855642022
47.626079, -118.855642022
47.635079, -118.855642022
47.644079, -118.855642022
47.653079, -118.855642022
47.662079, -118.855642022
47.671079, -118.855642022
47.680079, -118.855642022
47.689079, -118.855642022
47.698079, -118.855642022
47.707079, -118.855642022
47.716079, -118.855642022
47.725079, -118.855642022
47.734079, -118.855642022
47.743079, -118.855642022
47.752079, -118.855642022
47.761079, -118.855642022
47.770079, -118.855642022
47.779079, -118.855642022
47.788079, -118.855642022
47.797079, -118.855642022
47.806079, -118.855642022
47.815079, -118.855642022
47.824079, -118.855642022
47.833079, -118.855642022
47.842079, -118.855642022
47.851079, -118.855642022
47.860079, -118.855642022
47.869079, -118.855642022
47.878079, -118.855642022
47.887079, -118.855642022
47.896079, -118.855642022
47.905079, -118.855642022
47.914079, -118.855642022
47.923079, -118.855642022
47.932079, -118.855642022
47.941079, -118.855642022
47.950079, -118.855642022
47.959079, -118.855642022
47.968079, -118.855642022
47.977079, -118.855642022
47.986079, -118.855642022
47.995079, -118.855642022
48.004079, -118.855642022
48.013079, -118.855642022
48.022079, -118.855642022
48.031079, -118.855642022
48.040079, -118.855642022
48.049079, -118.855642022
48.058079, -118.855642022
48.067079, -118.855642022
48.076079, -118.855642022
48.085079, -118.855642022
48.094079, -118.855642022
48.103079, -118.855642022
48.112079, -118.855642022
48.121079, -118.855642022
48.130079, -118.855642022
48.139079, -118.855642022
48.148079, -118.855642022
48.157079, -118.855642022
48.166079, -118.855642022
48.175079, -118.855642022
48.184079, -118.855642022
48.193079, -118.855642022
48.202079, -118.855642022
48.211079, -118.855642022
48.220079, -118.855642022
48.229079, -118.855642022
48.238079, -118.855642022
48.247079, -118.855642022
48.256079, -118.855642022
48.265079, -118.855642022
48.274079, -118.855642022
48.283079, -118.855642022
48.292079, -118.855642022
48.301079, -118.855642022
48.310079, -118.855642022
48.319079, -118.855642022
48.328079, -118.855642022
48.337079, -118.855642022
48.346079, -118.855642022
48.355079, -118.855642022
48.364079, -118.855642022
48.373079, -118.855642022
48.382079, -118.855642022
48.391079, -118.855642022
48.400079, -118.855642022
48.409079, -118.855642022
48.418079, -118.855642022
48.427079, -118.855642022
48.436079, -118.855642022
48.445079, -118.855642022
48.454079, -118.855642022
48.463079, -118.855642022
48.472079, -118.855642022
48.481079, -118.855642022
48.490079, -118.855642022
48.499079, -118.855642022
48.508079, -118.855642022
48.517079, -118.855642022
48.526079, -118.855642022
48.535079, -118.855642022
48.544079, -118.855642022
48.553079, -118.855642022
48.562079, -118.855642022
48.571079, -118.855642022
48.580079, -118.855642022
48.589079, -118.855642022
48.598079, -118.855642022
48.607079, -118.855642022
48.616079, -118.855642022
48.625079, -118.855642022
48.634079, -118.855642022
48.643079, -118.855642022
48.652079, -118.855642022
48.661079, -118.855642022
48.670079, -118.855642022
48.679079, -118.855642022
48.688079, -118.855642022
48.697079, -118.855642022
48.706079, -118.855642022
48.715079, -118.855642022
48.724079, -118.855642022
48.733079, -118.855642022
48.742079, -118.855642022
48.751079, -118.855642022
48.760079, -118.855642022
48.769079, -118.855642022
48.778079, -118.855642022
48.787079, -118.855642022
48.796079, -118.855642022
48.805079, -118.855642022
48.814079, -118.855642022
48.823079, -118.855642022
48.832079, -118.855642022
48.841079, -118.855642022
48.850079, -118.855642022
48.859079, -118.855642022
48.868079, -118.855642022
48.877079, -118.855642022
48.886079, -118.855642022
48.895079, -118.855642022
48.904079, -118.855642022
48.913079, -118.855642022
48.922079, -118.855642022
48.931079, -118.855642022
48.940079, -118.855642022
48.949079, -118.855642022
46.213079, -118.841935263
46.222079, -118.841935263
46.231079, -118.841935263
46.240079, -118.841935263
46.249079, -118.841935263
46.258079, -118.841935263
46.267079, -118.841935263
46.276079, -118.841935263
46.285079, -118.841935263
46.294079, -118.841935263
46.303079, -118.841935263
46.312079, -118.841935263
46.321079, -118.841935263
46.330079, -118.841935263
46.339079, -118.841935263
46.348079, -118.841935263
46.357079, -118.841935263
46.366079, -118.841935263
46.375079, -118.841935263
46.384079, -118.841935263
46.393079, -118.841935263
46.402079, -118.841935263
46.411079, -118.841935263
46.420079, -118.841935263
46.429079, -118.841935263
46.438079, -118.841935263
46.447079, -118.841935263
46.456079, -118.841935263
46.465079, -118.841935263
46.474079, -118.841935263
46.483079, -118.841935263
46.492079, -118.841935263
46.501079, -118.841935263
46.510079, -118.841935263
46.519079, -118.841935263
46.528079, -118.841935263
46.537079, -118.841935263
46.546079, -118.841935263
46.555079, -118.841935263
46.564079, -118.841935263
46.573079, -118.841935263
46.582079, -118.841935263
46.591079, -118.841935263
46.600079, -118.841935263
46.609079, -118.841935263
46.618079, -118.841935263
46.627079, -118.841935263
46.636079, -118.841935263
46.645079, -118.841935263
46.654079, -118.841935263
46.663079, -118.841935263
46.672079, -118.841935263
46.681079, -118.841935263
46.690079, -118.841935263
46.699079, -118.841935263
46.708079, -118.841935263
46.717079, -118.841935263
46.726079, -118.841935263
46.735079, -118.841935263
46.744079, -118.841935263
46.753079, -118.841935263
46.762079, -118.841935263
46.771079, -118.841935263
46.780079, -118.841935263
46.789079, -118.841935263
46.798079, -118.841935263
46.807079, -118.841935263
46.816079, -118.841935263
46.825079, -118.841935263
46.834079, -118.841935263
46.843079, -118.841935263
46.852079, -118.841935263
46.861079, -118.841935263
46.870079, -118.841935263
46.879079, -118.841935263
46.888079, -118.841935263
46.897079, -118.841935263
46.906079, -118.841935263
46.915079, -118.841935263
46.924079, -118.841935263
46.933079, -118.841935263
46.942079, -118.841935263
46.951079, -118.841935263
46.960079, -118.841935263
46.969079, -118.841935263
46.978079, -118.841935263
46.987079, -118.841935263
46.996079, -118.841935263
47.005079, -118.841935263
47.014079, -118.841935263
47.023079, -118.841935263
47.032079, -118.841935263
47.041079, -118.841935263
47.050079, -118.841935263
47.059079, -118.841935263
47.068079, -118.841935263
47.077079, -118.841935263
47.086079, -118.841935263
47.095079, -118.841935263
47.104079, -118.841935263
47.113079, -118.841935263
47.122079, -118.841935263
47.131079, -118.841935263
47.140079, -118.841935263
47.149079, -118.841935263
47.158079, -118.841935263
47.167079, -118.841935263
47.176079, -118.841935263
47.185079, -118.841935263
47.194079, -118.841935263
47.203079, -118.841935263
47.212079, -118.841935263
47.221079, -118.841935263
47.230079, -118.841935263
47.239079, -118.841935263
47.248079, -118.841935263
47.257079, -118.841935263
47.266079, -118.841935263
47.275079, -118.841935263
47.284079, -118.841935263
47.293079, -118.841935263
47.302079, -118.841935263
47.311079, -118.841935263
47.320079, -118.841935263
47.329079, -118.841935263
47.338079, -118.841935263
47.347079, -118.841935263
47.356079, -118.841935263
47.365079, -118.841935263
47.374079, -118.841935263
47.383079, -118.841935263
47.392079, -118.841935263
47.401079, -118.841935263
47.410079, -118.841935263
47.419079, -118.841935263
47.428079, -118.841935263
47.437079, -118.841935263
47.446079, -118.841935263
47.455079, -118.841935263
47.464079, -118.841935263
47.473079, -118.841935263
47.482079, -118.841935263
47.491079, -118.841935263
47.500079, -118.841935263
47.509079, -118.841935263
47.518079, -118.841935263
47.527079, -118.841935263
47.536079, -118.841935263
47.545079, -118.841935263
47.554079, -118.841935263
47.563079, -118.841935263
47.572079, -118.841935263
47.581079, -118.841935263
47.590079, -118.841935263
47.599079, -118.841935263
47.608079, -118.841935263
47.617079, -118.841935263
47.626079, -118.841935263
47.635079, -118.841935263
47.644079, -118.841935263
47.653079, -118.841935263
47.662079, -118.841935263
47.671079, -118.841935263
47.680079, -118.841935263
47.689079, -118.841935263
47.698079, -118.841935263
47.707079, -118.841935263
47.716079, -118.841935263
47.725079, -118.841935263
47.734079, -118.841935263
47.743079, -118.841935263
47.752079, -118.841935263
47.761079, -118.841935263
47.770079, -118.841935263
47.779079, -118.841935263
47.788079, -118.841935263
47.797079, -118.841935263
47.806079, -118.841935263
47.815079, -118.841935263
47.824079, -118.841935263
47.833079, -118.841935263
47.842079, -118.841935263
47.851079, -118.841935263
47.860079, -118.841935263
47.869079, -118.841935263
47.878079, -118.841935263
47.887079, -118.841935263
47.896079, -118.841935263
47.905079, -118.841935263
47.914079, -118.841935263
47.923079, -118.841935263
47.932079, -118.841935263
47.941079, -118.841935263
47.950079, -118.841935263
47.959079, -118.841935263
47.968079, -118.841935263
47.977079, -118.841935263
47.986079, -118.841935263
47.995079, -118.841935263
48.004079, -118.841935263
48.013079, -118.841935263
48.022079, -118.841935263
48.031079, -118.841935263
48.040079, -118.841935263
48.049079, -118.841935263
48.058079, -118.841935263
48.067079, -118.841935263
48.076079, -118.841935263
48.085079, -118.841935263
48.094079, -118.841935263
48.103079, -118.841935263
48.112079, -118.841935263
48.121079, -118.841935263
48.130079, -118.841935263
48.139079, -118.841935263
48.148079, -118.841935263
48.157079, -118.841935263
48.166079, -118.841935263
48.175079, -118.841935263
48.184079, -118.841935263
48.193079, -118.841935263
48.202079, -118.841935263
48.211079, -118.841935263
48.220079, -118.841935263
48.229079, -118.841935263
48.238079, -118.841935263
48.247079, -118.841935263
48.256079, -118.841935263
48.265079, -118.841935263
48.274079, -118.841935263
48.283079, -118.841935263
48.292079, -118.841935263
48.301079, -118.841935263
48.310079, -118.841935263
48.319079, -118.841935263
48.328079, -118.841935263
48.337079, -118.841935263
48.346079, -118.841935263
48.355079, -118.841935263
48.364079, -118.841935263
48.373079, -118.841935263
48.382079, -118.841935263
48.391079, -118.841935263
48.400079, -118.841935263
48.409079, -118.841935263
48.418079, -118.841935263
48.427079, -118.841935263
48.436079, -118.841935263
48.445079, -118.841935263
48.454079, -118.841935263
48.463079, -118.841935263
48.472079, -118.841935263
48.481079, -118.841935263
48.490079, -118.841935263
48.499079, -118.841935263
48.508079, -118.841935263
48.517079, -118.841935263
48.526079, -118.841935263
48.535079, -118.841935263
48.544079, -118.841935263
48.553079, -118.841935263
48.562079, -118.841935263
48.571079, -118.841935263
48.580079, -118.841935263
48.589079, -118.841935263
48.598079, -118.841935263
48.607079, -118.841935263
48.616079, -118.841935263
48.625079, -118.841935263
48.634079, -118.841935263
48.643079, -118.841935263
48.652079, -118.841935263
48.661079, -118.841935263
48.670079, -118.841935263
48.679079, -118.841935263
48.688079, -118.841935263
48.697079, -118.841935263
48.706079, -118.841935263
48.715079, -118.841935263
48.724079, -118.841935263
48.733079, -118.841935263
48.742079, -118.841935263
48.751079, -118.841935263
48.760079, -118.841935263
48.769079, -118.841935263
48.778079, -118.841935263
48.787079, -118.841935263
48.796079, -118.841935263
48.805079, -118.841935263
48.814079, -118.841935263
48.823079, -118.841935263
48.832079, -118.841935263
48.841079, -118.841935263
48.850079, -118.841935263
48.859079, -118.841935263
48.868079, -118.841935263
48.877079, -118.841935263
48.886079, -118.841935263
48.895079, -118.841935263
48.904079, -118.841935263
48.913079, -118.841935263
48.922079, -118.841935263
48.931079, -118.841935263
48.940079, -118.841935263
48.949079, -118.841935263
46.213079, -118.828228505
46.222079, -118.828228505
46.231079, -118.828228505
46.240079, -118.828228505
46.249079, -118.828228505
46.258079, -118.828228505
46.267079, -118.828228505
46.276079, -118.828228505
46.285079, -118.828228505
46.294079, -118.828228505
46.303079, -118.828228505
46.312079, -118.828228505
46.321079, -118.828228505
46.330079, -118.828228505
46.339079, -118.828228505
46.348079, -118.828228505
46.357079, -118.828228505
46.366079, -118.828228505
46.375079, -118.828228505
46.384079, -118.828228505
46.393079, -118.828228505
46.402079, -118.828228505
46.411079, -118.828228505
46.420079, -118.828228505
46.429079, -118.828228505
46.438079, -118.828228505
46.447079, -118.828228505
46.456079, -118.828228505
46.465079, -118.828228505
46.474079, -118.828228505
46.483079, -118.828228505
46.492079, -118.828228505
46.501079, -118.828228505
46.510079, -118.828228505
46.519079, -118.828228505
46.528079, -118.828228505
46.537079, -118.828228505
46.546079, -118.828228505
46.555079, -118.828228505
46.564079, -118.828228505
46.573079, -118.828228505
46.582079, -118.828228505
46.591079, -118.828228505
46.600079, -118.828228505
46.609079, -118.828228505
46.618079, -118.828228505
46.627079, -118.828228505
46.636079, -118.828228505
46.645079, -118.828228505
46.654079, -118.828228505
46.663079, -118.828228505
46.672079, -118.828228505
46.681079, -118.828228505
46.690079, -118.828228505
46.699079, -118.828228505
46.708079, -118.828228505
46.717079, -118.828228505
46.726079, -118.828228505
46.735079, -118.828228505
46.744079, -118.828228505
46.753079, -118.828228505
46.762079, -118.828228505
46.771079, -118.828228505
46.780079, -118.828228505
46.789079, -118.828228505
46.798079, -118.828228505
46.807079, -118.828228505
46.816079, -118.828228505
46.825079, -118.828228505
46.834079, -118.828228505
46.843079, -118.828228505
46.852079, -118.828228505
46.861079, -118.828228505
46.870079, -118.828228505
46.879079, -118.828228505
46.888079, -118.828228505
46.897079, -118.828228505
46.906079, -118.828228505
46.915079, -118.828228505
46.924079, -118.828228505
46.933079, -118.828228505
46.942079, -118.828228505
46.951079, -118.828228505
46.960079, -118.828228505
46.969079, -118.828228505
46.978079, -118.828228505
46.987079, -118.828228505
46.996079, -118.828228505
47.005079, -118.828228505
47.014079, -118.828228505
47.023079, -118.828228505
47.032079, -118.828228505
47.041079, -118.828228505
47.050079, -118.828228505
47.059079, -118.828228505
47.068079, -118.828228505
47.077079, -118.828228505
47.086079, -118.828228505
47.095079, -118.828228505
47.104079, -118.828228505
47.113079, -118.828228505
47.122079, -118.828228505
47.131079, -118.828228505
47.140079, -118.828228505
47.149079, -118.828228505
47.158079, -118.828228505
47.167079, -118.828228505
47.176079, -118.828228505
47.185079, -118.828228505
47.194079, -118.828228505
47.203079, -118.828228505
47.212079, -118.828228505
47.221079, -118.828228505
47.230079, -118.828228505
47.239079, -118.828228505
47.248079, -118.828228505
47.257079, -118.828228505
47.266079, -118.828228505
47.275079, -118.828228505
47.284079, -118.828228505
47.293079, -118.828228505
47.302079, -118.828228505
47.311079, -118.828228505
47.320079, -118.828228505
47.329079, -118.828228505
47.338079, -118.828228505
47.347079, -118.828228505
47.356079, -118.828228505
47.365079, -118.828228505
47.374079, -118.828228505
47.383079, -118.828228505
47.392079, -118.828228505
47.401079, -118.828228505
47.410079, -118.828228505
47.419079, -118.828228505
47.428079, -118.828228505
47.437079, -118.828228505
47.446079, -118.828228505
47.455079, -118.828228505
47.464079, -118.828228505
47.473079, -118.828228505
47.482079, -118.828228505
47.491079, -118.828228505
47.500079, -118.828228505
47.509079, -118.828228505
47.518079, -118.828228505
47.527079, -118.828228505
47.536079, -118.828228505
47.545079, -118.828228505
47.554079, -118.828228505
47.563079, -118.828228505
47.572079, -118.828228505
47.581079, -118.828228505
47.590079, -118.828228505
47.599079, -118.828228505
47.608079, -118.828228505
47.617079, -118.828228505
47.626079, -118.828228505
47.635079, -118.828228505
47.644079, -118.828228505
47.653079, -118.828228505
47.662079, -118.828228505
47.671079, -118.828228505
47.680079, -118.828228505
47.689079, -118.828228505
47.698079, -118.828228505
47.707079, -118.828228505
47.716079, -118.828228505
47.725079, -118.828228505
47.734079, -118.828228505
47.743079, -118.828228505
47.752079, -118.828228505
47.761079, -118.828228505
47.770079, -118.828228505
47.779079, -118.828228505
47.788079, -118.828228505
47.797079, -118.828228505
47.806079, -118.828228505
47.815079, -118.828228505
47.824079, -118.828228505
47.833079, -118.828228505
47.842079, -118.828228505
47.851079, -118.828228505
47.860079, -118.828228505
47.869079, -118.828228505
47.878079, -118.828228505
47.887079, -118.828228505
47.896079, -118.828228505
47.905079, -118.828228505
47.914079, -118.828228505
47.923079, -118.828228505
47.932079, -118.828228505
47.941079, -118.828228505
47.950079, -118.828228505
47.959079, -118.828228505
47.968079, -118.828228505
47.977079, -118.828228505
47.986079, -118.828228505
47.995079, -118.828228505
48.004079, -118.828228505
48.013079, -118.828228505
48.022079, -118.828228505
48.031079, -118.828228505
48.040079, -118.828228505
48.049079, -118.828228505
48.058079, -118.828228505
48.067079, -118.828228505
48.076079, -118.828228505
48.085079, -118.828228505
48.094079, -118.828228505
48.103079, -118.828228505
48.112079, -118.828228505
48.121079, -118.828228505
48.130079, -118.828228505
48.139079, -118.828228505
48.148079, -118.828228505
48.157079, -118.828228505
48.166079, -118.828228505
48.175079, -118.828228505
48.184079, -118.828228505
48.193079, -118.828228505
48.202079, -118.828228505
48.211079, -118.828228505
48.220079, -118.828228505
48.229079, -118.828228505
48.238079, -118.828228505
48.247079, -118.828228505
48.256079, -118.828228505
48.265079, -118.828228505
48.274079, -118.828228505
48.283079, -118.828228505
48.292079, -118.828228505
48.301079, -118.828228505
48.310079, -118.828228505
48.319079, -118.828228505
48.328079, -118.828228505
48.337079, -118.828228505
48.346079, -118.828228505
48.355079, -118.828228505
48.364079, -118.828228505
48.373079, -118.828228505
48.382079, -118.828228505
48.391079, -118.828228505
48.400079, -118.828228505
48.409079, -118.828228505
48.418079, -118.828228505
48.427079, -118.828228505
48.436079, -118.828228505
48.445079, -118.828228505
48.454079, -118.828228505
48.463079, -118.828228505
48.472079, -118.828228505
48.481079, -118.828228505
48.490079, -118.828228505
48.499079, -118.828228505
48.508079, -118.828228505
48.517079, -118.828228505
48.526079, -118.828228505
48.535079, -118.828228505
48.544079, -118.828228505
48.553079, -118.828228505
48.562079, -118.828228505
48.571079, -118.828228505
48.580079, -118.828228505
48.589079, -118.828228505
48.598079, -118.828228505
48.607079, -118.828228505
48.616079, -118.828228505
48.625079, -118.828228505
48.634079, -118.828228505
48.643079, -118.828228505
48.652079, -118.828228505
48.661079, -118.828228505
48.670079, -118.828228505
48.679079, -118.828228505
48.688079, -118.828228505
48.697079, -118.828228505
48.706079, -118.828228505
48.715079, -118.828228505
48.724079, -118.828228505
48.733079, -118.828228505
48.742079, -118.828228505
48.751079, -118.828228505
48.760079, -118.828228505
48.769079, -118.828228505
48.778079, -118.828228505
48.787079, -118.828228505
48.796079, -118.828228505
48.805079, -118.828228505
48.814079, -118.828228505
48.823079, -118.828228505
48.832079, -118.828228505
48.841079, -118.828228505
48.850079, -118.828228505
48.859079, -118.828228505
48.868079, -118.828228505
48.877079, -118.828228505
48.886079, -118.828228505
48.895079, -118.828228505
48.904079, -118.828228505
48.913079, -118.828228505
48.922079, -118.828228505
48.931079, -118.828228505
48.940079, -118.828228505
48.949079, -118.828228505
46.213079, -118.814521746
46.222079, -118.814521746
46.231079, -118.814521746
46.240079, -118.814521746
46.249079, -118.814521746
46.258079, -118.814521746
46.267079, -118.814521746
46.276079, -118.814521746
46.285079, -118.814521746
46.294079, -118.814521746
46.303079, -118.814521746
46.312079, -118.814521746
46.321079, -118.814521746
46.330079, -118.814521746
46.339079, -118.814521746
46.348079, -118.814521746
46.357079, -118.814521746
46.366079, -118.814521746
46.375079, -118.814521746
46.384079, -118.814521746
46.393079, -118.814521746
46.402079, -118.814521746
46.411079, -118.814521746
46.420079, -118.814521746
46.429079, -118.814521746
46.438079, -118.814521746
46.447079, -118.814521746
46.456079, -118.814521746
46.465079, -118.814521746
46.474079, -118.814521746
46.483079, -118.814521746
46.492079, -118.814521746
46.501079, -118.814521746
46.510079, -118.814521746
46.519079, -118.814521746
46.528079, -118.814521746
46.537079, -118.814521746
46.546079, -118.814521746
46.555079, -118.814521746
46.564079, -118.814521746
46.573079, -118.814521746
46.582079, -118.814521746
46.591079, -118.814521746
46.600079, -118.814521746
46.609079, -118.814521746
46.618079, -118.814521746
46.627079, -118.814521746
46.636079, -118.814521746
46.645079, -118.814521746
46.654079, -118.814521746
46.663079, -118.814521746
46.672079, -118.814521746
46.681079, -118.814521746
46.690079, -118.814521746
46.699079, -118.814521746
46.708079, -118.814521746
46.717079, -118.814521746
46.726079, -118.814521746
46.735079, -118.814521746
46.744079, -118.814521746
46.753079, -118.814521746
46.762079, -118.814521746
46.771079, -118.814521746
46.780079, -118.814521746
46.789079, -118.814521746
46.798079, -118.814521746
46.807079, -118.814521746
46.816079, -118.814521746
46.825079, -118.814521746
46.834079, -118.814521746
46.843079, -118.814521746
46.852079, -118.814521746
46.861079, -118.814521746
46.870079, -118.814521746
46.879079, -118.814521746
46.888079, -118.814521746
46.897079, -118.814521746
46.906079, -118.814521746
46.915079, -118.814521746
46.924079, -118.814521746
46.933079, -118.814521746
46.942079, -118.814521746
46.951079, -118.814521746
46.960079, -118.814521746
46.969079, -118.814521746
46.978079, -118.814521746
46.987079, -118.814521746
46.996079, -118.814521746
47.005079, -118.814521746
47.014079, -118.814521746
47.023079, -118.814521746
47.032079, -118.814521746
47.041079, -118.814521746
47.050079, -118.814521746
47.059079, -118.814521746
47.068079, -118.814521746
47.077079, -118.814521746
47.086079, -118.814521746
47.095079, -118.814521746
47.104079, -118.814521746
47.113079, -118.814521746
47.122079, -118.814521746
47.131079, -118.814521746
47.140079, -118.814521746
47.149079, -118.814521746
47.158079, -118.814521746
47.167079, -118.814521746
47.176079, -118.814521746
47.185079, -118.814521746
47.194079, -118.814521746
47.203079, -118.814521746
47.212079, -118.814521746
47.221079, -118.814521746
47.230079, -118.814521746
47.239079, -118.814521746
47.248079, -118.814521746
47.257079, -118.814521746
47.266079, -118.814521746
47.275079, -118.814521746
47.284079, -118.814521746
47.293079, -118.814521746
47.302079, -118.814521746
47.311079, -118.814521746
47.320079, -118.814521746
47.329079, -118.814521746
47.338079, -118.814521746
47.347079, -118.814521746
47.356079, -118.814521746
47.365079, -118.814521746
47.374079, -118.814521746
47.383079, -118.814521746
47.392079, -118.814521746
47.401079, -118.814521746
47.410079, -118.814521746
47.419079, -118.814521746
47.428079, -118.814521746
47.437079, -118.814521746
47.446079, -118.814521746
47.455079, -118.814521746
47.464079, -118.814521746
47.473079, -118.814521746
47.482079, -118.814521746
47.491079, -118.814521746
47.500079, -118.814521746
47.509079, -118.814521746
47.518079, -118.814521746
47.527079, -118.814521746
47.536079, -118.814521746
47.545079, -118.814521746
47.554079, -118.814521746
47.563079, -118.814521746
47.572079, -118.814521746
47.581079, -118.814521746
47.590079, -118.814521746
47.599079, -118.814521746
47.608079, -118.814521746
47.617079, -118.814521746
47.626079, -118.814521746
47.635079, -118.814521746
47.644079, -118.814521746
47.653079, -118.814521746
47.662079, -118.814521746
47.671079, -118.814521746
47.680079, -118.814521746
47.689079, -118.814521746
47.698079, -118.814521746
47.707079, -118.814521746
47.716079, -118.814521746
47.725079, -118.814521746
47.734079, -118.814521746
47.743079, -118.814521746
47.752079, -118.814521746
47.761079, -118.814521746
47.770079, -118.814521746
47.779079, -118.814521746
47.788079, -118.814521746
47.797079, -118.814521746
47.806079, -118.814521746
47.815079, -118.814521746
47.824079, -118.814521746
47.833079, -118.814521746
47.842079, -118.814521746
47.851079, -118.814521746
47.860079, -118.814521746
47.869079, -118.814521746
47.878079, -118.814521746
47.887079, -118.814521746
47.896079, -118.814521746
47.905079, -118.814521746
47.914079, -118.814521746
47.923079, -118.814521746
47.932079, -118.814521746
47.941079, -118.814521746
47.950079, -118.814521746
47.959079, -118.814521746
47.968079, -118.814521746
47.977079, -118.814521746
47.986079, -118.814521746
47.995079, -118.814521746
48.004079, -118.814521746
48.013079, -118.814521746
48.022079, -118.814521746
48.031079, -118.814521746
48.040079, -118.814521746
48.049079, -118.814521746
48.058079, -118.814521746
48.067079, -118.814521746
48.076079, -118.814521746
48.085079, -118.814521746
48.094079, -118.814521746
48.103079, -118.814521746
48.112079, -118.814521746
48.121079, -118.814521746
48.130079, -118.814521746
48.139079, -118.814521746
48.148079, -118.814521746
48.157079, -118.814521746
48.166079, -118.814521746
48.175079, -118.814521746
48.184079, -118.814521746
48.193079, -118.814521746
48.202079, -118.814521746
48.211079, -118.814521746
48.220079, -118.814521746
48.229079, -118.814521746
48.238079, -118.814521746
48.247079, -118.814521746
48.256079, -118.814521746
48.265079, -118.814521746
48.274079, -118.814521746
48.283079, -118.814521746
48.292079, -118.814521746
48.301079, -118.814521746
48.310079, -118.814521746
48.319079, -118.814521746
48.328079, -118.814521746
48.337079, -118.814521746
48.346079, -118.814521746
48.355079, -118.814521746
48.364079, -118.814521746
48.373079, -118.814521746
48.382079, -118.814521746
48.391079, -118.814521746
48.400079, -118.814521746
48.409079, -118.814521746
48.418079, -118.814521746
48.427079, -118.814521746
48.436079, -118.814521746
48.445079, -118.814521746
48.454079, -118.814521746
48.463079, -118.814521746
48.472079, -118.814521746
48.481079, -118.814521746
48.490079, -118.814521746
48.499079, -118.814521746
48.508079, -118.814521746
48.517079, -118.814521746
48.526079, -118.814521746
48.535079, -118.814521746
48.544079, -118.814521746
48.553079, -118.814521746
48.562079, -118.814521746
48.571079, -118.814521746
48.580079, -118.814521746
48.589079, -118.814521746
48.598079, -118.814521746
48.607079, -118.814521746
48.616079, -118.814521746
48.625079, -118.814521746
48.634079, -118.814521746
48.643079, -118.814521746
48.652079, -118.814521746
48.661079, -118.814521746
48.670079, -118.814521746
48.679079, -118.814521746
48.688079, -118.814521746
48.697079, -118.814521746
48.706079, -118.814521746
48.715079, -118.814521746
48.724079, -118.814521746
48.733079, -118.814521746
48.742079, -118.814521746
48.751079, -118.814521746
48.760079, -118.814521746
48.769079, -118.814521746
48.778079, -118.814521746
48.787079, -118.814521746
48.796079, -118.814521746
48.805079, -118.814521746
48.814079, -118.814521746
48.823079, -118.814521746
48.832079, -118.814521746
48.841079, -118.814521746
48.850079, -118.814521746
48.859079, -118.814521746
48.868079, -118.814521746
48.877079, -118.814521746
48.886079, -118.814521746
48.895079, -118.814521746
48.904079, -118.814521746
48.913079, -118.814521746
48.922079, -118.814521746
48.931079, -118.814521746
48.940079, -118.814521746
48.949079, -118.814521746
46.213079, -118.800814988
46.222079, -118.800814988
46.231079, -118.800814988
46.240079, -118.800814988
46.249079, -118.800814988
46.258079, -118.800814988
46.267079, -118.800814988
46.276079, -118.800814988
46.285079, -118.800814988
46.294079, -118.800814988
46.303079, -118.800814988
46.312079, -118.800814988
46.321079, -118.800814988
46.330079, -118.800814988
46.339079, -118.800814988
46.348079, -118.800814988
46.357079, -118.800814988
46.366079, -118.800814988
46.375079, -118.800814988
46.384079, -118.800814988
46.393079, -118.800814988
46.402079, -118.800814988
46.411079, -118.800814988
46.420079, -118.800814988
46.429079, -118.800814988
46.438079, -118.800814988
46.447079, -118.800814988
46.456079, -118.800814988
46.465079, -118.800814988
46.474079, -118.800814988
46.483079, -118.800814988
46.492079, -118.800814988
46.501079, -118.800814988
46.510079, -118.800814988
46.519079, -118.800814988
46.528079, -118.800814988
46.537079, -118.800814988
46.546079, -118.800814988
46.555079, -118.800814988
46.564079, -118.800814988
46.573079, -118.800814988
46.582079, -118.800814988
46.591079, -118.800814988
46.600079, -118.800814988
46.609079, -118.800814988
46.618079, -118.800814988
46.627079, -118.800814988
46.636079, -118.800814988
46.645079, -118.800814988
46.654079, -118.800814988
46.663079, -118.800814988
46.672079, -118.800814988
46.681079, -118.800814988
46.690079, -118.800814988
46.699079, -118.800814988
46.708079, -118.800814988
46.717079, -118.800814988
46.726079, -118.800814988
46.735079, -118.800814988
46.744079, -118.800814988
46.753079, -118.800814988
46.762079, -118.800814988
46.771079, -118.800814988
46.780079, -118.800814988
46.789079, -118.800814988
46.798079, -118.800814988
46.807079, -118.800814988
46.816079, -118.800814988
46.825079, -118.800814988
46.834079, -118.800814988
46.843079, -118.800814988
46.852079, -118.800814988
46.861079, -118.800814988
46.870079, -118.800814988
46.879079, -118.800814988
46.888079, -118.800814988
46.897079, -118.800814988
46.906079, -118.800814988
46.915079, -118.800814988
46.924079, -118.800814988
46.933079, -118.800814988
46.942079, -118.800814988
46.951079, -118.800814988
46.960079, -118.800814988
46.969079, -118.800814988
46.978079, -118.800814988
46.987079, -118.800814988
46.996079, -118.800814988
47.005079, -118.800814988
47.014079, -118.800814988
47.023079, -118.800814988
47.032079, -118.800814988
47.041079, -118.800814988
47.050079, -118.800814988
47.059079, -118.800814988
47.068079, -118.800814988
47.077079, -118.800814988
47.086079, -118.800814988
47.095079, -118.800814988
47.104079, -118.800814988
47.113079, -118.800814988
47.122079, -118.800814988
47.131079, -118.800814988
47.140079, -118.800814988
47.149079, -118.800814988
47.158079, -118.800814988
47.167079, -118.800814988
47.176079, -118.800814988
47.185079, -118.800814988
47.194079, -118.800814988
47.203079, -118.800814988
47.212079, -118.800814988
47.221079, -118.800814988
47.230079, -118.800814988
47.239079, -118.800814988
47.248079, -118.800814988
47.257079, -118.800814988
47.266079, -118.800814988
47.275079, -118.800814988
47.284079, -118.800814988
47.293079, -118.800814988
47.302079, -118.800814988
47.311079, -118.800814988
47.320079, -118.800814988
47.329079, -118.800814988
47.338079, -118.800814988
47.347079, -118.800814988
47.356079, -118.800814988
47.365079, -118.800814988
47.374079, -118.800814988
47.383079, -118.800814988
47.392079, -118.800814988
47.401079, -118.800814988
47.410079, -118.800814988
47.419079, -118.800814988
47.428079, -118.800814988
47.437079, -118.800814988
47.446079, -118.800814988
47.455079, -118.800814988
47.464079, -118.800814988
47.473079, -118.800814988
47.482079, -118.800814988
47.491079, -118.800814988
47.500079, -118.800814988
47.509079, -118.800814988
47.518079, -118.800814988
47.527079, -118.800814988
47.536079, -118.800814988
47.545079, -118.800814988
47.554079, -118.800814988
47.563079, -118.800814988
47.572079, -118.800814988
47.581079, -118.800814988
47.590079, -118.800814988
47.599079, -118.800814988
47.608079, -118.800814988
47.617079, -118.800814988
47.626079, -118.800814988
47.635079, -118.800814988
47.644079, -118.800814988
47.653079, -118.800814988
47.662079, -118.800814988
47.671079, -118.800814988
47.680079, -118.800814988
47.689079, -118.800814988
47.698079, -118.800814988
47.707079, -118.800814988
47.716079, -118.800814988
47.725079, -118.800814988
47.734079, -118.800814988
47.743079, -118.800814988
47.752079, -118.800814988
47.761079, -118.800814988
47.770079, -118.800814988
47.779079, -118.800814988
47.788079, -118.800814988
47.797079, -118.800814988
47.806079, -118.800814988
47.815079, -118.800814988
47.824079, -118.800814988
47.833079, -118.800814988
47.842079, -118.800814988
47.851079, -118.800814988
47.860079, -118.800814988
47.869079, -118.800814988
47.878079, -118.800814988
47.887079, -118.800814988
47.896079, -118.800814988
47.905079, -118.800814988
47.914079, -118.800814988
47.923079, -118.800814988
47.932079, -118.800814988
47.941079, -118.800814988
47.950079, -118.800814988
47.959079, -118.800814988
47.968079, -118.800814988
47.977079, -118.800814988
47.986079, -118.800814988
47.995079, -118.800814988
48.004079, -118.800814988
48.013079, -118.800814988
48.022079, -118.800814988
48.031079, -118.800814988
48.040079, -118.800814988
48.049079, -118.800814988
48.058079, -118.800814988
48.067079, -118.800814988
48.076079, -118.800814988
48.085079, -118.800814988
48.094079, -118.800814988
48.103079, -118.800814988
48.112079, -118.800814988
48.121079, -118.800814988
48.130079, -118.800814988
48.139079, -118.800814988
48.148079, -118.800814988
48.157079, -118.800814988
48.166079, -118.800814988
48.175079, -118.800814988
48.184079, -118.800814988
48.193079, -118.800814988
48.202079, -118.800814988
48.211079, -118.800814988
48.220079, -118.800814988
48.229079, -118.800814988
48.238079, -118.800814988
48.247079, -118.800814988
48.256079, -118.800814988
48.265079, -118.800814988
48.274079, -118.800814988
48.283079, -118.800814988
48.292079, -118.800814988
48.301079, -118.800814988
48.310079, -118.800814988
48.319079, -118.800814988
48.328079, -118.800814988
48.337079, -118.800814988
48.346079, -118.800814988
48.355079, -118.800814988
48.364079, -118.800814988
48.373079, -118.800814988
48.382079, -118.800814988
48.391079, -118.800814988
48.400079, -118.800814988
48.409079, -118.800814988
48.418079, -118.800814988
48.427079, -118.800814988
48.436079, -118.800814988
48.445079, -118.800814988
48.454079, -118.800814988
48.463079, -118.800814988
48.472079, -118.800814988
48.481079, -118.800814988
48.490079, -118.800814988
48.499079, -118.800814988
48.508079, -118.800814988
48.517079, -118.800814988
48.526079, -118.800814988
48.535079, -118.800814988
48.544079, -118.800814988
48.553079, -118.800814988
48.562079, -118.800814988
48.571079, -118.800814988
48.580079, -118.800814988
48.589079, -118.800814988
48.598079, -118.800814988
48.607079, -118.800814988
48.616079, -118.800814988
48.625079, -118.800814988
48.634079, -118.800814988
48.643079, -118.800814988
48.652079, -118.800814988
48.661079, -118.800814988
48.670079, -118.800814988
48.679079, -118.800814988
48.688079, -118.800814988
48.697079, -118.800814988
48.706079, -118.800814988
48.715079, -118.800814988
48.724079, -118.800814988
48.733079, -118.800814988
48.742079, -118.800814988
48.751079, -118.800814988
48.760079, -118.800814988
48.769079, -118.800814988
48.778079, -118.800814988
