46.438079, -124.119037283
46.447079, -124.119037283
46.456079, -124.119037283
46.465079, -124.119037283
46.474079, -124.119037283
46.483079, -124.119037283
46.492079, -124.119037283
46.501079, -124.119037283
46.510079, -124.119037283
46.519079, -124.119037283
46.528079, -124.119037283
46.537079, -124.119037283
46.546079, -124.119037283
46.555079, -124.119037283
46.564079, -124.119037283
46.573079, -124.119037283
46.582079, -124.119037283
46.591079, -124.119037283
46.600079, -124.119037283
46.609079, -124.119037283
46.618079, -124.119037283
46.627079, -124.119037283
46.636079, -124.119037283
46.645079, -124.119037283
46.654079, -124.119037283
46.663079, -124.119037283
46.672079, -124.119037283
46.681079, -124.119037283
46.690079, -124.119037283
46.699079, -124.119037283
46.708079, -124.119037283
46.717079, -124.119037283
46.726079, -124.119037283
46.735079, -124.119037283
46.744079, -124.119037283
46.753079, -124.119037283
46.762079, -124.119037283
46.771079, -124.119037283
46.780079, -124.119037283
46.789079, -124.119037283
46.798079, -124.119037283
46.807079, -124.119037283
46.816079, -124.119037283
46.825079, -124.119037283
46.834079, -124.119037283
46.843079, -124.119037283
46.852079, -124.119037283
46.861079, -124.119037283
46.870079, -124.119037283
46.879079, -124.119037283
46.888079, -124.119037283
46.897079, -124.119037283
46.906079, -124.119037283
46.915079, -124.119037283
46.924079, -124.119037283
46.933079, -124.119037283
46.942079, -124.119037283
46.951079, -124.119037283
46.960079, -124.119037283
46.969079, -124.119037283
46.978079, -124.119037283
46.987079, -124.119037283
46.996079, -124.119037283
47.005079, -124.119037283
47.014079, -124.119037283
47.023079, -124.119037283
47.032079, -124.119037283
47.041079, -124.119037283
47.050079, -124.119037283
47.059079, -124.119037283
47.068079, -124.119037283
47.077079, -124.119037283
47.086079, -124.119037283
47.095079, -124.119037283
47.104079, -124.119037283
47.113079, -124.119037283
47.122079, -124.119037283
47.131079, -124.119037283
47.140079, -124.119037283
47.149079, -124.119037283
47.158079, -124.119037283
47.167079, -124.119037283
47.176079, -124.119037283
47.185079, -124.119037283
47.194079, -124.119037283
47.203079, -124.119037283
47.212079, -124.119037283
47.221079, -124.119037283
47.230079, -124.119037283
47.239079, -124.119037283
47.248079, -124.119037283
47.257079, -124.119037283
47.266079, -124.119037283
47.275079, -124.119037283
47.284079, -124.119037283
47.293079, -124.119037283
47.302079, -124.119037283
47.311079, -124.119037283
47.320079, -124.119037283
47.329079, -124.119037283
47.338079, -124.119037283
47.347079, -124.119037283
47.356079, -124.119037283
47.365079, -124.119037283
47.374079, -124.119037283
47.383079, -124.119037283
47.392079, -124.119037283
47.401079, -124.119037283
47.410079, -124.119037283
47.419079, -124.119037283
47.428079, -124.119037283
47.437079, -124.119037283
47.446079, -124.119037283
47.455079, -124.119037283
47.464079, -124.119037283
47.473079, -124.119037283
47.482079, -124.119037283
47.491079, -124.119037283
47.500079, -124.119037283
47.509079, -124.119037283
47.518079, -124.119037283
47.527079, -124.119037283
47.536079, -124.119037283
47.545079, -124.119037283
47.554079, -124.119037283
47.563079, -124.119037283
47.572079, -124.119037283
47.581079, -124.119037283
47.590079, -124.119037283
47.599079, -124.119037283
47.608079, -124.119037283
47.617079, -124.119037283
47.626079, -124.119037283
47.635079, -124.119037283
47.644079, -124.119037283
47.653079, -124.119037283
47.662079, -124.119037283
47.671079, -124.119037283
47.680079, -124.119037283
47.689079, -124.119037283
47.698079, -124.119037283
47.707079, -124.119037283
47.716079, -124.119037283
47.725079, -124.119037283
47.734079, -124.119037283
47.743079, -124.119037283
47.752079, -124.119037283
47.761079, -124.119037283
47.770079, -124.119037283
47.779079, -124.119037283
47.788079, -124.119037283
47.797079, -124.119037283
47.806079, -124.119037283
47.815079, -124.119037283
47.824079, -124.119037283
47.833079, -124.119037283
47.842079, -124.119037283
47.851079, -124.119037283
47.860079, -124.119037283
47.869079, -124.119037283
47.878079, -124.119037283
47.887079, -124.119037283
47.896079, -124.119037283
47.905079, -124.119037283
47.914079, -124.119037283
47.923079, -124.119037283
47.932079, -124.119037283
47.941079, -124.119037283
47.950079, -124.119037283
47.959079, -124.119037283
47.968079, -124.119037283
47.977079, -124.119037283
47.986079, -124.119037283
47.995079, -124.119037283
48.004079, -124.119037283
48.013079, -124.119037283
48.022079, -124.119037283
48.031079, -124.119037283
48.040079, -124.119037283
48.049079, -124.119037283
48.058079, -124.119037283
48.067079, -124.119037283
48.076079, -124.119037283
48.085079, -124.119037283
48.094079, -124.119037283
48.103079, -124.119037283
48.112079, -124.119037283
48.121079, -124.119037283
48.130079, -124.119037283
48.139079, -124.119037283
48.148079, -124.119037283
48.157079, -124.119037283
48.166079, -124.119037283
48.175079, -124.119037283
48.184079, -124.119037283
48.193079, -124.119037283
48.202079, -124.119037283
48.211079, -124.119037283
48.220079, -124.119037283
48.229079, -124.119037283
48.238079, -124.119037283
48.247079, -124.119037283
48.256079, -124.119037283
48.265079, -124.119037283
48.274079, -124.119037283
48.283079, -124.119037283
48.292079, -124.119037283
48.301079, -124.119037283
48.310079, -124.119037283
48.319079, -124.119037283
48.328079, -124.119037283
48.337079, -124.119037283
48.346079, -124.119037283
48.355079, -124.119037283
48.364079, -124.119037283
48.373079, -124.119037283
48.382079, -124.119037283
48.391079, -124.119037283
48.400079, -124.119037283
48.409079, -124.119037283
48.418079, -124.119037283
48.427079, -124.119037283
48.436079, -124.119037283
48.445079, -124.119037283
48.454079, -124.119037283
48.463079, -124.119037283
48.472079, -124.119037283
48.481079, -124.119037283
48.490079, -124.119037283
48.499079, -124.119037283
48.508079, -124.119037283
48.517079, -124.119037283
48.526079, -124.119037283
48.535079, -124.119037283
48.544079, -124.119037283
48.553079, -124.119037283
48.562079, -124.119037283
48.571079, -124.119037283
48.580079, -124.119037283
48.589079, -124.119037283
48.598079, -124.119037283
48.607079, -124.119037283
48.616079, -124.119037283
48.625079, -124.119037283
48.634079, -124.119037283
48.643079, -124.119037283
48.652079, -124.119037283
48.661079, -124.119037283
48.670079, -124.119037283
48.679079, -124.119037283
48.688079, -124.119037283
48.697079, -124.119037283
48.706079, -124.119037283
48.715079, -124.119037283
48.724079, -124.119037283
48.733079, -124.119037283
48.742079, -124.119037283
48.751079, -124.119037283
48.760079, -124.119037283
48.769079, -124.119037283
48.778079, -124.119037283
48.787079, -124.119037283
48.796079, -124.119037283
48.805079, -124.119037283
48.814079, -124.119037283
48.823079, -124.119037283
48.832079, -124.119037283
48.841079, -124.119037283
48.850079, -124.119037283
48.859079, -124.119037283
48.868079, -124.119037283
48.877079, -124.119037283
48.886079, -124.119037283
48.895079, -124.119037283
48.904079, -124.119037283
48.913079, -124.119037283
48.922079, -124.119037283
48.931079, -124.119037283
48.940079, -124.119037283
48.949079, -124.119037283
46.213079, -124.105330524
46.222079, -124.105330524
46.231079, -124.105330524
46.240079, -124.105330524
46.249079, -124.105330524
46.258079, -124.105330524
46.267079, -124.105330524
46.276079, -124.105330524
46.285079, -124.105330524
46.294079, -124.105330524
46.303079, -124.105330524
46.312079, -124.105330524
46.321079, -124.105330524
46.330079, -124.105330524
46.339079, -124.105330524
46.348079, -124.105330524
46.357079, -124.105330524
46.366079, -124.105330524
46.375079, -124.105330524
46.384079, -124.105330524
46.393079, -124.105330524
46.402079, -124.105330524
46.411079, -124.105330524
46.420079, -124.105330524
46.429079, -124.105330524
46.438079, -124.105330524
46.447079, -124.105330524
46.456079, -124.105330524
46.465079, -124.105330524
46.474079, -124.105330524
46.483079, -124.105330524
46.492079, -124.105330524
46.501079, -124.105330524
46.510079, -124.105330524
46.519079, -124.105330524
46.528079, -124.105330524
46.537079, -124.105330524
46.546079, -124.105330524
46.555079, -124.105330524
46.564079, -124.105330524
46.573079, -124.105330524
46.582079, -124.105330524
46.591079, -124.105330524
46.600079, -124.105330524
46.609079, -124.105330524
46.618079, -124.105330524
46.627079, -124.105330524
46.636079, -124.105330524
46.645079, -124.105330524
46.654079, -124.105330524
46.663079, -124.105330524
46.672079, -124.105330524
46.681079, -124.105330524
46.690079, -124.105330524
46.699079, -124.105330524
46.708079, -124.105330524
46.717079, -124.105330524
46.726079, -124.105330524
46.735079, -124.105330524
46.744079, -124.105330524
46.753079, -124.105330524
46.762079, -124.105330524
46.771079, -124.105330524
46.780079, -124.105330524
46.789079, -124.105330524
46.798079, -124.105330524
46.807079, -124.105330524
46.816079, -124.105330524
46.825079, -124.105330524
46.834079, -124.105330524
46.843079, -124.105330524
46.852079, -124.105330524
46.861079, -124.105330524
46.870079, -124.105330524
46.879079, -124.105330524
46.888079, -124.105330524
46.897079, -124.105330524
46.906079, -124.105330524
46.915079, -124.105330524
46.924079, -124.105330524
46.933079, -124.105330524
46.942079, -124.105330524
46.951079, -124.105330524
46.960079, -124.105330524
46.969079, -124.105330524
46.978079, -124.105330524
46.987079, -124.105330524
46.996079, -124.105330524
47.005079, -124.105330524
47.014079, -124.105330524
47.023079, -124.105330524
47.032079, -124.105330524
47.041079, -124.105330524
47.050079, -124.105330524
47.059079, -124.105330524
47.068079, -124.105330524
47.077079, -124.105330524
47.086079, -124.105330524
47.095079, -124.105330524
47.104079, -124.105330524
47.113079, -124.105330524
47.122079, -124.105330524
47.131079, -124.105330524
47.140079, -124.105330524
47.149079, -124.105330524
47.158079, -124.105330524
47.167079, -124.105330524
47.176079, -124.105330524
47.185079, -124.105330524
47.194079, -124.105330524
47.203079, -124.105330524
47.212079, -124.105330524
47.221079, -124.105330524
47.230079, -124.105330524
47.239079, -124.105330524
47.248079, -124.105330524
47.257079, -124.105330524
47.266079, -124.105330524
47.275079, -124.105330524
47.284079, -124.105330524
47.293079, -124.105330524
47.302079, -124.105330524
47.311079, -124.105330524
47.320079, -124.105330524
47.329079, -124.105330524
47.338079, -124.105330524
47.347079, -124.105330524
47.356079, -124.105330524
47.365079, -124.105330524
47.374079, -124.105330524
47.383079, -124.105330524
47.392079, -124.105330524
47.401079, -124.105330524
47.410079, -124.105330524
47.419079, -124.105330524
47.428079, -124.105330524
47.437079, -124.105330524
47.446079, -124.105330524
47.455079, -124.105330524
47.464079, -124.105330524
47.473079, -124.105330524
47.482079, -124.105330524
47.491079, -124.105330524
47.500079, -124.105330524
47.509079, -124.105330524
47.518079, -124.105330524
47.527079, -124.105330524
47.536079, -124.105330524
47.545079, -124.105330524
47.554079, -124.105330524
47.563079, -124.105330524
47.572079, -124.105330524
47.581079, -124.105330524
47.590079, -124.105330524
47.599079, -124.105330524
47.608079, -124.105330524
47.617079, -124.105330524
47.626079, -124.105330524
47.635079, -124.105330524
47.644079, -124.105330524
47.653079, -124.105330524
47.662079, -124.105330524
47.671079, -124.105330524
47.680079, -124.105330524
47.689079, -124.105330524
47.698079, -124.105330524
47.707079, -124.105330524
47.716079, -124.105330524
47.725079, -124.105330524
47.734079, -124.105330524
47.743079, -124.105330524
47.752079, -124.105330524
47.761079, -124.105330524
47.770079, -124.105330524
47.779079, -124.105330524
47.788079, -124.105330524
47.797079, -124.105330524
47.806079, -124.105330524
47.815079, -124.105330524
47.824079, -124.105330524
47.833079, -124.105330524
47.842079, -124.105330524
47.851079, -124.105330524
47.860079, -124.105330524
47.869079, -124.105330524
47.878079, -124.105330524
47.887079, -124.105330524
47.896079, -124.105330524
47.905079, -124.105330524
47.914079, -124.105330524
47.923079, -124.105330524
47.932079, -124.105330524
47.941079, -124.105330524
47.950079, -124.105330524
47.959079, -124.105330524
47.968079, -124.105330524
47.977079, -124.105330524
47.986079, -124.105330524
47.995079, -124.105330524
48.004079, -124.105330524
48.013079, -124.105330524
48.022079, -124.105330524
48.031079, -124.105330524
48.040079, -124.105330524
48.049079, -124.105330524
48.058079, -124.105330524
48.067079, -124.105330524
48.076079, -124.105330524
48.085079, -124.105330524
48.094079, -124.105330524
48.103079, -124.105330524
48.112079, -124.105330524
48.121079, -124.105330524
48.130079, -124.105330524
48.139079, -124.105330524
48.148079, -124.105330524
48.157079, -124.105330524
48.166079, -124.105330524
48.175079, -124.105330524
48.184079, -124.105330524
48.193079, -124.105330524
48.202079, -124.105330524
48.211079, -124.105330524
48.220079, -124.105330524
48.229079, -124.105330524
48.238079, -124.105330524
48.247079, -124.105330524
48.256079, -124.105330524
48.265079, -124.105330524
48.274079, -124.105330524
48.283079, -124.105330524
48.292079, -124.105330524
48.301079, -124.105330524
48.310079, -124.105330524
48.319079, -124.105330524
48.328079, -124.105330524
48.337079, -124.105330524
48.346079, -124.105330524
48.355079, -124.105330524
48.364079, -124.105330524
48.373079, -124.105330524
48.382079, -124.105330524
48.391079, -124.105330524
48.400079, -124.105330524
48.409079, -124.105330524
48.418079, -124.105330524
48.427079, -124.105330524
48.436079, -124.105330524
48.445079, -124.105330524
48.454079, -124.105330524
48.463079, -124.105330524
48.472079, -124.105330524
48.481079, -124.105330524
48.490079, -124.105330524
48.499079, -124.105330524
48.508079, -124.105330524
48.517079, -124.105330524
48.526079, -124.105330524
48.535079, -124.105330524
48.544079, -124.105330524
48.553079, -124.105330524
48.562079, -124.105330524
48.571079, -124.105330524
48.580079, -124.105330524
48.589079, -124.105330524
48.598079, -124.105330524
48.607079, -124.105330524
48.616079, -124.105330524
48.625079, -124.105330524
48.634079, -124.105330524
48.643079, -124.105330524
48.652079, -124.105330524
48.661079, -124.105330524
48.670079, -124.105330524
48.679079, -124.105330524
48.688079, -124.105330524
48.697079, -124.105330524
48.706079, -124.105330524
48.715079, -124.105330524
48.724079, -124.105330524
48.733079, -124.105330524
48.742079, -124.105330524
48.751079, -124.105330524
48.760079, -124.105330524
48.769079, -124.105330524
48.778079, -124.105330524
48.787079, -124.105330524
48.796079, -124.105330524
48.805079, -124.105330524
48.814079, -124.105330524
48.823079, -124.105330524
48.832079, -124.105330524
48.841079, -124.105330524
48.850079, -124.105330524
48.859079, -124.105330524
48.868079, -124.105330524
48.877079, -124.105330524
48.886079, -124.105330524
48.895079, -124.105330524
48.904079, -124.105330524
48.913079, -124.105330524
48.922079, -124.105330524
48.931079, -124.105330524
48.940079, -124.105330524
48.949079, -124.105330524
46.213079, -124.091623766
46.222079, -124.091623766
46.231079, -124.091623766
46.240079, -124.091623766
46.249079, -124.091623766
46.258079, -124.091623766
46.267079, -124.091623766
46.276079, -124.091623766
46.285079, -124.091623766
46.294079, -124.091623766
46.303079, -124.091623766
46.312079, -124.091623766
46.321079, -124.091623766
46.330079, -124.091623766
46.339079, -124.091623766
46.348079, -124.091623766
46.357079, -124.091623766
46.366079, -124.091623766
46.375079, -124.091623766
46.384079, -124.091623766
46.393079, -124.091623766
46.402079, -124.091623766
46.411079, -124.091623766
46.420079, -124.091623766
46.429079, -124.091623766
46.438079, -124.091623766
46.447079, -124.091623766
46.456079, -124.091623766
46.465079, -124.091623766
46.474079, -124.091623766
46.483079, -124.091623766
46.492079, -124.091623766
46.501079, -124.091623766
46.510079, -124.091623766
46.519079, -124.091623766
46.528079, -124.091623766
46.537079, -124.091623766
46.546079, -124.091623766
46.555079, -124.091623766
46.564079, -124.091623766
46.573079, -124.091623766
46.582079, -124.091623766
46.591079, -124.091623766
46.600079, -124.091623766
46.609079, -124.091623766
46.618079, -124.091623766
46.627079, -124.091623766
46.636079, -124.091623766
46.645079, -124.091623766
46.654079, -124.091623766
46.663079, -124.091623766
46.672079, -124.091623766
46.681079, -124.091623766
46.690079, -124.091623766
46.699079, -124.091623766
46.708079, -124.091623766
46.717079, -124.091623766
46.726079, -124.091623766
46.735079, -124.091623766
46.744079, -124.091623766
46.753079, -124.091623766
46.762079, -124.091623766
46.771079, -124.091623766
46.780079, -124.091623766
46.789079, -124.091623766
46.798079, -124.091623766
46.807079, -124.091623766
46.816079, -124.091623766
46.825079, -124.091623766
46.834079, -124.091623766
46.843079, -124.091623766
46.852079, -124.091623766
46.861079, -124.091623766
46.870079, -124.091623766
46.879079, -124.091623766
46.888079, -124.091623766
46.897079, -124.091623766
46.906079, -124.091623766
46.915079, -124.091623766
46.924079, -124.091623766
46.933079, -124.091623766
46.942079, -124.091623766
46.951079, -124.091623766
46.960079, -124.091623766
46.969079, -124.091623766
46.978079, -124.091623766
46.987079, -124.091623766
46.996079, -124.091623766
47.005079, -124.091623766
47.014079, -124.091623766
47.023079, -124.091623766
47.032079, -124.091623766
47.041079, -124.091623766
47.050079, -124.091623766
47.059079, -124.091623766
47.068079, -124.091623766
47.077079, -124.091623766
47.086079, -124.091623766
47.095079, -124.091623766
47.104079, -124.091623766
47.113079, -124.091623766
47.122079, -124.091623766
47.131079, -124.091623766
47.140079, -124.091623766
47.149079, -124.091623766
47.158079, -124.091623766
47.167079, -124.091623766
47.176079, -124.091623766
47.185079, -124.091623766
47.194079, -124.091623766
47.203079, -124.091623766
47.212079, -124.091623766
47.221079, -124.091623766
47.230079, -124.091623766
47.239079, -124.091623766
47.248079, -124.091623766
47.257079, -124.091623766
47.266079, -124.091623766
47.275079, -124.091623766
47.284079, -124.091623766
47.293079, -124.091623766
47.302079, -124.091623766
47.311079, -124.091623766
47.320079, -124.091623766
47.329079, -124.091623766
47.338079, -124.091623766
47.347079, -124.091623766
47.356079, -124.091623766
47.365079, -124.091623766
47.374079, -124.091623766
47.383079, -124.091623766
47.392079, -124.091623766
47.401079, -124.091623766
47.410079, -124.091623766
47.419079, -124.091623766
47.428079, -124.091623766
47.437079, -124.091623766
47.446079, -124.091623766
47.455079, -124.091623766
47.464079, -124.091623766
47.473079, -124.091623766
47.482079, -124.091623766
47.491079, -124.091623766
47.500079, -124.091623766
47.509079, -124.091623766
47.518079, -124.091623766
47.527079, -124.091623766
47.536079, -124.091623766
47.545079, -124.091623766
47.554079, -124.091623766
47.563079, -124.091623766
47.572079, -124.091623766
47.581079, -124.091623766
47.590079, -124.091623766
47.599079, -124.091623766
47.608079, -124.091623766
47.617079, -124.091623766
47.626079, -124.091623766
47.635079, -124.091623766
47.644079, -124.091623766
47.653079, -124.091623766
47.662079, -124.091623766
47.671079, -124.091623766
47.680079, -124.091623766
47.689079, -124.091623766
47.698079, -124.091623766
47.707079, -124.091623766
47.716079, -124.091623766
47.725079, -124.091623766
47.734079, -124.091623766
47.743079, -124.091623766
47.752079, -124.091623766
47.761079, -124.091623766
47.770079, -124.091623766
47.779079, -124.091623766
47.788079, -124.091623766
47.797079, -124.091623766
47.806079, -124.091623766
47.815079, -124.091623766
47.824079, -124.091623766
47.833079, -124.091623766
47.842079, -124.091623766
47.851079, -124.091623766
47.860079, -124.091623766
47.869079, -124.091623766
47.878079, -124.091623766
47.887079, -124.091623766
47.896079, -124.091623766
47.905079, -124.091623766
47.914079, -124.091623766
47.923079, -124.091623766
47.932079, -124.091623766
47.941079, -124.091623766
47.950079, -124.091623766
47.959079, -124.091623766
47.968079, -124.091623766
47.977079, -124.091623766
47.986079, -124.091623766
47.995079, -124.091623766
48.004079, -124.091623766
48.013079, -124.091623766
48.022079, -124.091623766
48.031079, -124.091623766
48.040079, -124.091623766
48.049079, -124.091623766
48.058079, -124.091623766
48.067079, -124.091623766
48.076079, -124.091623766
48.085079, -124.091623766
48.094079, -124.091623766
48.103079, -124.091623766
48.112079, -124.091623766
48.121079, -124.091623766
48.130079, -124.091623766
48.139079, -124.091623766
48.148079, -124.091623766
48.157079, -124.091623766
48.166079, -124.091623766
48.175079, -124.091623766
48.184079, -124.091623766
48.193079, -124.091623766
48.202079, -124.091623766
48.211079, -124.091623766
48.220079, -124.091623766
48.229079, -124.091623766
48.238079, -124.091623766
48.247079, -124.091623766
48.256079, -124.091623766
48.265079, -124.091623766
48.274079, -124.091623766
48.283079, -124.091623766
48.292079, -124.091623766
48.301079, -124.091623766
48.310079, -124.091623766
48.319079, -124.091623766
48.328079, -124.091623766
48.337079, -124.091623766
48.346079, -124.091623766
48.355079, -124.091623766
48.364079, -124.091623766
48.373079, -124.091623766
48.382079, -124.091623766
48.391079, -124.091623766
48.400079, -124.091623766
48.409079, -124.091623766
48.418079, -124.091623766
48.427079, -124.091623766
48.436079, -124.091623766
48.445079, -124.091623766
48.454079, -124.091623766
48.463079, -124.091623766
48.472079, -124.091623766
48.481079, -124.091623766
48.490079, -124.091623766
48.499079, -124.091623766
48.508079, -124.091623766
48.517079, -124.091623766
48.526079, -124.091623766
48.535079, -124.091623766
48.544079, -124.091623766
48.553079, -124.091623766
48.562079, -124.091623766
48.571079, -124.091623766
48.580079, -124.091623766
48.589079, -124.091623766
48.598079, -124.091623766
48.607079, -124.091623766
48.616079, -124.091623766
48.625079, -124.091623766
48.634079, -124.091623766
48.643079, -124.091623766
48.652079, -124.091623766
48.661079, -124.091623766
48.670079, -124.091623766
48.679079, -124.091623766
48.688079, -124.091623766
48.697079, -124.091623766
48.706079, -124.091623766
48.715079, -124.091623766
48.724079, -124.091623766
48.733079, -124.091623766
48.742079, -124.091623766
48.751079, -124.091623766
48.760079, -124.091623766
48.769079, -124.091623766
48.778079, -124.091623766
48.787079, -124.091623766
48.796079, -124.091623766
48.805079, -124.091623766
48.814079, -124.091623766
48.823079, -124.091623766
48.832079, -124.091623766
48.841079, -124.091623766
48.850079, -124.091623766
48.859079, -124.091623766
48.868079, -124.091623766
48.877079, -124.091623766
48.886079, -124.091623766
48.895079, -124.091623766
48.904079, -124.091623766
48.913079, -124.091623766
48.922079, -124.091623766
48.931079, -124.091623766
48.940079, -124.091623766
48.949079, -124.091623766
46.213079, -124.077917007
46.222079, -124.077917007
46.231079, -124.077917007
46.240079, -124.077917007
46.249079, -124.077917007
46.258079, -124.077917007
46.267079, -124.077917007
46.276079, -124.077917007
46.285079, -124.077917007
46.294079, -124.077917007
46.303079, -124.077917007
46.312079, -124.077917007
46.321079, -124.077917007
46.330079, -124.077917007
46.339079, -124.077917007
46.348079, -124.077917007
46.357079, -124.077917007
46.366079, -124.077917007
46.375079, -124.077917007
46.384079, -124.077917007
46.393079, -124.077917007
46.402079, -124.077917007
46.411079, -124.077917007
46.420079, -124.077917007
46.429079, -124.077917007
46.438079, -124.077917007
46.447079, -124.077917007
46.456079, -124.077917007
46.465079, -124.077917007
46.474079, -124.077917007
46.483079, -124.077917007
46.492079, -124.077917007
46.501079, -124.077917007
46.510079, -124.077917007
46.519079, -124.077917007
46.528079, -124.077917007
46.537079, -124.077917007
46.546079, -124.077917007
46.555079, -124.077917007
46.564079, -124.077917007
46.573079, -124.077917007
46.582079, -124.077917007
46.591079, -124.077917007
46.600079, -124.077917007
46.609079, -124.077917007
46.618079, -124.077917007
46.627079, -124.077917007
46.636079, -124.077917007
46.645079, -124.077917007
46.654079, -124.077917007
46.663079, -124.077917007
46.672079, -124.077917007
46.681079, -124.077917007
46.690079, -124.077917007
46.699079, -124.077917007
46.708079, -124.077917007
46.717079, -124.077917007
46.726079, -124.077917007
46.735079, -124.077917007
46.744079, -124.077917007
46.753079, -124.077917007
46.762079, -124.077917007
46.771079, -124.077917007
46.780079, -124.077917007
46.789079, -124.077917007
46.798079, -124.077917007
46.807079, -124.077917007
46.816079, -124.077917007
46.825079, -124.077917007
46.834079, -124.077917007
46.843079, -124.077917007
46.852079, -124.077917007
46.861079, -124.077917007
46.870079, -124.077917007
46.879079, -124.077917007
46.888079, -124.077917007
46.897079, -124.077917007
46.906079, -124.077917007
46.915079, -124.077917007
46.924079, -124.077917007
46.933079, -124.077917007
46.942079, -124.077917007
46.951079, -124.077917007
46.960079, -124.077917007
46.969079, -124.077917007
46.978079, -124.077917007
46.987079, -124.077917007
46.996079, -124.077917007
47.005079, -124.077917007
47.014079, -124.077917007
47.023079, -124.077917007
47.032079, -124.077917007
47.041079, -124.077917007
47.050079, -124.077917007
47.059079, -124.077917007
47.068079, -124.077917007
47.077079, -124.077917007
47.086079, -124.077917007
47.095079, -124.077917007
47.104079, -124.077917007
47.113079, -124.077917007
47.122079, -124.077917007
47.131079, -124.077917007
47.140079, -124.077917007
47.149079, -124.077917007
47.158079, -124.077917007
47.167079, -124.077917007
47.176079, -124.077917007
47.185079, -124.077917007
47.194079, -124.077917007
47.203079, -124.077917007
47.212079, -124.077917007
47.221079, -124.077917007
47.230079, -124.077917007
47.239079, -124.077917007
47.248079, -124.077917007
47.257079, -124.077917007
47.266079, -124.077917007
47.275079, -124.077917007
47.284079, -124.077917007
47.293079, -124.077917007
47.302079, -124.077917007
47.311079, -124.077917007
47.320079, -124.077917007
47.329079, -124.077917007
47.338079, -124.077917007
47.347079, -124.077917007
47.356079, -124.077917007
47.365079, -124.077917007
47.374079, -124.077917007
47.383079, -124.077917007
47.392079, -124.077917007
47.401079, -124.077917007
47.410079, -124.077917007
47.419079, -124.077917007
47.428079, -124.077917007
47.437079, -124.077917007
47.446079, -124.077917007
47.455079, -124.077917007
47.464079, -124.077917007
47.473079, -124.077917007
47.482079, -124.077917007
47.491079, -124.077917007
47.500079, -124.077917007
47.509079, -124.077917007
47.518079, -124.077917007
47.527079, -124.077917007
47.536079, -124.077917007
47.545079, -124.077917007
47.554079, -124.077917007
47.563079, -124.077917007
47.572079, -124.077917007
47.581079, -124.077917007
47.590079, -124.077917007
47.599079, -124.077917007
47.608079, -124.077917007
47.617079, -124.077917007
47.626079, -124.077917007
47.635079, -124.077917007
47.644079, -124.077917007
47.653079, -124.077917007
47.662079, -124.077917007
47.671079, -124.077917007
47.680079, -124.077917007
47.689079, -124.077917007
47.698079, -124.077917007
47.707079, -124.077917007
47.716079, -124.077917007
47.725079, -124.077917007
47.734079, -124.077917007
47.743079, -124.077917007
47.752079, -124.077917007
47.761079, -124.077917007
47.770079, -124.077917007
47.779079, -124.077917007
47.788079, -124.077917007
47.797079, -124.077917007
47.806079, -124.077917007
47.815079, -124.077917007
47.824079, -124.077917007
47.833079, -124.077917007
47.842079, -124.077917007
47.851079, -124.077917007
47.860079, -124.077917007
47.869079, -124.077917007
47.878079, -124.077917007
47.887079, -124.077917007
47.896079, -124.077917007
47.905079, -124.077917007
47.914079, -124.077917007
47.923079, -124.077917007
47.932079, -124.077917007
47.941079, -124.077917007
47.950079, -124.077917007
47.959079, -124.077917007
47.968079, -124.077917007
47.977079, -124.077917007
47.986079, -124.077917007
47.995079, -124.077917007
48.004079, -124.077917007
48.013079, -124.077917007
48.022079, -124.077917007
48.031079, -124.077917007
48.040079, -124.077917007
48.049079, -124.077917007
48.058079, -124.077917007
48.067079, -124.077917007
48.076079, -124.077917007
48.085079, -124.077917007
48.094079, -124.077917007
48.103079, -124.077917007
48.112079, -124.077917007
48.121079, -124.077917007
48.130079, -124.077917007
48.139079, -124.077917007
48.148079, -124.077917007
48.157079, -124.077917007
48.166079, -124.077917007
48.175079, -124.077917007
48.184079, -124.077917007
48.193079, -124.077917007
48.202079, -124.077917007
48.211079, -124.077917007
48.220079, -124.077917007
48.229079, -124.077917007
48.238079, -124.077917007
48.247079, -124.077917007
48.256079, -124.077917007
48.265079, -124.077917007
48.274079, -124.077917007
48.283079, -124.077917007
48.292079, -124.077917007
48.301079, -124.077917007
48.310079, -124.077917007
48.319079, -124.077917007
48.328079, -124.077917007
48.337079, -124.077917007
48.346079, -124.077917007
48.355079, -124.077917007
48.364079, -124.077917007
48.373079, -124.077917007
48.382079, -124.077917007
48.391079, -124.077917007
48.400079, -124.077917007
48.409079, -124.077917007
48.418079, -124.077917007
48.427079, -124.077917007
48.436079, -124.077917007
48.445079, -124.077917007
48.454079, -124.077917007
48.463079, -124.077917007
48.472079, -124.077917007
48.481079, -124.077917007
48.490079, -124.077917007
48.499079, -124.077917007
48.508079, -124.077917007
48.517079, -124.077917007
48.526079, -124.077917007
48.535079, -124.077917007
48.544079, -124.077917007
48.553079, -124.077917007
48.562079, -124.077917007
48.571079, -124.077917007
48.580079, -124.077917007
48.589079, -124.077917007
48.598079, -124.077917007
48.607079, -124.077917007
48.616079, -124.077917007
48.625079, -124.077917007
48.634079, -124.077917007
48.643079, -124.077917007
48.652079, -124.077917007
48.661079, -124.077917007
48.670079, -124.077917007
48.679079, -124.077917007
48.688079, -124.077917007
48.697079, -124.077917007
48.706079, -124.077917007
48.715079, -124.077917007
48.724079, -124.077917007
48.733079, -124.077917007
48.742079, -124.077917007
48.751079, -124.077917007
48.760079, -124.077917007
48.769079, -124.077917007
48.778079, -124.077917007
48.787079, -124.077917007
48.796079, -124.077917007
48.805079, -124.077917007
48.814079, -124.077917007
48.823079, -124.077917007
48.832079, -124.077917007
48.841079, -124.077917007
48.850079, -124.077917007
48.859079, -124.077917007
48.868079, -124.077917007
48.877079, -124.077917007
48.886079, -124.077917007
48.895079, -124.077917007
48.904079, -124.077917007
48.913079, -124.077917007
48.922079, -124.077917007
48.931079, -124.077917007
48.940079, -124.077917007
48.949079, -124.077917007
46.213079, -124.064210249
46.222079, -124.064210249
46.231079, -124.064210249
46.240079, -124.064210249
46.249079, -124.064210249
46.258079, -124.064210249
46.267079, -124.064210249
46.276079, -124.064210249
46.285079, -124.064210249
46.294079, -124.064210249
46.303079, -124.064210249
46.312079, -124.064210249
46.321079, -124.064210249
46.330079, -124.064210249
46.339079, -124.064210249
46.348079, -124.064210249
46.357079, -124.064210249
46.366079, -124.064210249
46.375079, -124.064210249
46.384079, -124.064210249
46.393079, -124.064210249
46.402079, -124.064210249
46.411079, -124.064210249
46.420079, -124.064210249
46.429079, -124.064210249
46.438079, -124.064210249
46.447079, -124.064210249
46.456079, -124.064210249
46.465079, -124.064210249
46.474079, -124.064210249
46.483079, -124.064210249
46.492079, -124.064210249
46.501079, -124.064210249
46.510079, -124.064210249
46.519079, -124.064210249
46.528079, -124.064210249
46.537079, -124.064210249
46.546079, -124.064210249
46.555079, -124.064210249
46.564079, -124.064210249
46.573079, -124.064210249
46.582079, -124.064210249
46.591079, -124.064210249
46.600079, -124.064210249
46.609079, -124.064210249
46.618079, -124.064210249
46.627079, -124.064210249
46.636079, -124.064210249
46.645079, -124.064210249
46.654079, -124.064210249
46.663079, -124.064210249
46.672079, -124.064210249
46.681079, -124.064210249
46.690079, -124.064210249
46.699079, -124.064210249
46.708079, -124.064210249
46.717079, -124.064210249
46.726079, -124.064210249
46.735079, -124.064210249
46.744079, -124.064210249
46.753079, -124.064210249
46.762079, -124.064210249
46.771079, -124.064210249
46.780079, -124.064210249
46.789079, -124.064210249
46.798079, -124.064210249
46.807079, -124.064210249
46.816079, -124.064210249
46.825079, -124.064210249
46.834079, -124.064210249
46.843079, -124.064210249
46.852079, -124.064210249
46.861079, -124.064210249
46.870079, -124.064210249
46.879079, -124.064210249
46.888079, -124.064210249
46.897079, -124.064210249
46.906079, -124.064210249
46.915079, -124.064210249
46.924079, -124.064210249
46.933079, -124.064210249
46.942079, -124.064210249
46.951079, -124.064210249
46.960079, -124.064210249
46.969079, -124.064210249
46.978079, -124.064210249
46.987079, -124.064210249
46.996079, -124.064210249
47.005079, -124.064210249
47.014079, -124.064210249
47.023079, -124.064210249
47.032079, -124.064210249
47.041079, -124.064210249
47.050079, -124.064210249
47.059079, -124.064210249
47.068079, -124.064210249
47.077079, -124.064210249
47.086079, -124.064210249
47.095079, -124.064210249
47.104079, -124.064210249
47.113079, -124.064210249
47.122079, -124.064210249
47.131079, -124.064210249
47.140079, -124.064210249
47.149079, -124.064210249
47.158079, -124.064210249
47.167079, -124.064210249
47.176079, -124.064210249
47.185079, -124.064210249
47.194079, -124.064210249
47.203079, -124.064210249
47.212079, -124.064210249
47.221079, -124.064210249
47.230079, -124.064210249
47.239079, -124.064210249
47.248079, -124.064210249
47.257079, -124.064210249
47.266079, -124.064210249
47.275079, -124.064210249
47.284079, -124.064210249
47.293079, -124.064210249
47.302079, -124.064210249
47.311079, -124.064210249
47.320079, -124.064210249
47.329079, -124.064210249
47.338079, -124.064210249
47.347079, -124.064210249
47.356079, -124.064210249
47.365079, -124.064210249
47.374079, -124.064210249
47.383079, -124.064210249
47.392079, -124.064210249
47.401079, -124.064210249
47.410079, -124.064210249
47.419079, -124.064210249
47.428079, -124.064210249
47.437079, -124.064210249
47.446079, -124.064210249
47.455079, -124.064210249
47.464079, -124.064210249
47.473079, -124.064210249
47.482079, -124.064210249
47.491079, -124.064210249
47.500079, -124.064210249
47.509079, -124.064210249
47.518079, -124.064210249
47.527079, -124.064210249
47.536079, -124.064210249
47.545079, -124.064210249
47.554079, -124.064210249
47.563079, -124.064210249
47.572079, -124.064210249
47.581079, -124.064210249
47.590079, -124.064210249
47.599079, -124.064210249
47.608079, -124.064210249
47.617079, -124.064210249
47.626079, -124.064210249
47.635079, -124.064210249
47.644079, -124.064210249
47.653079, -124.064210249
47.662079, -124.064210249
47.671079, -124.064210249
47.680079, -124.064210249
47.689079, -124.064210249
47.698079, -124.064210249
47.707079, -124.064210249
47.716079, -124.064210249
47.725079, -124.064210249
47.734079, -124.064210249
47.743079, -124.064210249
47.752079, -124.064210249
47.761079, -124.064210249
47.770079, -124.064210249
47.779079, -124.064210249
47.788079, -124.064210249
47.797079, -124.064210249
47.806079, -124.064210249
47.815079, -124.064210249
47.824079, -124.064210249
47.833079, -124.064210249
47.842079, -124.064210249
47.851079, -124.064210249
47.860079, -124.064210249
47.869079, -124.064210249
47.878079, -124.064210249
47.887079, -124.064210249
47.896079, -124.064210249
47.905079, -124.064210249
47.914079, -124.064210249
47.923079, -124.064210249
47.932079, -124.064210249
47.941079, -124.064210249
47.950079, -124.064210249
47.959079, -124.064210249
47.968079, -124.064210249
47.977079, -124.064210249
47.986079, -124.064210249
47.995079, -124.064210249
48.004079, -124.064210249
48.013079, -124.064210249
48.022079, -124.064210249
48.031079, -124.064210249
48.040079, -124.064210249
48.049079, -124.064210249
48.058079, -124.064210249
48.067079, -124.064210249
48.076079, -124.064210249
48.085079, -124.064210249
48.094079, -124.064210249
48.103079, -124.064210249
48.112079, -124.064210249
48.121079, -124.064210249
48.130079, -124.064210249
48.139079, -124.064210249
48.148079, -124.064210249
48.157079, -124.064210249
48.166079, -124.064210249
48.175079, -124.064210249
48.184079, -124.064210249
48.193079, -124.064210249
48.202079, -124.064210249
48.211079, -124.064210249
48.220079, -124.064210249
48.229079, -124.064210249
48.238079, -124.064210249
48.247079, -124.064210249
48.256079, -124.064210249
48.265079, -124.064210249
48.274079, -124.064210249
48.283079, -124.064210249
48.292079, -124.064210249
48.301079, -124.064210249
48.310079, -124.064210249
48.319079, -124.064210249
48.328079, -124.064210249
48.337079, -124.064210249
48.346079, -124.064210249
48.355079, -124.064210249
48.364079, -124.064210249
48.373079, -124.064210249
48.382079, -124.064210249
48.391079, -124.064210249
48.400079, -124.064210249
48.409079, -124.064210249
48.418079, -124.064210249
48.427079, -124.064210249
48.436079, -124.064210249
48.445079, -124.064210249
48.454079, -124.064210249
48.463079, -124.064210249
48.472079, -124.064210249
48.481079, -124.064210249
48.490079, -124.064210249
48.499079, -124.064210249
48.508079, -124.064210249
48.517079, -124.064210249
48.526079, -124.064210249
48.535079, -124.064210249
48.544079, -124.064210249
48.553079, -124.064210249
48.562079, -124.064210249
48.571079, -124.064210249
48.580079, -124.064210249
48.589079, -124.064210249
48.598079, -124.064210249
48.607079, -124.064210249
48.616079, -124.064210249
48.625079, -124.064210249
48.634079, -124.064210249
48.643079, -124.064210249
48.652079, -124.064210249
48.661079, -124.064210249
48.670079, -124.064210249
48.679079, -124.064210249
48.688079, -124.064210249
48.697079, -124.064210249
48.706079, -124.064210249
48.715079, -124.064210249
48.724079, -124.064210249
48.733079, -124.064210249
48.742079, -124.064210249
48.751079, -124.064210249
48.760079, -124.064210249
48.769079, -124.064210249
48.778079, -124.064210249
48.787079, -124.064210249
48.796079, -124.064210249
48.805079, -124.064210249
48.814079, -124.064210249
48.823079, -124.064210249
48.832079, -124.064210249
48.841079, -124.064210249
48.850079, -124.064210249
48.859079, -124.064210249
48.868079, -124.064210249
48.877079, -124.064210249
48.886079, -124.064210249
48.895079, -124.064210249
48.904079, -124.064210249
48.913079, -124.064210249
48.922079, -124.064210249
48.931079, -124.064210249
48.940079, -124.064210249
48.949079, -124.064210249
46.213079, -124.05050349
46.222079, -124.05050349
46.231079, -124.05050349
46.240079, -124.05050349
46.249079, -124.05050349
46.258079, -124.05050349
46.267079, -124.05050349
46.276079, -124.05050349
46.285079, -124.05050349
46.294079, -124.05050349
46.303079, -124.05050349
46.312079, -124.05050349
46.321079, -124.05050349
46.330079, -124.05050349
46.339079, -124.05050349
46.348079, -124.05050349
46.357079, -124.05050349
46.366079, -124.05050349
46.375079, -124.05050349
46.384079, -124.05050349
46.393079, -124.05050349
46.402079, -124.05050349
46.411079, -124.05050349
46.420079, -124.05050349
46.429079, -124.05050349
46.438079, -124.05050349
46.447079, -124.05050349
46.456079, -124.05050349
46.465079, -124.05050349
46.474079, -124.05050349
46.483079, -124.05050349
46.492079, -124.05050349
46.501079, -124.05050349
46.510079, -124.05050349
46.519079, -124.05050349
46.528079, -124.05050349
46.537079, -124.05050349
46.546079, -124.05050349
46.555079, -124.05050349
46.564079, -124.05050349
46.573079, -124.05050349
46.582079, -124.05050349
46.591079, -124.05050349
46.600079, -124.05050349
46.609079, -124.05050349
46.618079, -124.05050349
46.627079, -124.05050349
46.636079, -124.05050349
46.645079, -124.05050349
46.654079, -124.05050349
46.663079, -124.05050349
46.672079, -124.05050349
46.681079, -124.05050349
46.690079, -124.05050349
46.699079, -124.05050349
46.708079, -124.05050349
46.717079, -124.05050349
46.726079, -124.05050349
46.735079, -124.05050349
46.744079, -124.05050349
46.753079, -124.05050349
46.762079, -124.05050349
46.771079, -124.05050349
46.780079, -124.05050349
46.789079, -124.05050349
46.798079, -124.05050349
46.807079, -124.05050349
46.816079, -124.05050349
46.825079, -124.05050349
46.834079, -124.05050349
46.843079, -124.05050349
46.852079, -124.05050349
46.861079, -124.05050349
46.870079, -124.05050349
46.879079, -124.05050349
46.888079, -124.05050349
46.897079, -124.05050349
46.906079, -124.05050349
46.915079, -124.05050349
46.924079, -124.05050349
46.933079, -124.05050349
46.942079, -124.05050349
46.951079, -124.05050349
46.960079, -124.05050349
46.969079, -124.05050349
46.978079, -124.05050349
46.987079, -124.05050349
46.996079, -124.05050349
47.005079, -124.05050349
47.014079, -124.05050349
47.023079, -124.05050349
47.032079, -124.05050349
47.041079, -124.05050349
47.050079, -124.05050349
47.059079, -124.05050349
47.068079, -124.05050349
47.077079, -124.05050349
47.086079, -124.05050349
47.095079, -124.05050349
47.104079, -124.05050349
47.113079, -124.05050349
47.122079, -124.05050349
47.131079, -124.05050349
47.140079, -124.05050349
47.149079, -124.05050349
47.158079, -124.05050349
47.167079, -124.05050349
47.176079, -124.05050349
47.185079, -124.05050349
47.194079, -124.05050349
47.203079, -124.05050349
47.212079, -124.05050349
47.221079, -124.05050349
47.230079, -124.05050349
47.239079, -124.05050349
47.248079, -124.05050349
47.257079, -124.05050349
47.266079, -124.05050349
47.275079, -124.05050349
47.284079, -124.05050349
47.293079, -124.05050349
47.302079, -124.05050349
47.311079, -124.05050349
47.320079, -124.05050349
47.329079, -124.05050349
47.338079, -124.05050349
47.347079, -124.05050349
47.356079, -124.05050349
47.365079, -124.05050349
47.374079, -124.05050349
47.383079, -124.05050349
47.392079, -124.05050349
47.401079, -124.05050349
47.410079, -124.05050349
47.419079, -124.05050349
47.428079, -124.05050349
47.437079, -124.05050349
47.446079, -124.05050349
47.455079, -124.05050349
47.464079, -124.05050349
47.473079, -124.05050349
47.482079, -124.05050349
47.491079, -124.05050349
47.500079, -124.05050349
47.509079, -124.05050349
47.518079, -124.05050349
47.527079, -124.05050349
47.536079, -124.05050349
47.545079, -124.05050349
47.554079, -124.05050349
47.563079, -124.05050349
47.572079, -124.05050349
47.581079, -124.05050349
47.590079, -124.05050349
47.599079, -124.05050349
47.608079, -124.05050349
47.617079, -124.05050349
47.626079, -124.05050349
47.635079, -124.05050349
47.644079, -124.05050349
47.653079, -124.05050349
47.662079, -124.05050349
47.671079, -124.05050349
47.680079, -124.05050349
47.689079, -124.05050349
47.698079, -124.05050349
47.707079, -124.05050349
47.716079, -124.05050349
47.725079, -124.05050349
47.734079, -124.05050349
47.743079, -124.05050349
47.752079, -124.05050349
47.761079, -124.05050349
47.770079, -124.05050349
47.779079, -124.05050349
47.788079, -124.05050349
47.797079, -124.05050349
47.806079, -124.05050349
47.815079, -124.05050349
47.824079, -124.05050349
47.833079, -124.05050349
47.842079, -124.05050349
47.851079, -124.05050349
47.860079, -124.05050349
47.869079, -124.05050349
47.878079, -124.05050349
47.887079, -124.05050349
47.896079, -124.05050349
47.905079, -124.05050349
47.914079, -124.05050349
47.923079, -124.05050349
47.932079, -124.05050349
47.941079, -124.05050349
47.950079, -124.05050349
47.959079, -124.05050349
47.968079, -124.05050349
47.977079, -124.05050349
47.986079, -124.05050349
47.995079, -124.05050349
48.004079, -124.05050349
48.013079, -124.05050349
48.022079, -124.05050349
48.031079, -124.05050349
48.040079, -124.05050349
48.049079, -124.05050349
48.058079, -124.05050349
48.067079, -124.05050349
48.076079, -124.05050349
48.085079, -124.05050349
48.094079, -124.05050349
48.103079, -124.05050349
48.112079, -124.05050349
48.121079, -124.05050349
48.130079, -124.05050349
48.139079, -124.05050349
48.148079, -124.05050349
48.157079, -124.05050349
48.166079, -124.05050349
48.175079, -124.05050349
48.184079, -124.05050349
48.193079, -124.05050349
48.202079, -124.05050349
48.211079, -124.05050349
48.220079, -124.05050349
48.229079, -124.05050349
48.238079, -124.05050349
48.247079, -124.05050349
48.256079, -124.05050349
48.265079, -124.05050349
48.274079, -124.05050349
48.283079, -124.05050349
48.292079, -124.05050349
48.301079, -124.05050349
48.310079, -124.05050349
48.319079, -124.05050349
48.328079, -124.05050349
48.337079, -124.05050349
48.346079, -124.05050349
48.355079, -124.05050349
48.364079, -124.05050349
48.373079, -124.05050349
48.382079, -124.05050349
48.391079, -124.05050349
48.400079, -124.05050349
48.409079, -124.05050349
48.418079, -124.05050349
48.427079, -124.05050349
48.436079, -124.05050349
48.445079, -124.05050349
48.454079, -124.05050349
48.463079, -124.05050349
48.472079, -124.05050349
48.481079, -124.05050349
48.490079, -124.05050349
48.499079, -124.05050349
48.508079, -124.05050349
48.517079, -124.05050349
48.526079, -124.05050349
48.535079, -124.05050349
48.544079, -124.05050349
48.553079, -124.05050349
48.562079, -124.05050349
48.571079, -124.05050349
48.580079, -124.05050349
48.589079, -124.05050349
48.598079, -124.05050349
48.607079, -124.05050349
48.616079, -124.05050349
48.625079, -124.05050349
48.634079, -124.05050349
48.643079, -124.05050349
48.652079, -124.05050349
48.661079, -124.05050349
48.670079, -124.05050349
48.679079, -124.05050349
48.688079, -124.05050349
48.697079, -124.05050349
48.706079, -124.05050349
48.715079, -124.05050349
48.724079, -124.05050349
48.733079, -124.05050349
48.742079, -124.05050349
48.751079, -124.05050349
48.760079, -124.05050349
48.769079, -124.05050349
48.778079, -124.05050349
48.787079, -124.05050349
48.796079, -124.05050349
48.805079, -124.05050349
48.814079, -124.05050349
48.823079, -124.05050349
48.832079, -124.05050349
48.841079, -124.05050349
48.850079, -124.05050349
48.859079, -124.05050349
48.868079, -124.05050349
48.877079, -124.05050349
48.886079, -124.05050349
48.895079, -124.05050349
48.904079, -124.05050349
48.913079, -124.05050349
48.922079, -124.05050349
48.931079, -124.05050349
48.940079, -124.05050349
48.949079, -124.05050349
46.213079, -124.036796732
46.222079, -124.036796732
46.231079, -124.036796732
46.240079, -124.036796732
46.249079, -124.036796732
46.258079, -124.036796732
46.267079, -124.036796732
46.276079, -124.036796732
46.285079, -124.036796732
46.294079, -124.036796732
46.303079, -124.036796732
46.312079, -124.036796732
46.321079, -124.036796732
46.330079, -124.036796732
46.339079, -124.036796732
46.348079, -124.036796732
46.357079, -124.036796732
46.366079, -124.036796732
46.375079, -124.036796732
46.384079, -124.036796732
46.393079, -124.036796732
46.402079, -124.036796732
46.411079, -124.036796732
46.420079, -124.036796732
46.429079, -124.036796732
46.438079, -124.036796732
46.447079, -124.036796732
46.456079, -124.036796732
46.465079, -124.036796732
46.474079, -124.036796732
46.483079, -124.036796732
46.492079, -124.036796732
46.501079, -124.036796732
46.510079, -124.036796732
46.519079, -124.036796732
46.528079, -124.036796732
46.537079, -124.036796732
46.546079, -124.036796732
46.555079, -124.036796732
46.564079, -124.036796732
46.573079, -124.036796732
46.582079, -124.036796732
46.591079, -124.036796732
46.600079, -124.036796732
46.609079, -124.036796732
46.618079, -124.036796732
46.627079, -124.036796732
46.636079, -124.036796732
46.645079, -124.036796732
46.654079, -124.036796732
46.663079, -124.036796732
46.672079, -124.036796732
46.681079, -124.036796732
46.690079, -124.036796732
46.699079, -124.036796732
46.708079, -124.036796732
46.717079, -124.036796732
46.726079, -124.036796732
46.735079, -124.036796732
46.744079, -124.036796732
46.753079, -124.036796732
46.762079, -124.036796732
46.771079, -124.036796732
46.780079, -124.036796732
46.789079, -124.036796732
46.798079, -124.036796732
46.807079, -124.036796732
46.816079, -124.036796732
46.825079, -124.036796732
46.834079, -124.036796732
46.843079, -124.036796732
46.852079, -124.036796732
46.861079, -124.036796732
46.870079, -124.036796732
46.879079, -124.036796732
46.888079, -124.036796732
46.897079, -124.036796732
46.906079, -124.036796732
46.915079, -124.036796732
46.924079, -124.036796732
46.933079, -124.036796732
46.942079, -124.036796732
46.951079, -124.036796732
46.960079, -124.036796732
46.969079, -124.036796732
46.978079, -124.036796732
46.987079, -124.036796732
46.996079, -124.036796732
47.005079, -124.036796732
47.014079, -124.036796732
47.023079, -124.036796732
47.032079, -124.036796732
47.041079, -124.036796732
47.050079, -124.036796732
47.059079, -124.036796732
47.068079, -124.036796732
47.077079, -124.036796732
47.086079, -124.036796732
47.095079, -124.036796732
47.104079, -124.036796732
47.113079, -124.036796732
47.122079, -124.036796732
47.131079, -124.036796732
47.140079, -124.036796732
47.149079, -124.036796732
47.158079, -124.036796732
47.167079, -124.036796732
47.176079, -124.036796732
47.185079, -124.036796732
47.194079, -124.036796732
47.203079, -124.036796732
47.212079, -124.036796732
47.221079, -124.036796732
47.230079, -124.036796732
47.239079, -124.036796732
47.248079, -124.036796732
47.257079, -124.036796732
47.266079, -124.036796732
47.275079, -124.036796732
47.284079, -124.036796732
47.293079, -124.036796732
47.302079, -124.036796732
47.311079, -124.036796732
47.320079, -124.036796732
47.329079, -124.036796732
47.338079, -124.036796732
47.347079, -124.036796732
47.356079, -124.036796732
47.365079, -124.036796732
47.374079, -124.036796732
47.383079, -124.036796732
47.392079, -124.036796732
47.401079, -124.036796732
47.410079, -124.036796732
47.419079, -124.036796732
47.428079, -124.036796732
47.437079, -124.036796732
47.446079, -124.036796732
47.455079, -124.036796732
47.464079, -124.036796732
47.473079, -124.036796732
47.482079, -124.036796732
47.491079, -124.036796732
47.500079, -124.036796732
47.509079, -124.036796732
47.518079, -124.036796732
47.527079, -124.036796732
47.536079, -124.036796732
47.545079, -124.036796732
47.554079, -124.036796732
47.563079, -124.036796732
47.572079, -124.036796732
47.581079, -124.036796732
47.590079, -124.036796732
47.599079, -124.036796732
47.608079, -124.036796732
47.617079, -124.036796732
47.626079, -124.036796732
47.635079, -124.036796732
47.644079, -124.036796732
47.653079, -124.036796732
47.662079, -124.036796732
47.671079, -124.036796732
47.680079, -124.036796732
47.689079, -124.036796732
47.698079, -124.036796732
47.707079, -124.036796732
47.716079, -124.036796732
47.725079, -124.036796732
47.734079, -124.036796732
47.743079, -124.036796732
47.752079, -124.036796732
47.761079, -124.036796732
47.770079, -124.036796732
47.779079, -124.036796732
47.788079, -124.036796732
47.797079, -124.036796732
47.806079, -124.036796732
47.815079, -124.036796732
47.824079, -124.036796732
47.833079, -124.036796732
47.842079, -124.036796732
47.851079, -124.036796732
47.860079, -124.036796732
47.869079, -124.036796732
47.878079, -124.036796732
47.887079, -124.036796732
47.896079, -124.036796732
47.905079, -124.036796732
47.914079, -124.036796732
47.923079, -124.036796732
47.932079, -124.036796732
47.941079, -124.036796732
47.950079, -124.036796732
47.959079, -124.036796732
47.968079, -124.036796732
47.977079, -124.036796732
47.986079, -124.036796732
47.995079, -124.036796732
48.004079, -124.036796732
48.013079, -124.036796732
48.022079, -124.036796732
48.031079, -124.036796732
48.040079, -124.036796732
48.049079, -124.036796732
48.058079, -124.036796732
48.067079, -124.036796732
48.076079, -124.036796732
48.085079, -124.036796732
48.094079, -124.036796732
48.103079, -124.036796732
48.112079, -124.036796732
48.121079, -124.036796732
48.130079, -124.036796732
48.139079, -124.036796732
48.148079, -124.036796732
48.157079, -124.036796732
48.166079, -124.036796732
48.175079, -124.036796732
48.184079, -124.036796732
48.193079, -124.036796732
48.202079, -124.036796732
48.211079, -124.036796732
48.220079, -124.036796732
48.229079, -124.036796732
48.238079, -124.036796732
48.247079, -124.036796732
48.256079, -124.036796732
48.265079, -124.036796732
48.274079, -124.036796732
48.283079, -124.036796732
48.292079, -124.036796732
48.301079, -124.036796732
48.310079, -124.036796732
48.319079, -124.036796732
48.328079, -124.036796732
48.337079, -124.036796732
48.346079, -124.036796732
48.355079, -124.036796732
48.364079, -124.036796732
48.373079, -124.036796732
48.382079, -124.036796732
48.391079, -124.036796732
48.400079, -124.036796732
48.409079, -124.036796732
48.418079, -124.036796732
48.427079, -124.036796732
48.436079, -124.036796732
48.445079, -124.036796732
48.454079, -124.036796732
48.463079, -124.036796732
48.472079, -124.036796732
48.481079, -124.036796732
48.490079, -124.036796732
48.499079, -124.036796732
48.508079, -124.036796732
48.517079, -124.036796732
48.526079, -124.036796732
48.535079, -124.036796732
48.544079, -124.036796732
48.553079, -124.036796732
48.562079, -124.036796732
48.571079, -124.036796732
48.580079, -124.036796732
48.589079, -124.036796732
48.598079, -124.036796732
48.607079, -124.036796732
48.616079, -124.036796732
48.625079, -124.036796732
48.634079, -124.036796732
48.643079, -124.036796732
48.652079, -124.036796732
48.661079, -124.036796732
48.670079, -124.036796732
48.679079, -124.036796732
48.688079, -124.036796732
48.697079, -124.036796732
48.706079, -124.036796732
48.715079, -124.036796732
48.724079, -124.036796732
48.733079, -124.036796732
48.742079, -124.036796732
48.751079, -124.036796732
48.760079, -124.036796732
48.769079, -124.036796732
48.778079, -124.036796732
48.787079, -124.036796732
48.796079, -124.036796732
48.805079, -124.036796732
48.814079, -124.036796732
48.823079, -124.036796732
48.832079, -124.036796732
48.841079, -124.036796732
48.850079, -124.036796732
48.859079, -124.036796732
48.868079, -124.036796732
48.877079, -124.036796732
48.886079, -124.036796732
48.895079, -124.036796732
48.904079, -124.036796732
48.913079, -124.036796732
48.922079, -124.036796732
48.931079, -124.036796732
48.940079, -124.036796732
48.949079, -124.036796732
46.213079, -124.023089973
46.222079, -124.023089973
46.231079, -124.023089973
46.240079, -124.023089973
46.249079, -124.023089973
46.258079, -124.023089973
46.267079, -124.023089973
46.276079, -124.023089973
46.285079, -124.023089973
46.294079, -124.023089973
46.303079, -124.023089973
46.312079, -124.023089973
46.321079, -124.023089973
46.330079, -124.023089973
46.339079, -124.023089973
46.348079, -124.023089973
46.357079, -124.023089973
46.366079, -124.023089973
46.375079, -124.023089973
46.384079, -124.023089973
46.393079, -124.023089973
46.402079, -124.023089973
46.411079, -124.023089973
46.420079, -124.023089973
46.429079, -124.023089973
46.438079, -124.023089973
46.447079, -124.023089973
46.456079, -124.023089973
46.465079, -124.023089973
46.474079, -124.023089973
46.483079, -124.023089973
46.492079, -124.023089973
46.501079, -124.023089973
46.510079, -124.023089973
46.519079, -124.023089973
46.528079, -124.023089973
46.537079, -124.023089973
46.546079, -124.023089973
46.555079, -124.023089973
46.564079, -124.023089973
46.573079, -124.023089973
46.582079, -124.023089973
46.591079, -124.023089973
46.600079, -124.023089973
46.609079, -124.023089973
46.618079, -124.023089973
46.627079, -124.023089973
46.636079, -124.023089973
46.645079, -124.023089973
46.654079, -124.023089973
46.663079, -124.023089973
46.672079, -124.023089973
46.681079, -124.023089973
46.690079, -124.023089973
46.699079, -124.023089973
46.708079, -124.023089973
46.717079, -124.023089973
46.726079, -124.023089973
46.735079, -124.023089973
46.744079, -124.023089973
46.753079, -124.023089973
46.762079, -124.023089973
46.771079, -124.023089973
46.780079, -124.023089973
46.789079, -124.023089973
46.798079, -124.023089973
46.807079, -124.023089973
46.816079, -124.023089973
46.825079, -124.023089973
46.834079, -124.023089973
46.843079, -124.023089973
46.852079, -124.023089973
46.861079, -124.023089973
46.870079, -124.023089973
46.879079, -124.023089973
46.888079, -124.023089973
46.897079, -124.023089973
46.906079, -124.023089973
46.915079, -124.023089973
46.924079, -124.023089973
46.933079, -124.023089973
46.942079, -124.023089973
46.951079, -124.023089973
46.960079, -124.023089973
46.969079, -124.023089973
46.978079, -124.023089973
46.987079, -124.023089973
46.996079, -124.023089973
47.005079, -124.023089973
47.014079, -124.023089973
47.023079, -124.023089973
47.032079, -124.023089973
47.041079, -124.023089973
47.050079, -124.023089973
47.059079, -124.023089973
47.068079, -124.023089973
47.077079, -124.023089973
47.086079, -124.023089973
47.095079, -124.023089973
47.104079, -124.023089973
47.113079, -124.023089973
47.122079, -124.023089973
47.131079, -124.023089973
47.140079, -124.023089973
47.149079, -124.023089973
47.158079, -124.023089973
47.167079, -124.023089973
47.176079, -124.023089973
47.185079, -124.023089973
47.194079, -124.023089973
47.203079, -124.023089973
47.212079, -124.023089973
47.221079, -124.023089973
47.230079, -124.023089973
47.239079, -124.023089973
47.248079, -124.023089973
47.257079, -124.023089973
47.266079, -124.023089973
47.275079, -124.023089973
47.284079, -124.023089973
47.293079, -124.023089973
47.302079, -124.023089973
47.311079, -124.023089973
47.320079, -124.023089973
47.329079, -124.023089973
47.338079, -124.023089973
47.347079, -124.023089973
47.356079, -124.023089973
47.365079, -124.023089973
47.374079, -124.023089973
47.383079, -124.023089973
47.392079, -124.023089973
47.401079, -124.023089973
47.410079, -124.023089973
47.419079, -124.023089973
47.428079, -124.023089973
47.437079, -124.023089973
47.446079, -124.023089973
47.455079, -124.023089973
47.464079, -124.023089973
47.473079, -124.023089973
47.482079, -124.023089973
47.491079, -124.023089973
47.500079, -124.023089973
47.509079, -124.023089973
47.518079, -124.023089973
47.527079, -124.023089973
47.536079, -124.023089973
47.545079, -124.023089973
47.554079, -124.023089973
47.563079, -124.023089973
47.572079, -124.023089973
47.581079, -124.023089973
47.590079, -124.023089973
47.599079, -124.023089973
47.608079, -124.023089973
47.617079, -124.023089973
47.626079, -124.023089973
47.635079, -124.023089973
47.644079, -124.023089973
47.653079, -124.023089973
47.662079, -124.023089973
47.671079, -124.023089973
47.680079, -124.023089973
47.689079, -124.023089973
47.698079, -124.023089973
47.707079, -124.023089973
47.716079, -124.023089973
47.725079, -124.023089973
47.734079, -124.023089973
47.743079, -124.023089973
47.752079, -124.023089973
47.761079, -124.023089973
47.770079, -124.023089973
47.779079, -124.023089973
47.788079, -124.023089973
47.797079, -124.023089973
47.806079, -124.023089973
47.815079, -124.023089973
47.824079, -124.023089973
47.833079, -124.023089973
47.842079, -124.023089973
47.851079, -124.023089973
47.860079, -124.023089973
47.869079, -124.023089973
47.878079, -124.023089973
47.887079, -124.023089973
47.896079, -124.023089973
47.905079, -124.023089973
47.914079, -124.023089973
47.923079, -124.023089973
47.932079, -124.023089973
47.941079, -124.023089973
47.950079, -124.023089973
47.959079, -124.023089973
47.968079, -124.023089973
47.977079, -124.023089973
47.986079, -124.023089973
47.995079, -124.023089973
48.004079, -124.023089973
48.013079, -124.023089973
48.022079, -124.023089973
48.031079, -124.023089973
48.040079, -124.023089973
48.049079, -124.023089973
48.058079, -124.023089973
48.067079, -124.023089973
48.076079, -124.023089973
48.085079, -124.023089973
48.094079, -124.023089973
48.103079, -124.023089973
48.112079, -124.023089973
48.121079, -124.023089973
48.130079, -124.023089973
48.139079, -124.023089973
48.148079, -124.023089973
48.157079, -124.023089973
48.166079, -124.023089973
48.175079, -124.023089973
48.184079, -124.023089973
48.193079, -124.023089973
48.202079, -124.023089973
48.211079, -124.023089973
48.220079, -124.023089973
48.229079, -124.023089973
48.238079, -124.023089973
48.247079, -124.023089973
48.256079, -124.023089973
48.265079, -124.023089973
48.274079, -124.023089973
48.283079, -124.023089973
48.292079, -124.023089973
48.301079, -124.023089973
48.310079, -124.023089973
48.319079, -124.023089973
48.328079, -124.023089973
48.337079, -124.023089973
48.346079, -124.023089973
48.355079, -124.023089973
48.364079, -124.023089973
48.373079, -124.023089973
48.382079, -124.023089973
48.391079, -124.023089973
48.400079, -124.023089973
48.409079, -124.023089973
48.418079, -124.023089973
48.427079, -124.023089973
48.436079, -124.023089973
48.445079, -124.023089973
48.454079, -124.023089973
48.463079, -124.023089973
48.472079, -124.023089973
48.481079, -124.023089973
48.490079, -124.023089973
48.499079, -124.023089973
48.508079, -124.023089973
48.517079, -124.023089973
48.526079, -124.023089973
48.535079, -124.023089973
48.544079, -124.023089973
48.553079, -124.023089973
48.562079, -124.023089973
48.571079, -124.023089973
48.580079, -124.023089973
48.589079, -124.023089973
48.598079, -124.023089973
48.607079, -124.023089973
48.616079, -124.023089973
48.625079, -124.023089973
48.634079, -124.023089973
48.643079, -124.023089973
48.652079, -124.023089973
48.661079, -124.023089973
48.670079, -124.023089973
48.679079, -124.023089973
48.688079, -124.023089973
48.697079, -124.023089973
48.706079, -124.023089973
48.715079, -124.023089973
48.724079, -124.023089973
48.733079, -124.023089973
48.742079, -124.023089973
48.751079, -124.023089973
48.760079, -124.023089973
48.769079, -124.023089973
48.778079, -124.023089973
48.787079, -124.023089973
48.796079, -124.023089973
48.805079, -124.023089973
48.814079, -124.023089973