47.752079, -120.952776071
47.761079, -120.952776071
47.770079, -120.952776071
47.779079, -120.952776071
47.788079, -120.952776071
47.797079, -120.952776071
47.806079, -120.952776071
47.815079, -120.952776071
47.824079, -120.952776071
47.833079, -120.952776071
47.842079, -120.952776071
47.851079, -120.952776071
47.860079, -120.952776071
47.869079, -120.952776071
47.878079, -120.952776071
47.887079, -120.952776071
47.896079, -120.952776071
47.905079, -120.952776071
47.914079, -120.952776071
47.923079, -120.952776071
47.932079, -120.952776071
47.941079, -120.952776071
47.950079, -120.952776071
47.959079, -120.952776071
47.968079, -120.952776071
47.977079, -120.952776071
47.986079, -120.952776071
47.995079, -120.952776071
48.004079, -120.952776071
48.013079, -120.952776071
48.022079, -120.952776071
48.031079, -120.952776071
48.040079, -120.952776071
48.049079, -120.952776071
48.058079, -120.952776071
48.067079, -120.952776071
48.076079, -120.952776071
48.085079, -120.952776071
48.094079, -120.952776071
48.103079, -120.952776071
48.112079, -120.952776071
48.121079, -120.952776071
48.130079, -120.952776071
48.139079, -120.952776071
48.148079, -120.952776071
48.157079, -120.952776071
48.166079, -120.952776071
48.175079, -120.952776071
48.184079, -120.952776071
48.193079, -120.952776071
48.202079, -120.952776071
48.211079, -120.952776071
48.220079, -120.952776071
48.229079, -120.952776071
48.238079, -120.952776071
48.247079, -120.952776071
48.256079, -120.952776071
48.265079, -120.952776071
48.274079, -120.952776071
48.283079, -120.952776071
48.292079, -120.952776071
48.301079, -120.952776071
48.310079, -120.952776071
48.319079, -120.952776071
48.328079, -120.952776071
48.337079, -120.952776071
48.346079, -120.952776071
48.355079, -120.952776071
48.364079, -120.952776071
48.373079, -120.952776071
48.382079, -120.952776071
48.391079, -120.952776071
48.400079, -120.952776071
48.409079, -120.952776071
48.418079, -120.952776071
48.427079, -120.952776071
48.436079, -120.952776071
48.445079, -120.952776071
48.454079, -120.952776071
48.463079, -120.952776071
48.472079, -120.952776071
48.481079, -120.952776071
48.490079, -120.952776071
48.499079, -120.952776071
48.508079, -120.952776071
48.517079, -120.952776071
48.526079, -120.952776071
48.535079, -120.952776071
48.544079, -120.952776071
48.553079, -120.952776071
48.562079, -120.952776071
48.571079, -120.952776071
48.580079, -120.952776071
48.589079, -120.952776071
48.598079, -120.952776071
48.607079, -120.952776071
48.616079, -120.952776071
48.625079, -120.952776071
48.634079, -120.952776071
48.643079, -120.952776071
48.652079, -120.952776071
48.661079, -120.952776071
48.670079, -120.952776071
48.679079, -120.952776071
48.688079, -120.952776071
48.697079, -120.952776071
48.706079, -120.952776071
48.715079, -120.952776071
48.724079, -120.952776071
48.733079, -120.952776071
48.742079, -120.952776071
48.751079, -120.952776071
48.760079, -120.952776071
48.769079, -120.952776071
48.778079, -120.952776071
48.787079, -120.952776071
48.796079, -120.952776071
48.805079, -120.952776071
48.814079, -120.952776071
48.823079, -120.952776071
48.832079, -120.952776071
48.841079, -120.952776071
48.850079, -120.952776071
48.859079, -120.952776071
48.868079, -120.952776071
48.877079, -120.952776071
48.886079, -120.952776071
48.895079, -120.952776071
48.904079, -120.952776071
48.913079, -120.952776071
48.922079, -120.952776071
48.931079, -120.952776071
48.940079, -120.952776071
48.949079, -120.952776071
46.213079, -120.939069313
46.222079, -120.939069313
46.231079, -120.939069313
46.240079, -120.939069313
46.249079, -120.939069313
46.258079, -120.939069313
46.267079, -120.939069313
46.276079, -120.939069313
46.285079, -120.939069313
46.294079, -120.939069313
46.303079, -120.939069313
46.312079, -120.939069313
46.321079, -120.939069313
46.330079, -120.939069313
46.339079, -120.939069313
46.348079, -120.939069313
46.357079, -120.939069313
46.366079, -120.939069313
46.375079, -120.939069313
46.384079, -120.939069313
46.393079, -120.939069313
46.402079, -120.939069313
46.411079, -120.939069313
46.420079, -120.939069313
46.429079, -120.939069313
46.438079, -120.939069313
46.447079, -120.939069313
46.456079, -120.939069313
46.465079, -120.939069313
46.474079, -120.939069313
46.483079, -120.939069313
46.492079, -120.939069313
46.501079, -120.939069313
46.510079, -120.939069313
46.519079, -120.939069313
46.528079, -120.939069313
46.537079, -120.939069313
46.546079, -120.939069313
46.555079, -120.939069313
46.564079, -120.939069313
46.573079, -120.939069313
46.582079, -120.939069313
46.591079, -120.939069313
46.600079, -120.939069313
46.609079, -120.939069313
46.618079, -120.939069313
46.627079, -120.939069313
46.636079, -120.939069313
46.645079, -120.939069313
46.654079, -120.939069313
46.663079, -120.939069313
46.672079, -120.939069313
46.681079, -120.939069313
46.690079, -120.939069313
46.699079, -120.939069313
46.708079, -120.939069313
46.717079, -120.939069313
46.726079, -120.939069313
46.735079, -120.939069313
46.744079, -120.939069313
46.753079, -120.939069313
46.762079, -120.939069313
46.771079, -120.939069313
46.780079, -120.939069313
46.789079, -120.939069313
46.798079, -120.939069313
46.807079, -120.939069313
46.816079, -120.939069313
46.825079, -120.939069313
46.834079, -120.939069313
46.843079, -120.939069313
46.852079, -120.939069313
46.861079, -120.939069313
46.870079, -120.939069313
46.879079, -120.939069313
46.888079, -120.939069313
46.897079, -120.939069313
46.906079, -120.939069313
46.915079, -120.939069313
46.924079, -120.939069313
46.933079, -120.939069313
46.942079, -120.939069313
46.951079, -120.939069313
46.960079, -120.939069313
46.969079, -120.939069313
46.978079, -120.939069313
46.987079, -120.939069313
46.996079, -120.939069313
47.005079, -120.939069313
47.014079, -120.939069313
47.023079, -120.939069313
47.032079, -120.939069313
47.041079, -120.939069313
47.050079, -120.939069313
47.059079, -120.939069313
47.068079, -120.939069313
47.077079, -120.939069313
47.086079, -120.939069313
47.095079, -120.939069313
47.104079, -120.939069313
47.113079, -120.939069313
47.122079, -120.939069313
47.131079, -120.939069313
47.140079, -120.939069313
47.149079, -120.939069313
47.158079, -120.939069313
47.167079, -120.939069313
47.176079, -120.939069313
47.185079, -120.939069313
47.194079, -120.939069313
47.203079, -120.939069313
47.212079, -120.939069313
47.221079, -120.939069313
47.230079, -120.939069313
47.239079, -120.939069313
47.248079, -120.939069313
47.257079, -120.939069313
47.266079, -120.939069313
47.275079, -120.939069313
47.284079, -120.939069313
47.293079, -120.939069313
47.302079, -120.939069313
47.311079, -120.939069313
47.320079, -120.939069313
47.329079, -120.939069313
47.338079, -120.939069313
47.347079, -120.939069313
47.356079, -120.939069313
47.365079, -120.939069313
47.374079, -120.939069313
47.383079, -120.939069313
47.392079, -120.939069313
47.401079, -120.939069313
47.410079, -120.939069313
47.419079, -120.939069313
47.428079, -120.939069313
47.437079, -120.939069313
47.446079, -120.939069313
47.455079, -120.939069313
47.464079, -120.939069313
47.473079, -120.939069313
47.482079, -120.939069313
47.491079, -120.939069313
47.500079, -120.939069313
47.509079, -120.939069313
47.518079, -120.939069313
47.527079, -120.939069313
47.536079, -120.939069313
47.545079, -120.939069313
47.554079, -120.939069313
47.563079, -120.939069313
47.572079, -120.939069313
47.581079, -120.939069313
47.590079, -120.939069313
47.599079, -120.939069313
47.608079, -120.939069313
47.617079, -120.939069313
47.626079, -120.939069313
47.635079, -120.939069313
47.644079, -120.939069313
47.653079, -120.939069313
47.662079, -120.939069313
47.671079, -120.939069313
47.680079, -120.939069313
47.689079, -120.939069313
47.698079, -120.939069313
47.707079, -120.939069313
47.716079, -120.939069313
47.725079, -120.939069313
47.734079, -120.939069313
47.743079, -120.939069313
47.752079, -120.939069313
47.761079, -120.939069313
47.770079, -120.939069313
47.779079, -120.939069313
47.788079, -120.939069313
47.797079, -120.939069313
47.806079, -120.939069313
47.815079, -120.939069313
47.824079, -120.939069313
47.833079, -120.939069313
47.842079, -120.939069313
47.851079, -120.939069313
47.860079, -120.939069313
47.869079, -120.939069313
47.878079, -120.939069313
47.887079, -120.939069313
47.896079, -120.939069313
47.905079, -120.939069313
47.914079, -120.939069313
47.923079, -120.939069313
47.932079, -120.939069313
47.941079, -120.939069313
47.950079, -120.939069313
47.959079, -120.939069313
47.968079, -120.939069313
47.977079, -120.939069313
47.986079, -120.939069313
47.995079, -120.939069313
48.004079, -120.939069313
48.013079, -120.939069313
48.022079, -120.939069313
48.031079, -120.939069313
48.040079, -120.939069313
48.049079, -120.939069313
48.058079, -120.939069313
48.067079, -120.939069313
48.076079, -120.939069313
48.085079, -120.939069313
48.094079, -120.939069313
48.103079, -120.939069313
48.112079, -120.939069313
48.121079, -120.939069313
48.130079, -120.939069313
48.139079, -120.939069313
48.148079, -120.939069313
48.157079, -120.939069313
48.166079, -120.939069313
48.175079, -120.939069313
48.184079, -120.939069313
48.193079, -120.939069313
48.202079, -120.939069313
48.211079, -120.939069313
48.220079, -120.939069313
48.229079, -120.939069313
48.238079, -120.939069313
48.247079, -120.939069313
48.256079, -120.939069313
48.265079, -120.939069313
48.274079, -120.939069313
48.283079, -120.939069313
48.292079, -120.939069313
48.301079, -120.939069313
48.310079, -120.939069313
48.319079, -120.939069313
48.328079, -120.939069313
48.337079, -120.939069313
48.346079, -120.939069313
48.355079, -120.939069313
48.364079, -120.939069313
48.373079, -120.939069313
48.382079, -120.939069313
48.391079, -120.939069313
48.400079, -120.939069313
48.409079, -120.939069313
48.418079, -120.939069313
48.427079, -120.939069313
48.436079, -120.939069313
48.445079, -120.939069313
48.454079, -120.939069313
48.463079, -120.939069313
48.472079, -120.939069313
48.481079, -120.939069313
48.490079, -120.939069313
48.499079, -120.939069313
48.508079, -120.939069313
48.517079, -120.939069313
48.526079, -120.939069313
48.535079, -120.939069313
48.544079, -120.939069313
48.553079, -120.939069313
48.562079, -120.939069313
48.571079, -120.939069313
48.580079, -120.939069313
48.589079, -120.939069313
48.598079, -120.939069313
48.607079, -120.939069313
48.616079, -120.939069313
48.625079, -120.939069313
48.634079, -120.939069313
48.643079, -120.939069313
48.652079, -120.939069313
48.661079, -120.939069313
48.670079, -120.939069313
48.679079, -120.939069313
48.688079, -120.939069313
48.697079, -120.939069313
48.706079, -120.939069313
48.715079, -120.939069313
48.724079, -120.939069313
48.733079, -120.939069313
48.742079, -120.939069313
48.751079, -120.939069313
48.760079, -120.939069313
48.769079, -120.939069313
48.778079, -120.939069313
48.787079, -120.939069313
48.796079, -120.939069313
48.805079, -120.939069313
48.814079, -120.939069313
48.823079, -120.939069313
48.832079, -120.939069313
48.841079, -120.939069313
48.850079, -120.939069313
48.859079, -120.939069313
48.868079, -120.939069313
48.877079, -120.939069313
48.886079, -120.939069313
48.895079, -120.939069313
48.904079, -120.939069313
48.913079, -120.939069313
48.922079, -120.939069313
48.931079, -120.939069313
48.940079, -120.939069313
48.949079, -120.939069313
46.213079, -120.925362554
46.222079, -120.925362554
46.231079, -120.925362554
46.240079, -120.925362554
46.249079, -120.925362554
46.258079, -120.925362554
46.267079, -120.925362554
46.276079, -120.925362554
46.285079, -120.925362554
46.294079, -120.925362554
46.303079, -120.925362554
46.312079, -120.925362554
46.321079, -120.925362554
46.330079, -120.925362554
46.339079, -120.925362554
46.348079, -120.925362554
46.357079, -120.925362554
46.366079, -120.925362554
46.375079, -120.925362554
46.384079, -120.925362554
46.393079, -120.925362554
46.402079, -120.925362554
46.411079, -120.925362554
46.420079, -120.925362554
46.429079, -120.925362554
46.438079, -120.925362554
46.447079, -120.925362554
46.456079, -120.925362554
46.465079, -120.925362554
46.474079, -120.925362554
46.483079, -120.925362554
46.492079, -120.925362554
46.501079, -120.925362554
46.510079, -120.925362554
46.519079, -120.925362554
46.528079, -120.925362554
46.537079, -120.925362554
46.546079, -120.925362554
46.555079, -120.925362554
46.564079, -120.925362554
46.573079, -120.925362554
46.582079, -120.925362554
46.591079, -120.925362554
46.600079, -120.925362554
46.609079, -120.925362554
46.618079, -120.925362554
46.627079, -120.925362554
46.636079, -120.925362554
46.645079, -120.925362554
46.654079, -120.925362554
46.663079, -120.925362554
46.672079, -120.925362554
46.681079, -120.925362554
46.690079, -120.925362554
46.699079, -120.925362554
46.708079, -120.925362554
46.717079, -120.925362554
46.726079, -120.925362554
46.735079, -120.925362554
46.744079, -120.925362554
46.753079, -120.925362554
46.762079, -120.925362554
46.771079, -120.925362554
46.780079, -120.925362554
46.789079, -120.925362554
46.798079, -120.925362554
46.807079, -120.925362554
46.816079, -120.925362554
46.825079, -120.925362554
46.834079, -120.925362554
46.843079, -120.925362554
46.852079, -120.925362554
46.861079, -120.925362554
46.870079, -120.925362554
46.879079, -120.925362554
46.888079, -120.925362554
46.897079, -120.925362554
46.906079, -120.925362554
46.915079, -120.925362554
46.924079, -120.925362554
46.933079, -120.925362554
46.942079, -120.925362554
46.951079, -120.925362554
46.960079, -120.925362554
46.969079, -120.925362554
46.978079, -120.925362554
46.987079, -120.925362554
46.996079, -120.925362554
47.005079, -120.925362554
47.014079, -120.925362554
47.023079, -120.925362554
47.032079, -120.925362554
47.041079, -120.925362554
47.050079, -120.925362554
47.059079, -120.925362554
47.068079, -120.925362554
47.077079, -120.925362554
47.086079, -120.925362554
47.095079, -120.925362554
47.104079, -120.925362554
47.113079, -120.925362554
47.122079, -120.925362554
47.131079, -120.925362554
47.140079, -120.925362554
47.149079, -120.925362554
47.158079, -120.925362554
47.167079, -120.925362554
47.176079, -120.925362554
47.185079, -120.925362554
47.194079, -120.925362554
47.203079, -120.925362554
47.212079, -120.925362554
47.221079, -120.925362554
47.230079, -120.925362554
47.239079, -120.925362554
47.248079, -120.925362554
47.257079, -120.925362554
47.266079, -120.925362554
47.275079, -120.925362554
47.284079, -120.925362554
47.293079, -120.925362554
47.302079, -120.925362554
47.311079, -120.925362554
47.320079, -120.925362554
47.329079, -120.925362554
47.338079, -120.925362554
47.347079, -120.925362554
47.356079, -120.925362554
47.365079, -120.925362554
47.374079, -120.925362554
47.383079, -120.925362554
47.392079, -120.925362554
47.401079, -120.925362554
47.410079, -120.925362554
47.419079, -120.925362554
47.428079, -120.925362554
47.437079, -120.925362554
47.446079, -120.925362554
47.455079, -120.925362554
47.464079, -120.925362554
47.473079, -120.925362554
47.482079, -120.925362554
47.491079, -120.925362554
47.500079, -120.925362554
47.509079, -120.925362554
47.518079, -120.925362554
47.527079, -120.925362554
47.536079, -120.925362554
47.545079, -120.925362554
47.554079, -120.925362554
47.563079, -120.925362554
47.572079, -120.925362554
47.581079, -120.925362554
47.590079, -120.925362554
47.599079, -120.925362554
47.608079, -120.925362554
47.617079, -120.925362554
47.626079, -120.925362554
47.635079, -120.925362554
47.644079, -120.925362554
47.653079, -120.925362554
47.662079, -120.925362554
47.671079, -120.925362554
47.680079, -120.925362554
47.689079, -120.925362554
47.698079, -120.925362554
47.707079, -120.925362554
47.716079, -120.925362554
47.725079, -120.925362554
47.734079, -120.925362554
47.743079, -120.925362554
47.752079, -120.925362554
47.761079, -120.925362554
47.770079, -120.925362554
47.779079, -120.925362554
47.788079, -120.925362554
47.797079, -120.925362554
47.806079, -120.925362554
47.815079, -120.925362554
47.824079, -120.925362554
47.833079, -120.925362554
47.842079, -120.925362554
47.851079, -120.925362554
47.860079, -120.925362554
47.869079, -120.925362554
47.878079, -120.925362554
47.887079, -120.925362554
47.896079, -120.925362554
47.905079, -120.925362554
47.914079, -120.925362554
47.923079, -120.925362554
47.932079, -120.925362554
47.941079, -120.925362554
47.950079, -120.925362554
47.959079, -120.925362554
47.968079, -120.925362554
47.977079, -120.925362554
47.986079, -120.925362554
47.995079, -120.925362554
48.004079, -120.925362554
48.013079, -120.925362554
48.022079, -120.925362554
48.031079, -120.925362554
48.040079, -120.925362554
48.049079, -120.925362554
48.058079, -120.925362554
48.067079, -120.925362554
48.076079, -120.925362554
48.085079, -120.925362554
48.094079, -120.925362554
48.103079, -120.925362554
48.112079, -120.925362554
48.121079, -120.925362554
48.130079, -120.925362554
48.139079, -120.925362554
48.148079, -120.925362554
48.157079, -120.925362554
48.166079, -120.925362554
48.175079, -120.925362554
48.184079, -120.925362554
48.193079, -120.925362554
48.202079, -120.925362554
48.211079, -120.925362554
48.220079, -120.925362554
48.229079, -120.925362554
48.238079, -120.925362554
48.247079, -120.925362554
48.256079, -120.925362554
48.265079, -120.925362554
48.274079, -120.925362554
48.283079, -120.925362554
48.292079, -120.925362554
48.301079, -120.925362554
48.310079, -120.925362554
48.319079, -120.925362554
48.328079, -120.925362554
48.337079, -120.925362554
48.346079, -120.925362554
48.355079, -120.925362554
48.364079, -120.925362554
48.373079, -120.925362554
48.382079, -120.925362554
48.391079, -120.925362554
48.400079, -120.925362554
48.409079, -120.925362554
48.418079, -120.925362554
48.427079, -120.925362554
48.436079, -120.925362554
48.445079, -120.925362554
48.454079, -120.925362554
48.463079, -120.925362554
48.472079, -120.925362554
48.481079, -120.925362554
48.490079, -120.925362554
48.499079, -120.925362554
48.508079, -120.925362554
48.517079, -120.925362554
48.526079, -120.925362554
48.535079, -120.925362554
48.544079, -120.925362554
48.553079, -120.925362554
48.562079, -120.925362554
48.571079, -120.925362554
48.580079, -120.925362554
48.589079, -120.925362554
48.598079, -120.925362554
48.607079, -120.925362554
48.616079, -120.925362554
48.625079, -120.925362554
48.634079, -120.925362554
48.643079, -120.925362554
48.652079, -120.925362554
48.661079, -120.925362554
48.670079, -120.925362554
48.679079, -120.925362554
48.688079, -120.925362554
48.697079, -120.925362554
48.706079, -120.925362554
48.715079, -120.925362554
48.724079, -120.925362554
48.733079, -120.925362554
48.742079, -120.925362554
48.751079, -120.925362554
48.760079, -120.925362554
48.769079, -120.925362554
48.778079, -120.925362554
48.787079, -120.925362554
48.796079, -120.925362554
48.805079, -120.925362554
48.814079, -120.925362554
48.823079, -120.925362554
48.832079, -120.925362554
48.841079, -120.925362554
48.850079, -120.925362554
48.859079, -120.925362554
48.868079, -120.925362554
48.877079, -120.925362554
48.886079, -120.925362554
48.895079, -120.925362554
48.904079, -120.925362554
48.913079, -120.925362554
48.922079, -120.925362554
48.931079, -120.925362554
48.940079, -120.925362554
48.949079, -120.925362554
46.213079, -120.911655796
46.222079, -120.911655796
46.231079, -120.911655796
46.240079, -120.911655796
46.249079, -120.911655796
46.258079, -120.911655796
46.267079, -120.911655796
46.276079, -120.911655796
46.285079, -120.911655796
46.294079, -120.911655796
46.303079, -120.911655796
46.312079, -120.911655796
46.321079, -120.911655796
46.330079, -120.911655796
46.339079, -120.911655796
46.348079, -120.911655796
46.357079, -120.911655796
46.366079, -120.911655796
46.375079, -120.911655796
46.384079, -120.911655796
46.393079, -120.911655796
46.402079, -120.911655796
46.411079, -120.911655796
46.420079, -120.911655796
46.429079, -120.911655796
46.438079, -120.911655796
46.447079, -120.911655796
46.456079, -120.911655796
46.465079, -120.911655796
46.474079, -120.911655796
46.483079, -120.911655796
46.492079, -120.911655796
46.501079, -120.911655796
46.510079, -120.911655796
46.519079, -120.911655796
46.528079, -120.911655796
46.537079, -120.911655796
46.546079, -120.911655796
46.555079, -120.911655796
46.564079, -120.911655796
46.573079, -120.911655796
46.582079, -120.911655796
46.591079, -120.911655796
46.600079, -120.911655796
46.609079, -120.911655796
46.618079, -120.911655796
46.627079, -120.911655796
46.636079, -120.911655796
46.645079, -120.911655796
46.654079, -120.911655796
46.663079, -120.911655796
46.672079, -120.911655796
46.681079, -120.911655796
46.690079, -120.911655796
46.699079, -120.911655796
46.708079, -120.911655796
46.717079, -120.911655796
46.726079, -120.911655796
46.735079, -120.911655796
46.744079, -120.911655796
46.753079, -120.911655796
46.762079, -120.911655796
46.771079, -120.911655796
46.780079, -120.911655796
46.789079, -120.911655796
46.798079, -120.911655796
46.807079, -120.911655796
46.816079, -120.911655796
46.825079, -120.911655796
46.834079, -120.911655796
46.843079, -120.911655796
46.852079, -120.911655796
46.861079, -120.911655796
46.870079, -120.911655796
46.879079, -120.911655796
46.888079, -120.911655796
46.897079, -120.911655796
46.906079, -120.911655796
46.915079, -120.911655796
46.924079, -120.911655796
46.933079, -120.911655796
46.942079, -120.911655796
46.951079, -120.911655796
46.960079, -120.911655796
46.969079, -120.911655796
46.978079, -120.911655796
46.987079, -120.911655796
46.996079, -120.911655796
47.005079, -120.911655796
47.014079, -120.911655796
47.023079, -120.911655796
47.032079, -120.911655796
47.041079, -120.911655796
47.050079, -120.911655796
47.059079, -120.911655796
47.068079, -120.911655796
47.077079, -120.911655796
47.086079, -120.911655796
47.095079, -120.911655796
47.104079, -120.911655796
47.113079, -120.911655796
47.122079, -120.911655796
47.131079, -120.911655796
47.140079, -120.911655796
47.149079, -120.911655796
47.158079, -120.911655796
47.167079, -120.911655796
47.176079, -120.911655796
47.185079, -120.911655796
47.194079, -120.911655796
47.203079, -120.911655796
47.212079, -120.911655796
47.221079, -120.911655796
47.230079, -120.911655796
47.239079, -120.911655796
47.248079, -120.911655796
47.257079, -120.911655796
47.266079, -120.911655796
47.275079, -120.911655796
47.284079, -120.911655796
47.293079, -120.911655796
47.302079, -120.911655796
47.311079, -120.911655796
47.320079, -120.911655796
47.329079, -120.911655796
47.338079, -120.911655796
47.347079, -120.911655796
47.356079, -120.911655796
47.365079, -120.911655796
47.374079, -120.911655796
47.383079, -120.911655796
47.392079, -120.911655796
47.401079, -120.911655796
47.410079, -120.911655796
47.419079, -120.911655796
47.428079, -120.911655796
47.437079, -120.911655796
47.446079, -120.911655796
47.455079, -120.911655796
47.464079, -120.911655796
47.473079, -120.911655796
47.482079, -120.911655796
47.491079, -120.911655796
47.500079, -120.911655796
47.509079, -120.911655796
47.518079, -120.911655796
47.527079, -120.911655796
47.536079, -120.911655796
47.545079, -120.911655796
47.554079, -120.911655796
47.563079, -120.911655796
47.572079, -120.911655796
47.581079, -120.911655796
47.590079, -120.911655796
47.599079, -120.911655796
47.608079, -120.911655796
47.617079, -120.911655796
47.626079, -120.911655796
47.635079, -120.911655796
47.644079, -120.911655796
47.653079, -120.911655796
47.662079, -120.911655796
47.671079, -120.911655796
47.680079, -120.911655796
47.689079, -120.911655796
47.698079, -120.911655796
47.707079, -120.911655796
47.716079, -120.911655796
47.725079, -120.911655796
47.734079, -120.911655796
47.743079, -120.911655796
47.752079, -120.911655796
47.761079, -120.911655796
47.770079, -120.911655796
47.779079, -120.911655796
47.788079, -120.911655796
47.797079, -120.911655796
47.806079, -120.911655796
47.815079, -120.911655796
47.824079, -120.911655796
47.833079, -120.911655796
47.842079, -120.911655796
47.851079, -120.911655796
47.860079, -120.911655796
47.869079, -120.911655796
47.878079, -120.911655796
47.887079, -120.911655796
47.896079, -120.911655796
47.905079, -120.911655796
47.914079, -120.911655796
47.923079, -120.911655796
47.932079, -120.911655796
47.941079, -120.911655796
47.950079, -120.911655796
47.959079, -120.911655796
47.968079, -120.911655796
47.977079, -120.911655796
47.986079, -120.911655796
47.995079, -120.911655796
48.004079, -120.911655796
48.013079, -120.911655796
48.022079, -120.911655796
48.031079, -120.911655796
48.040079, -120.911655796
48.049079, -120.911655796
48.058079, -120.911655796
48.067079, -120.911655796
48.076079, -120.911655796
48.085079, -120.911655796
48.094079, -120.911655796
48.103079, -120.911655796
48.112079, -120.911655796
48.121079, -120.911655796
48.130079, -120.911655796
48.139079, -120.911655796
48.148079, -120.911655796
48.157079, -120.911655796
48.166079, -120.911655796
48.175079, -120.911655796
48.184079, -120.911655796
48.193079, -120.911655796
48.202079, -120.911655796
48.211079, -120.911655796
48.220079, -120.911655796
48.229079, -120.911655796
48.238079, -120.911655796
48.247079, -120.911655796
48.256079, -120.911655796
48.265079, -120.911655796
48.274079, -120.911655796
48.283079, -120.911655796
48.292079, -120.911655796
48.301079, -120.911655796
48.310079, -120.911655796
48.319079, -120.911655796
48.328079, -120.911655796
48.337079, -120.911655796
48.346079, -120.911655796
48.355079, -120.911655796
48.364079, -120.911655796
48.373079, -120.911655796
48.382079, -120.911655796
48.391079, -120.911655796
48.400079, -120.911655796
48.409079, -120.911655796
48.418079, -120.911655796
48.427079, -120.911655796
48.436079, -120.911655796
48.445079, -120.911655796
48.454079, -120.911655796
48.463079, -120.911655796
48.472079, -120.911655796
48.481079, -120.911655796
48.490079, -120.911655796
48.499079, -120.911655796
48.508079, -120.911655796
48.517079, -120.911655796
48.526079, -120.911655796
48.535079, -120.911655796
48.544079, -120.911655796
48.553079, -120.911655796
48.562079, -120.911655796
48.571079, -120.911655796
48.580079, -120.911655796
48.589079, -120.911655796
48.598079, -120.911655796
48.607079, -120.911655796
48.616079, -120.911655796
48.625079, -120.911655796
48.634079, -120.911655796
48.643079, -120.911655796
48.652079, -120.911655796
48.661079, -120.911655796
48.670079, -120.911655796
48.679079, -120.911655796
48.688079, -120.911655796
48.697079, -120.911655796
48.706079, -120.911655796
48.715079, -120.911655796
48.724079, -120.911655796
48.733079, -120.911655796
48.742079, -120.911655796
48.751079, -120.911655796
48.760079, -120.911655796
48.769079, -120.911655796
48.778079, -120.911655796
48.787079, -120.911655796
48.796079, -120.911655796
48.805079, -120.911655796
48.814079, -120.911655796
48.823079, -120.911655796
48.832079, -120.911655796
48.841079, -120.911655796
48.850079, -120.911655796
48.859079, -120.911655796
48.868079, -120.911655796
48.877079, -120.911655796
48.886079, -120.911655796
48.895079, -120.911655796
48.904079, -120.911655796
48.913079, -120.911655796
48.922079, -120.911655796
48.931079, -120.911655796
48.940079, -120.911655796
48.949079, -120.911655796
46.213079, -120.897949037
46.222079, -120.897949037
46.231079, -120.897949037
46.240079, -120.897949037
46.249079, -120.897949037
46.258079, -120.897949037
46.267079, -120.897949037
46.276079, -120.897949037
46.285079, -120.897949037
46.294079, -120.897949037
46.303079, -120.897949037
46.312079, -120.897949037
46.321079, -120.897949037
46.330079, -120.897949037
46.339079, -120.897949037
46.348079, -120.897949037
46.357079, -120.897949037
46.366079, -120.897949037
46.375079, -120.897949037
46.384079, -120.897949037
46.393079, -120.897949037
46.402079, -120.897949037
46.411079, -120.897949037
46.420079, -120.897949037
46.429079, -120.897949037
46.438079, -120.897949037
46.447079, -120.897949037
46.456079, -120.897949037
46.465079, -120.897949037
46.474079, -120.897949037
46.483079, -120.897949037
46.492079, -120.897949037
46.501079, -120.897949037
46.510079, -120.897949037
46.519079, -120.897949037
46.528079, -120.897949037
46.537079, -120.897949037
46.546079, -120.897949037
46.555079, -120.897949037
46.564079, -120.897949037
46.573079, -120.897949037
46.582079, -120.897949037
46.591079, -120.897949037
46.600079, -120.897949037
46.609079, -120.897949037
46.618079, -120.897949037
46.627079, -120.897949037
46.636079, -120.897949037
46.645079, -120.897949037
46.654079, -120.897949037
46.663079, -120.897949037
46.672079, -120.897949037
46.681079, -120.897949037
46.690079, -120.897949037
46.699079, -120.897949037
46.708079, -120.897949037
46.717079, -120.897949037
46.726079, -120.897949037
46.735079, -120.897949037
46.744079, -120.897949037
46.753079, -120.897949037
46.762079, -120.897949037
46.771079, -120.897949037
46.780079, -120.897949037
46.789079, -120.897949037
46.798079, -120.897949037
46.807079, -120.897949037
46.816079, -120.897949037
46.825079, -120.897949037
46.834079, -120.897949037
46.843079, -120.897949037
46.852079, -120.897949037
46.861079, -120.897949037
46.870079, -120.897949037
46.879079, -120.897949037
46.888079, -120.897949037
46.897079, -120.897949037
46.906079, -120.897949037
46.915079, -120.897949037
46.924079, -120.897949037
46.933079, -120.897949037
46.942079, -120.897949037
46.951079, -120.897949037
46.960079, -120.897949037
46.969079, -120.897949037
46.978079, -120.897949037
46.987079, -120.897949037
46.996079, -120.897949037
47.005079, -120.897949037
47.014079, -120.897949037
47.023079, -120.897949037
47.032079, -120.897949037
47.041079, -120.897949037
47.050079, -120.897949037
47.059079, -120.897949037
47.068079, -120.897949037
47.077079, -120.897949037
47.086079, -120.897949037
47.095079, -120.897949037
47.104079, -120.897949037
47.113079, -120.897949037
47.122079, -120.897949037
47.131079, -120.897949037
47.140079, -120.897949037
47.149079, -120.897949037
47.158079, -120.897949037
47.167079, -120.897949037
47.176079, -120.897949037
47.185079, -120.897949037
47.194079, -120.897949037
47.203079, -120.897949037
47.212079, -120.897949037
47.221079, -120.897949037
47.230079, -120.897949037
47.239079, -120.897949037
47.248079, -120.897949037
47.257079, -120.897949037
47.266079, -120.897949037
47.275079, -120.897949037
47.284079, -120.897949037
47.293079, -120.897949037
47.302079, -120.897949037
47.311079, -120.897949037
47.320079, -120.897949037
47.329079, -120.897949037
47.338079, -120.897949037
47.347079, -120.897949037
47.356079, -120.897949037
47.365079, -120.897949037
47.374079, -120.897949037
47.383079, -120.897949037
47.392079, -120.897949037
47.401079, -120.897949037
47.410079, -120.897949037
47.419079, -120.897949037
47.428079, -120.897949037
47.437079, -120.897949037
47.446079, -120.897949037
47.455079, -120.897949037
47.464079, -120.897949037
47.473079, -120.897949037
47.482079, -120.897949037
47.491079, -120.897949037
47.500079, -120.897949037
47.509079, -120.897949037
47.518079, -120.897949037
47.527079, -120.897949037
47.536079, -120.897949037
47.545079, -120.897949037
47.554079, -120.897949037
47.563079, -120.897949037
47.572079, -120.897949037
47.581079, -120.897949037
47.590079, -120.897949037
47.599079, -120.897949037
47.608079, -120.897949037
47.617079, -120.897949037
47.626079, -120.897949037
47.635079, -120.897949037
47.644079, -120.897949037
47.653079, -120.897949037
47.662079, -120.897949037
47.671079, -120.897949037
47.680079, -120.897949037
47.689079, -120.897949037
47.698079, -120.897949037
47.707079, -120.897949037
47.716079, -120.897949037
47.725079, -120.897949037
47.734079, -120.897949037
47.743079, -120.897949037
47.752079, -120.897949037
47.761079, -120.897949037
47.770079, -120.897949037
47.779079, -120.897949037
47.788079, -120.897949037
47.797079, -120.897949037
47.806079, -120.897949037
47.815079, -120.897949037
47.824079, -120.897949037
47.833079, -120.897949037
47.842079, -120.897949037
47.851079, -120.897949037
47.860079, -120.897949037
47.869079, -120.897949037
47.878079, -120.897949037
47.887079, -120.897949037
47.896079, -120.897949037
47.905079, -120.897949037
47.914079, -120.897949037
47.923079, -120.897949037
47.932079, -120.897949037
47.941079, -120.897949037
47.950079, -120.897949037
47.959079, -120.897949037
47.968079, -120.897949037
47.977079, -120.897949037
47.986079, -120.897949037
47.995079, -120.897949037
48.004079, -120.897949037
48.013079, -120.897949037
48.022079, -120.897949037
48.031079, -120.897949037
48.040079, -120.897949037
48.049079, -120.897949037
48.058079, -120.897949037
48.067079, -120.897949037
48.076079, -120.897949037
48.085079, -120.897949037
48.094079, -120.897949037
48.103079, -120.897949037
48.112079, -120.897949037
48.121079, -120.897949037
48.130079, -120.897949037
48.139079, -120.897949037
48.148079, -120.897949037
48.157079, -120.897949037
48.166079, -120.897949037
48.175079, -120.897949037
48.184079, -120.897949037
48.193079, -120.897949037
48.202079, -120.897949037
48.211079, -120.897949037
48.220079, -120.897949037
48.229079, -120.897949037
48.238079, -120.897949037
48.247079, -120.897949037
48.256079, -120.897949037
48.265079, -120.897949037
48.274079, -120.897949037
48.283079, -120.897949037
48.292079, -120.897949037
48.301079, -120.897949037
48.310079, -120.897949037
48.319079, -120.897949037
48.328079, -120.897949037
48.337079, -120.897949037
48.346079, -120.897949037
48.355079, -120.897949037
48.364079, -120.897949037
48.373079, -120.897949037
48.382079, -120.897949037
48.391079, -120.897949037
48.400079, -120.897949037
48.409079, -120.897949037
48.418079, -120.897949037
48.427079, -120.897949037
48.436079, -120.897949037
48.445079, -120.897949037
48.454079, -120.897949037
48.463079, -120.897949037
48.472079, -120.897949037
48.481079, -120.897949037
48.490079, -120.897949037
48.499079, -120.897949037
48.508079, -120.897949037
48.517079, -120.897949037
48.526079, -120.897949037
48.535079, -120.897949037
48.544079, -120.897949037
48.553079, -120.897949037
48.562079, -120.897949037
48.571079, -120.897949037
48.580079, -120.897949037
48.589079, -120.897949037
48.598079, -120.897949037
48.607079, -120.897949037
48.616079, -120.897949037
48.625079, -120.897949037
48.634079, -120.897949037
48.643079, -120.897949037
48.652079, -120.897949037
48.661079, -120.897949037
48.670079, -120.897949037
48.679079, -120.897949037
48.688079, -120.897949037
48.697079, -120.897949037
48.706079, -120.897949037
48.715079, -120.897949037
48.724079, -120.897949037
48.733079, -120.897949037
48.742079, -120.897949037
48.751079, -120.897949037
48.760079, -120.897949037
48.769079, -120.897949037
48.778079, -120.897949037
48.787079, -120.897949037
48.796079, -120.897949037
48.805079, -120.897949037
48.814079, -120.897949037
48.823079, -120.897949037
48.832079, -120.897949037
48.841079, -120.897949037
48.850079, -120.897949037
48.859079, -120.897949037
48.868079, -120.897949037
48.877079, -120.897949037
48.886079, -120.897949037
48.895079, -120.897949037
48.904079, -120.897949037
48.913079, -120.897949037
48.922079, -120.897949037
48.931079, -120.897949037
48.940079, -120.897949037
48.949079, -120.897949037
46.213079, -120.884242279
46.222079, -120.884242279
46.231079, -120.884242279
46.240079, -120.884242279
46.249079, -120.884242279
46.258079, -120.884242279
46.267079, -120.884242279
46.276079, -120.884242279
46.285079, -120.884242279
46.294079, -120.884242279
46.303079, -120.884242279
46.312079, -120.884242279
46.321079, -120.884242279
46.330079, -120.884242279
46.339079, -120.884242279
46.348079, -120.884242279
46.357079, -120.884242279
46.366079, -120.884242279
46.375079, -120.884242279
46.384079, -120.884242279
46.393079, -120.884242279
46.402079, -120.884242279
46.411079, -120.884242279
46.420079, -120.884242279
46.429079, -120.884242279
46.438079, -120.884242279
46.447079, -120.884242279
46.456079, -120.884242279
46.465079, -120.884242279
46.474079, -120.884242279
46.483079, -120.884242279
46.492079, -120.884242279
46.501079, -120.884242279
46.510079, -120.884242279
46.519079, -120.884242279
46.528079, -120.884242279
46.537079, -120.884242279
46.546079, -120.884242279
46.555079, -120.884242279
46.564079, -120.884242279
46.573079, -120.884242279
46.582079, -120.884242279
46.591079, -120.884242279
46.600079, -120.884242279
46.609079, -120.884242279
46.618079, -120.884242279
46.627079, -120.884242279
46.636079, -120.884242279
46.645079, -120.884242279
46.654079, -120.884242279
46.663079, -120.884242279
46.672079, -120.884242279
46.681079, -120.884242279
46.690079, -120.884242279
46.699079, -120.884242279
46.708079, -120.884242279
46.717079, -120.884242279
46.726079, -120.884242279
46.735079, -120.884242279
46.744079, -120.884242279
46.753079, -120.884242279
46.762079, -120.884242279
46.771079, -120.884242279
46.780079, -120.884242279
46.789079, -120.884242279
46.798079, -120.884242279
46.807079, -120.884242279
46.816079, -120.884242279
46.825079, -120.884242279
46.834079, -120.884242279
46.843079, -120.884242279
46.852079, -120.884242279
46.861079, -120.884242279
46.870079, -120.884242279
46.879079, -120.884242279
46.888079, -120.884242279
46.897079, -120.884242279
46.906079, -120.884242279
46.915079, -120.884242279
46.924079, -120.884242279
46.933079, -120.884242279
46.942079, -120.884242279
46.951079, -120.884242279
46.960079, -120.884242279
46.969079, -120.884242279
46.978079, -120.884242279
46.987079, -120.884242279
46.996079, -120.884242279
47.005079, -120.884242279
47.014079, -120.884242279
47.023079, -120.884242279
47.032079, -120.884242279
47.041079, -120.884242279
47.050079, -120.884242279
47.059079, -120.884242279
47.068079, -120.884242279
47.077079, -120.884242279
47.086079, -120.884242279
47.095079, -120.884242279
47.104079, -120.884242279
47.113079, -120.884242279
47.122079, -120.884242279
47.131079, -120.884242279
47.140079, -120.884242279
47.149079, -120.884242279
47.158079, -120.884242279
47.167079, -120.884242279
47.176079, -120.884242279
47.185079, -120.884242279
47.194079, -120.884242279
47.203079, -120.884242279
47.212079, -120.884242279
47.221079, -120.884242279
47.230079, -120.884242279
47.239079, -120.884242279
47.248079, -120.884242279
47.257079, -120.884242279
47.266079, -120.884242279
47.275079, -120.884242279
47.284079, -120.884242279
47.293079, -120.884242279
47.302079, -120.884242279
47.311079, -120.884242279
47.320079, -120.884242279
47.329079, -120.884242279
47.338079, -120.884242279
47.347079, -120.884242279
47.356079, -120.884242279
47.365079, -120.884242279
47.374079, -120.884242279
47.383079, -120.884242279
47.392079, -120.884242279
47.401079, -120.884242279
47.410079, -120.884242279
47.419079, -120.884242279
47.428079, -120.884242279
47.437079, -120.884242279
47.446079, -120.884242279
47.455079, -120.884242279
47.464079, -120.884242279
47.473079, -120.884242279
47.482079, -120.884242279
47.491079, -120.884242279
47.500079, -120.884242279
47.509079, -120.884242279
47.518079, -120.884242279
47.527079, -120.884242279
47.536079, -120.884242279
47.545079, -120.884242279
47.554079, -120.884242279
47.563079, -120.884242279
47.572079, -120.884242279
47.581079, -120.884242279
47.590079, -120.884242279
47.599079, -120.884242279
47.608079, -120.884242279
47.617079, -120.884242279
47.626079, -120.884242279
47.635079, -120.884242279
47.644079, -120.884242279
47.653079, -120.884242279
47.662079, -120.884242279
47.671079, -120.884242279
47.680079, -120.884242279
47.689079, -120.884242279
47.698079, -120.884242279
47.707079, -120.884242279
47.716079, -120.884242279
47.725079, -120.884242279
47.734079, -120.884242279
47.743079, -120.884242279
47.752079, -120.884242279
47.761079, -120.884242279
47.770079, -120.884242279
47.779079, -120.884242279
47.788079, -120.884242279
47.797079, -120.884242279
47.806079, -120.884242279
47.815079, -120.884242279
47.824079, -120.884242279
47.833079, -120.884242279
47.842079, -120.884242279
47.851079, -120.884242279
47.860079, -120.884242279
47.869079, -120.884242279
47.878079, -120.884242279
47.887079, -120.884242279
47.896079, -120.884242279
47.905079, -120.884242279
47.914079, -120.884242279
47.923079, -120.884242279
47.932079, -120.884242279
47.941079, -120.884242279
47.950079, -120.884242279
47.959079, -120.884242279
47.968079, -120.884242279
47.977079, -120.884242279
47.986079, -120.884242279
47.995079, -120.884242279
48.004079, -120.884242279
48.013079, -120.884242279
48.022079, -120.884242279
48.031079, -120.884242279
48.040079, -120.884242279
48.049079, -120.884242279
48.058079, -120.884242279
48.067079, -120.884242279
48.076079, -120.884242279
48.085079, -120.884242279
48.094079, -120.884242279
48.103079, -120.884242279
48.112079, -120.884242279
48.121079, -120.884242279
48.130079, -120.884242279
48.139079, -120.884242279
48.148079, -120.884242279
48.157079, -120.884242279
48.166079, -120.884242279
48.175079, -120.884242279
48.184079, -120.884242279
48.193079, -120.884242279
48.202079, -120.884242279
48.211079, -120.884242279
48.220079, -120.884242279
48.229079, -120.884242279
48.238079, -120.884242279
48.247079, -120.884242279
48.256079, -120.884242279
48.265079, -120.884242279
48.274079, -120.884242279
48.283079, -120.884242279
48.292079, -120.884242279
48.301079, -120.884242279
48.310079, -120.884242279
48.319079, -120.884242279
48.328079, -120.884242279
48.337079, -120.884242279
48.346079, -120.884242279
48.355079, -120.884242279
48.364079, -120.884242279
48.373079, -120.884242279
48.382079, -120.884242279
48.391079, -120.884242279
48.400079, -120.884242279
48.409079, -120.884242279
48.418079, -120.884242279
48.427079, -120.884242279
48.436079, -120.884242279
48.445079, -120.884242279
48.454079, -120.884242279
48.463079, -120.884242279
48.472079, -120.884242279
48.481079, -120.884242279
48.490079, -120.884242279
48.499079, -120.884242279
48.508079, -120.884242279
48.517079, -120.884242279
48.526079, -120.884242279
48.535079, -120.884242279
48.544079, -120.884242279
48.553079, -120.884242279
48.562079, -120.884242279
48.571079, -120.884242279
48.580079, -120.884242279
48.589079, -120.884242279
48.598079, -120.884242279
48.607079, -120.884242279
48.616079, -120.884242279
48.625079, -120.884242279
48.634079, -120.884242279
48.643079, -120.884242279
48.652079, -120.884242279
48.661079, -120.884242279
48.670079, -120.884242279
48.679079, -120.884242279
48.688079, -120.884242279
48.697079, -120.884242279
48.706079, -120.884242279
48.715079, -120.884242279
48.724079, -120.884242279
48.733079, -120.884242279
48.742079, -120.884242279
48.751079, -120.884242279
48.760079, -120.884242279
48.769079, -120.884242279
48.778079, -120.884242279
48.787079, -120.884242279
48.796079, -120.884242279
48.805079, -120.884242279
48.814079, -120.884242279
48.823079, -120.884242279
48.832079, -120.884242279
48.841079, -120.884242279
48.850079, -120.884242279
48.859079, -120.884242279
48.868079, -120.884242279
48.877079, -120.884242279
48.886079, -120.884242279
48.895079, -120.884242279
48.904079, -120.884242279
48.913079, -120.884242279
48.922079, -120.884242279
48.931079, -120.884242279
48.940079, -120.884242279
48.949079, -120.884242279
46.213079, -120.87053552
46.222079, -120.87053552
46.231079, -120.87053552
46.240079, -120.87053552
46.249079, -120.87053552
46.258079, -120.87053552
46.267079, -120.87053552
46.276079, -120.87053552
46.285079, -120.87053552
46.294079, -120.87053552
46.303079, -120.87053552
46.312079, -120.87053552
46.321079, -120.87053552
46.330079, -120.87053552
46.339079, -120.87053552
46.348079, -120.87053552
46.357079, -120.87053552
46.366079, -120.87053552
46.375079, -120.87053552
46.384079, -120.87053552
46.393079, -120.87053552
46.402079, -120.87053552
46.411079, -120.87053552
46.420079, -120.87053552
46.429079, -120.87053552
46.438079, -120.87053552
46.447079, -120.87053552
46.456079, -120.87053552
46.465079, -120.87053552
46.474079, -120.87053552
46.483079, -120.87053552
46.492079, -120.87053552
46.501079, -120.87053552
46.510079, -120.87053552
46.519079, -120.87053552
46.528079, -120.87053552
46.537079, -120.87053552
46.546079, -120.87053552
46.555079, -120.87053552
46.564079, -120.87053552
46.573079, -120.87053552
46.582079, -120.87053552
46.591079, -120.87053552
46.600079, -120.87053552
46.609079, -120.87053552
46.618079, -120.87053552
46.627079, -120.87053552
46.636079, -120.87053552
46.645079, -120.87053552
46.654079, -120.87053552
46.663079, -120.87053552
46.672079, -120.87053552
46.681079, -120.87053552
46.690079, -120.87053552
46.699079, -120.87053552
46.708079, -120.87053552
46.717079, -120.87053552
46.726079, -120.87053552
46.735079, -120.87053552
46.744079, -120.87053552
46.753079, -120.87053552
46.762079, -120.87053552
46.771079, -120.87053552
46.780079, -120.87053552
46.789079, -120.87053552
46.798079, -120.87053552
46.807079, -120.87053552
46.816079, -120.87053552
46.825079, -120.87053552
46.834079, -120.87053552
46.843079, -120.87053552
46.852079, -120.87053552
46.861079, -120.87053552
46.870079, -120.87053552
46.879079, -120.87053552
46.888079, -120.87053552
46.897079, -120.87053552
46.906079, -120.87053552
46.915079, -120.87053552
46.924079, -120.87053552
46.933079, -120.87053552
46.942079, -120.87053552
46.951079, -120.87053552
46.960079, -120.87053552
46.969079, -120.87053552
46.978079, -120.87053552
46.987079, -120.87053552
46.996079, -120.87053552
47.005079, -120.87053552
47.014079, -120.87053552
47.023079, -120.87053552
47.032079, -120.87053552
47.041079, -120.87053552
47.050079, -120.87053552
47.059079, -120.87053552
47.068079, -120.87053552
47.077079, -120.87053552
47.086079, -120.87053552
47.095079, -120.87053552
47.104079, -120.87053552
47.113079, -120.87053552
47.122079, -120.87053552
47.131079, -120.87053552
47.140079, -120.87053552
47.149079, -120.87053552
47.158079, -120.87053552
47.167079, -120.87053552
47.176079, -120.87053552
47.185079, -120.87053552
47.194079, -120.87053552
47.203079, -120.87053552
47.212079, -120.87053552
47.221079, -120.87053552
47.230079, -120.87053552
47.239079, -120.87053552
47.248079, -120.87053552
47.257079, -120.87053552
47.266079, -120.87053552
47.275079, -120.87053552
47.284079, -120.87053552
47.293079, -120.87053552
47.302079, -120.87053552
47.311079, -120.87053552
47.320079, -120.87053552
47.329079, -120.87053552
47.338079, -120.87053552
47.347079, -120.87053552
47.356079, -120.87053552
47.365079, -120.87053552
47.374079, -120.87053552
47.383079, -120.87053552
47.392079, -120.87053552
47.401079, -120.87053552
47.410079, -120.87053552
47.419079, -120.87053552
47.428079, -120.87053552
47.437079, -120.87053552
47.446079, -120.87053552
47.455079, -120.87053552
47.464079, -120.87053552
47.473079, -120.87053552
47.482079, -120.87053552
47.491079, -120.87053552
47.500079, -120.87053552
47.509079, -120.87053552
47.518079, -120.87053552
47.527079, -120.87053552
47.536079, -120.87053552
47.545079, -120.87053552
47.554079, -120.87053552
47.563079, -120.87053552
47.572079, -120.87053552
47.581079, -120.87053552
47.590079, -120.87053552
47.599079, -120.87053552
47.608079, -120.87053552
47.617079, -120.87053552
47.626079, -120.87053552
47.635079, -120.87053552
47.644079, -120.87053552
47.653079, -120.87053552
47.662079, -120.87053552
47.671079, -120.87053552
47.680079, -120.87053552
47.689079, -120.87053552
47.698079, -120.87053552
47.707079, -120.87053552
47.716079, -120.87053552
47.725079, -120.87053552
47.734079, -120.87053552
47.743079, -120.87053552
47.752079, -120.87053552
47.761079, -120.87053552
47.770079, -120.87053552
47.779079, -120.87053552
47.788079, -120.87053552
47.797079, -120.87053552
47.806079, -120.87053552
47.815079, -120.87053552
47.824079, -120.87053552
47.833079, -120.87053552
47.842079, -120.87053552
47.851079, -120.87053552
47.860079, -120.87053552
47.869079, -120.87053552
47.878079, -120.87053552
47.887079, -120.87053552
47.896079, -120.87053552
47.905079, -120.87053552
47.914079, -120.87053552
47.923079, -120.87053552
47.932079, -120.87053552
47.941079, -120.87053552
47.950079, -120.87053552
47.959079, -120.87053552
47.968079, -120.87053552
47.977079, -120.87053552
47.986079, -120.87053552
47.995079, -120.87053552
48.004079, -120.87053552
48.013079, -120.87053552
48.022079, -120.87053552
48.031079, -120.87053552
48.040079, -120.87053552
48.049079, -120.87053552
48.058079, -120.87053552
48.067079, -120.87053552
48.076079, -120.87053552
48.085079, -120.87053552
48.094079, -120.87053552
48.103079, -120.87053552
48.112079, -120.87053552
48.121079, -120.87053552
48.130079, -120.87053552
48.139079, -120.87053552
48.148079, -120.87053552
48.157079, -120.87053552
48.166079, -120.87053552
48.175079, -120.87053552
48.184079, -120.87053552
48.193079, -120.87053552
48.202079, -120.87053552
48.211079, -120.87053552
48.220079, -120.87053552
48.229079, -120.87053552
48.238079, -120.87053552
48.247079, -120.87053552
48.256079, -120.87053552
48.265079, -120.87053552
48.274079, -120.87053552
48.283079, -120.87053552
48.292079, -120.87053552
48.301079, -120.87053552
48.310079, -120.87053552
48.319079, -120.87053552
48.328079, -120.87053552
48.337079, -120.87053552
48.346079, -120.87053552
48.355079, -120.87053552
48.364079, -120.87053552
48.373079, -120.87053552
48.382079, -120.87053552
48.391079, -120.87053552
48.400079, -120.87053552
48.409079, -120.87053552
48.418079, -120.87053552
48.427079, -120.87053552
48.436079, -120.87053552
48.445079, -120.87053552
48.454079, -120.87053552
48.463079, -120.87053552
48.472079, -120.87053552
48.481079, -120.87053552
48.490079, -120.87053552
48.499079, -120.87053552
48.508079, -120.87053552
48.517079, -120.87053552
48.526079, -120.87053552
48.535079, -120.87053552
48.544079, -120.87053552
48.553079, -120.87053552
48.562079, -120.87053552
48.571079, -120.87053552
48.580079, -120.87053552
48.589079, -120.87053552
48.598079, -120.87053552
48.607079, -120.87053552
48.616079, -120.87053552
48.625079, -120.87053552
48.634079, -120.87053552
48.643079, -120.87053552
48.652079, -120.87053552
48.661079, -120.87053552
48.670079, -120.87053552
48.679079, -120.87053552
48.688079, -120.87053552
48.697079, -120.87053552
48.706079, -120.87053552
48.715079, -120.87053552
48.724079, -120.87053552
48.733079, -120.87053552
48.742079, -120.87053552
48.751079, -120.87053552
48.760079, -120.87053552
48.769079, -120.87053552
48.778079, -120.87053552
48.787079, -120.87053552
48.796079, -120.87053552
48.805079, -120.87053552
48.814079, -120.87053552
48.823079, -120.87053552
48.832079, -120.87053552
48.841079, -120.87053552
48.850079, -120.87053552
48.859079, -120.87053552
48.868079, -120.87053552
48.877079, -120.87053552
48.886079, -120.87053552
48.895079, -120.87053552
48.904079, -120.87053552
48.913079, -120.87053552
48.922079, -120.87053552
48.931079, -120.87053552
48.940079, -120.87053552
48.949079, -120.87053552
46.213079, -120.856828762
46.222079, -120.856828762
46.231079, -120.856828762
46.240079, -120.856828762
46.249079, -120.856828762
46.258079, -120.856828762
46.267079, -120.856828762
46.276079, -120.856828762
46.285079, -120.856828762
46.294079, -120.856828762
46.303079, -120.856828762
46.312079, -120.856828762
46.321079, -120.856828762
46.330079, -120.856828762
46.339079, -120.856828762
46.348079, -120.856828762
46.357079, -120.856828762
46.366079, -120.856828762
46.375079, -120.856828762
46.384079, -120.856828762
46.393079, -120.856828762
46.402079, -120.856828762
46.411079, -120.856828762
46.420079, -120.856828762
46.429079, -120.856828762
46.438079, -120.856828762
46.447079, -120.856828762
46.456079, -120.856828762
46.465079, -120.856828762
46.474079, -120.856828762
46.483079, -120.856828762
46.492079, -120.856828762
46.501079, -120.856828762
46.510079, -120.856828762
46.519079, -120.856828762
46.528079, -120.856828762
46.537079, -120.856828762
46.546079, -120.856828762
46.555079, -120.856828762
46.564079, -120.856828762
46.573079, -120.856828762
46.582079, -120.856828762
46.591079, -120.856828762
46.600079, -120.856828762
46.609079, -120.856828762
46.618079, -120.856828762
46.627079, -120.856828762
46.636079, -120.856828762
46.645079, -120.856828762
46.654079, -120.856828762
46.663079, -120.856828762
46.672079, -120.856828762
46.681079, -120.856828762
46.690079, -120.856828762
46.699079, -120.856828762
46.708079, -120.856828762
46.717079, -120.856828762
46.726079, -120.856828762
46.735079, -120.856828762
46.744079, -120.856828762
46.753079, -120.856828762
46.762079, -120.856828762
46.771079, -120.856828762
46.780079, -120.856828762
46.789079, -120.856828762
46.798079, -120.856828762
46.807079, -120.856828762
46.816079, -120.856828762
46.825079, -120.856828762
46.834079, -120.856828762
46.843079, -120.856828762
46.852079, -120.856828762
46.861079, -120.856828762
46.870079, -120.856828762
46.879079, -120.856828762
46.888079, -120.856828762
46.897079, -120.856828762
46.906079, -120.856828762
46.915079, -120.856828762
46.924079, -120.856828762
46.933079, -120.856828762
46.942079, -120.856828762
46.951079, -120.856828762
46.960079, -120.856828762
46.969079, -120.856828762
46.978079, -120.856828762
46.987079, -120.856828762
46.996079, -120.856828762
47.005079, -120.856828762
47.014079, -120.856828762
47.023079, -120.856828762
47.032079, -120.856828762
47.041079, -120.856828762
47.050079, -120.856828762
47.059079, -120.856828762
47.068079, -120.856828762
47.077079, -120.856828762
47.086079, -120.856828762
47.095079, -120.856828762
47.104079, -120.856828762
47.113079, -120.856828762
47.122079, -120.856828762
47.131079, -120.856828762
47.140079, -120.856828762
47.149079, -120.856828762
47.158079, -120.856828762
47.167079, -120.856828762
47.176079, -120.856828762
47.185079, -120.856828762
47.194079, -120.856828762
47.203079, -120.856828762
47.212079, -120.856828762
47.221079, -120.856828762
47.230079, -120.856828762
47.239079, -120.856828762
47.248079, -120.856828762
47.257079, -120.856828762
47.266079, -120.856828762
47.275079, -120.856828762
47.284079, -120.856828762
47.293079, -120.856828762
47.302079, -120.856828762
47.311079, -120.856828762
47.320079, -120.856828762
47.329079, -120.856828762
47.338079, -120.856828762
47.347079, -120.856828762
47.356079, -120.856828762
47.365079, -120.856828762
47.374079, -120.856828762
47.383079, -120.856828762
47.392079, -120.856828762
47.401079, -120.856828762
47.410079, -120.856828762
47.419079, -120.856828762
47.428079, -120.856828762
47.437079, -120.856828762
47.446079, -120.856828762
47.455079, -120.856828762
47.464079, -120.856828762
47.473079, -120.856828762
47.482079, -120.856828762
47.491079, -120.856828762
47.500079, -120.856828762
47.509079, -120.856828762
47.518079, -120.856828762
47.527079, -120.856828762
47.536079, -120.856828762
47.545079, -120.856828762
47.554079, -120.856828762
47.563079, -120.856828762
47.572079, -120.856828762
47.581079, -120.856828762
47.590079, -120.856828762
47.599079, -120.856828762
47.608079, -120.856828762
47.617079, -120.856828762
47.626079, -120.856828762
47.635079, -120.856828762
47.644079, -120.856828762
47.653079, -120.856828762
47.662079, -120.856828762
47.671079, -120.856828762
47.680079, -120.856828762
47.689079, -120.856828762
47.698079, -120.856828762
47.707079, -120.856828762
47.716079, -120.856828762
47.725079, -120.856828762
47.734079, -120.856828762
47.743079, -120.856828762
47.752079, -120.856828762
47.761079, -120.856828762
47.770079, -120.856828762
47.779079, -120.856828762
47.788079, -120.856828762
47.797079, -120.856828762
47.806079, -120.856828762
47.815079, -120.856828762
47.824079, -120.856828762
47.833079, -120.856828762
47.842079, -120.856828762
47.851079, -120.856828762
47.860079, -120.856828762
47.869079, -120.856828762
47.878079, -120.856828762
47.887079, -120.856828762
47.896079, -120.856828762
47.905079, -120.856828762
47.914079, -120.856828762
47.923079, -120.856828762
47.932079, -120.856828762
47.941079, -120.856828762
47.950079, -120.856828762
47.959079, -120.856828762
47.968079, -120.856828762
47.977079, -120.856828762
47.986079, -120.856828762
47.995079, -120.856828762
48.004079, -120.856828762
48.013079, -120.856828762
48.022079, -120.856828762
48.031079, -120.856828762
48.040079, -120.856828762
48.049079, -120.856828762
48.058079, -120.856828762
48.067079, -120.856828762
48.076079, -120.856828762
48.085079, -120.856828762
48.094079, -120.856828762
48.103079, -120.856828762
48.112079, -120.856828762
48.121079, -120.856828762
48.130079, -120.856828762
48.139079, -120.856828762
48.148079, -120.856828762
48.157079, -120.856828762
48.166079, -120.856828762
48.175079, -120.856828762
48.184079, -120.856828762
48.193079, -120.856828762
48.202079, -120.856828762
48.211079, -120.856828762
48.220079, -120.856828762
48.229079, -120.856828762
48.238079, -120.856828762
48.247079, -120.856828762
48.256079, -120.856828762
48.265079, -120.856828762
48.274079, -120.856828762
48.283079, -120.856828762
48.292079, -120.856828762
48.301079, -120.856828762
48.310079, -120.856828762
48.319079, -120.856828762
48.328079, -120.856828762
48.337079, -120.856828762
48.346079, -120.856828762
48.355079, -120.856828762
48.364079, -120.856828762
48.373079, -120.856828762
48.382079, -120.856828762
48.391079, -120.856828762
48.400079, -120.856828762
48.409079, -120.856828762
48.418079, -120.856828762
48.427079, -120.856828762
48.436079, -120.856828762
48.445079, -120.856828762
48.454079, -120.856828762
48.463079, -120.856828762
48.472079, -120.856828762
48.481079, -120.856828762
48.490079, -120.856828762
48.499079, -120.856828762
48.508079, -120.856828762
48.517079, -120.856828762
48.526079, -120.856828762
48.535079, -120.856828762
48.544079, -120.856828762
48.553079, -120.856828762
48.562079, -120.856828762
48.571079, -120.856828762
48.580079, -120.856828762
48.589079, -120.856828762
48.598079, -120.856828762
48.607079, -120.856828762
48.616079, -120.856828762
48.625079, -120.856828762
48.634079, -120.856828762
48.643079, -120.856828762
48.652079, -120.856828762
48.661079, -120.856828762
48.670079, -120.856828762
48.679079, -120.856828762
48.688079, -120.856828762
48.697079, -120.856828762
48.706079, -120.856828762
48.715079, -120.856828762
48.724079, -120.856828762
48.733079, -120.856828762
48.742079, -120.856828762
48.751079, -120.856828762
48.760079, -120.856828762
48.769079, -120.856828762
48.778079, -120.856828762
48.787079, -120.856828762
48.796079, -120.856828762
48.805079, -120.856828762
48.814079, -120.856828762
48.823079, -120.856828762
48.832079, -120.856828762
48.841079, -120.856828762
48.850079, -120.856828762
48.859079, -120.856828762
48.868079, -120.856828762
48.877079, -120.856828762
48.886079, -120.856828762
48.895079, -120.856828762
48.904079, -120.856828762
48.913079, -120.856828762
48.922079, -120.856828762
48.931079, -120.856828762
48.940079, -120.856828762
48.949079, -120.856828762
46.213079, -120.843122003
46.222079, -120.843122003
46.231079, -120.843122003
46.240079, -120.843122003
46.249079, -120.843122003
46.258079, -120.843122003
46.267079, -120.843122003
46.276079, -120.843122003
46.285079, -120.843122003
46.294079, -120.843122003
46.303079, -120.843122003
46.312079, -120.843122003
46.321079, -120.843122003
46.330079, -120.843122003
46.339079, -120.843122003
46.348079, -120.843122003
46.357079, -120.843122003
46.366079, -120.843122003
46.375079, -120.843122003
46.384079, -120.843122003
46.393079, -120.843122003
46.402079, -120.843122003
46.411079, -120.843122003
46.420079, -120.843122003
46.429079, -120.843122003
46.438079, -120.843122003
46.447079, -120.843122003
46.456079, -120.843122003
46.465079, -120.843122003
46.474079, -120.843122003
46.483079, -120.843122003
46.492079, -120.843122003
46.501079, -120.843122003
46.510079, -120.843122003
46.519079, -120.843122003
46.528079, -120.843122003
46.537079, -120.843122003
46.546079, -120.843122003
46.555079, -120.843122003
46.564079, -120.843122003
46.573079, -120.843122003
46.582079, -120.843122003
46.591079, -120.843122003
46.600079, -120.843122003
46.609079, -120.843122003
46.618079, -120.843122003
46.627079, -120.843122003
46.636079, -120.843122003
46.645079, -120.843122003
46.654079, -120.843122003
46.663079, -120.843122003
46.672079, -120.843122003
46.681079, -120.843122003
46.690079, -120.843122003
46.699079, -120.843122003
46.708079, -120.843122003
46.717079, -120.843122003
46.726079, -120.843122003
46.735079, -120.843122003
46.744079, -120.843122003
46.753079, -120.843122003
46.762079, -120.843122003
46.771079, -120.843122003
46.780079, -120.843122003
46.789079, -120.843122003
46.798079, -120.843122003
46.807079, -120.843122003
46.816079, -120.843122003
46.825079, -120.843122003
46.834079, -120.843122003
46.843079, -120.843122003
46.852079, -120.843122003
46.861079, -120.843122003
46.870079, -120.843122003
46.879079, -120.843122003
46.888079, -120.843122003
46.897079, -120.843122003
46.906079, -120.843122003
46.915079, -120.843122003
46.924079, -120.843122003
46.933079, -120.843122003
46.942079, -120.843122003
46.951079, -120.843122003
46.960079, -120.843122003
46.969079, -120.843122003
46.978079, -120.843122003
46.987079, -120.843122003
46.996079, -120.843122003
47.005079, -120.843122003
47.014079, -120.843122003
47.023079, -120.843122003
47.032079, -120.843122003
47.041079, -120.843122003
47.050079, -120.843122003
47.059079, -120.843122003
47.068079, -120.843122003
47.077079, -120.843122003
47.086079, -120.843122003
47.095079, -120.843122003
47.104079, -120.843122003
47.113079, -120.843122003
47.122079, -120.843122003
47.131079, -120.843122003
47.140079, -120.843122003
47.149079, -120.843122003
47.158079, -120.843122003
47.167079, -120.843122003
47.176079, -120.843122003
47.185079, -120.843122003
47.194079, -120.843122003
47.203079, -120.843122003
47.212079, -120.843122003
47.221079, -120.843122003
47.230079, -120.843122003
47.239079, -120.843122003
47.248079, -120.843122003
47.257079, -120.843122003
47.266079, -120.843122003
47.275079, -120.843122003
47.284079, -120.843122003
47.293079, -120.843122003
47.302079, -120.843122003
47.311079, -120.843122003
47.320079, -120.843122003
47.329079, -120.843122003
47.338079, -120.843122003
47.347079, -120.843122003
47.356079, -120.843122003
47.365079, -120.843122003
47.374079, -120.843122003
47.383079, -120.843122003
