47.932079, -117.717981067
47.941079, -117.717981067
47.950079, -117.717981067
47.959079, -117.717981067
47.968079, -117.717981067
47.977079, -117.717981067
47.986079, -117.717981067
47.995079, -117.717981067
48.004079, -117.717981067
48.013079, -117.717981067
48.022079, -117.717981067
48.031079, -117.717981067
48.040079, -117.717981067
48.049079, -117.717981067
48.058079, -117.717981067
48.067079, -117.717981067
48.076079, -117.717981067
48.085079, -117.717981067
48.094079, -117.717981067
48.103079, -117.717981067
48.112079, -117.717981067
48.121079, -117.717981067
48.130079, -117.717981067
48.139079, -117.717981067
48.148079, -117.717981067
48.157079, -117.717981067
48.166079, -117.717981067
48.175079, -117.717981067
48.184079, -117.717981067
48.193079, -117.717981067
48.202079, -117.717981067
48.211079, -117.717981067
48.220079, -117.717981067
48.229079, -117.717981067
48.238079, -117.717981067
48.247079, -117.717981067
48.256079, -117.717981067
48.265079, -117.717981067
48.274079, -117.717981067
48.283079, -117.717981067
48.292079, -117.717981067
48.301079, -117.717981067
48.310079, -117.717981067
48.319079, -117.717981067
48.328079, -117.717981067
48.337079, -117.717981067
48.346079, -117.717981067
48.355079, -117.717981067
48.364079, -117.717981067
48.373079, -117.717981067
48.382079, -117.717981067
48.391079, -117.717981067
48.400079, -117.717981067
48.409079, -117.717981067
48.418079, -117.717981067
48.427079, -117.717981067
48.436079, -117.717981067
48.445079, -117.717981067
48.454079, -117.717981067
48.463079, -117.717981067
48.472079, -117.717981067
48.481079, -117.717981067
48.490079, -117.717981067
48.499079, -117.717981067
48.508079, -117.717981067
48.517079, -117.717981067
48.526079, -117.717981067
48.535079, -117.717981067
48.544079, -117.717981067
48.553079, -117.717981067
48.562079, -117.717981067
48.571079, -117.717981067
48.580079, -117.717981067
48.589079, -117.717981067
48.598079, -117.717981067
48.607079, -117.717981067
48.616079, -117.717981067
48.625079, -117.717981067
48.634079, -117.717981067
48.643079, -117.717981067
48.652079, -117.717981067
48.661079, -117.717981067
48.670079, -117.717981067
48.679079, -117.717981067
48.688079, -117.717981067
48.697079, -117.717981067
48.706079, -117.717981067
48.715079, -117.717981067
48.724079, -117.717981067
48.733079, -117.717981067
48.742079, -117.717981067
48.751079, -117.717981067
48.760079, -117.717981067
48.769079, -117.717981067
48.778079, -117.717981067
48.787079, -117.717981067
48.796079, -117.717981067
48.805079, -117.717981067
48.814079, -117.717981067
48.823079, -117.717981067
48.832079, -117.717981067
48.841079, -117.717981067
48.850079, -117.717981067
48.859079, -117.717981067
48.868079, -117.717981067
48.877079, -117.717981067
48.886079, -117.717981067
48.895079, -117.717981067
48.904079, -117.717981067
48.913079, -117.717981067
48.922079, -117.717981067
48.931079, -117.717981067
48.940079, -117.717981067
48.949079, -117.717981067
46.213079, -117.704274309
46.222079, -117.704274309
46.231079, -117.704274309
46.240079, -117.704274309
46.249079, -117.704274309
46.258079, -117.704274309
46.267079, -117.704274309
46.276079, -117.704274309
46.285079, -117.704274309
46.294079, -117.704274309
46.303079, -117.704274309
46.312079, -117.704274309
46.321079, -117.704274309
46.330079, -117.704274309
46.339079, -117.704274309
46.348079, -117.704274309
46.357079, -117.704274309
46.366079, -117.704274309
46.375079, -117.704274309
46.384079, -117.704274309
46.393079, -117.704274309
46.402079, -117.704274309
46.411079, -117.704274309
46.420079, -117.704274309
46.429079, -117.704274309
46.438079, -117.704274309
46.447079, -117.704274309
46.456079, -117.704274309
46.465079, -117.704274309
46.474079, -117.704274309
46.483079, -117.704274309
46.492079, -117.704274309
46.501079, -117.704274309
46.510079, -117.704274309
46.519079, -117.704274309
46.528079, -117.704274309
46.537079, -117.704274309
46.546079, -117.704274309
46.555079, -117.704274309
46.564079, -117.704274309
46.573079, -117.704274309
46.582079, -117.704274309
46.591079, -117.704274309
46.600079, -117.704274309
46.609079, -117.704274309
46.618079, -117.704274309
46.627079, -117.704274309
46.636079, -117.704274309
46.645079, -117.704274309
46.654079, -117.704274309
46.663079, -117.704274309
46.672079, -117.704274309
46.681079, -117.704274309
46.690079, -117.704274309
46.699079, -117.704274309
46.708079, -117.704274309
46.717079, -117.704274309
46.726079, -117.704274309
46.735079, -117.704274309
46.744079, -117.704274309
46.753079, -117.704274309
46.762079, -117.704274309
46.771079, -117.704274309
46.780079, -117.704274309
46.789079, -117.704274309
46.798079, -117.704274309
46.807079, -117.704274309
46.816079, -117.704274309
46.825079, -117.704274309
46.834079, -117.704274309
46.843079, -117.704274309
46.852079, -117.704274309
46.861079, -117.704274309
46.870079, -117.704274309
46.879079, -117.704274309
46.888079, -117.704274309
46.897079, -117.704274309
46.906079, -117.704274309
46.915079, -117.704274309
46.924079, -117.704274309
46.933079, -117.704274309
46.942079, -117.704274309
46.951079, -117.704274309
46.960079, -117.704274309
46.969079, -117.704274309
46.978079, -117.704274309
46.987079, -117.704274309
46.996079, -117.704274309
47.005079, -117.704274309
47.014079, -117.704274309
47.023079, -117.704274309
47.032079, -117.704274309
47.041079, -117.704274309
47.050079, -117.704274309
47.059079, -117.704274309
47.068079, -117.704274309
47.077079, -117.704274309
47.086079, -117.704274309
47.095079, -117.704274309
47.104079, -117.704274309
47.113079, -117.704274309
47.122079, -117.704274309
47.131079, -117.704274309
47.140079, -117.704274309
47.149079, -117.704274309
47.158079, -117.704274309
47.167079, -117.704274309
47.176079, -117.704274309
47.185079, -117.704274309
47.194079, -117.704274309
47.203079, -117.704274309
47.212079, -117.704274309
47.221079, -117.704274309
47.230079, -117.704274309
47.239079, -117.704274309
47.248079, -117.704274309
47.257079, -117.704274309
47.266079, -117.704274309
47.275079, -117.704274309
47.284079, -117.704274309
47.293079, -117.704274309
47.302079, -117.704274309
47.311079, -117.704274309
47.320079, -117.704274309
47.329079, -117.704274309
47.338079, -117.704274309
47.347079, -117.704274309
47.356079, -117.704274309
47.365079, -117.704274309
47.374079, -117.704274309
47.383079, -117.704274309
47.392079, -117.704274309
47.401079, -117.704274309
47.410079, -117.704274309
47.419079, -117.704274309
47.428079, -117.704274309
47.437079, -117.704274309
47.446079, -117.704274309
47.455079, -117.704274309
47.464079, -117.704274309
47.473079, -117.704274309
47.482079, -117.704274309
47.491079, -117.704274309
47.500079, -117.704274309
47.509079, -117.704274309
47.518079, -117.704274309
47.527079, -117.704274309
47.536079, -117.704274309
47.545079, -117.704274309
47.554079, -117.704274309
47.563079, -117.704274309
47.572079, -117.704274309
47.581079, -117.704274309
47.590079, -117.704274309
47.599079, -117.704274309
47.608079, -117.704274309
47.617079, -117.704274309
47.626079, -117.704274309
47.635079, -117.704274309
47.644079, -117.704274309
47.653079, -117.704274309
47.662079, -117.704274309
47.671079, -117.704274309
47.680079, -117.704274309
47.689079, -117.704274309
47.698079, -117.704274309
47.707079, -117.704274309
47.716079, -117.704274309
47.725079, -117.704274309
47.734079, -117.704274309
47.743079, -117.704274309
47.752079, -117.704274309
47.761079, -117.704274309
47.770079, -117.704274309
47.779079, -117.704274309
47.788079, -117.704274309
47.797079, -117.704274309
47.806079, -117.704274309
47.815079, -117.704274309
47.824079, -117.704274309
47.833079, -117.704274309
47.842079, -117.704274309
47.851079, -117.704274309
47.860079, -117.704274309
47.869079, -117.704274309
47.878079, -117.704274309
47.887079, -117.704274309
47.896079, -117.704274309
47.905079, -117.704274309
47.914079, -117.704274309
47.923079, -117.704274309
47.932079, -117.704274309
47.941079, -117.704274309
47.950079, -117.704274309
47.959079, -117.704274309
47.968079, -117.704274309
47.977079, -117.704274309
47.986079, -117.704274309
47.995079, -117.704274309
48.004079, -117.704274309
48.013079, -117.704274309
48.022079, -117.704274309
48.031079, -117.704274309
48.040079, -117.704274309
48.049079, -117.704274309
48.058079, -117.704274309
48.067079, -117.704274309
48.076079, -117.704274309
48.085079, -117.704274309
48.094079, -117.704274309
48.103079, -117.704274309
48.112079, -117.704274309
48.121079, -117.704274309
48.130079, -117.704274309
48.139079, -117.704274309
48.148079, -117.704274309
48.157079, -117.704274309
48.166079, -117.704274309
48.175079, -117.704274309
48.184079, -117.704274309
48.193079, -117.704274309
48.202079, -117.704274309
48.211079, -117.704274309
48.220079, -117.704274309
48.229079, -117.704274309
48.238079, -117.704274309
48.247079, -117.704274309
48.256079, -117.704274309
48.265079, -117.704274309
48.274079, -117.704274309
48.283079, -117.704274309
48.292079, -117.704274309
48.301079, -117.704274309
48.310079, -117.704274309
48.319079, -117.704274309
48.328079, -117.704274309
48.337079, -117.704274309
48.346079, -117.704274309
48.355079, -117.704274309
48.364079, -117.704274309
48.373079, -117.704274309
48.382079, -117.704274309
48.391079, -117.704274309
48.400079, -117.704274309
48.409079, -117.704274309
48.418079, -117.704274309
48.427079, -117.704274309
48.436079, -117.704274309
48.445079, -117.704274309
48.454079, -117.704274309
48.463079, -117.704274309
48.472079, -117.704274309
48.481079, -117.704274309
48.490079, -117.704274309
48.499079, -117.704274309
48.508079, -117.704274309
48.517079, -117.704274309
48.526079, -117.704274309
48.535079, -117.704274309
48.544079, -117.704274309
48.553079, -117.704274309
48.562079, -117.704274309
48.571079, -117.704274309
48.580079, -117.704274309
48.589079, -117.704274309
48.598079, -117.704274309
48.607079, -117.704274309
48.616079, -117.704274309
48.625079, -117.704274309
48.634079, -117.704274309
48.643079, -117.704274309
48.652079, -117.704274309
48.661079, -117.704274309
48.670079, -117.704274309
48.679079, -117.704274309
48.688079, -117.704274309
48.697079, -117.704274309
48.706079, -117.704274309
48.715079, -117.704274309
48.724079, -117.704274309
48.733079, -117.704274309
48.742079, -117.704274309
48.751079, -117.704274309
48.760079, -117.704274309
48.769079, -117.704274309
48.778079, -117.704274309
48.787079, -117.704274309
48.796079, -117.704274309
48.805079, -117.704274309
48.814079, -117.704274309
48.823079, -117.704274309
48.832079, -117.704274309
48.841079, -117.704274309
48.850079, -117.704274309
48.859079, -117.704274309
48.868079, -117.704274309
48.877079, -117.704274309
48.886079, -117.704274309
48.895079, -117.704274309
48.904079, -117.704274309
48.913079, -117.704274309
48.922079, -117.704274309
48.931079, -117.704274309
48.940079, -117.704274309
48.949079, -117.704274309
46.213079, -117.69056755
46.222079, -117.69056755
46.231079, -117.69056755
46.240079, -117.69056755
46.249079, -117.69056755
46.258079, -117.69056755
46.267079, -117.69056755
46.276079, -117.69056755
46.285079, -117.69056755
46.294079, -117.69056755
46.303079, -117.69056755
46.312079, -117.69056755
46.321079, -117.69056755
46.330079, -117.69056755
46.339079, -117.69056755
46.348079, -117.69056755
46.357079, -117.69056755
46.366079, -117.69056755
46.375079, -117.69056755
46.384079, -117.69056755
46.393079, -117.69056755
46.402079, -117.69056755
46.411079, -117.69056755
46.420079, -117.69056755
46.429079, -117.69056755
46.438079, -117.69056755
46.447079, -117.69056755
46.456079, -117.69056755
46.465079, -117.69056755
46.474079, -117.69056755
46.483079, -117.69056755
46.492079, -117.69056755
46.501079, -117.69056755
46.510079, -117.69056755
46.519079, -117.69056755
46.528079, -117.69056755
46.537079, -117.69056755
46.546079, -117.69056755
46.555079, -117.69056755
46.564079, -117.69056755
46.573079, -117.69056755
46.582079, -117.69056755
46.591079, -117.69056755
46.600079, -117.69056755
46.609079, -117.69056755
46.618079, -117.69056755
46.627079, -117.69056755
46.636079, -117.69056755
46.645079, -117.69056755
46.654079, -117.69056755
46.663079, -117.69056755
46.672079, -117.69056755
46.681079, -117.69056755
46.690079, -117.69056755
46.699079, -117.69056755
46.708079, -117.69056755
46.717079, -117.69056755
46.726079, -117.69056755
46.735079, -117.69056755
46.744079, -117.69056755
46.753079, -117.69056755
46.762079, -117.69056755
46.771079, -117.69056755
46.780079, -117.69056755
46.789079, -117.69056755
46.798079, -117.69056755
46.807079, -117.69056755
46.816079, -117.69056755
46.825079, -117.69056755
46.834079, -117.69056755
46.843079, -117.69056755
46.852079, -117.69056755
46.861079, -117.69056755
46.870079, -117.69056755
46.879079, -117.69056755
46.888079, -117.69056755
46.897079, -117.69056755
46.906079, -117.69056755
46.915079, -117.69056755
46.924079, -117.69056755
46.933079, -117.69056755
46.942079, -117.69056755
46.951079, -117.69056755
46.960079, -117.69056755
46.969079, -117.69056755
46.978079, -117.69056755
46.987079, -117.69056755
46.996079, -117.69056755
47.005079, -117.69056755
47.014079, -117.69056755
47.023079, -117.69056755
47.032079, -117.69056755
47.041079, -117.69056755
47.050079, -117.69056755
47.059079, -117.69056755
47.068079, -117.69056755
47.077079, -117.69056755
47.086079, -117.69056755
47.095079, -117.69056755
47.104079, -117.69056755
47.113079, -117.69056755
47.122079, -117.69056755
47.131079, -117.69056755
47.140079, -117.69056755
47.149079, -117.69056755
47.158079, -117.69056755
47.167079, -117.69056755
47.176079, -117.69056755
47.185079, -117.69056755
47.194079, -117.69056755
47.203079, -117.69056755
47.212079, -117.69056755
47.221079, -117.69056755
47.230079, -117.69056755
47.239079, -117.69056755
47.248079, -117.69056755
47.257079, -117.69056755
47.266079, -117.69056755
47.275079, -117.69056755
47.284079, -117.69056755
47.293079, -117.69056755
47.302079, -117.69056755
47.311079, -117.69056755
47.320079, -117.69056755
47.329079, -117.69056755
47.338079, -117.69056755
47.347079, -117.69056755
47.356079, -117.69056755
47.365079, -117.69056755
47.374079, -117.69056755
47.383079, -117.69056755
47.392079, -117.69056755
47.401079, -117.69056755
47.410079, -117.69056755
47.419079, -117.69056755
47.428079, -117.69056755
47.437079, -117.69056755
47.446079, -117.69056755
47.455079, -117.69056755
47.464079, -117.69056755
47.473079, -117.69056755
47.482079, -117.69056755
47.491079, -117.69056755
47.500079, -117.69056755
47.509079, -117.69056755
47.518079, -117.69056755
47.527079, -117.69056755
47.536079, -117.69056755
47.545079, -117.69056755
47.554079, -117.69056755
47.563079, -117.69056755
47.572079, -117.69056755
47.581079, -117.69056755
47.590079, -117.69056755
47.599079, -117.69056755
47.608079, -117.69056755
47.617079, -117.69056755
47.626079, -117.69056755
47.635079, -117.69056755
47.644079, -117.69056755
47.653079, -117.69056755
47.662079, -117.69056755
47.671079, -117.69056755
47.680079, -117.69056755
47.689079, -117.69056755
47.698079, -117.69056755
47.707079, -117.69056755
47.716079, -117.69056755
47.725079, -117.69056755
47.734079, -117.69056755
47.743079, -117.69056755
47.752079, -117.69056755
47.761079, -117.69056755
47.770079, -117.69056755
47.779079, -117.69056755
47.788079, -117.69056755
47.797079, -117.69056755
47.806079, -117.69056755
47.815079, -117.69056755
47.824079, -117.69056755
47.833079, -117.69056755
47.842079, -117.69056755
47.851079, -117.69056755
47.860079, -117.69056755
47.869079, -117.69056755
47.878079, -117.69056755
47.887079, -117.69056755
47.896079, -117.69056755
47.905079, -117.69056755
47.914079, -117.69056755
47.923079, -117.69056755
47.932079, -117.69056755
47.941079, -117.69056755
47.950079, -117.69056755
47.959079, -117.69056755
47.968079, -117.69056755
47.977079, -117.69056755
47.986079, -117.69056755
47.995079, -117.69056755
48.004079, -117.69056755
48.013079, -117.69056755
48.022079, -117.69056755
48.031079, -117.69056755
48.040079, -117.69056755
48.049079, -117.69056755
48.058079, -117.69056755
48.067079, -117.69056755
48.076079, -117.69056755
48.085079, -117.69056755
48.094079, -117.69056755
48.103079, -117.69056755
48.112079, -117.69056755
48.121079, -117.69056755
48.130079, -117.69056755
48.139079, -117.69056755
48.148079, -117.69056755
48.157079, -117.69056755
48.166079, -117.69056755
48.175079, -117.69056755
48.184079, -117.69056755
48.193079, -117.69056755
48.202079, -117.69056755
48.211079, -117.69056755
48.220079, -117.69056755
48.229079, -117.69056755
48.238079, -117.69056755
48.247079, -117.69056755
48.256079, -117.69056755
48.265079, -117.69056755
48.274079, -117.69056755
48.283079, -117.69056755
48.292079, -117.69056755
48.301079, -117.69056755
48.310079, -117.69056755
48.319079, -117.69056755
48.328079, -117.69056755
48.337079, -117.69056755
48.346079, -117.69056755
48.355079, -117.69056755
48.364079, -117.69056755
48.373079, -117.69056755
48.382079, -117.69056755
48.391079, -117.69056755
48.400079, -117.69056755
48.409079, -117.69056755
48.418079, -117.69056755
48.427079, -117.69056755
48.436079, -117.69056755
48.445079, -117.69056755
48.454079, -117.69056755
48.463079, -117.69056755
48.472079, -117.69056755
48.481079, -117.69056755
48.490079, -117.69056755
48.499079, -117.69056755
48.508079, -117.69056755
48.517079, -117.69056755
48.526079, -117.69056755
48.535079, -117.69056755
48.544079, -117.69056755
48.553079, -117.69056755
48.562079, -117.69056755
48.571079, -117.69056755
48.580079, -117.69056755
48.589079, -117.69056755
48.598079, -117.69056755
48.607079, -117.69056755
48.616079, -117.69056755
48.625079, -117.69056755
48.634079, -117.69056755
48.643079, -117.69056755
48.652079, -117.69056755
48.661079, -117.69056755
48.670079, -117.69056755
48.679079, -117.69056755
48.688079, -117.69056755
48.697079, -117.69056755
48.706079, -117.69056755
48.715079, -117.69056755
48.724079, -117.69056755
48.733079, -117.69056755
48.742079, -117.69056755
48.751079, -117.69056755
48.760079, -117.69056755
48.769079, -117.69056755
48.778079, -117.69056755
48.787079, -117.69056755
48.796079, -117.69056755
48.805079, -117.69056755
48.814079, -117.69056755
48.823079, -117.69056755
48.832079, -117.69056755
48.841079, -117.69056755
48.850079, -117.69056755
48.859079, -117.69056755
48.868079, -117.69056755
48.877079, -117.69056755
48.886079, -117.69056755
48.895079, -117.69056755
48.904079, -117.69056755
48.913079, -117.69056755
48.922079, -117.69056755
48.931079, -117.69056755
48.940079, -117.69056755
48.949079, -117.69056755
46.213079, -117.676860792
46.222079, -117.676860792
46.231079, -117.676860792
46.240079, -117.676860792
46.249079, -117.676860792
46.258079, -117.676860792
46.267079, -117.676860792
46.276079, -117.676860792
46.285079, -117.676860792
46.294079, -117.676860792
46.303079, -117.676860792
46.312079, -117.676860792
46.321079, -117.676860792
46.330079, -117.676860792
46.339079, -117.676860792
46.348079, -117.676860792
46.357079, -117.676860792
46.366079, -117.676860792
46.375079, -117.676860792
46.384079, -117.676860792
46.393079, -117.676860792
46.402079, -117.676860792
46.411079, -117.676860792
46.420079, -117.676860792
46.429079, -117.676860792
46.438079, -117.676860792
46.447079, -117.676860792
46.456079, -117.676860792
46.465079, -117.676860792
46.474079, -117.676860792
46.483079, -117.676860792
46.492079, -117.676860792
46.501079, -117.676860792
46.510079, -117.676860792
46.519079, -117.676860792
46.528079, -117.676860792
46.537079, -117.676860792
46.546079, -117.676860792
46.555079, -117.676860792
46.564079, -117.676860792
46.573079, -117.676860792
46.582079, -117.676860792
46.591079, -117.676860792
46.600079, -117.676860792
46.609079, -117.676860792
46.618079, -117.676860792
46.627079, -117.676860792
46.636079, -117.676860792
46.645079, -117.676860792
46.654079, -117.676860792
46.663079, -117.676860792
46.672079, -117.676860792
46.681079, -117.676860792
46.690079, -117.676860792
46.699079, -117.676860792
46.708079, -117.676860792
46.717079, -117.676860792
46.726079, -117.676860792
46.735079, -117.676860792
46.744079, -117.676860792
46.753079, -117.676860792
46.762079, -117.676860792
46.771079, -117.676860792
46.780079, -117.676860792
46.789079, -117.676860792
46.798079, -117.676860792
46.807079, -117.676860792
46.816079, -117.676860792
46.825079, -117.676860792
46.834079, -117.676860792
46.843079, -117.676860792
46.852079, -117.676860792
46.861079, -117.676860792
46.870079, -117.676860792
46.879079, -117.676860792
46.888079, -117.676860792
46.897079, -117.676860792
46.906079, -117.676860792
46.915079, -117.676860792
46.924079, -117.676860792
46.933079, -117.676860792
46.942079, -117.676860792
46.951079, -117.676860792
46.960079, -117.676860792
46.969079, -117.676860792
46.978079, -117.676860792
46.987079, -117.676860792
46.996079, -117.676860792
47.005079, -117.676860792
47.014079, -117.676860792
47.023079, -117.676860792
47.032079, -117.676860792
47.041079, -117.676860792
47.050079, -117.676860792
47.059079, -117.676860792
47.068079, -117.676860792
47.077079, -117.676860792
47.086079, -117.676860792
47.095079, -117.676860792
47.104079, -117.676860792
47.113079, -117.676860792
47.122079, -117.676860792
47.131079, -117.676860792
47.140079, -117.676860792
47.149079, -117.676860792
47.158079, -117.676860792
47.167079, -117.676860792
47.176079, -117.676860792
47.185079, -117.676860792
47.194079, -117.676860792
47.203079, -117.676860792
47.212079, -117.676860792
47.221079, -117.676860792
47.230079, -117.676860792
47.239079, -117.676860792
47.248079, -117.676860792
47.257079, -117.676860792
47.266079, -117.676860792
47.275079, -117.676860792
47.284079, -117.676860792
47.293079, -117.676860792
47.302079, -117.676860792
47.311079, -117.676860792
47.320079, -117.676860792
47.329079, -117.676860792
47.338079, -117.676860792
47.347079, -117.676860792
47.356079, -117.676860792
47.365079, -117.676860792
47.374079, -117.676860792
47.383079, -117.676860792
47.392079, -117.676860792
47.401079, -117.676860792
47.410079, -117.676860792
47.419079, -117.676860792
47.428079, -117.676860792
47.437079, -117.676860792
47.446079, -117.676860792
47.455079, -117.676860792
47.464079, -117.676860792
47.473079, -117.676860792
47.482079, -117.676860792
47.491079, -117.676860792
47.500079, -117.676860792
47.509079, -117.676860792
47.518079, -117.676860792
47.527079, -117.676860792
47.536079, -117.676860792
47.545079, -117.676860792
47.554079, -117.676860792
47.563079, -117.676860792
47.572079, -117.676860792
47.581079, -117.676860792
47.590079, -117.676860792
47.599079, -117.676860792
47.608079, -117.676860792
47.617079, -117.676860792
47.626079, -117.676860792
47.635079, -117.676860792
47.644079, -117.676860792
47.653079, -117.676860792
47.662079, -117.676860792
47.671079, -117.676860792
47.680079, -117.676860792
47.689079, -117.676860792
47.698079, -117.676860792
47.707079, -117.676860792
47.716079, -117.676860792
47.725079, -117.676860792
47.734079, -117.676860792
47.743079, -117.676860792
47.752079, -117.676860792
47.761079, -117.676860792
47.770079, -117.676860792
47.779079, -117.676860792
47.788079, -117.676860792
47.797079, -117.676860792
47.806079, -117.676860792
47.815079, -117.676860792
47.824079, -117.676860792
47.833079, -117.676860792
47.842079, -117.676860792
47.851079, -117.676860792
47.860079, -117.676860792
47.869079, -117.676860792
47.878079, -117.676860792
47.887079, -117.676860792
47.896079, -117.676860792
47.905079, -117.676860792
47.914079, -117.676860792
47.923079, -117.676860792
47.932079, -117.676860792
47.941079, -117.676860792
47.950079, -117.676860792
47.959079, -117.676860792
47.968079, -117.676860792
47.977079, -117.676860792
47.986079, -117.676860792
47.995079, -117.676860792
48.004079, -117.676860792
48.013079, -117.676860792
48.022079, -117.676860792
48.031079, -117.676860792
48.040079, -117.676860792
48.049079, -117.676860792
48.058079, -117.676860792
48.067079, -117.676860792
48.076079, -117.676860792
48.085079, -117.676860792
48.094079, -117.676860792
48.103079, -117.676860792
48.112079, -117.676860792
48.121079, -117.676860792
48.130079, -117.676860792
48.139079, -117.676860792
48.148079, -117.676860792
48.157079, -117.676860792
48.166079, -117.676860792
48.175079, -117.676860792
48.184079, -117.676860792
48.193079, -117.676860792
48.202079, -117.676860792
48.211079, -117.676860792
48.220079, -117.676860792
48.229079, -117.676860792
48.238079, -117.676860792
48.247079, -117.676860792
48.256079, -117.676860792
48.265079, -117.676860792
48.274079, -117.676860792
48.283079, -117.676860792
48.292079, -117.676860792
48.301079, -117.676860792
48.310079, -117.676860792
48.319079, -117.676860792
48.328079, -117.676860792
48.337079, -117.676860792
48.346079, -117.676860792
48.355079, -117.676860792
48.364079, -117.676860792
48.373079, -117.676860792
48.382079, -117.676860792
48.391079, -117.676860792
48.400079, -117.676860792
48.409079, -117.676860792
48.418079, -117.676860792
48.427079, -117.676860792
48.436079, -117.676860792
48.445079, -117.676860792
48.454079, -117.676860792
48.463079, -117.676860792
48.472079, -117.676860792
48.481079, -117.676860792
48.490079, -117.676860792
48.499079, -117.676860792
48.508079, -117.676860792
48.517079, -117.676860792
48.526079, -117.676860792
48.535079, -117.676860792
48.544079, -117.676860792
48.553079, -117.676860792
48.562079, -117.676860792
48.571079, -117.676860792
48.580079, -117.676860792
48.589079, -117.676860792
48.598079, -117.676860792
48.607079, -117.676860792
48.616079, -117.676860792
48.625079, -117.676860792
48.634079, -117.676860792
48.643079, -117.676860792
48.652079, -117.676860792
48.661079, -117.676860792
48.670079, -117.676860792
48.679079, -117.676860792
48.688079, -117.676860792
48.697079, -117.676860792
48.706079, -117.676860792
48.715079, -117.676860792
48.724079, -117.676860792
48.733079, -117.676860792
48.742079, -117.676860792
48.751079, -117.676860792
48.760079, -117.676860792
48.769079, -117.676860792
48.778079, -117.676860792
48.787079, -117.676860792
48.796079, -117.676860792
48.805079, -117.676860792
48.814079, -117.676860792
48.823079, -117.676860792
48.832079, -117.676860792
48.841079, -117.676860792
48.850079, -117.676860792
48.859079, -117.676860792
48.868079, -117.676860792
48.877079, -117.676860792
48.886079, -117.676860792
48.895079, -117.676860792
48.904079, -117.676860792
48.913079, -117.676860792
48.922079, -117.676860792
48.931079, -117.676860792
48.940079, -117.676860792
48.949079, -117.676860792
46.213079, -117.663154033
46.222079, -117.663154033
46.231079, -117.663154033
46.240079, -117.663154033
46.249079, -117.663154033
46.258079, -117.663154033
46.267079, -117.663154033
46.276079, -117.663154033
46.285079, -117.663154033
46.294079, -117.663154033
46.303079, -117.663154033
46.312079, -117.663154033
46.321079, -117.663154033
46.330079, -117.663154033
46.339079, -117.663154033
46.348079, -117.663154033
46.357079, -117.663154033
46.366079, -117.663154033
46.375079, -117.663154033
46.384079, -117.663154033
46.393079, -117.663154033
46.402079, -117.663154033
46.411079, -117.663154033
46.420079, -117.663154033
46.429079, -117.663154033
46.438079, -117.663154033
46.447079, -117.663154033
46.456079, -117.663154033
46.465079, -117.663154033
46.474079, -117.663154033
46.483079, -117.663154033
46.492079, -117.663154033
46.501079, -117.663154033
46.510079, -117.663154033
46.519079, -117.663154033
46.528079, -117.663154033
46.537079, -117.663154033
46.546079, -117.663154033
46.555079, -117.663154033
46.564079, -117.663154033
46.573079, -117.663154033
46.582079, -117.663154033
46.591079, -117.663154033
46.600079, -117.663154033
46.609079, -117.663154033
46.618079, -117.663154033
46.627079, -117.663154033
46.636079, -117.663154033
46.645079, -117.663154033
46.654079, -117.663154033
46.663079, -117.663154033
46.672079, -117.663154033
46.681079, -117.663154033
46.690079, -117.663154033
46.699079, -117.663154033
46.708079, -117.663154033
46.717079, -117.663154033
46.726079, -117.663154033
46.735079, -117.663154033
46.744079, -117.663154033
46.753079, -117.663154033
46.762079, -117.663154033
46.771079, -117.663154033
46.780079, -117.663154033
46.789079, -117.663154033
46.798079, -117.663154033
46.807079, -117.663154033
46.816079, -117.663154033
46.825079, -117.663154033
46.834079, -117.663154033
46.843079, -117.663154033
46.852079, -117.663154033
46.861079, -117.663154033
46.870079, -117.663154033
46.879079, -117.663154033
46.888079, -117.663154033
46.897079, -117.663154033
46.906079, -117.663154033
46.915079, -117.663154033
46.924079, -117.663154033
46.933079, -117.663154033
46.942079, -117.663154033
46.951079, -117.663154033
46.960079, -117.663154033
46.969079, -117.663154033
46.978079, -117.663154033
46.987079, -117.663154033
46.996079, -117.663154033
47.005079, -117.663154033
47.014079, -117.663154033
47.023079, -117.663154033
47.032079, -117.663154033
47.041079, -117.663154033
47.050079, -117.663154033
47.059079, -117.663154033
47.068079, -117.663154033
47.077079, -117.663154033
47.086079, -117.663154033
47.095079, -117.663154033
47.104079, -117.663154033
47.113079, -117.663154033
47.122079, -117.663154033
47.131079, -117.663154033
47.140079, -117.663154033
47.149079, -117.663154033
47.158079, -117.663154033
47.167079, -117.663154033
47.176079, -117.663154033
47.185079, -117.663154033
47.194079, -117.663154033
47.203079, -117.663154033
47.212079, -117.663154033
47.221079, -117.663154033
47.230079, -117.663154033
47.239079, -117.663154033
47.248079, -117.663154033
47.257079, -117.663154033
47.266079, -117.663154033
47.275079, -117.663154033
47.284079, -117.663154033
47.293079, -117.663154033
47.302079, -117.663154033
47.311079, -117.663154033
47.320079, -117.663154033
47.329079, -117.663154033
47.338079, -117.663154033
47.347079, -117.663154033
47.356079, -117.663154033
47.365079, -117.663154033
47.374079, -117.663154033
47.383079, -117.663154033
47.392079, -117.663154033
47.401079, -117.663154033
47.410079, -117.663154033
47.419079, -117.663154033
47.428079, -117.663154033
47.437079, -117.663154033
47.446079, -117.663154033
47.455079, -117.663154033
47.464079, -117.663154033
47.473079, -117.663154033
47.482079, -117.663154033
47.491079, -117.663154033
47.500079, -117.663154033
47.509079, -117.663154033
47.518079, -117.663154033
47.527079, -117.663154033
47.536079, -117.663154033
47.545079, -117.663154033
47.554079, -117.663154033
47.563079, -117.663154033
47.572079, -117.663154033
47.581079, -117.663154033
47.590079, -117.663154033
47.599079, -117.663154033
47.608079, -117.663154033
47.617079, -117.663154033
47.626079, -117.663154033
47.635079, -117.663154033
47.644079, -117.663154033
47.653079, -117.663154033
47.662079, -117.663154033
47.671079, -117.663154033
47.680079, -117.663154033
47.689079, -117.663154033
47.698079, -117.663154033
47.707079, -117.663154033
47.716079, -117.663154033
47.725079, -117.663154033
47.734079, -117.663154033
47.743079, -117.663154033
47.752079, -117.663154033
47.761079, -117.663154033
47.770079, -117.663154033
47.779079, -117.663154033
47.788079, -117.663154033
47.797079, -117.663154033
47.806079, -117.663154033
47.815079, -117.663154033
47.824079, -117.663154033
47.833079, -117.663154033
47.842079, -117.663154033
47.851079, -117.663154033
47.860079, -117.663154033
47.869079, -117.663154033
47.878079, -117.663154033
47.887079, -117.663154033
47.896079, -117.663154033
47.905079, -117.663154033
47.914079, -117.663154033
47.923079, -117.663154033
47.932079, -117.663154033
47.941079, -117.663154033
47.950079, -117.663154033
47.959079, -117.663154033
47.968079, -117.663154033
47.977079, -117.663154033
47.986079, -117.663154033
47.995079, -117.663154033
48.004079, -117.663154033
48.013079, -117.663154033
48.022079, -117.663154033
48.031079, -117.663154033
48.040079, -117.663154033
48.049079, -117.663154033
48.058079, -117.663154033
48.067079, -117.663154033
48.076079, -117.663154033
48.085079, -117.663154033
48.094079, -117.663154033
48.103079, -117.663154033
48.112079, -117.663154033
48.121079, -117.663154033
48.130079, -117.663154033
48.139079, -117.663154033
48.148079, -117.663154033
48.157079, -117.663154033
48.166079, -117.663154033
48.175079, -117.663154033
48.184079, -117.663154033
48.193079, -117.663154033
48.202079, -117.663154033
48.211079, -117.663154033
48.220079, -117.663154033
48.229079, -117.663154033
48.238079, -117.663154033
48.247079, -117.663154033
48.256079, -117.663154033
48.265079, -117.663154033
48.274079, -117.663154033
48.283079, -117.663154033
48.292079, -117.663154033
48.301079, -117.663154033
48.310079, -117.663154033
48.319079, -117.663154033
48.328079, -117.663154033
48.337079, -117.663154033
48.346079, -117.663154033
48.355079, -117.663154033
48.364079, -117.663154033
48.373079, -117.663154033
48.382079, -117.663154033
48.391079, -117.663154033
48.400079, -117.663154033
48.409079, -117.663154033
48.418079, -117.663154033
48.427079, -117.663154033
48.436079, -117.663154033
48.445079, -117.663154033
48.454079, -117.663154033
48.463079, -117.663154033
48.472079, -117.663154033
48.481079, -117.663154033
48.490079, -117.663154033
48.499079, -117.663154033
48.508079, -117.663154033
48.517079, -117.663154033
48.526079, -117.663154033
48.535079, -117.663154033
48.544079, -117.663154033
48.553079, -117.663154033
48.562079, -117.663154033
48.571079, -117.663154033
48.580079, -117.663154033
48.589079, -117.663154033
48.598079, -117.663154033
48.607079, -117.663154033
48.616079, -117.663154033
48.625079, -117.663154033
48.634079, -117.663154033
48.643079, -117.663154033
48.652079, -117.663154033
48.661079, -117.663154033
48.670079, -117.663154033
48.679079, -117.663154033
48.688079, -117.663154033
48.697079, -117.663154033
48.706079, -117.663154033
48.715079, -117.663154033
48.724079, -117.663154033
48.733079, -117.663154033
48.742079, -117.663154033
48.751079, -117.663154033
48.760079, -117.663154033
48.769079, -117.663154033
48.778079, -117.663154033
48.787079, -117.663154033
48.796079, -117.663154033
48.805079, -117.663154033
48.814079, -117.663154033
48.823079, -117.663154033
48.832079, -117.663154033
48.841079, -117.663154033
48.850079, -117.663154033
48.859079, -117.663154033
48.868079, -117.663154033
48.877079, -117.663154033
48.886079, -117.663154033
48.895079, -117.663154033
48.904079, -117.663154033
48.913079, -117.663154033
48.922079, -117.663154033
48.931079, -117.663154033
48.940079, -117.663154033
48.949079, -117.663154033
46.213079, -117.649447275
46.222079, -117.649447275
46.231079, -117.649447275
46.240079, -117.649447275
46.249079, -117.649447275
46.258079, -117.649447275
46.267079, -117.649447275
46.276079, -117.649447275
46.285079, -117.649447275
46.294079, -117.649447275
46.303079, -117.649447275
46.312079, -117.649447275
46.321079, -117.649447275
46.330079, -117.649447275
46.339079, -117.649447275
46.348079, -117.649447275
46.357079, -117.649447275
46.366079, -117.649447275
46.375079, -117.649447275
46.384079, -117.649447275
46.393079, -117.649447275
46.402079, -117.649447275
46.411079, -117.649447275
46.420079, -117.649447275
46.429079, -117.649447275
46.438079, -117.649447275
46.447079, -117.649447275
46.456079, -117.649447275
46.465079, -117.649447275
46.474079, -117.649447275
46.483079, -117.649447275
46.492079, -117.649447275
46.501079, -117.649447275
46.510079, -117.649447275
46.519079, -117.649447275
46.528079, -117.649447275
46.537079, -117.649447275
46.546079, -117.649447275
46.555079, -117.649447275
46.564079, -117.649447275
46.573079, -117.649447275
46.582079, -117.649447275
46.591079, -117.649447275
46.600079, -117.649447275
46.609079, -117.649447275
46.618079, -117.649447275
46.627079, -117.649447275
46.636079, -117.649447275
46.645079, -117.649447275
46.654079, -117.649447275
46.663079, -117.649447275
46.672079, -117.649447275
46.681079, -117.649447275
46.690079, -117.649447275
46.699079, -117.649447275
46.708079, -117.649447275
46.717079, -117.649447275
46.726079, -117.649447275
46.735079, -117.649447275
46.744079, -117.649447275
46.753079, -117.649447275
46.762079, -117.649447275
46.771079, -117.649447275
46.780079, -117.649447275
46.789079, -117.649447275
46.798079, -117.649447275
46.807079, -117.649447275
46.816079, -117.649447275
46.825079, -117.649447275
46.834079, -117.649447275
46.843079, -117.649447275
46.852079, -117.649447275
46.861079, -117.649447275
46.870079, -117.649447275
46.879079, -117.649447275
46.888079, -117.649447275
46.897079, -117.649447275
46.906079, -117.649447275
46.915079, -117.649447275
46.924079, -117.649447275
46.933079, -117.649447275
46.942079, -117.649447275
46.951079, -117.649447275
46.960079, -117.649447275
46.969079, -117.649447275
46.978079, -117.649447275
46.987079, -117.649447275
46.996079, -117.649447275
47.005079, -117.649447275
47.014079, -117.649447275
47.023079, -117.649447275
47.032079, -117.649447275
47.041079, -117.649447275
47.050079, -117.649447275
47.059079, -117.649447275
47.068079, -117.649447275
47.077079, -117.649447275
47.086079, -117.649447275
47.095079, -117.649447275
47.104079, -117.649447275
47.113079, -117.649447275
47.122079, -117.649447275
47.131079, -117.649447275
47.140079, -117.649447275
47.149079, -117.649447275
47.158079, -117.649447275
47.167079, -117.649447275
47.176079, -117.649447275
47.185079, -117.649447275
47.194079, -117.649447275
47.203079, -117.649447275
47.212079, -117.649447275
47.221079, -117.649447275
47.230079, -117.649447275
47.239079, -117.649447275
47.248079, -117.649447275
47.257079, -117.649447275
47.266079, -117.649447275
47.275079, -117.649447275
47.284079, -117.649447275
47.293079, -117.649447275
47.302079, -117.649447275
47.311079, -117.649447275
47.320079, -117.649447275
47.329079, -117.649447275
47.338079, -117.649447275
47.347079, -117.649447275
47.356079, -117.649447275
47.365079, -117.649447275
47.374079, -117.649447275
47.383079, -117.649447275
47.392079, -117.649447275
47.401079, -117.649447275
47.410079, -117.649447275
47.419079, -117.649447275
47.428079, -117.649447275
47.437079, -117.649447275
47.446079, -117.649447275
47.455079, -117.649447275
47.464079, -117.649447275
47.473079, -117.649447275
47.482079, -117.649447275
47.491079, -117.649447275
47.500079, -117.649447275
47.509079, -117.649447275
47.518079, -117.649447275
47.527079, -117.649447275
47.536079, -117.649447275
47.545079, -117.649447275
47.554079, -117.649447275
47.563079, -117.649447275
47.572079, -117.649447275
47.581079, -117.649447275
47.590079, -117.649447275
47.599079, -117.649447275
47.608079, -117.649447275
47.617079, -117.649447275
47.626079, -117.649447275
47.635079, -117.649447275
47.644079, -117.649447275
47.653079, -117.649447275
47.662079, -117.649447275
47.671079, -117.649447275
47.680079, -117.649447275
47.689079, -117.649447275
47.698079, -117.649447275
47.707079, -117.649447275
47.716079, -117.649447275
47.725079, -117.649447275
47.734079, -117.649447275
47.743079, -117.649447275
47.752079, -117.649447275
47.761079, -117.649447275
47.770079, -117.649447275
47.779079, -117.649447275
47.788079, -117.649447275
47.797079, -117.649447275
47.806079, -117.649447275
47.815079, -117.649447275
47.824079, -117.649447275
47.833079, -117.649447275
47.842079, -117.649447275
47.851079, -117.649447275
47.860079, -117.649447275
47.869079, -117.649447275
47.878079, -117.649447275
47.887079, -117.649447275
47.896079, -117.649447275
47.905079, -117.649447275
47.914079, -117.649447275
47.923079, -117.649447275
47.932079, -117.649447275
47.941079, -117.649447275
47.950079, -117.649447275
47.959079, -117.649447275
47.968079, -117.649447275
47.977079, -117.649447275
47.986079, -117.649447275
47.995079, -117.649447275
48.004079, -117.649447275
48.013079, -117.649447275
48.022079, -117.649447275
48.031079, -117.649447275
48.040079, -117.649447275
48.049079, -117.649447275
48.058079, -117.649447275
48.067079, -117.649447275
48.076079, -117.649447275
48.085079, -117.649447275
48.094079, -117.649447275
48.103079, -117.649447275
48.112079, -117.649447275
48.121079, -117.649447275
48.130079, -117.649447275
48.139079, -117.649447275
48.148079, -117.649447275
48.157079, -117.649447275
48.166079, -117.649447275
48.175079, -117.649447275
48.184079, -117.649447275
48.193079, -117.649447275
48.202079, -117.649447275
48.211079, -117.649447275
48.220079, -117.649447275
48.229079, -117.649447275
48.238079, -117.649447275
48.247079, -117.649447275
48.256079, -117.649447275
48.265079, -117.649447275
48.274079, -117.649447275
48.283079, -117.649447275
48.292079, -117.649447275
48.301079, -117.649447275
48.310079, -117.649447275
48.319079, -117.649447275
48.328079, -117.649447275
48.337079, -117.649447275
48.346079, -117.649447275
48.355079, -117.649447275
48.364079, -117.649447275
48.373079, -117.649447275
48.382079, -117.649447275
48.391079, -117.649447275
48.400079, -117.649447275
48.409079, -117.649447275
48.418079, -117.649447275
48.427079, -117.649447275
48.436079, -117.649447275
48.445079, -117.649447275
48.454079, -117.649447275
48.463079, -117.649447275
48.472079, -117.649447275
48.481079, -117.649447275
48.490079, -117.649447275
48.499079, -117.649447275
48.508079, -117.649447275
48.517079, -117.649447275
48.526079, -117.649447275
48.535079, -117.649447275
48.544079, -117.649447275
48.553079, -117.649447275
48.562079, -117.649447275
48.571079, -117.649447275
48.580079, -117.649447275
48.589079, -117.649447275
48.598079, -117.649447275
48.607079, -117.649447275
48.616079, -117.649447275
48.625079, -117.649447275
48.634079, -117.649447275
48.643079, -117.649447275
48.652079, -117.649447275
48.661079, -117.649447275
48.670079, -117.649447275
48.679079, -117.649447275
48.688079, -117.649447275
48.697079, -117.649447275
48.706079, -117.649447275
48.715079, -117.649447275
48.724079, -117.649447275
48.733079, -117.649447275
48.742079, -117.649447275
48.751079, -117.649447275
48.760079, -117.649447275
48.769079, -117.649447275
48.778079, -117.649447275
48.787079, -117.649447275
48.796079, -117.649447275
48.805079, -117.649447275
48.814079, -117.649447275
48.823079, -117.649447275
48.832079, -117.649447275
48.841079, -117.649447275
48.850079, -117.649447275
48.859079, -117.649447275
48.868079, -117.649447275
48.877079, -117.649447275
48.886079, -117.649447275
48.895079, -117.649447275
48.904079, -117.649447275
48.913079, -117.649447275
48.922079, -117.649447275
48.931079, -117.649447275
48.940079, -117.649447275
48.949079, -117.649447275
46.213079, -117.635740516
46.222079, -117.635740516
46.231079, -117.635740516
46.240079, -117.635740516
46.249079, -117.635740516
46.258079, -117.635740516
46.267079, -117.635740516
46.276079, -117.635740516
46.285079, -117.635740516
46.294079, -117.635740516
46.303079, -117.635740516
46.312079, -117.635740516
46.321079, -117.635740516
46.330079, -117.635740516
46.339079, -117.635740516
46.348079, -117.635740516
46.357079, -117.635740516
46.366079, -117.635740516
46.375079, -117.635740516
46.384079, -117.635740516
46.393079, -117.635740516
46.402079, -117.635740516
46.411079, -117.635740516
46.420079, -117.635740516
46.429079, -117.635740516
46.438079, -117.635740516
46.447079, -117.635740516
46.456079, -117.635740516
46.465079, -117.635740516
46.474079, -117.635740516
46.483079, -117.635740516
46.492079, -117.635740516
46.501079, -117.635740516
46.510079, -117.635740516
46.519079, -117.635740516
46.528079, -117.635740516
46.537079, -117.635740516
46.546079, -117.635740516
46.555079, -117.635740516
46.564079, -117.635740516
46.573079, -117.635740516
46.582079, -117.635740516
46.591079, -117.635740516
46.600079, -117.635740516
46.609079, -117.635740516
46.618079, -117.635740516
46.627079, -117.635740516
46.636079, -117.635740516
46.645079, -117.635740516
46.654079, -117.635740516
46.663079, -117.635740516
46.672079, -117.635740516
46.681079, -117.635740516
46.690079, -117.635740516
46.699079, -117.635740516
46.708079, -117.635740516
46.717079, -117.635740516
46.726079, -117.635740516
46.735079, -117.635740516
46.744079, -117.635740516
46.753079, -117.635740516
46.762079, -117.635740516
46.771079, -117.635740516
46.780079, -117.635740516
46.789079, -117.635740516
46.798079, -117.635740516
46.807079, -117.635740516
46.816079, -117.635740516
46.825079, -117.635740516
46.834079, -117.635740516
46.843079, -117.635740516
46.852079, -117.635740516
46.861079, -117.635740516
46.870079, -117.635740516
46.879079, -117.635740516
46.888079, -117.635740516
46.897079, -117.635740516
46.906079, -117.635740516
46.915079, -117.635740516
46.924079, -117.635740516
46.933079, -117.635740516
46.942079, -117.635740516
46.951079, -117.635740516
46.960079, -117.635740516
46.969079, -117.635740516
46.978079, -117.635740516
46.987079, -117.635740516
46.996079, -117.635740516
47.005079, -117.635740516
47.014079, -117.635740516
47.023079, -117.635740516
47.032079, -117.635740516
47.041079, -117.635740516
47.050079, -117.635740516
47.059079, -117.635740516
47.068079, -117.635740516
47.077079, -117.635740516
47.086079, -117.635740516
47.095079, -117.635740516
47.104079, -117.635740516
47.113079, -117.635740516
47.122079, -117.635740516
47.131079, -117.635740516
47.140079, -117.635740516
47.149079, -117.635740516
47.158079, -117.635740516
47.167079, -117.635740516
47.176079, -117.635740516
47.185079, -117.635740516
47.194079, -117.635740516
47.203079, -117.635740516
47.212079, -117.635740516
47.221079, -117.635740516
47.230079, -117.635740516
47.239079, -117.635740516
47.248079, -117.635740516
47.257079, -117.635740516
47.266079, -117.635740516
47.275079, -117.635740516
47.284079, -117.635740516
47.293079, -117.635740516
47.302079, -117.635740516
47.311079, -117.635740516
47.320079, -117.635740516
47.329079, -117.635740516
47.338079, -117.635740516
47.347079, -117.635740516
47.356079, -117.635740516
47.365079, -117.635740516
47.374079, -117.635740516
47.383079, -117.635740516
47.392079, -117.635740516
47.401079, -117.635740516
47.410079, -117.635740516
47.419079, -117.635740516
47.428079, -117.635740516
47.437079, -117.635740516
47.446079, -117.635740516
47.455079, -117.635740516
47.464079, -117.635740516
47.473079, -117.635740516
47.482079, -117.635740516
47.491079, -117.635740516
47.500079, -117.635740516
47.509079, -117.635740516
47.518079, -117.635740516
47.527079, -117.635740516
47.536079, -117.635740516
47.545079, -117.635740516
47.554079, -117.635740516
47.563079, -117.635740516
47.572079, -117.635740516
47.581079, -117.635740516
47.590079, -117.635740516
47.599079, -117.635740516
47.608079, -117.635740516
47.617079, -117.635740516
47.626079, -117.635740516
47.635079, -117.635740516
47.644079, -117.635740516
47.653079, -117.635740516
47.662079, -117.635740516
47.671079, -117.635740516
47.680079, -117.635740516
47.689079, -117.635740516
47.698079, -117.635740516
47.707079, -117.635740516
47.716079, -117.635740516
47.725079, -117.635740516
47.734079, -117.635740516
47.743079, -117.635740516
47.752079, -117.635740516
47.761079, -117.635740516
47.770079, -117.635740516
47.779079, -117.635740516
47.788079, -117.635740516
47.797079, -117.635740516
47.806079, -117.635740516
47.815079, -117.635740516
47.824079, -117.635740516
47.833079, -117.635740516
47.842079, -117.635740516
47.851079, -117.635740516
47.860079, -117.635740516
47.869079, -117.635740516
47.878079, -117.635740516
47.887079, -117.635740516
47.896079, -117.635740516
47.905079, -117.635740516
47.914079, -117.635740516
47.923079, -117.635740516
47.932079, -117.635740516
47.941079, -117.635740516
47.950079, -117.635740516
47.959079, -117.635740516
47.968079, -117.635740516
47.977079, -117.635740516
47.986079, -117.635740516
47.995079, -117.635740516
48.004079, -117.635740516
48.013079, -117.635740516
48.022079, -117.635740516
48.031079, -117.635740516
48.040079, -117.635740516
48.049079, -117.635740516
48.058079, -117.635740516
48.067079, -117.635740516
48.076079, -117.635740516
48.085079, -117.635740516
48.094079, -117.635740516
48.103079, -117.635740516
48.112079, -117.635740516
48.121079, -117.635740516
48.130079, -117.635740516
48.139079, -117.635740516
48.148079, -117.635740516
48.157079, -117.635740516
48.166079, -117.635740516
48.175079, -117.635740516
48.184079, -117.635740516
48.193079, -117.635740516
48.202079, -117.635740516
48.211079, -117.635740516
48.220079, -117.635740516
48.229079, -117.635740516
48.238079, -117.635740516
48.247079, -117.635740516
48.256079, -117.635740516
48.265079, -117.635740516
48.274079, -117.635740516
48.283079, -117.635740516
48.292079, -117.635740516
48.301079, -117.635740516
48.310079, -117.635740516
48.319079, -117.635740516
48.328079, -117.635740516
48.337079, -117.635740516
48.346079, -117.635740516
48.355079, -117.635740516
48.364079, -117.635740516
48.373079, -117.635740516
48.382079, -117.635740516
48.391079, -117.635740516
48.400079, -117.635740516
48.409079, -117.635740516
48.418079, -117.635740516
48.427079, -117.635740516
48.436079, -117.635740516
48.445079, -117.635740516
48.454079, -117.635740516
48.463079, -117.635740516
48.472079, -117.635740516
48.481079, -117.635740516
48.490079, -117.635740516
48.499079, -117.635740516
48.508079, -117.635740516
48.517079, -117.635740516
48.526079, -117.635740516
48.535079, -117.635740516
48.544079, -117.635740516
48.553079, -117.635740516
48.562079, -117.635740516
48.571079, -117.635740516
48.580079, -117.635740516
48.589079, -117.635740516
48.598079, -117.635740516
48.607079, -117.635740516
48.616079, -117.635740516
48.625079, -117.635740516
48.634079, -117.635740516
48.643079, -117.635740516
48.652079, -117.635740516
48.661079, -117.635740516
48.670079, -117.635740516
48.679079, -117.635740516
48.688079, -117.635740516
48.697079, -117.635740516
48.706079, -117.635740516
48.715079, -117.635740516
48.724079, -117.635740516
48.733079, -117.635740516
48.742079, -117.635740516
48.751079, -117.635740516
48.760079, -117.635740516
48.769079, -117.635740516
48.778079, -117.635740516
48.787079, -117.635740516
48.796079, -117.635740516
48.805079, -117.635740516
48.814079, -117.635740516
48.823079, -117.635740516
48.832079, -117.635740516
48.841079, -117.635740516
48.850079, -117.635740516
48.859079, -117.635740516
48.868079, -117.635740516
48.877079, -117.635740516
48.886079, -117.635740516
48.895079, -117.635740516
48.904079, -117.635740516
48.913079, -117.635740516
48.922079, -117.635740516
48.931079, -117.635740516
48.940079, -117.635740516
48.949079, -117.635740516
46.213079, -117.622033758
46.222079, -117.622033758
46.231079, -117.622033758
46.240079, -117.622033758
46.249079, -117.622033758
46.258079, -117.622033758
46.267079, -117.622033758
46.276079, -117.622033758
46.285079, -117.622033758
46.294079, -117.622033758
46.303079, -117.622033758
46.312079, -117.622033758
46.321079, -117.622033758
46.330079, -117.622033758
46.339079, -117.622033758
46.348079, -117.622033758
46.357079, -117.622033758
46.366079, -117.622033758
46.375079, -117.622033758
46.384079, -117.622033758
46.393079, -117.622033758
46.402079, -117.622033758
46.411079, -117.622033758
46.420079, -117.622033758
46.429079, -117.622033758
46.438079, -117.622033758
46.447079, -117.622033758
46.456079, -117.622033758
46.465079, -117.622033758
46.474079, -117.622033758
46.483079, -117.622033758
46.492079, -117.622033758
46.501079, -117.622033758
46.510079, -117.622033758
46.519079, -117.622033758
46.528079, -117.622033758
46.537079, -117.622033758
46.546079, -117.622033758
46.555079, -117.622033758
46.564079, -117.622033758
46.573079, -117.622033758
46.582079, -117.622033758
46.591079, -117.622033758
46.600079, -117.622033758
46.609079, -117.622033758
46.618079, -117.622033758
46.627079, -117.622033758
46.636079, -117.622033758
46.645079, -117.622033758
46.654079, -117.622033758
46.663079, -117.622033758
46.672079, -117.622033758
46.681079, -117.622033758
46.690079, -117.622033758
46.699079, -117.622033758
46.708079, -117.622033758
46.717079, -117.622033758
46.726079, -117.622033758
46.735079, -117.622033758
46.744079, -117.622033758
46.753079, -117.622033758
46.762079, -117.622033758
46.771079, -117.622033758
46.780079, -117.622033758
46.789079, -117.622033758
46.798079, -117.622033758
46.807079, -117.622033758
46.816079, -117.622033758
46.825079, -117.622033758
46.834079, -117.622033758
46.843079, -117.622033758
46.852079, -117.622033758
46.861079, -117.622033758
46.870079, -117.622033758
46.879079, -117.622033758
46.888079, -117.622033758
46.897079, -117.622033758
46.906079, -117.622033758
46.915079, -117.622033758
46.924079, -117.622033758
46.933079, -117.622033758
46.942079, -117.622033758
46.951079, -117.622033758
46.960079, -117.622033758
46.969079, -117.622033758
46.978079, -117.622033758
46.987079, -117.622033758
46.996079, -117.622033758
47.005079, -117.622033758
47.014079, -117.622033758
47.023079, -117.622033758
47.032079, -117.622033758
47.041079, -117.622033758
47.050079, -117.622033758
47.059079, -117.622033758
47.068079, -117.622033758
47.077079, -117.622033758
47.086079, -117.622033758
47.095079, -117.622033758
47.104079, -117.622033758
47.113079, -117.622033758
47.122079, -117.622033758
47.131079, -117.622033758
47.140079, -117.622033758
47.149079, -117.622033758
47.158079, -117.622033758
47.167079, -117.622033758
47.176079, -117.622033758
47.185079, -117.622033758
47.194079, -117.622033758
47.203079, -117.622033758
47.212079, -117.622033758
47.221079, -117.622033758
47.230079, -117.622033758
47.239079, -117.622033758
47.248079, -117.622033758
47.257079, -117.622033758
47.266079, -117.622033758
47.275079, -117.622033758
47.284079, -117.622033758
47.293079, -117.622033758
47.302079, -117.622033758
47.311079, -117.622033758
47.320079, -117.622033758
47.329079, -117.622033758
47.338079, -117.622033758
47.347079, -117.622033758
47.356079, -117.622033758
47.365079, -117.622033758
47.374079, -117.622033758
47.383079, -117.622033758
47.392079, -117.622033758
47.401079, -117.622033758
47.410079, -117.622033758
47.419079, -117.622033758
47.428079, -117.622033758
47.437079, -117.622033758
47.446079, -117.622033758
47.455079, -117.622033758
47.464079, -117.622033758
47.473079, -117.622033758
47.482079, -117.622033758
47.491079, -117.622033758
47.500079, -117.622033758
47.509079, -117.622033758
47.518079, -117.622033758
47.527079, -117.622033758
47.536079, -117.622033758
47.545079, -117.622033758
47.554079, -117.622033758
47.563079, -117.622033758
47.572079, -117.622033758
47.581079, -117.622033758
47.590079, -117.622033758
47.599079, -117.622033758
47.608079, -117.622033758
47.617079, -117.622033758
47.626079, -117.622033758
47.635079, -117.622033758
47.644079, -117.622033758
47.653079, -117.622033758
47.662079, -117.622033758
47.671079, -117.622033758
47.680079, -117.622033758
47.689079, -117.622033758
47.698079, -117.622033758
47.707079, -117.622033758
47.716079, -117.622033758
47.725079, -117.622033758
47.734079, -117.622033758
47.743079, -117.622033758
47.752079, -117.622033758
47.761079, -117.622033758
47.770079, -117.622033758
47.779079, -117.622033758
47.788079, -117.622033758
47.797079, -117.622033758
47.806079, -117.622033758
47.815079, -117.622033758
47.824079, -117.622033758
47.833079, -117.622033758
47.842079, -117.622033758
47.851079, -117.622033758
47.860079, -117.622033758
47.869079, -117.622033758
47.878079, -117.622033758
47.887079, -117.622033758
47.896079, -117.622033758
47.905079, -117.622033758
47.914079, -117.622033758
47.923079, -117.622033758
47.932079, -117.622033758
47.941079, -117.622033758
47.950079, -117.622033758
47.959079, -117.622033758
47.968079, -117.622033758
47.977079, -117.622033758
47.986079, -117.622033758
47.995079, -117.622033758
48.004079, -117.622033758
48.013079, -117.622033758
48.022079, -117.622033758
48.031079, -117.622033758
48.040079, -117.622033758
48.049079, -117.622033758
48.058079, -117.622033758
48.067079, -117.622033758
48.076079, -117.622033758
48.085079, -117.622033758
48.094079, -117.622033758
48.103079, -117.622033758
48.112079, -117.622033758
48.121079, -117.622033758
48.130079, -117.622033758
48.139079, -117.622033758
48.148079, -117.622033758
48.157079, -117.622033758
48.166079, -117.622033758
48.175079, -117.622033758
48.184079, -117.622033758
48.193079, -117.622033758
48.202079, -117.622033758
48.211079, -117.622033758
48.220079, -117.622033758
48.229079, -117.622033758
48.238079, -117.622033758
48.247079, -117.622033758
48.256079, -117.622033758
48.265079, -117.622033758
48.274079, -117.622033758
48.283079, -117.622033758
48.292079, -117.622033758
48.301079, -117.622033758
48.310079, -117.622033758
48.319079, -117.622033758
48.328079, -117.622033758
48.337079, -117.622033758
48.346079, -117.622033758
48.355079, -117.622033758
48.364079, -117.622033758
48.373079, -117.622033758
48.382079, -117.622033758
48.391079, -117.622033758
48.400079, -117.622033758
48.409079, -117.622033758
48.418079, -117.622033758
48.427079, -117.622033758
48.436079, -117.622033758
48.445079, -117.622033758
48.454079, -117.622033758
48.463079, -117.622033758
48.472079, -117.622033758
48.481079, -117.622033758
48.490079, -117.622033758
48.499079, -117.622033758
48.508079, -117.622033758
48.517079, -117.622033758
48.526079, -117.622033758
48.535079, -117.622033758
48.544079, -117.622033758
48.553079, -117.622033758
48.562079, -117.622033758
48.571079, -117.622033758
48.580079, -117.622033758
48.589079, -117.622033758
48.598079, -117.622033758
48.607079, -117.622033758
48.616079, -117.622033758
48.625079, -117.622033758
48.634079, -117.622033758
48.643079, -117.622033758
48.652079, -117.622033758
48.661079, -117.622033758
48.670079, -117.622033758
48.679079, -117.622033758
48.688079, -117.622033758
48.697079, -117.622033758
48.706079, -117.622033758
48.715079, -117.622033758
48.724079, -117.622033758
48.733079, -117.622033758
48.742079, -117.622033758
48.751079, -117.622033758
48.760079, -117.622033758
48.769079, -117.622033758
48.778079, -117.622033758
48.787079, -117.622033758
48.796079, -117.622033758
48.805079, -117.622033758
48.814079, -117.622033758
48.823079, -117.622033758
48.832079, -117.622033758
48.841079, -117.622033758
48.850079, -117.622033758
48.859079, -117.622033758
48.868079, -117.622033758
48.877079, -117.622033758
48.886079, -117.622033758
48.895079, -117.622033758
48.904079, -117.622033758
48.913079, -117.622033758
48.922079, -117.622033758
48.931079, -117.622033758
48.940079, -117.622033758
48.949079, -117.622033758
46.213079, -117.608326999
46.222079, -117.608326999
46.231079, -117.608326999
46.240079, -117.608326999
46.249079, -117.608326999
46.258079, -117.608326999
46.267079, -117.608326999
46.276079, -117.608326999
46.285079, -117.608326999
46.294079, -117.608326999
46.303079, -117.608326999
46.312079, -117.608326999
46.321079, -117.608326999
46.330079, -117.608326999
46.339079, -117.608326999
46.348079, -117.608326999
46.357079, -117.608326999
46.366079, -117.608326999
46.375079, -117.608326999
46.384079, -117.608326999
46.393079, -117.608326999
46.402079, -117.608326999
46.411079, -117.608326999
46.420079, -117.608326999
46.429079, -117.608326999
46.438079, -117.608326999
46.447079, -117.608326999
46.456079, -117.608326999
46.465079, -117.608326999
46.474079, -117.608326999
46.483079, -117.608326999
46.492079, -117.608326999
46.501079, -117.608326999
46.510079, -117.608326999
46.519079, -117.608326999
46.528079, -117.608326999
46.537079, -117.608326999
46.546079, -117.608326999
46.555079, -117.608326999
46.564079, -117.608326999
46.573079, -117.608326999
46.582079, -117.608326999
46.591079, -117.608326999
46.600079, -117.608326999
46.609079, -117.608326999
46.618079, -117.608326999
46.627079, -117.608326999
46.636079, -117.608326999
46.645079, -117.608326999
46.654079, -117.608326999
46.663079, -117.608326999
46.672079, -117.608326999
46.681079, -117.608326999
46.690079, -117.608326999
46.699079, -117.608326999
46.708079, -117.608326999
46.717079, -117.608326999
46.726079, -117.608326999
46.735079, -117.608326999
46.744079, -117.608326999
46.753079, -117.608326999
46.762079, -117.608326999
46.771079, -117.608326999
46.780079, -117.608326999
46.789079, -117.608326999
46.798079, -117.608326999
46.807079, -117.608326999
46.816079, -117.608326999
46.825079, -117.608326999
46.834079, -117.608326999
46.843079, -117.608326999
46.852079, -117.608326999
46.861079, -117.608326999
46.870079, -117.608326999
46.879079, -117.608326999
46.888079, -117.608326999
46.897079, -117.608326999
46.906079, -117.608326999
46.915079, -117.608326999
46.924079, -117.608326999
46.933079, -117.608326999
46.942079, -117.608326999
46.951079, -117.608326999
46.960079, -117.608326999
46.969079, -117.608326999
46.978079, -117.608326999
46.987079, -117.608326999
46.996079, -117.608326999
47.005079, -117.608326999
47.014079, -117.608326999
47.023079, -117.608326999
47.032079, -117.608326999
47.041079, -117.608326999
47.050079, -117.608326999
47.059079, -117.608326999
47.068079, -117.608326999
47.077079, -117.608326999
47.086079, -117.608326999
47.095079, -117.608326999
47.104079, -117.608326999
47.113079, -117.608326999
47.122079, -117.608326999
47.131079, -117.608326999
47.140079, -117.608326999
47.149079, -117.608326999
47.158079, -117.608326999
47.167079, -117.608326999
47.176079, -117.608326999
47.185079, -117.608326999
47.194079, -117.608326999
47.203079, -117.608326999
47.212079, -117.608326999
47.221079, -117.608326999
47.230079, -117.608326999
47.239079, -117.608326999
47.248079, -117.608326999
47.257079, -117.608326999
47.266079, -117.608326999
47.275079, -117.608326999
47.284079, -117.608326999
47.293079, -117.608326999
47.302079, -117.608326999
47.311079, -117.608326999
47.320079, -117.608326999
47.329079, -117.608326999
47.338079, -117.608326999
47.347079, -117.608326999
47.356079, -117.608326999
47.365079, -117.608326999
47.374079, -117.608326999
47.383079, -117.608326999
47.392079, -117.608326999
47.401079, -117.608326999
47.410079, -117.608326999
47.419079, -117.608326999
47.428079, -117.608326999
47.437079, -117.608326999
47.446079, -117.608326999
47.455079, -117.608326999
47.464079, -117.608326999
47.473079, -117.608326999
47.482079, -117.608326999
47.491079, -117.608326999
47.500079, -117.608326999
47.509079, -117.608326999
47.518079, -117.608326999
47.527079, -117.608326999
47.536079, -117.608326999
47.545079, -117.608326999
47.554079, -117.608326999
47.563079, -117.608326999
