47.437079, -123.32404529
47.446079, -123.32404529
47.455079, -123.32404529
47.464079, -123.32404529
47.473079, -123.32404529
47.482079, -123.32404529
47.491079, -123.32404529
47.500079, -123.32404529
47.509079, -123.32404529
47.518079, -123.32404529
47.527079, -123.32404529
47.536079, -123.32404529
47.545079, -123.32404529
47.554079, -123.32404529
47.563079, -123.32404529
47.572079, -123.32404529
47.581079, -123.32404529
47.590079, -123.32404529
47.599079, -123.32404529
47.608079, -123.32404529
47.617079, -123.32404529
47.626079, -123.32404529
47.635079, -123.32404529
47.644079, -123.32404529
47.653079, -123.32404529
47.662079, -123.32404529
47.671079, -123.32404529
47.680079, -123.32404529
47.689079, -123.32404529
47.698079, -123.32404529
47.707079, -123.32404529
47.716079, -123.32404529
47.725079, -123.32404529
47.734079, -123.32404529
47.743079, -123.32404529
47.752079, -123.32404529
47.761079, -123.32404529
47.770079, -123.32404529
47.779079, -123.32404529
47.788079, -123.32404529
47.797079, -123.32404529
47.806079, -123.32404529
47.815079, -123.32404529
47.824079, -123.32404529
47.833079, -123.32404529
47.842079, -123.32404529
47.851079, -123.32404529
47.860079, -123.32404529
47.869079, -123.32404529
47.878079, -123.32404529
47.887079, -123.32404529
47.896079, -123.32404529
47.905079, -123.32404529
47.914079, -123.32404529
47.923079, -123.32404529
47.932079, -123.32404529
47.941079, -123.32404529
47.950079, -123.32404529
47.959079, -123.32404529
47.968079, -123.32404529
47.977079, -123.32404529
47.986079, -123.32404529
47.995079, -123.32404529
48.004079, -123.32404529
48.013079, -123.32404529
48.022079, -123.32404529
48.031079, -123.32404529
48.040079, -123.32404529
48.049079, -123.32404529
48.058079, -123.32404529
48.067079, -123.32404529
48.076079, -123.32404529
48.085079, -123.32404529
48.094079, -123.32404529
48.103079, -123.32404529
48.112079, -123.32404529
48.121079, -123.32404529
48.130079, -123.32404529
48.139079, -123.32404529
48.148079, -123.32404529
48.157079, -123.32404529
48.166079, -123.32404529
48.175079, -123.32404529
48.184079, -123.32404529
48.193079, -123.32404529
48.202079, -123.32404529
48.211079, -123.32404529
48.220079, -123.32404529
48.229079, -123.32404529
48.238079, -123.32404529
48.247079, -123.32404529
48.256079, -123.32404529
48.265079, -123.32404529
48.274079, -123.32404529
48.283079, -123.32404529
48.292079, -123.32404529
48.301079, -123.32404529
48.310079, -123.32404529
48.319079, -123.32404529
48.328079, -123.32404529
48.337079, -123.32404529
48.346079, -123.32404529
48.355079, -123.32404529
48.364079, -123.32404529
48.373079, -123.32404529
48.382079, -123.32404529
48.391079, -123.32404529
48.400079, -123.32404529
48.409079, -123.32404529
48.418079, -123.32404529
48.427079, -123.32404529
48.436079, -123.32404529
48.445079, -123.32404529
48.454079, -123.32404529
48.463079, -123.32404529
48.472079, -123.32404529
48.481079, -123.32404529
48.490079, -123.32404529
48.499079, -123.32404529
48.508079, -123.32404529
48.517079, -123.32404529
48.526079, -123.32404529
48.535079, -123.32404529
48.544079, -123.32404529
48.553079, -123.32404529
48.562079, -123.32404529
48.571079, -123.32404529
48.580079, -123.32404529
48.589079, -123.32404529
48.598079, -123.32404529
48.607079, -123.32404529
48.616079, -123.32404529
48.625079, -123.32404529
48.634079, -123.32404529
48.643079, -123.32404529
48.652079, -123.32404529
48.661079, -123.32404529
48.670079, -123.32404529
48.679079, -123.32404529
48.688079, -123.32404529
48.697079, -123.32404529
48.706079, -123.32404529
48.715079, -123.32404529
48.724079, -123.32404529
48.733079, -123.32404529
48.742079, -123.32404529
48.751079, -123.32404529
48.760079, -123.32404529
48.769079, -123.32404529
48.778079, -123.32404529
48.787079, -123.32404529
48.796079, -123.32404529
48.805079, -123.32404529
48.814079, -123.32404529
48.823079, -123.32404529
48.832079, -123.32404529
48.841079, -123.32404529
48.850079, -123.32404529
48.859079, -123.32404529
48.868079, -123.32404529
48.877079, -123.32404529
48.886079, -123.32404529
48.895079, -123.32404529
48.904079, -123.32404529
48.913079, -123.32404529
48.922079, -123.32404529
48.931079, -123.32404529
48.940079, -123.32404529
48.949079, -123.32404529
46.213079, -123.310338532
46.222079, -123.310338532
46.231079, -123.310338532
46.240079, -123.310338532
46.249079, -123.310338532
46.258079, -123.310338532
46.267079, -123.310338532
46.276079, -123.310338532
46.285079, -123.310338532
46.294079, -123.310338532
46.303079, -123.310338532
46.312079, -123.310338532
46.321079, -123.310338532
46.330079, -123.310338532
46.339079, -123.310338532
46.348079, -123.310338532
46.357079, -123.310338532
46.366079, -123.310338532
46.375079, -123.310338532
46.384079, -123.310338532
46.393079, -123.310338532
46.402079, -123.310338532
46.411079, -123.310338532
46.420079, -123.310338532
46.429079, -123.310338532
46.438079, -123.310338532
46.447079, -123.310338532
46.456079, -123.310338532
46.465079, -123.310338532
46.474079, -123.310338532
46.483079, -123.310338532
46.492079, -123.310338532
46.501079, -123.310338532
46.510079, -123.310338532
46.519079, -123.310338532
46.528079, -123.310338532
46.537079, -123.310338532
46.546079, -123.310338532
46.555079, -123.310338532
46.564079, -123.310338532
46.573079, -123.310338532
46.582079, -123.310338532
46.591079, -123.310338532
46.600079, -123.310338532
46.609079, -123.310338532
46.618079, -123.310338532
46.627079, -123.310338532
46.636079, -123.310338532
46.645079, -123.310338532
46.654079, -123.310338532
46.663079, -123.310338532
46.672079, -123.310338532
46.681079, -123.310338532
46.690079, -123.310338532
46.699079, -123.310338532
46.708079, -123.310338532
46.717079, -123.310338532
46.726079, -123.310338532
46.735079, -123.310338532
46.744079, -123.310338532
46.753079, -123.310338532
46.762079, -123.310338532
46.771079, -123.310338532
46.780079, -123.310338532
46.789079, -123.310338532
46.798079, -123.310338532
46.807079, -123.310338532
46.816079, -123.310338532
46.825079, -123.310338532
46.834079, -123.310338532
46.843079, -123.310338532
46.852079, -123.310338532
46.861079, -123.310338532
46.870079, -123.310338532
46.879079, -123.310338532
46.888079, -123.310338532
46.897079, -123.310338532
46.906079, -123.310338532
46.915079, -123.310338532
46.924079, -123.310338532
46.933079, -123.310338532
46.942079, -123.310338532
46.951079, -123.310338532
46.960079, -123.310338532
46.969079, -123.310338532
46.978079, -123.310338532
46.987079, -123.310338532
46.996079, -123.310338532
47.005079, -123.310338532
47.014079, -123.310338532
47.023079, -123.310338532
47.032079, -123.310338532
47.041079, -123.310338532
47.050079, -123.310338532
47.059079, -123.310338532
47.068079, -123.310338532
47.077079, -123.310338532
47.086079, -123.310338532
47.095079, -123.310338532
47.104079, -123.310338532
47.113079, -123.310338532
47.122079, -123.310338532
47.131079, -123.310338532
47.140079, -123.310338532
47.149079, -123.310338532
47.158079, -123.310338532
47.167079, -123.310338532
47.176079, -123.310338532
47.185079, -123.310338532
47.194079, -123.310338532
47.203079, -123.310338532
47.212079, -123.310338532
47.221079, -123.310338532
47.230079, -123.310338532
47.239079, -123.310338532
47.248079, -123.310338532
47.257079, -123.310338532
47.266079, -123.310338532
47.275079, -123.310338532
47.284079, -123.310338532
47.293079, -123.310338532
47.302079, -123.310338532
47.311079, -123.310338532
47.320079, -123.310338532
47.329079, -123.310338532
47.338079, -123.310338532
47.347079, -123.310338532
47.356079, -123.310338532
47.365079, -123.310338532
47.374079, -123.310338532
47.383079, -123.310338532
47.392079, -123.310338532
47.401079, -123.310338532
47.410079, -123.310338532
47.419079, -123.310338532
47.428079, -123.310338532
47.437079, -123.310338532
47.446079, -123.310338532
47.455079, -123.310338532
47.464079, -123.310338532
47.473079, -123.310338532
47.482079, -123.310338532
47.491079, -123.310338532
47.500079, -123.310338532
47.509079, -123.310338532
47.518079, -123.310338532
47.527079, -123.310338532
47.536079, -123.310338532
47.545079, -123.310338532
47.554079, -123.310338532
47.563079, -123.310338532
47.572079, -123.310338532
47.581079, -123.310338532
47.590079, -123.310338532
47.599079, -123.310338532
47.608079, -123.310338532
47.617079, -123.310338532
47.626079, -123.310338532
47.635079, -123.310338532
47.644079, -123.310338532
47.653079, -123.310338532
47.662079, -123.310338532
47.671079, -123.310338532
47.680079, -123.310338532
47.689079, -123.310338532
47.698079, -123.310338532
47.707079, -123.310338532
47.716079, -123.310338532
47.725079, -123.310338532
47.734079, -123.310338532
47.743079, -123.310338532
47.752079, -123.310338532
47.761079, -123.310338532
47.770079, -123.310338532
47.779079, -123.310338532
47.788079, -123.310338532
47.797079, -123.310338532
47.806079, -123.310338532
47.815079, -123.310338532
47.824079, -123.310338532
47.833079, -123.310338532
47.842079, -123.310338532
47.851079, -123.310338532
47.860079, -123.310338532
47.869079, -123.310338532
47.878079, -123.310338532
47.887079, -123.310338532
47.896079, -123.310338532
47.905079, -123.310338532
47.914079, -123.310338532
47.923079, -123.310338532
47.932079, -123.310338532
47.941079, -123.310338532
47.950079, -123.310338532
47.959079, -123.310338532
47.968079, -123.310338532
47.977079, -123.310338532
47.986079, -123.310338532
47.995079, -123.310338532
48.004079, -123.310338532
48.013079, -123.310338532
48.022079, -123.310338532
48.031079, -123.310338532
48.040079, -123.310338532
48.049079, -123.310338532
48.058079, -123.310338532
48.067079, -123.310338532
48.076079, -123.310338532
48.085079, -123.310338532
48.094079, -123.310338532
48.103079, -123.310338532
48.112079, -123.310338532
48.121079, -123.310338532
48.130079, -123.310338532
48.139079, -123.310338532
48.148079, -123.310338532
48.157079, -123.310338532
48.166079, -123.310338532
48.175079, -123.310338532
48.184079, -123.310338532
48.193079, -123.310338532
48.202079, -123.310338532
48.211079, -123.310338532
48.220079, -123.310338532
48.229079, -123.310338532
48.238079, -123.310338532
48.247079, -123.310338532
48.256079, -123.310338532
48.265079, -123.310338532
48.274079, -123.310338532
48.283079, -123.310338532
48.292079, -123.310338532
48.301079, -123.310338532
48.310079, -123.310338532
48.319079, -123.310338532
48.328079, -123.310338532
48.337079, -123.310338532
48.346079, -123.310338532
48.355079, -123.310338532
48.364079, -123.310338532
48.373079, -123.310338532
48.382079, -123.310338532
48.391079, -123.310338532
48.400079, -123.310338532
48.409079, -123.310338532
48.418079, -123.310338532
48.427079, -123.310338532
48.436079, -123.310338532
48.445079, -123.310338532
48.454079, -123.310338532
48.463079, -123.310338532
48.472079, -123.310338532
48.481079, -123.310338532
48.490079, -123.310338532
48.499079, -123.310338532
48.508079, -123.310338532
48.517079, -123.310338532
48.526079, -123.310338532
48.535079, -123.310338532
48.544079, -123.310338532
48.553079, -123.310338532
48.562079, -123.310338532
48.571079, -123.310338532
48.580079, -123.310338532
48.589079, -123.310338532
48.598079, -123.310338532
48.607079, -123.310338532
48.616079, -123.310338532
48.625079, -123.310338532
48.634079, -123.310338532
48.643079, -123.310338532
48.652079, -123.310338532
48.661079, -123.310338532
48.670079, -123.310338532
48.679079, -123.310338532
48.688079, -123.310338532
48.697079, -123.310338532
48.706079, -123.310338532
48.715079, -123.310338532
48.724079, -123.310338532
48.733079, -123.310338532
48.742079, -123.310338532
48.751079, -123.310338532
48.760079, -123.310338532
48.769079, -123.310338532
48.778079, -123.310338532
48.787079, -123.310338532
48.796079, -123.310338532
48.805079, -123.310338532
48.814079, -123.310338532
48.823079, -123.310338532
48.832079, -123.310338532
48.841079, -123.310338532
48.850079, -123.310338532
48.859079, -123.310338532
48.868079, -123.310338532
48.877079, -123.310338532
48.886079, -123.310338532
48.895079, -123.310338532
48.904079, -123.310338532
48.913079, -123.310338532
48.922079, -123.310338532
48.931079, -123.310338532
48.940079, -123.310338532
48.949079, -123.310338532
46.213079, -123.296631773
46.222079, -123.296631773
46.231079, -123.296631773
46.240079, -123.296631773
46.249079, -123.296631773
46.258079, -123.296631773
46.267079, -123.296631773
46.276079, -123.296631773
46.285079, -123.296631773
46.294079, -123.296631773
46.303079, -123.296631773
46.312079, -123.296631773
46.321079, -123.296631773
46.330079, -123.296631773
46.339079, -123.296631773
46.348079, -123.296631773
46.357079, -123.296631773
46.366079, -123.296631773
46.375079, -123.296631773
46.384079, -123.296631773
46.393079, -123.296631773
46.402079, -123.296631773
46.411079, -123.296631773
46.420079, -123.296631773
46.429079, -123.296631773
46.438079, -123.296631773
46.447079, -123.296631773
46.456079, -123.296631773
46.465079, -123.296631773
46.474079, -123.296631773
46.483079, -123.296631773
46.492079, -123.296631773
46.501079, -123.296631773
46.510079, -123.296631773
46.519079, -123.296631773
46.528079, -123.296631773
46.537079, -123.296631773
46.546079, -123.296631773
46.555079, -123.296631773
46.564079, -123.296631773
46.573079, -123.296631773
46.582079, -123.296631773
46.591079, -123.296631773
46.600079, -123.296631773
46.609079, -123.296631773
46.618079, -123.296631773
46.627079, -123.296631773
46.636079, -123.296631773
46.645079, -123.296631773
46.654079, -123.296631773
46.663079, -123.296631773
46.672079, -123.296631773
46.681079, -123.296631773
46.690079, -123.296631773
46.699079, -123.296631773
46.708079, -123.296631773
46.717079, -123.296631773
46.726079, -123.296631773
46.735079, -123.296631773
46.744079, -123.296631773
46.753079, -123.296631773
46.762079, -123.296631773
46.771079, -123.296631773
46.780079, -123.296631773
46.789079, -123.296631773
46.798079, -123.296631773
46.807079, -123.296631773
46.816079, -123.296631773
46.825079, -123.296631773
46.834079, -123.296631773
46.843079, -123.296631773
46.852079, -123.296631773
46.861079, -123.296631773
46.870079, -123.296631773
46.879079, -123.296631773
46.888079, -123.296631773
46.897079, -123.296631773
46.906079, -123.296631773
46.915079, -123.296631773
46.924079, -123.296631773
46.933079, -123.296631773
46.942079, -123.296631773
46.951079, -123.296631773
46.960079, -123.296631773
46.969079, -123.296631773
46.978079, -123.296631773
46.987079, -123.296631773
46.996079, -123.296631773
47.005079, -123.296631773
47.014079, -123.296631773
47.023079, -123.296631773
47.032079, -123.296631773
47.041079, -123.296631773
47.050079, -123.296631773
47.059079, -123.296631773
47.068079, -123.296631773
47.077079, -123.296631773
47.086079, -123.296631773
47.095079, -123.296631773
47.104079, -123.296631773
47.113079, -123.296631773
47.122079, -123.296631773
47.131079, -123.296631773
47.140079, -123.296631773
47.149079, -123.296631773
47.158079, -123.296631773
47.167079, -123.296631773
47.176079, -123.296631773
47.185079, -123.296631773
47.194079, -123.296631773
47.203079, -123.296631773
47.212079, -123.296631773
47.221079, -123.296631773
47.230079, -123.296631773
47.239079, -123.296631773
47.248079, -123.296631773
47.257079, -123.296631773
47.266079, -123.296631773
47.275079, -123.296631773
47.284079, -123.296631773
47.293079, -123.296631773
47.302079, -123.296631773
47.311079, -123.296631773
47.320079, -123.296631773
47.329079, -123.296631773
47.338079, -123.296631773
47.347079, -123.296631773
47.356079, -123.296631773
47.365079, -123.296631773
47.374079, -123.296631773
47.383079, -123.296631773
47.392079, -123.296631773
47.401079, -123.296631773
47.410079, -123.296631773
47.419079, -123.296631773
47.428079, -123.296631773
47.437079, -123.296631773
47.446079, -123.296631773
47.455079, -123.296631773
47.464079, -123.296631773
47.473079, -123.296631773
47.482079, -123.296631773
47.491079, -123.296631773
47.500079, -123.296631773
47.509079, -123.296631773
47.518079, -123.296631773
47.527079, -123.296631773
47.536079, -123.296631773
47.545079, -123.296631773
47.554079, -123.296631773
47.563079, -123.296631773
47.572079, -123.296631773
47.581079, -123.296631773
47.590079, -123.296631773
47.599079, -123.296631773
47.608079, -123.296631773
47.617079, -123.296631773
47.626079, -123.296631773
47.635079, -123.296631773
47.644079, -123.296631773
47.653079, -123.296631773
47.662079, -123.296631773
47.671079, -123.296631773
47.680079, -123.296631773
47.689079, -123.296631773
47.698079, -123.296631773
47.707079, -123.296631773
47.716079, -123.296631773
47.725079, -123.296631773
47.734079, -123.296631773
47.743079, -123.296631773
47.752079, -123.296631773
47.761079, -123.296631773
47.770079, -123.296631773
47.779079, -123.296631773
47.788079, -123.296631773
47.797079, -123.296631773
47.806079, -123.296631773
47.815079, -123.296631773
47.824079, -123.296631773
47.833079, -123.296631773
47.842079, -123.296631773
47.851079, -123.296631773
47.860079, -123.296631773
47.869079, -123.296631773
47.878079, -123.296631773
47.887079, -123.296631773
47.896079, -123.296631773
47.905079, -123.296631773
47.914079, -123.296631773
47.923079, -123.296631773
47.932079, -123.296631773
47.941079, -123.296631773
47.950079, -123.296631773
47.959079, -123.296631773
47.968079, -123.296631773
47.977079, -123.296631773
47.986079, -123.296631773
47.995079, -123.296631773
48.004079, -123.296631773
48.013079, -123.296631773
48.022079, -123.296631773
48.031079, -123.296631773
48.040079, -123.296631773
48.049079, -123.296631773
48.058079, -123.296631773
48.067079, -123.296631773
48.076079, -123.296631773
48.085079, -123.296631773
48.094079, -123.296631773
48.103079, -123.296631773
48.112079, -123.296631773
48.121079, -123.296631773
48.130079, -123.296631773
48.139079, -123.296631773
48.148079, -123.296631773
48.157079, -123.296631773
48.166079, -123.296631773
48.175079, -123.296631773
48.184079, -123.296631773
48.193079, -123.296631773
48.202079, -123.296631773
48.211079, -123.296631773
48.220079, -123.296631773
48.229079, -123.296631773
48.238079, -123.296631773
48.247079, -123.296631773
48.256079, -123.296631773
48.265079, -123.296631773
48.274079, -123.296631773
48.283079, -123.296631773
48.292079, -123.296631773
48.301079, -123.296631773
48.310079, -123.296631773
48.319079, -123.296631773
48.328079, -123.296631773
48.337079, -123.296631773
48.346079, -123.296631773
48.355079, -123.296631773
48.364079, -123.296631773
48.373079, -123.296631773
48.382079, -123.296631773
48.391079, -123.296631773
48.400079, -123.296631773
48.409079, -123.296631773
48.418079, -123.296631773
48.427079, -123.296631773
48.436079, -123.296631773
48.445079, -123.296631773
48.454079, -123.296631773
48.463079, -123.296631773
48.472079, -123.296631773
48.481079, -123.296631773
48.490079, -123.296631773
48.499079, -123.296631773
48.508079, -123.296631773
48.517079, -123.296631773
48.526079, -123.296631773
48.535079, -123.296631773
48.544079, -123.296631773
48.553079, -123.296631773
48.562079, -123.296631773
48.571079, -123.296631773
48.580079, -123.296631773
48.589079, -123.296631773
48.598079, -123.296631773
48.607079, -123.296631773
48.616079, -123.296631773
48.625079, -123.296631773
48.634079, -123.296631773
48.643079, -123.296631773
48.652079, -123.296631773
48.661079, -123.296631773
48.670079, -123.296631773
48.679079, -123.296631773
48.688079, -123.296631773
48.697079, -123.296631773
48.706079, -123.296631773
48.715079, -123.296631773
48.724079, -123.296631773
48.733079, -123.296631773
48.742079, -123.296631773
48.751079, -123.296631773
48.760079, -123.296631773
48.769079, -123.296631773
48.778079, -123.296631773
48.787079, -123.296631773
48.796079, -123.296631773
48.805079, -123.296631773
48.814079, -123.296631773
48.823079, -123.296631773
48.832079, -123.296631773
48.841079, -123.296631773
48.850079, -123.296631773
48.859079, -123.296631773
48.868079, -123.296631773
48.877079, -123.296631773
48.886079, -123.296631773
48.895079, -123.296631773
48.904079, -123.296631773
48.913079, -123.296631773
48.922079, -123.296631773
48.931079, -123.296631773
48.940079, -123.296631773
48.949079, -123.296631773
46.213079, -123.282925015
46.222079, -123.282925015
46.231079, -123.282925015
46.240079, -123.282925015
46.249079, -123.282925015
46.258079, -123.282925015
46.267079, -123.282925015
46.276079, -123.282925015
46.285079, -123.282925015
46.294079, -123.282925015
46.303079, -123.282925015
46.312079, -123.282925015
46.321079, -123.282925015
46.330079, -123.282925015
46.339079, -123.282925015
46.348079, -123.282925015
46.357079, -123.282925015
46.366079, -123.282925015
46.375079, -123.282925015
46.384079, -123.282925015
46.393079, -123.282925015
46.402079, -123.282925015
46.411079, -123.282925015
46.420079, -123.282925015
46.429079, -123.282925015
46.438079, -123.282925015
46.447079, -123.282925015
46.456079, -123.282925015
46.465079, -123.282925015
46.474079, -123.282925015
46.483079, -123.282925015
46.492079, -123.282925015
46.501079, -123.282925015
46.510079, -123.282925015
46.519079, -123.282925015
46.528079, -123.282925015
46.537079, -123.282925015
46.546079, -123.282925015
46.555079, -123.282925015
46.564079, -123.282925015
46.573079, -123.282925015
46.582079, -123.282925015
46.591079, -123.282925015
46.600079, -123.282925015
46.609079, -123.282925015
46.618079, -123.282925015
46.627079, -123.282925015
46.636079, -123.282925015
46.645079, -123.282925015
46.654079, -123.282925015
46.663079, -123.282925015
46.672079, -123.282925015
46.681079, -123.282925015
46.690079, -123.282925015
46.699079, -123.282925015
46.708079, -123.282925015
46.717079, -123.282925015
46.726079, -123.282925015
46.735079, -123.282925015
46.744079, -123.282925015
46.753079, -123.282925015
46.762079, -123.282925015
46.771079, -123.282925015
46.780079, -123.282925015
46.789079, -123.282925015
46.798079, -123.282925015
46.807079, -123.282925015
46.816079, -123.282925015
46.825079, -123.282925015
46.834079, -123.282925015
46.843079, -123.282925015
46.852079, -123.282925015
46.861079, -123.282925015
46.870079, -123.282925015
46.879079, -123.282925015
46.888079, -123.282925015
46.897079, -123.282925015
46.906079, -123.282925015
46.915079, -123.282925015
46.924079, -123.282925015
46.933079, -123.282925015
46.942079, -123.282925015
46.951079, -123.282925015
46.960079, -123.282925015
46.969079, -123.282925015
46.978079, -123.282925015
46.987079, -123.282925015
46.996079, -123.282925015
47.005079, -123.282925015
47.014079, -123.282925015
47.023079, -123.282925015
47.032079, -123.282925015
47.041079, -123.282925015
47.050079, -123.282925015
47.059079, -123.282925015
47.068079, -123.282925015
47.077079, -123.282925015
47.086079, -123.282925015
47.095079, -123.282925015
47.104079, -123.282925015
47.113079, -123.282925015
47.122079, -123.282925015
47.131079, -123.282925015
47.140079, -123.282925015
47.149079, -123.282925015
47.158079, -123.282925015
47.167079, -123.282925015
47.176079, -123.282925015
47.185079, -123.282925015
47.194079, -123.282925015
47.203079, -123.282925015
47.212079, -123.282925015
47.221079, -123.282925015
47.230079, -123.282925015
47.239079, -123.282925015
47.248079, -123.282925015
47.257079, -123.282925015
47.266079, -123.282925015
47.275079, -123.282925015
47.284079, -123.282925015
47.293079, -123.282925015
47.302079, -123.282925015
47.311079, -123.282925015
47.320079, -123.282925015
47.329079, -123.282925015
47.338079, -123.282925015
47.347079, -123.282925015
47.356079, -123.282925015
47.365079, -123.282925015
47.374079, -123.282925015
47.383079, -123.282925015
47.392079, -123.282925015
47.401079, -123.282925015
47.410079, -123.282925015
47.419079, -123.282925015
47.428079, -123.282925015
47.437079, -123.282925015
47.446079, -123.282925015
47.455079, -123.282925015
47.464079, -123.282925015
47.473079, -123.282925015
47.482079, -123.282925015
47.491079, -123.282925015
47.500079, -123.282925015
47.509079, -123.282925015
47.518079, -123.282925015
47.527079, -123.282925015
47.536079, -123.282925015
47.545079, -123.282925015
47.554079, -123.282925015
47.563079, -123.282925015
47.572079, -123.282925015
47.581079, -123.282925015
47.590079, -123.282925015
47.599079, -123.282925015
47.608079, -123.282925015
47.617079, -123.282925015
47.626079, -123.282925015
47.635079, -123.282925015
47.644079, -123.282925015
47.653079, -123.282925015
47.662079, -123.282925015
47.671079, -123.282925015
47.680079, -123.282925015
47.689079, -123.282925015
47.698079, -123.282925015
47.707079, -123.282925015
47.716079, -123.282925015
47.725079, -123.282925015
47.734079, -123.282925015
47.743079, -123.282925015
47.752079, -123.282925015
47.761079, -123.282925015
47.770079, -123.282925015
47.779079, -123.282925015
47.788079, -123.282925015
47.797079, -123.282925015
47.806079, -123.282925015
47.815079, -123.282925015
47.824079, -123.282925015
47.833079, -123.282925015
47.842079, -123.282925015
47.851079, -123.282925015
47.860079, -123.282925015
47.869079, -123.282925015
47.878079, -123.282925015
47.887079, -123.282925015
47.896079, -123.282925015
47.905079, -123.282925015
47.914079, -123.282925015
47.923079, -123.282925015
47.932079, -123.282925015
47.941079, -123.282925015
47.950079, -123.282925015
47.959079, -123.282925015
47.968079, -123.282925015
47.977079, -123.282925015
47.986079, -123.282925015
47.995079, -123.282925015
48.004079, -123.282925015
48.013079, -123.282925015
48.022079, -123.282925015
48.031079, -123.282925015
48.040079, -123.282925015
48.049079, -123.282925015
48.058079, -123.282925015
48.067079, -123.282925015
48.076079, -123.282925015
48.085079, -123.282925015
48.094079, -123.282925015
48.103079, -123.282925015
48.112079, -123.282925015
48.121079, -123.282925015
48.130079, -123.282925015
48.139079, -123.282925015
48.148079, -123.282925015
48.157079, -123.282925015
48.166079, -123.282925015
48.175079, -123.282925015
48.184079, -123.282925015
48.193079, -123.282925015
48.202079, -123.282925015
48.211079, -123.282925015
48.220079, -123.282925015
48.229079, -123.282925015
48.238079, -123.282925015
48.247079, -123.282925015
48.256079, -123.282925015
48.265079, -123.282925015
48.274079, -123.282925015
48.283079, -123.282925015
48.292079, -123.282925015
48.301079, -123.282925015
48.310079, -123.282925015
48.319079, -123.282925015
48.328079, -123.282925015
48.337079, -123.282925015
48.346079, -123.282925015
48.355079, -123.282925015
48.364079, -123.282925015
48.373079, -123.282925015
48.382079, -123.282925015
48.391079, -123.282925015
48.400079, -123.282925015
48.409079, -123.282925015
48.418079, -123.282925015
48.427079, -123.282925015
48.436079, -123.282925015
48.445079, -123.282925015
48.454079, -123.282925015
48.463079, -123.282925015
48.472079, -123.282925015
48.481079, -123.282925015
48.490079, -123.282925015
48.499079, -123.282925015
48.508079, -123.282925015
48.517079, -123.282925015
48.526079, -123.282925015
48.535079, -123.282925015
48.544079, -123.282925015
48.553079, -123.282925015
48.562079, -123.282925015
48.571079, -123.282925015
48.580079, -123.282925015
48.589079, -123.282925015
48.598079, -123.282925015
48.607079, -123.282925015
48.616079, -123.282925015
48.625079, -123.282925015
48.634079, -123.282925015
48.643079, -123.282925015
48.652079, -123.282925015
48.661079, -123.282925015
48.670079, -123.282925015
48.679079, -123.282925015
48.688079, -123.282925015
48.697079, -123.282925015
48.706079, -123.282925015
48.715079, -123.282925015
48.724079, -123.282925015
48.733079, -123.282925015
48.742079, -123.282925015
48.751079, -123.282925015
48.760079, -123.282925015
48.769079, -123.282925015
48.778079, -123.282925015
48.787079, -123.282925015
48.796079, -123.282925015
48.805079, -123.282925015
48.814079, -123.282925015
48.823079, -123.282925015
48.832079, -123.282925015
48.841079, -123.282925015
48.850079, -123.282925015
48.859079, -123.282925015
48.868079, -123.282925015
48.877079, -123.282925015
48.886079, -123.282925015
48.895079, -123.282925015
48.904079, -123.282925015
48.913079, -123.282925015
48.922079, -123.282925015
48.931079, -123.282925015
48.940079, -123.282925015
48.949079, -123.282925015
46.213079, -123.269218256
46.222079, -123.269218256
46.231079, -123.269218256
46.240079, -123.269218256
46.249079, -123.269218256
46.258079, -123.269218256
46.267079, -123.269218256
46.276079, -123.269218256
46.285079, -123.269218256
46.294079, -123.269218256
46.303079, -123.269218256
46.312079, -123.269218256
46.321079, -123.269218256
46.330079, -123.269218256
46.339079, -123.269218256
46.348079, -123.269218256
46.357079, -123.269218256
46.366079, -123.269218256
46.375079, -123.269218256
46.384079, -123.269218256
46.393079, -123.269218256
46.402079, -123.269218256
46.411079, -123.269218256
46.420079, -123.269218256
46.429079, -123.269218256
46.438079, -123.269218256
46.447079, -123.269218256
46.456079, -123.269218256
46.465079, -123.269218256
46.474079, -123.269218256
46.483079, -123.269218256
46.492079, -123.269218256
46.501079, -123.269218256
46.510079, -123.269218256
46.519079, -123.269218256
46.528079, -123.269218256
46.537079, -123.269218256
46.546079, -123.269218256
46.555079, -123.269218256
46.564079, -123.269218256
46.573079, -123.269218256
46.582079, -123.269218256
46.591079, -123.269218256
46.600079, -123.269218256
46.609079, -123.269218256
46.618079, -123.269218256
46.627079, -123.269218256
46.636079, -123.269218256
46.645079, -123.269218256
46.654079, -123.269218256
46.663079, -123.269218256
46.672079, -123.269218256
46.681079, -123.269218256
46.690079, -123.269218256
46.699079, -123.269218256
46.708079, -123.269218256
46.717079, -123.269218256
46.726079, -123.269218256
46.735079, -123.269218256
46.744079, -123.269218256
46.753079, -123.269218256
46.762079, -123.269218256
46.771079, -123.269218256
46.780079, -123.269218256
46.789079, -123.269218256
46.798079, -123.269218256
46.807079, -123.269218256
46.816079, -123.269218256
46.825079, -123.269218256
46.834079, -123.269218256
46.843079, -123.269218256
46.852079, -123.269218256
46.861079, -123.269218256
46.870079, -123.269218256
46.879079, -123.269218256
46.888079, -123.269218256
46.897079, -123.269218256
46.906079, -123.269218256
46.915079, -123.269218256
46.924079, -123.269218256
46.933079, -123.269218256
46.942079, -123.269218256
46.951079, -123.269218256
46.960079, -123.269218256
46.969079, -123.269218256
46.978079, -123.269218256
46.987079, -123.269218256
46.996079, -123.269218256
47.005079, -123.269218256
47.014079, -123.269218256
47.023079, -123.269218256
47.032079, -123.269218256
47.041079, -123.269218256
47.050079, -123.269218256
47.059079, -123.269218256
47.068079, -123.269218256
47.077079, -123.269218256
47.086079, -123.269218256
47.095079, -123.269218256
47.104079, -123.269218256
47.113079, -123.269218256
47.122079, -123.269218256
47.131079, -123.269218256
47.140079, -123.269218256
47.149079, -123.269218256
47.158079, -123.269218256
47.167079, -123.269218256
47.176079, -123.269218256
47.185079, -123.269218256
47.194079, -123.269218256
47.203079, -123.269218256
47.212079, -123.269218256
47.221079, -123.269218256
47.230079, -123.269218256
47.239079, -123.269218256
47.248079, -123.269218256
47.257079, -123.269218256
47.266079, -123.269218256
47.275079, -123.269218256
47.284079, -123.269218256
47.293079, -123.269218256
47.302079, -123.269218256
47.311079, -123.269218256
47.320079, -123.269218256
47.329079, -123.269218256
47.338079, -123.269218256
47.347079, -123.269218256
47.356079, -123.269218256
47.365079, -123.269218256
47.374079, -123.269218256
47.383079, -123.269218256
47.392079, -123.269218256
47.401079, -123.269218256
47.410079, -123.269218256
47.419079, -123.269218256
47.428079, -123.269218256
47.437079, -123.269218256
47.446079, -123.269218256
47.455079, -123.269218256
47.464079, -123.269218256
47.473079, -123.269218256
47.482079, -123.269218256
47.491079, -123.269218256
47.500079, -123.269218256
47.509079, -123.269218256
47.518079, -123.269218256
47.527079, -123.269218256
47.536079, -123.269218256
47.545079, -123.269218256
47.554079, -123.269218256
47.563079, -123.269218256
47.572079, -123.269218256
47.581079, -123.269218256
47.590079, -123.269218256
47.599079, -123.269218256
47.608079, -123.269218256
47.617079, -123.269218256
47.626079, -123.269218256
47.635079, -123.269218256
47.644079, -123.269218256
47.653079, -123.269218256
47.662079, -123.269218256
47.671079, -123.269218256
47.680079, -123.269218256
47.689079, -123.269218256
47.698079, -123.269218256
47.707079, -123.269218256
47.716079, -123.269218256
47.725079, -123.269218256
47.734079, -123.269218256
47.743079, -123.269218256
47.752079, -123.269218256
47.761079, -123.269218256
47.770079, -123.269218256
47.779079, -123.269218256
47.788079, -123.269218256
47.797079, -123.269218256
47.806079, -123.269218256
47.815079, -123.269218256
47.824079, -123.269218256
47.833079, -123.269218256
47.842079, -123.269218256
47.851079, -123.269218256
47.860079, -123.269218256
47.869079, -123.269218256
47.878079, -123.269218256
47.887079, -123.269218256
47.896079, -123.269218256
47.905079, -123.269218256
47.914079, -123.269218256
47.923079, -123.269218256
47.932079, -123.269218256
47.941079, -123.269218256
47.950079, -123.269218256
47.959079, -123.269218256
47.968079, -123.269218256
47.977079, -123.269218256
47.986079, -123.269218256
47.995079, -123.269218256
48.004079, -123.269218256
48.013079, -123.269218256
48.022079, -123.269218256
48.031079, -123.269218256
48.040079, -123.269218256
48.049079, -123.269218256
48.058079, -123.269218256
48.067079, -123.269218256
48.076079, -123.269218256
48.085079, -123.269218256
48.094079, -123.269218256
48.103079, -123.269218256
48.112079, -123.269218256
48.121079, -123.269218256
48.130079, -123.269218256
48.139079, -123.269218256
48.148079, -123.269218256
48.157079, -123.269218256
48.166079, -123.269218256
48.175079, -123.269218256
48.184079, -123.269218256
48.193079, -123.269218256
48.202079, -123.269218256
48.211079, -123.269218256
48.220079, -123.269218256
48.229079, -123.269218256
48.238079, -123.269218256
48.247079, -123.269218256
48.256079, -123.269218256
48.265079, -123.269218256
48.274079, -123.269218256
48.283079, -123.269218256
48.292079, -123.269218256
48.301079, -123.269218256
48.310079, -123.269218256
48.319079, -123.269218256
48.328079, -123.269218256
48.337079, -123.269218256
48.346079, -123.269218256
48.355079, -123.269218256
48.364079, -123.269218256
48.373079, -123.269218256
48.382079, -123.269218256
48.391079, -123.269218256
48.400079, -123.269218256
48.409079, -123.269218256
48.418079, -123.269218256
48.427079, -123.269218256
48.436079, -123.269218256
48.445079, -123.269218256
48.454079, -123.269218256
48.463079, -123.269218256
48.472079, -123.269218256
48.481079, -123.269218256
48.490079, -123.269218256
48.499079, -123.269218256
48.508079, -123.269218256
48.517079, -123.269218256
48.526079, -123.269218256
48.535079, -123.269218256
48.544079, -123.269218256
48.553079, -123.269218256
48.562079, -123.269218256
48.571079, -123.269218256
48.580079, -123.269218256
48.589079, -123.269218256
48.598079, -123.269218256
48.607079, -123.269218256
48.616079, -123.269218256
48.625079, -123.269218256
48.634079, -123.269218256
48.643079, -123.269218256
48.652079, -123.269218256
48.661079, -123.269218256
48.670079, -123.269218256
48.679079, -123.269218256
48.688079, -123.269218256
48.697079, -123.269218256
48.706079, -123.269218256
48.715079, -123.269218256
48.724079, -123.269218256
48.733079, -123.269218256
48.742079, -123.269218256
48.751079, -123.269218256
48.760079, -123.269218256
48.769079, -123.269218256
48.778079, -123.269218256
48.787079, -123.269218256
48.796079, -123.269218256
48.805079, -123.269218256
48.814079, -123.269218256
48.823079, -123.269218256
48.832079, -123.269218256
48.841079, -123.269218256
48.850079, -123.269218256
48.859079, -123.269218256
48.868079, -123.269218256
48.877079, -123.269218256
48.886079, -123.269218256
48.895079, -123.269218256
48.904079, -123.269218256
48.913079, -123.269218256
48.922079, -123.269218256
48.931079, -123.269218256
48.940079, -123.269218256
48.949079, -123.269218256
46.213079, -123.255511498
46.222079, -123.255511498
46.231079, -123.255511498
46.240079, -123.255511498
46.249079, -123.255511498
46.258079, -123.255511498
46.267079, -123.255511498
46.276079, -123.255511498
46.285079, -123.255511498
46.294079, -123.255511498
46.303079, -123.255511498
46.312079, -123.255511498
46.321079, -123.255511498
46.330079, -123.255511498
46.339079, -123.255511498
46.348079, -123.255511498
46.357079, -123.255511498
46.366079, -123.255511498
46.375079, -123.255511498
46.384079, -123.255511498
46.393079, -123.255511498
46.402079, -123.255511498
46.411079, -123.255511498
46.420079, -123.255511498
46.429079, -123.255511498
46.438079, -123.255511498
46.447079, -123.255511498
46.456079, -123.255511498
46.465079, -123.255511498
46.474079, -123.255511498
46.483079, -123.255511498
46.492079, -123.255511498
46.501079, -123.255511498
46.510079, -123.255511498
46.519079, -123.255511498
46.528079, -123.255511498
46.537079, -123.255511498
46.546079, -123.255511498
46.555079, -123.255511498
46.564079, -123.255511498
46.573079, -123.255511498
46.582079, -123.255511498
46.591079, -123.255511498
46.600079, -123.255511498
46.609079, -123.255511498
46.618079, -123.255511498
46.627079, -123.255511498
46.636079, -123.255511498
46.645079, -123.255511498
46.654079, -123.255511498
46.663079, -123.255511498
46.672079, -123.255511498
46.681079, -123.255511498
46.690079, -123.255511498
46.699079, -123.255511498
46.708079, -123.255511498
46.717079, -123.255511498
46.726079, -123.255511498
46.735079, -123.255511498
46.744079, -123.255511498
46.753079, -123.255511498
46.762079, -123.255511498
46.771079, -123.255511498
46.780079, -123.255511498
46.789079, -123.255511498
46.798079, -123.255511498
46.807079, -123.255511498
46.816079, -123.255511498
46.825079, -123.255511498
46.834079, -123.255511498
46.843079, -123.255511498
46.852079, -123.255511498
46.861079, -123.255511498
46.870079, -123.255511498
46.879079, -123.255511498
46.888079, -123.255511498
46.897079, -123.255511498
46.906079, -123.255511498
46.915079, -123.255511498
46.924079, -123.255511498
46.933079, -123.255511498
46.942079, -123.255511498
46.951079, -123.255511498
46.960079, -123.255511498
46.969079, -123.255511498
46.978079, -123.255511498
46.987079, -123.255511498
46.996079, -123.255511498
47.005079, -123.255511498
47.014079, -123.255511498
47.023079, -123.255511498
47.032079, -123.255511498
47.041079, -123.255511498
47.050079, -123.255511498
47.059079, -123.255511498
47.068079, -123.255511498
47.077079, -123.255511498
47.086079, -123.255511498
47.095079, -123.255511498
47.104079, -123.255511498
47.113079, -123.255511498
47.122079, -123.255511498
47.131079, -123.255511498
47.140079, -123.255511498
47.149079, -123.255511498
47.158079, -123.255511498
47.167079, -123.255511498
47.176079, -123.255511498
47.185079, -123.255511498
47.194079, -123.255511498
47.203079, -123.255511498
47.212079, -123.255511498
47.221079, -123.255511498
47.230079, -123.255511498
47.239079, -123.255511498
47.248079, -123.255511498
47.257079, -123.255511498
47.266079, -123.255511498
47.275079, -123.255511498
47.284079, -123.255511498
47.293079, -123.255511498
47.302079, -123.255511498
47.311079, -123.255511498
47.320079, -123.255511498
47.329079, -123.255511498
47.338079, -123.255511498
47.347079, -123.255511498
47.356079, -123.255511498
47.365079, -123.255511498
47.374079, -123.255511498
47.383079, -123.255511498
47.392079, -123.255511498
47.401079, -123.255511498
47.410079, -123.255511498
47.419079, -123.255511498
47.428079, -123.255511498
47.437079, -123.255511498
47.446079, -123.255511498
47.455079, -123.255511498
47.464079, -123.255511498
47.473079, -123.255511498
47.482079, -123.255511498
47.491079, -123.255511498
47.500079, -123.255511498
47.509079, -123.255511498
47.518079, -123.255511498
47.527079, -123.255511498
47.536079, -123.255511498
47.545079, -123.255511498
47.554079, -123.255511498
47.563079, -123.255511498
47.572079, -123.255511498
47.581079, -123.255511498
47.590079, -123.255511498
47.599079, -123.255511498
47.608079, -123.255511498
47.617079, -123.255511498
47.626079, -123.255511498
47.635079, -123.255511498
47.644079, -123.255511498
47.653079, -123.255511498
47.662079, -123.255511498
47.671079, -123.255511498
47.680079, -123.255511498
47.689079, -123.255511498
47.698079, -123.255511498
47.707079, -123.255511498
47.716079, -123.255511498
47.725079, -123.255511498
47.734079, -123.255511498
47.743079, -123.255511498
47.752079, -123.255511498
47.761079, -123.255511498
47.770079, -123.255511498
47.779079, -123.255511498
47.788079, -123.255511498
47.797079, -123.255511498
47.806079, -123.255511498
47.815079, -123.255511498
47.824079, -123.255511498
47.833079, -123.255511498
47.842079, -123.255511498
47.851079, -123.255511498
47.860079, -123.255511498
47.869079, -123.255511498
47.878079, -123.255511498
47.887079, -123.255511498
47.896079, -123.255511498
47.905079, -123.255511498
47.914079, -123.255511498
47.923079, -123.255511498
47.932079, -123.255511498
47.941079, -123.255511498
47.950079, -123.255511498
47.959079, -123.255511498
47.968079, -123.255511498
47.977079, -123.255511498
47.986079, -123.255511498
47.995079, -123.255511498
48.004079, -123.255511498
48.013079, -123.255511498
48.022079, -123.255511498
48.031079, -123.255511498
48.040079, -123.255511498
48.049079, -123.255511498
48.058079, -123.255511498
48.067079, -123.255511498
48.076079, -123.255511498
48.085079, -123.255511498
48.094079, -123.255511498
48.103079, -123.255511498
48.112079, -123.255511498
48.121079, -123.255511498
48.130079, -123.255511498
48.139079, -123.255511498
48.148079, -123.255511498
48.157079, -123.255511498
48.166079, -123.255511498
48.175079, -123.255511498
48.184079, -123.255511498
48.193079, -123.255511498
48.202079, -123.255511498
48.211079, -123.255511498
48.220079, -123.255511498
48.229079, -123.255511498
48.238079, -123.255511498
48.247079, -123.255511498
48.256079, -123.255511498
48.265079, -123.255511498
48.274079, -123.255511498
48.283079, -123.255511498
48.292079, -123.255511498
48.301079, -123.255511498
48.310079, -123.255511498
48.319079, -123.255511498
48.328079, -123.255511498
48.337079, -123.255511498
48.346079, -123.255511498
48.355079, -123.255511498
48.364079, -123.255511498
48.373079, -123.255511498
48.382079, -123.255511498
48.391079, -123.255511498
48.400079, -123.255511498
48.409079, -123.255511498
48.418079, -123.255511498
48.427079, -123.255511498
48.436079, -123.255511498
48.445079, -123.255511498
48.454079, -123.255511498
48.463079, -123.255511498
48.472079, -123.255511498
48.481079, -123.255511498
48.490079, -123.255511498
48.499079, -123.255511498
48.508079, -123.255511498
48.517079, -123.255511498
48.526079, -123.255511498
48.535079, -123.255511498
48.544079, -123.255511498
48.553079, -123.255511498
48.562079, -123.255511498
48.571079, -123.255511498
48.580079, -123.255511498
48.589079, -123.255511498
48.598079, -123.255511498
48.607079, -123.255511498
48.616079, -123.255511498
48.625079, -123.255511498
48.634079, -123.255511498
48.643079, -123.255511498
48.652079, -123.255511498
48.661079, -123.255511498
48.670079, -123.255511498
48.679079, -123.255511498
48.688079, -123.255511498
48.697079, -123.255511498
48.706079, -123.255511498
48.715079, -123.255511498
48.724079, -123.255511498
48.733079, -123.255511498
48.742079, -123.255511498
48.751079, -123.255511498
48.760079, -123.255511498
48.769079, -123.255511498
48.778079, -123.255511498
48.787079, -123.255511498
48.796079, -123.255511498
48.805079, -123.255511498
48.814079, -123.255511498
48.823079, -123.255511498
48.832079, -123.255511498
48.841079, -123.255511498
48.850079, -123.255511498
48.859079, -123.255511498
48.868079, -123.255511498
48.877079, -123.255511498
48.886079, -123.255511498
48.895079, -123.255511498
48.904079, -123.255511498
48.913079, -123.255511498
48.922079, -123.255511498
48.931079, -123.255511498
48.940079, -123.255511498
48.949079, -123.255511498
46.213079, -123.241804739
46.222079, -123.241804739
46.231079, -123.241804739
46.240079, -123.241804739
46.249079, -123.241804739
46.258079, -123.241804739
46.267079, -123.241804739
46.276079, -123.241804739
46.285079, -123.241804739
46.294079, -123.241804739
46.303079, -123.241804739
46.312079, -123.241804739
46.321079, -123.241804739
46.330079, -123.241804739
46.339079, -123.241804739
46.348079, -123.241804739
46.357079, -123.241804739
46.366079, -123.241804739
46.375079, -123.241804739
46.384079, -123.241804739
46.393079, -123.241804739
46.402079, -123.241804739
46.411079, -123.241804739
46.420079, -123.241804739
46.429079, -123.241804739
46.438079, -123.241804739
46.447079, -123.241804739
46.456079, -123.241804739
46.465079, -123.241804739
46.474079, -123.241804739
46.483079, -123.241804739
46.492079, -123.241804739
46.501079, -123.241804739
46.510079, -123.241804739
46.519079, -123.241804739
46.528079, -123.241804739
46.537079, -123.241804739
46.546079, -123.241804739
46.555079, -123.241804739
46.564079, -123.241804739
46.573079, -123.241804739
46.582079, -123.241804739
46.591079, -123.241804739
46.600079, -123.241804739
46.609079, -123.241804739
46.618079, -123.241804739
46.627079, -123.241804739
46.636079, -123.241804739
46.645079, -123.241804739
46.654079, -123.241804739
46.663079, -123.241804739
46.672079, -123.241804739
46.681079, -123.241804739
46.690079, -123.241804739
46.699079, -123.241804739
46.708079, -123.241804739
46.717079, -123.241804739
46.726079, -123.241804739
46.735079, -123.241804739
46.744079, -123.241804739
46.753079, -123.241804739
46.762079, -123.241804739
46.771079, -123.241804739
46.780079, -123.241804739
46.789079, -123.241804739
46.798079, -123.241804739
46.807079, -123.241804739
46.816079, -123.241804739
46.825079, -123.241804739
46.834079, -123.241804739
46.843079, -123.241804739
46.852079, -123.241804739
46.861079, -123.241804739
46.870079, -123.241804739
46.879079, -123.241804739
46.888079, -123.241804739
46.897079, -123.241804739
46.906079, -123.241804739
46.915079, -123.241804739
46.924079, -123.241804739
46.933079, -123.241804739
46.942079, -123.241804739
46.951079, -123.241804739
46.960079, -123.241804739
46.969079, -123.241804739
46.978079, -123.241804739
46.987079, -123.241804739
46.996079, -123.241804739
47.005079, -123.241804739
47.014079, -123.241804739
47.023079, -123.241804739
47.032079, -123.241804739
47.041079, -123.241804739
47.050079, -123.241804739
47.059079, -123.241804739
47.068079, -123.241804739
47.077079, -123.241804739
47.086079, -123.241804739
47.095079, -123.241804739
47.104079, -123.241804739
47.113079, -123.241804739
47.122079, -123.241804739
47.131079, -123.241804739
47.140079, -123.241804739
47.149079, -123.241804739
47.158079, -123.241804739
47.167079, -123.241804739
47.176079, -123.241804739
47.185079, -123.241804739
47.194079, -123.241804739
47.203079, -123.241804739
47.212079, -123.241804739
47.221079, -123.241804739
47.230079, -123.241804739
47.239079, -123.241804739
47.248079, -123.241804739
47.257079, -123.241804739
47.266079, -123.241804739
47.275079, -123.241804739
47.284079, -123.241804739
47.293079, -123.241804739
47.302079, -123.241804739
47.311079, -123.241804739
47.320079, -123.241804739
47.329079, -123.241804739
47.338079, -123.241804739
47.347079, -123.241804739
47.356079, -123.241804739
47.365079, -123.241804739
47.374079, -123.241804739
47.383079, -123.241804739
47.392079, -123.241804739
47.401079, -123.241804739
47.410079, -123.241804739
47.419079, -123.241804739
47.428079, -123.241804739
47.437079, -123.241804739
47.446079, -123.241804739
47.455079, -123.241804739
47.464079, -123.241804739
47.473079, -123.241804739
47.482079, -123.241804739
47.491079, -123.241804739
47.500079, -123.241804739
47.509079, -123.241804739
47.518079, -123.241804739
47.527079, -123.241804739
47.536079, -123.241804739
47.545079, -123.241804739
47.554079, -123.241804739
47.563079, -123.241804739
47.572079, -123.241804739
47.581079, -123.241804739
47.590079, -123.241804739
47.599079, -123.241804739
47.608079, -123.241804739
47.617079, -123.241804739
47.626079, -123.241804739
47.635079, -123.241804739
47.644079, -123.241804739
47.653079, -123.241804739
47.662079, -123.241804739
47.671079, -123.241804739
47.680079, -123.241804739
47.689079, -123.241804739
47.698079, -123.241804739
47.707079, -123.241804739
47.716079, -123.241804739
47.725079, -123.241804739
47.734079, -123.241804739
47.743079, -123.241804739
47.752079, -123.241804739
47.761079, -123.241804739
47.770079, -123.241804739
47.779079, -123.241804739
47.788079, -123.241804739
47.797079, -123.241804739
47.806079, -123.241804739
47.815079, -123.241804739
47.824079, -123.241804739
47.833079, -123.241804739
47.842079, -123.241804739
47.851079, -123.241804739
47.860079, -123.241804739
47.869079, -123.241804739
47.878079, -123.241804739
47.887079, -123.241804739
47.896079, -123.241804739
47.905079, -123.241804739
47.914079, -123.241804739
47.923079, -123.241804739
47.932079, -123.241804739
47.941079, -123.241804739
47.950079, -123.241804739
47.959079, -123.241804739
47.968079, -123.241804739
47.977079, -123.241804739
47.986079, -123.241804739
47.995079, -123.241804739
48.004079, -123.241804739
48.013079, -123.241804739
48.022079, -123.241804739
48.031079, -123.241804739
48.040079, -123.241804739
48.049079, -123.241804739
48.058079, -123.241804739
48.067079, -123.241804739
48.076079, -123.241804739
48.085079, -123.241804739
48.094079, -123.241804739
48.103079, -123.241804739
48.112079, -123.241804739
48.121079, -123.241804739
48.130079, -123.241804739
48.139079, -123.241804739
48.148079, -123.241804739
48.157079, -123.241804739
48.166079, -123.241804739
48.175079, -123.241804739
48.184079, -123.241804739
48.193079, -123.241804739
48.202079, -123.241804739
48.211079, -123.241804739
48.220079, -123.241804739
48.229079, -123.241804739
48.238079, -123.241804739
48.247079, -123.241804739
48.256079, -123.241804739
48.265079, -123.241804739
48.274079, -123.241804739
48.283079, -123.241804739
48.292079, -123.241804739
48.301079, -123.241804739
48.310079, -123.241804739
48.319079, -123.241804739
48.328079, -123.241804739
48.337079, -123.241804739
48.346079, -123.241804739
48.355079, -123.241804739
48.364079, -123.241804739
48.373079, -123.241804739
48.382079, -123.241804739
48.391079, -123.241804739
48.400079, -123.241804739
48.409079, -123.241804739
48.418079, -123.241804739
48.427079, -123.241804739
48.436079, -123.241804739
48.445079, -123.241804739
48.454079, -123.241804739
48.463079, -123.241804739
48.472079, -123.241804739
48.481079, -123.241804739
48.490079, -123.241804739
48.499079, -123.241804739
48.508079, -123.241804739
48.517079, -123.241804739
48.526079, -123.241804739
48.535079, -123.241804739
48.544079, -123.241804739
48.553079, -123.241804739
48.562079, -123.241804739
48.571079, -123.241804739
48.580079, -123.241804739
48.589079, -123.241804739
48.598079, -123.241804739
48.607079, -123.241804739
48.616079, -123.241804739
48.625079, -123.241804739
48.634079, -123.241804739
48.643079, -123.241804739
48.652079, -123.241804739
48.661079, -123.241804739
48.670079, -123.241804739
48.679079, -123.241804739
48.688079, -123.241804739
48.697079, -123.241804739
48.706079, -123.241804739
48.715079, -123.241804739
48.724079, -123.241804739
48.733079, -123.241804739
48.742079, -123.241804739
48.751079, -123.241804739
48.760079, -123.241804739
48.769079, -123.241804739
48.778079, -123.241804739
48.787079, -123.241804739
48.796079, -123.241804739
48.805079, -123.241804739
48.814079, -123.241804739
48.823079, -123.241804739
48.832079, -123.241804739
48.841079, -123.241804739
48.850079, -123.241804739
48.859079, -123.241804739
48.868079, -123.241804739
48.877079, -123.241804739
48.886079, -123.241804739
48.895079, -123.241804739
48.904079, -123.241804739
48.913079, -123.241804739
48.922079, -123.241804739
48.931079, -123.241804739
48.940079, -123.241804739
48.949079, -123.241804739
46.213079, -123.228097981
46.222079, -123.228097981
46.231079, -123.228097981
46.240079, -123.228097981
46.249079, -123.228097981
46.258079, -123.228097981
46.267079, -123.228097981
46.276079, -123.228097981
46.285079, -123.228097981
46.294079, -123.228097981
46.303079, -123.228097981
46.312079, -123.228097981
46.321079, -123.228097981
46.330079, -123.228097981
46.339079, -123.228097981
46.348079, -123.228097981
46.357079, -123.228097981
46.366079, -123.228097981
46.375079, -123.228097981
46.384079, -123.228097981
46.393079, -123.228097981
46.402079, -123.228097981
46.411079, -123.228097981
46.420079, -123.228097981
46.429079, -123.228097981
46.438079, -123.228097981
46.447079, -123.228097981
46.456079, -123.228097981
46.465079, -123.228097981
46.474079, -123.228097981
46.483079, -123.228097981
46.492079, -123.228097981
46.501079, -123.228097981
46.510079, -123.228097981
46.519079, -123.228097981
46.528079, -123.228097981
46.537079, -123.228097981
46.546079, -123.228097981
46.555079, -123.228097981
46.564079, -123.228097981
46.573079, -123.228097981
46.582079, -123.228097981
46.591079, -123.228097981
46.600079, -123.228097981
46.609079, -123.228097981
46.618079, -123.228097981
46.627079, -123.228097981
46.636079, -123.228097981
46.645079, -123.228097981
46.654079, -123.228097981
46.663079, -123.228097981
46.672079, -123.228097981
46.681079, -123.228097981
46.690079, -123.228097981
46.699079, -123.228097981
46.708079, -123.228097981
46.717079, -123.228097981
46.726079, -123.228097981
46.735079, -123.228097981
46.744079, -123.228097981
46.753079, -123.228097981
46.762079, -123.228097981
46.771079, -123.228097981
46.780079, -123.228097981
46.789079, -123.228097981
46.798079, -123.228097981
46.807079, -123.228097981
46.816079, -123.228097981
46.825079, -123.228097981
46.834079, -123.228097981
46.843079, -123.228097981
46.852079, -123.228097981
46.861079, -123.228097981
46.870079, -123.228097981
46.879079, -123.228097981
46.888079, -123.228097981
46.897079, -123.228097981
46.906079, -123.228097981
46.915079, -123.228097981
46.924079, -123.228097981
46.933079, -123.228097981
46.942079, -123.228097981
46.951079, -123.228097981
46.960079, -123.228097981
46.969079, -123.228097981
46.978079, -123.228097981
46.987079, -123.228097981
46.996079, -123.228097981
47.005079, -123.228097981
47.014079, -123.228097981
47.023079, -123.228097981
47.032079, -123.228097981
47.041079, -123.228097981
47.050079, -123.228097981
47.059079, -123.228097981
47.068079, -123.228097981
47.077079, -123.228097981
47.086079, -123.228097981
47.095079, -123.228097981
47.104079, -123.228097981
47.113079, -123.228097981
47.122079, -123.228097981
47.131079, -123.228097981
47.140079, -123.228097981
47.149079, -123.228097981
47.158079, -123.228097981
47.167079, -123.228097981
47.176079, -123.228097981
47.185079, -123.228097981
47.194079, -123.228097981
47.203079, -123.228097981
47.212079, -123.228097981
47.221079, -123.228097981
47.230079, -123.228097981
47.239079, -123.228097981
47.248079, -123.228097981
47.257079, -123.228097981
47.266079, -123.228097981
47.275079, -123.228097981
47.284079, -123.228097981
47.293079, -123.228097981
47.302079, -123.228097981
47.311079, -123.228097981
47.320079, -123.228097981
47.329079, -123.228097981
47.338079, -123.228097981
47.347079, -123.228097981
47.356079, -123.228097981
47.365079, -123.228097981
47.374079, -123.228097981
47.383079, -123.228097981
47.392079, -123.228097981
47.401079, -123.228097981
47.410079, -123.228097981
47.419079, -123.228097981
47.428079, -123.228097981
47.437079, -123.228097981
47.446079, -123.228097981
47.455079, -123.228097981
47.464079, -123.228097981
47.473079, -123.228097981
47.482079, -123.228097981
47.491079, -123.228097981
47.500079, -123.228097981
47.509079, -123.228097981
47.518079, -123.228097981
47.527079, -123.228097981
47.536079, -123.228097981
47.545079, -123.228097981
47.554079, -123.228097981
47.563079, -123.228097981
47.572079, -123.228097981
47.581079, -123.228097981
47.590079, -123.228097981
47.599079, -123.228097981
47.608079, -123.228097981
47.617079, -123.228097981
47.626079, -123.228097981
47.635079, -123.228097981
47.644079, -123.228097981
47.653079, -123.228097981
47.662079, -123.228097981
47.671079, -123.228097981
47.680079, -123.228097981
47.689079, -123.228097981
47.698079, -123.228097981
47.707079, -123.228097981
47.716079, -123.228097981
47.725079, -123.228097981
47.734079, -123.228097981
47.743079, -123.228097981
47.752079, -123.228097981
47.761079, -123.228097981
47.770079, -123.228097981
47.779079, -123.228097981
47.788079, -123.228097981
47.797079, -123.228097981
47.806079, -123.228097981
47.815079, -123.228097981
47.824079, -123.228097981
47.833079, -123.228097981
47.842079, -123.228097981
47.851079, -123.228097981
47.860079, -123.228097981
47.869079, -123.228097981
47.878079, -123.228097981
47.887079, -123.228097981
47.896079, -123.228097981
47.905079, -123.228097981
47.914079, -123.228097981
47.923079, -123.228097981
47.932079, -123.228097981
47.941079, -123.228097981
47.950079, -123.228097981
47.959079, -123.228097981
47.968079, -123.228097981
47.977079, -123.228097981
47.986079, -123.228097981
47.995079, -123.228097981
48.004079, -123.228097981
48.013079, -123.228097981
48.022079, -123.228097981
48.031079, -123.228097981
48.040079, -123.228097981
48.049079, -123.228097981
48.058079, -123.228097981
48.067079, -123.228097981
48.076079, -123.228097981
48.085079, -123.228097981
48.094079, -123.228097981
48.103079, -123.228097981
48.112079, -123.228097981
48.121079, -123.228097981
48.130079, -123.228097981
48.139079, -123.228097981
48.148079, -123.228097981
48.157079, -123.228097981
48.166079, -123.228097981
48.175079, -123.228097981
48.184079, -123.228097981
48.193079, -123.228097981
48.202079, -123.228097981
48.211079, -123.228097981
48.220079, -123.228097981
48.229079, -123.228097981
48.238079, -123.228097981
48.247079, -123.228097981
48.256079, -123.228097981
48.265079, -123.228097981
48.274079, -123.228097981
48.283079, -123.228097981
48.292079, -123.228097981
48.301079, -123.228097981
48.310079, -123.228097981
48.319079, -123.228097981
48.328079, -123.228097981
48.337079, -123.228097981
48.346079, -123.228097981
48.355079, -123.228097981
48.364079, -123.228097981
48.373079, -123.228097981
48.382079, -123.228097981
48.391079, -123.228097981
48.400079, -123.228097981
48.409079, -123.228097981
48.418079, -123.228097981
48.427079, -123.228097981
48.436079, -123.228097981
48.445079, -123.228097981
48.454079, -123.228097981
48.463079, -123.228097981
48.472079, -123.228097981
48.481079, -123.228097981
48.490079, -123.228097981
48.499079, -123.228097981
48.508079, -123.228097981
48.517079, -123.228097981
48.526079, -123.228097981
48.535079, -123.228097981
48.544079, -123.228097981
48.553079, -123.228097981
48.562079, -123.228097981
48.571079, -123.228097981
48.580079, -123.228097981
48.589079, -123.228097981
48.598079, -123.228097981
48.607079, -123.228097981
48.616079, -123.228097981
48.625079, -123.228097981
48.634079, -123.228097981
48.643079, -123.228097981
48.652079, -123.228097981
48.661079, -123.228097981
48.670079, -123.228097981
48.679079, -123.228097981
48.688079, -123.228097981
48.697079, -123.228097981
48.706079, -123.228097981
48.715079, -123.228097981
48.724079, -123.228097981
48.733079, -123.228097981
48.742079, -123.228097981
48.751079, -123.228097981
48.760079, -123.228097981
48.769079, -123.228097981
48.778079, -123.228097981
48.787079, -123.228097981
48.796079, -123.228097981
48.805079, -123.228097981
48.814079, -123.228097981
48.823079, -123.228097981
48.832079, -123.228097981
48.841079, -123.228097981
48.850079, -123.228097981
48.859079, -123.228097981
48.868079, -123.228097981
48.877079, -123.228097981
48.886079, -123.228097981
48.895079, -123.228097981
48.904079, -123.228097981
48.913079, -123.228097981
48.922079, -123.228097981
48.931079, -123.228097981
48.940079, -123.228097981
48.949079, -123.228097981
46.213079, -123.214391222
46.222079, -123.214391222
46.231079, -123.214391222
46.240079, -123.214391222
46.249079, -123.214391222
46.258079, -123.214391222
46.267079, -123.214391222
46.276079, -123.214391222
46.285079, -123.214391222
46.294079, -123.214391222
46.303079, -123.214391222
46.312079, -123.214391222
46.321079, -123.214391222
46.330079, -123.214391222
46.339079, -123.214391222
46.348079, -123.214391222
46.357079, -123.214391222
46.366079, -123.214391222
46.375079, -123.214391222
46.384079, -123.214391222
46.393079, -123.214391222
46.402079, -123.214391222
46.411079, -123.214391222
46.420079, -123.214391222
46.429079, -123.214391222
46.438079, -123.214391222
46.447079, -123.214391222
46.456079, -123.214391222
46.465079, -123.214391222
46.474079, -123.214391222
46.483079, -123.214391222
46.492079, -123.214391222
46.501079, -123.214391222
46.510079, -123.214391222
46.519079, -123.214391222
46.528079, -123.214391222
46.537079, -123.214391222
46.546079, -123.214391222
46.555079, -123.214391222
46.564079, -123.214391222
46.573079, -123.214391222
46.582079, -123.214391222
46.591079, -123.214391222
46.600079, -123.214391222
46.609079, -123.214391222
46.618079, -123.214391222
46.627079, -123.214391222
46.636079, -123.214391222
46.645079, -123.214391222
46.654079, -123.214391222
46.663079, -123.214391222
46.672079, -123.214391222
46.681079, -123.214391222
46.690079, -123.214391222
46.699079, -123.214391222
46.708079, -123.214391222
46.717079, -123.214391222
46.726079, -123.214391222
46.735079, -123.214391222
46.744079, -123.214391222
46.753079, -123.214391222
46.762079, -123.214391222
46.771079, -123.214391222
46.780079, -123.214391222
46.789079, -123.214391222
46.798079, -123.214391222
46.807079, -123.214391222
46.816079, -123.214391222
46.825079, -123.214391222
46.834079, -123.214391222
46.843079, -123.214391222
46.852079, -123.214391222
46.861079, -123.214391222
46.870079, -123.214391222
46.879079, -123.214391222
46.888079, -123.214391222
46.897079, -123.214391222
46.906079, -123.214391222
46.915079, -123.214391222
46.924079, -123.214391222
46.933079, -123.214391222
46.942079, -123.214391222
46.951079, -123.214391222
46.960079, -123.214391222
46.969079, -123.214391222
46.978079, -123.214391222
46.987079, -123.214391222
46.996079, -123.214391222
47.005079, -123.214391222
47.014079, -123.214391222
47.023079, -123.214391222
47.032079, -123.214391222
47.041079, -123.214391222
47.050079, -123.214391222
47.059079, -123.214391222
47.068079, -123.214391222
