48.922079, -119.664340773
48.931079, -119.664340773
48.940079, -119.664340773
48.949079, -119.664340773
46.213079, -119.650634014
46.222079, -119.650634014
46.231079, -119.650634014
46.240079, -119.650634014
46.249079, -119.650634014
46.258079, -119.650634014
46.267079, -119.650634014
46.276079, -119.650634014
46.285079, -119.650634014
46.294079, -119.650634014
46.303079, -119.650634014
46.312079, -119.650634014
46.321079, -119.650634014
46.330079, -119.650634014
46.339079, -119.650634014
46.348079, -119.650634014
46.357079, -119.650634014
46.366079, -119.650634014
46.375079, -119.650634014
46.384079, -119.650634014
46.393079, -119.650634014
46.402079, -119.650634014
46.411079, -119.650634014
46.420079, -119.650634014
46.429079, -119.650634014
46.438079, -119.650634014
46.447079, -119.650634014
46.456079, -119.650634014
46.465079, -119.650634014
46.474079, -119.650634014
46.483079, -119.650634014
46.492079, -119.650634014
46.501079, -119.650634014
46.510079, -119.650634014
46.519079, -119.650634014
46.528079, -119.650634014
46.537079, -119.650634014
46.546079, -119.650634014
46.555079, -119.650634014
46.564079, -119.650634014
46.573079, -119.650634014
46.582079, -119.650634014
46.591079, -119.650634014
46.600079, -119.650634014
46.609079, -119.650634014
46.618079, -119.650634014
46.627079, -119.650634014
46.636079, -119.650634014
46.645079, -119.650634014
46.654079, -119.650634014
46.663079, -119.650634014
46.672079, -119.650634014
46.681079, -119.650634014
46.690079, -119.650634014
46.699079, -119.650634014
46.708079, -119.650634014
46.717079, -119.650634014
46.726079, -119.650634014
46.735079, -119.650634014
46.744079, -119.650634014
46.753079, -119.650634014
46.762079, -119.650634014
46.771079, -119.650634014
46.780079, -119.650634014
46.789079, -119.650634014
46.798079, -119.650634014
46.807079, -119.650634014
46.816079, -119.650634014
46.825079, -119.650634014
46.834079, -119.650634014
46.843079, -119.650634014
46.852079, -119.650634014
46.861079, -119.650634014
46.870079, -119.650634014
46.879079, -119.650634014
46.888079, -119.650634014
46.897079, -119.650634014
46.906079, -119.650634014
46.915079, -119.650634014
46.924079, -119.650634014
46.933079, -119.650634014
46.942079, -119.650634014
46.951079, -119.650634014
46.960079, -119.650634014
46.969079, -119.650634014
46.978079, -119.650634014
46.987079, -119.650634014
46.996079, -119.650634014
47.005079, -119.650634014
47.014079, -119.650634014
47.023079, -119.650634014
47.032079, -119.650634014
47.041079, -119.650634014
47.050079, -119.650634014
47.059079, -119.650634014
47.068079, -119.650634014
47.077079, -119.650634014
47.086079, -119.650634014
47.095079, -119.650634014
47.104079, -119.650634014
47.113079, -119.650634014
47.122079, -119.650634014
47.131079, -119.650634014
47.140079, -119.650634014
47.149079, -119.650634014
47.158079, -119.650634014
47.167079, -119.650634014
47.176079, -119.650634014
47.185079, -119.650634014
47.194079, -119.650634014
47.203079, -119.650634014
47.212079, -119.650634014
47.221079, -119.650634014
47.230079, -119.650634014
47.239079, -119.650634014
47.248079, -119.650634014
47.257079, -119.650634014
47.266079, -119.650634014
47.275079, -119.650634014
47.284079, -119.650634014
47.293079, -119.650634014
47.302079, -119.650634014
47.311079, -119.650634014
47.320079, -119.650634014
47.329079, -119.650634014
47.338079, -119.650634014
47.347079, -119.650634014
47.356079, -119.650634014
47.365079, -119.650634014
47.374079, -119.650634014
47.383079, -119.650634014
47.392079, -119.650634014
47.401079, -119.650634014
47.410079, -119.650634014
47.419079, -119.650634014
47.428079, -119.650634014
47.437079, -119.650634014
47.446079, -119.650634014
47.455079, -119.650634014
47.464079, -119.650634014
47.473079, -119.650634014
47.482079, -119.650634014
47.491079, -119.650634014
47.500079, -119.650634014
47.509079, -119.650634014
47.518079, -119.650634014
47.527079, -119.650634014
47.536079, -119.650634014
47.545079, -119.650634014
47.554079, -119.650634014
47.563079, -119.650634014
47.572079, -119.650634014
47.581079, -119.650634014
47.590079, -119.650634014
47.599079, -119.650634014
47.608079, -119.650634014
47.617079, -119.650634014
47.626079, -119.650634014
47.635079, -119.650634014
47.644079, -119.650634014
47.653079, -119.650634014
47.662079, -119.650634014
47.671079, -119.650634014
47.680079, -119.650634014
47.689079, -119.650634014
47.698079, -119.650634014
47.707079, -119.650634014
47.716079, -119.650634014
47.725079, -119.650634014
47.734079, -119.650634014
47.743079, -119.650634014
47.752079, -119.650634014
47.761079, -119.650634014
47.770079, -119.650634014
47.779079, -119.650634014
47.788079, -119.650634014
47.797079, -119.650634014
47.806079, -119.650634014
47.815079, -119.650634014
47.824079, -119.650634014
47.833079, -119.650634014
47.842079, -119.650634014
47.851079, -119.650634014
47.860079, -119.650634014
47.869079, -119.650634014
47.878079, -119.650634014
47.887079, -119.650634014
47.896079, -119.650634014
47.905079, -119.650634014
47.914079, -119.650634014
47.923079, -119.650634014
47.932079, -119.650634014
47.941079, -119.650634014
47.950079, -119.650634014
47.959079, -119.650634014
47.968079, -119.650634014
47.977079, -119.650634014
47.986079, -119.650634014
47.995079, -119.650634014
48.004079, -119.650634014
48.013079, -119.650634014
48.022079, -119.650634014
48.031079, -119.650634014
48.040079, -119.650634014
48.049079, -119.650634014
48.058079, -119.650634014
48.067079, -119.650634014
48.076079, -119.650634014
48.085079, -119.650634014
48.094079, -119.650634014
48.103079, -119.650634014
48.112079, -119.650634014
48.121079, -119.650634014
48.130079, -119.650634014
48.139079, -119.650634014
48.148079, -119.650634014
48.157079, -119.650634014
48.166079, -119.650634014
48.175079, -119.650634014
48.184079, -119.650634014
48.193079, -119.650634014
48.202079, -119.650634014
48.211079, -119.650634014
48.220079, -119.650634014
48.229079, -119.650634014
48.238079, -119.650634014
48.247079, -119.650634014
48.256079, -119.650634014
48.265079, -119.650634014
48.274079, -119.650634014
48.283079, -119.650634014
48.292079, -119.650634014
48.301079, -119.650634014
48.310079, -119.650634014
48.319079, -119.650634014
48.328079, -119.650634014
48.337079, -119.650634014
48.346079, -119.650634014
48.355079, -119.650634014
48.364079, -119.650634014
48.373079, -119.650634014
48.382079, -119.650634014
48.391079, -119.650634014
48.400079, -119.650634014
48.409079, -119.650634014
48.418079, -119.650634014
48.427079, -119.650634014
48.436079, -119.650634014
48.445079, -119.650634014
48.454079, -119.650634014
48.463079, -119.650634014
48.472079, -119.650634014
48.481079, -119.650634014
48.490079, -119.650634014
48.499079, -119.650634014
48.508079, -119.650634014
48.517079, -119.650634014
48.526079, -119.650634014
48.535079, -119.650634014
48.544079, -119.650634014
48.553079, -119.650634014
48.562079, -119.650634014
48.571079, -119.650634014
48.580079, -119.650634014
48.589079, -119.650634014
48.598079, -119.650634014
48.607079, -119.650634014
48.616079, -119.650634014
48.625079, -119.650634014
48.634079, -119.650634014
48.643079, -119.650634014
48.652079, -119.650634014
48.661079, -119.650634014
48.670079, -119.650634014
48.679079, -119.650634014
48.688079, -119.650634014
48.697079, -119.650634014
48.706079, -119.650634014
48.715079, -119.650634014
48.724079, -119.650634014
48.733079, -119.650634014
48.742079, -119.650634014
48.751079, -119.650634014
48.760079, -119.650634014
48.769079, -119.650634014
48.778079, -119.650634014
48.787079, -119.650634014
48.796079, -119.650634014
48.805079, -119.650634014
48.814079, -119.650634014
48.823079, -119.650634014
48.832079, -119.650634014
48.841079, -119.650634014
48.850079, -119.650634014
48.859079, -119.650634014
48.868079, -119.650634014
48.877079, -119.650634014
48.886079, -119.650634014
48.895079, -119.650634014
48.904079, -119.650634014
48.913079, -119.650634014
48.922079, -119.650634014
48.931079, -119.650634014
48.940079, -119.650634014
48.949079, -119.650634014
46.213079, -119.636927256
46.222079, -119.636927256
46.231079, -119.636927256
46.240079, -119.636927256
46.249079, -119.636927256
46.258079, -119.636927256
46.267079, -119.636927256
46.276079, -119.636927256
46.285079, -119.636927256
46.294079, -119.636927256
46.303079, -119.636927256
46.312079, -119.636927256
46.321079, -119.636927256
46.330079, -119.636927256
46.339079, -119.636927256
46.348079, -119.636927256
46.357079, -119.636927256
46.366079, -119.636927256
46.375079, -119.636927256
46.384079, -119.636927256
46.393079, -119.636927256
46.402079, -119.636927256
46.411079, -119.636927256
46.420079, -119.636927256
46.429079, -119.636927256
46.438079, -119.636927256
46.447079, -119.636927256
46.456079, -119.636927256
46.465079, -119.636927256
46.474079, -119.636927256
46.483079, -119.636927256
46.492079, -119.636927256
46.501079, -119.636927256
46.510079, -119.636927256
46.519079, -119.636927256
46.528079, -119.636927256
46.537079, -119.636927256
46.546079, -119.636927256
46.555079, -119.636927256
46.564079, -119.636927256
46.573079, -119.636927256
46.582079, -119.636927256
46.591079, -119.636927256
46.600079, -119.636927256
46.609079, -119.636927256
46.618079, -119.636927256
46.627079, -119.636927256
46.636079, -119.636927256
46.645079, -119.636927256
46.654079, -119.636927256
46.663079, -119.636927256
46.672079, -119.636927256
46.681079, -119.636927256
46.690079, -119.636927256
46.699079, -119.636927256
46.708079, -119.636927256
46.717079, -119.636927256
46.726079, -119.636927256
46.735079, -119.636927256
46.744079, -119.636927256
46.753079, -119.636927256
46.762079, -119.636927256
46.771079, -119.636927256
46.780079, -119.636927256
46.789079, -119.636927256
46.798079, -119.636927256
46.807079, -119.636927256
46.816079, -119.636927256
46.825079, -119.636927256
46.834079, -119.636927256
46.843079, -119.636927256
46.852079, -119.636927256
46.861079, -119.636927256
46.870079, -119.636927256
46.879079, -119.636927256
46.888079, -119.636927256
46.897079, -119.636927256
46.906079, -119.636927256
46.915079, -119.636927256
46.924079, -119.636927256
46.933079, -119.636927256
46.942079, -119.636927256
46.951079, -119.636927256
46.960079, -119.636927256
46.969079, -119.636927256
46.978079, -119.636927256
46.987079, -119.636927256
46.996079, -119.636927256
47.005079, -119.636927256
47.014079, -119.636927256
47.023079, -119.636927256
47.032079, -119.636927256
47.041079, -119.636927256
47.050079, -119.636927256
47.059079, -119.636927256
47.068079, -119.636927256
47.077079, -119.636927256
47.086079, -119.636927256
47.095079, -119.636927256
47.104079, -119.636927256
47.113079, -119.636927256
47.122079, -119.636927256
47.131079, -119.636927256
47.140079, -119.636927256
47.149079, -119.636927256
47.158079, -119.636927256
47.167079, -119.636927256
47.176079, -119.636927256
47.185079, -119.636927256
47.194079, -119.636927256
47.203079, -119.636927256
47.212079, -119.636927256
47.221079, -119.636927256
47.230079, -119.636927256
47.239079, -119.636927256
47.248079, -119.636927256
47.257079, -119.636927256
47.266079, -119.636927256
47.275079, -119.636927256
47.284079, -119.636927256
47.293079, -119.636927256
47.302079, -119.636927256
47.311079, -119.636927256
47.320079, -119.636927256
47.329079, -119.636927256
47.338079, -119.636927256
47.347079, -119.636927256
47.356079, -119.636927256
47.365079, -119.636927256
47.374079, -119.636927256
47.383079, -119.636927256
47.392079, -119.636927256
47.401079, -119.636927256
47.410079, -119.636927256
47.419079, -119.636927256
47.428079, -119.636927256
47.437079, -119.636927256
47.446079, -119.636927256
47.455079, -119.636927256
47.464079, -119.636927256
47.473079, -119.636927256
47.482079, -119.636927256
47.491079, -119.636927256
47.500079, -119.636927256
47.509079, -119.636927256
47.518079, -119.636927256
47.527079, -119.636927256
47.536079, -119.636927256
47.545079, -119.636927256
47.554079, -119.636927256
47.563079, -119.636927256
47.572079, -119.636927256
47.581079, -119.636927256
47.590079, -119.636927256
47.599079, -119.636927256
47.608079, -119.636927256
47.617079, -119.636927256
47.626079, -119.636927256
47.635079, -119.636927256
47.644079, -119.636927256
47.653079, -119.636927256
47.662079, -119.636927256
47.671079, -119.636927256
47.680079, -119.636927256
47.689079, -119.636927256
47.698079, -119.636927256
47.707079, -119.636927256
47.716079, -119.636927256
47.725079, -119.636927256
47.734079, -119.636927256
47.743079, -119.636927256
47.752079, -119.636927256
47.761079, -119.636927256
47.770079, -119.636927256
47.779079, -119.636927256
47.788079, -119.636927256
47.797079, -119.636927256
47.806079, -119.636927256
47.815079, -119.636927256
47.824079, -119.636927256
47.833079, -119.636927256
47.842079, -119.636927256
47.851079, -119.636927256
47.860079, -119.636927256
47.869079, -119.636927256
47.878079, -119.636927256
47.887079, -119.636927256
47.896079, -119.636927256
47.905079, -119.636927256
47.914079, -119.636927256
47.923079, -119.636927256
47.932079, -119.636927256
47.941079, -119.636927256
47.950079, -119.636927256
47.959079, -119.636927256
47.968079, -119.636927256
47.977079, -119.636927256
47.986079, -119.636927256
47.995079, -119.636927256
48.004079, -119.636927256
48.013079, -119.636927256
48.022079, -119.636927256
48.031079, -119.636927256
48.040079, -119.636927256
48.049079, -119.636927256
48.058079, -119.636927256
48.067079, -119.636927256
48.076079, -119.636927256
48.085079, -119.636927256
48.094079, -119.636927256
48.103079, -119.636927256
48.112079, -119.636927256
48.121079, -119.636927256
48.130079, -119.636927256
48.139079, -119.636927256
48.148079, -119.636927256
48.157079, -119.636927256
48.166079, -119.636927256
48.175079, -119.636927256
48.184079, -119.636927256
48.193079, -119.636927256
48.202079, -119.636927256
48.211079, -119.636927256
48.220079, -119.636927256
48.229079, -119.636927256
48.238079, -119.636927256
48.247079, -119.636927256
48.256079, -119.636927256
48.265079, -119.636927256
48.274079, -119.636927256
48.283079, -119.636927256
48.292079, -119.636927256
48.301079, -119.636927256
48.310079, -119.636927256
48.319079, -119.636927256
48.328079, -119.636927256
48.337079, -119.636927256
48.346079, -119.636927256
48.355079, -119.636927256
48.364079, -119.636927256
48.373079, -119.636927256
48.382079, -119.636927256
48.391079, -119.636927256
48.400079, -119.636927256
48.409079, -119.636927256
48.418079, -119.636927256
48.427079, -119.636927256
48.436079, -119.636927256
48.445079, -119.636927256
48.454079, -119.636927256
48.463079, -119.636927256
48.472079, -119.636927256
48.481079, -119.636927256
48.490079, -119.636927256
48.499079, -119.636927256
48.508079, -119.636927256
48.517079, -119.636927256
48.526079, -119.636927256
48.535079, -119.636927256
48.544079, -119.636927256
48.553079, -119.636927256
48.562079, -119.636927256
48.571079, -119.636927256
48.580079, -119.636927256
48.589079, -119.636927256
48.598079, -119.636927256
48.607079, -119.636927256
48.616079, -119.636927256
48.625079, -119.636927256
48.634079, -119.636927256
48.643079, -119.636927256
48.652079, -119.636927256
48.661079, -119.636927256
48.670079, -119.636927256
48.679079, -119.636927256
48.688079, -119.636927256
48.697079, -119.636927256
48.706079, -119.636927256
48.715079, -119.636927256
48.724079, -119.636927256
48.733079, -119.636927256
48.742079, -119.636927256
48.751079, -119.636927256
48.760079, -119.636927256
48.769079, -119.636927256
48.778079, -119.636927256
48.787079, -119.636927256
48.796079, -119.636927256
48.805079, -119.636927256
48.814079, -119.636927256
48.823079, -119.636927256
48.832079, -119.636927256
48.841079, -119.636927256
48.850079, -119.636927256
48.859079, -119.636927256
48.868079, -119.636927256
48.877079, -119.636927256
48.886079, -119.636927256
48.895079, -119.636927256
48.904079, -119.636927256
48.913079, -119.636927256
48.922079, -119.636927256
48.931079, -119.636927256
48.940079, -119.636927256
48.949079, -119.636927256
46.213079, -119.623220498
46.222079, -119.623220498
46.231079, -119.623220498
46.240079, -119.623220498
46.249079, -119.623220498
46.258079, -119.623220498
46.267079, -119.623220498
46.276079, -119.623220498
46.285079, -119.623220498
46.294079, -119.623220498
46.303079, -119.623220498
46.312079, -119.623220498
46.321079, -119.623220498
46.330079, -119.623220498
46.339079, -119.623220498
46.348079, -119.623220498
46.357079, -119.623220498
46.366079, -119.623220498
46.375079, -119.623220498
46.384079, -119.623220498
46.393079, -119.623220498
46.402079, -119.623220498
46.411079, -119.623220498
46.420079, -119.623220498
46.429079, -119.623220498
46.438079, -119.623220498
46.447079, -119.623220498
46.456079, -119.623220498
46.465079, -119.623220498
46.474079, -119.623220498
46.483079, -119.623220498
46.492079, -119.623220498
46.501079, -119.623220498
46.510079, -119.623220498
46.519079, -119.623220498
46.528079, -119.623220498
46.537079, -119.623220498
46.546079, -119.623220498
46.555079, -119.623220498
46.564079, -119.623220498
46.573079, -119.623220498
46.582079, -119.623220498
46.591079, -119.623220498
46.600079, -119.623220498
46.609079, -119.623220498
46.618079, -119.623220498
46.627079, -119.623220498
46.636079, -119.623220498
46.645079, -119.623220498
46.654079, -119.623220498
46.663079, -119.623220498
46.672079, -119.623220498
46.681079, -119.623220498
46.690079, -119.623220498
46.699079, -119.623220498
46.708079, -119.623220498
46.717079, -119.623220498
46.726079, -119.623220498
46.735079, -119.623220498
46.744079, -119.623220498
46.753079, -119.623220498
46.762079, -119.623220498
46.771079, -119.623220498
46.780079, -119.623220498
46.789079, -119.623220498
46.798079, -119.623220498
46.807079, -119.623220498
46.816079, -119.623220498
46.825079, -119.623220498
46.834079, -119.623220498
46.843079, -119.623220498
46.852079, -119.623220498
46.861079, -119.623220498
46.870079, -119.623220498
46.879079, -119.623220498
46.888079, -119.623220498
46.897079, -119.623220498
46.906079, -119.623220498
46.915079, -119.623220498
46.924079, -119.623220498
46.933079, -119.623220498
46.942079, -119.623220498
46.951079, -119.623220498
46.960079, -119.623220498
46.969079, -119.623220498
46.978079, -119.623220498
46.987079, -119.623220498
46.996079, -119.623220498
47.005079, -119.623220498
47.014079, -119.623220498
47.023079, -119.623220498
47.032079, -119.623220498
47.041079, -119.623220498
47.050079, -119.623220498
47.059079, -119.623220498
47.068079, -119.623220498
47.077079, -119.623220498
47.086079, -119.623220498
47.095079, -119.623220498
47.104079, -119.623220498
47.113079, -119.623220498
47.122079, -119.623220498
47.131079, -119.623220498
47.140079, -119.623220498
47.149079, -119.623220498
47.158079, -119.623220498
47.167079, -119.623220498
47.176079, -119.623220498
47.185079, -119.623220498
47.194079, -119.623220498
47.203079, -119.623220498
47.212079, -119.623220498
47.221079, -119.623220498
47.230079, -119.623220498
47.239079, -119.623220498
47.248079, -119.623220498
47.257079, -119.623220498
47.266079, -119.623220498
47.275079, -119.623220498
47.284079, -119.623220498
47.293079, -119.623220498
47.302079, -119.623220498
47.311079, -119.623220498
47.320079, -119.623220498
47.329079, -119.623220498
47.338079, -119.623220498
47.347079, -119.623220498
47.356079, -119.623220498
47.365079, -119.623220498
47.374079, -119.623220498
47.383079, -119.623220498
47.392079, -119.623220498
47.401079, -119.623220498
47.410079, -119.623220498
47.419079, -119.623220498
47.428079, -119.623220498
47.437079, -119.623220498
47.446079, -119.623220498
47.455079, -119.623220498
47.464079, -119.623220498
47.473079, -119.623220498
47.482079, -119.623220498
47.491079, -119.623220498
47.500079, -119.623220498
47.509079, -119.623220498
47.518079, -119.623220498
47.527079, -119.623220498
47.536079, -119.623220498
47.545079, -119.623220498
47.554079, -119.623220498
47.563079, -119.623220498
47.572079, -119.623220498
47.581079, -119.623220498
47.590079, -119.623220498
47.599079, -119.623220498
47.608079, -119.623220498
47.617079, -119.623220498
47.626079, -119.623220498
47.635079, -119.623220498
47.644079, -119.623220498
47.653079, -119.623220498
47.662079, -119.623220498
47.671079, -119.623220498
47.680079, -119.623220498
47.689079, -119.623220498
47.698079, -119.623220498
47.707079, -119.623220498
47.716079, -119.623220498
47.725079, -119.623220498
47.734079, -119.623220498
47.743079, -119.623220498
47.752079, -119.623220498
47.761079, -119.623220498
47.770079, -119.623220498
47.779079, -119.623220498
47.788079, -119.623220498
47.797079, -119.623220498
47.806079, -119.623220498
47.815079, -119.623220498
47.824079, -119.623220498
47.833079, -119.623220498
47.842079, -119.623220498
47.851079, -119.623220498
47.860079, -119.623220498
47.869079, -119.623220498
47.878079, -119.623220498
47.887079, -119.623220498
47.896079, -119.623220498
47.905079, -119.623220498
47.914079, -119.623220498
47.923079, -119.623220498
47.932079, -119.623220498
47.941079, -119.623220498
47.950079, -119.623220498
47.959079, -119.623220498
47.968079, -119.623220498
47.977079, -119.623220498
47.986079, -119.623220498
47.995079, -119.623220498
48.004079, -119.623220498
48.013079, -119.623220498
48.022079, -119.623220498
48.031079, -119.623220498
48.040079, -119.623220498
48.049079, -119.623220498
48.058079, -119.623220498
48.067079, -119.623220498
48.076079, -119.623220498
48.085079, -119.623220498
48.094079, -119.623220498
48.103079, -119.623220498
48.112079, -119.623220498
48.121079, -119.623220498
48.130079, -119.623220498
48.139079, -119.623220498
48.148079, -119.623220498
48.157079, -119.623220498
48.166079, -119.623220498
48.175079, -119.623220498
48.184079, -119.623220498
48.193079, -119.623220498
48.202079, -119.623220498
48.211079, -119.623220498
48.220079, -119.623220498
48.229079, -119.623220498
48.238079, -119.623220498
48.247079, -119.623220498
48.256079, -119.623220498
48.265079, -119.623220498
48.274079, -119.623220498
48.283079, -119.623220498
48.292079, -119.623220498
48.301079, -119.623220498
48.310079, -119.623220498
48.319079, -119.623220498
48.328079, -119.623220498
48.337079, -119.623220498
48.346079, -119.623220498
48.355079, -119.623220498
48.364079, -119.623220498
48.373079, -119.623220498
48.382079, -119.623220498
48.391079, -119.623220498
48.400079, -119.623220498
48.409079, -119.623220498
48.418079, -119.623220498
48.427079, -119.623220498
48.436079, -119.623220498
48.445079, -119.623220498
48.454079, -119.623220498
48.463079, -119.623220498
48.472079, -119.623220498
48.481079, -119.623220498
48.490079, -119.623220498
48.499079, -119.623220498
48.508079, -119.623220498
48.517079, -119.623220498
48.526079, -119.623220498
48.535079, -119.623220498
48.544079, -119.623220498
48.553079, -119.623220498
48.562079, -119.623220498
48.571079, -119.623220498
48.580079, -119.623220498
48.589079, -119.623220498
48.598079, -119.623220498
48.607079, -119.623220498
48.616079, -119.623220498
48.625079, -119.623220498
48.634079, -119.623220498
48.643079, -119.623220498
48.652079, -119.623220498
48.661079, -119.623220498
48.670079, -119.623220498
48.679079, -119.623220498
48.688079, -119.623220498
48.697079, -119.623220498
48.706079, -119.623220498
48.715079, -119.623220498
48.724079, -119.623220498
48.733079, -119.623220498
48.742079, -119.623220498
48.751079, -119.623220498
48.760079, -119.623220498
48.769079, -119.623220498
48.778079, -119.623220498
48.787079, -119.623220498
48.796079, -119.623220498
48.805079, -119.623220498
48.814079, -119.623220498
48.823079, -119.623220498
48.832079, -119.623220498
48.841079, -119.623220498
48.850079, -119.623220498
48.859079, -119.623220498
48.868079, -119.623220498
48.877079, -119.623220498
48.886079, -119.623220498
48.895079, -119.623220498
48.904079, -119.623220498
48.913079, -119.623220498
48.922079, -119.623220498
48.931079, -119.623220498
48.940079, -119.623220498
48.949079, -119.623220498
46.213079, -119.609513739
46.222079, -119.609513739
46.231079, -119.609513739
46.240079, -119.609513739
46.249079, -119.609513739
46.258079, -119.609513739
46.267079, -119.609513739
46.276079, -119.609513739
46.285079, -119.609513739
46.294079, -119.609513739
46.303079, -119.609513739
46.312079, -119.609513739
46.321079, -119.609513739
46.330079, -119.609513739
46.339079, -119.609513739
46.348079, -119.609513739
46.357079, -119.609513739
46.366079, -119.609513739
46.375079, -119.609513739
46.384079, -119.609513739
46.393079, -119.609513739
46.402079, -119.609513739
46.411079, -119.609513739
46.420079, -119.609513739
46.429079, -119.609513739
46.438079, -119.609513739
46.447079, -119.609513739
46.456079, -119.609513739
46.465079, -119.609513739
46.474079, -119.609513739
46.483079, -119.609513739
46.492079, -119.609513739
46.501079, -119.609513739
46.510079, -119.609513739
46.519079, -119.609513739
46.528079, -119.609513739
46.537079, -119.609513739
46.546079, -119.609513739
46.555079, -119.609513739
46.564079, -119.609513739
46.573079, -119.609513739
46.582079, -119.609513739
46.591079, -119.609513739
46.600079, -119.609513739
46.609079, -119.609513739
46.618079, -119.609513739
46.627079, -119.609513739
46.636079, -119.609513739
46.645079, -119.609513739
46.654079, -119.609513739
46.663079, -119.609513739
46.672079, -119.609513739
46.681079, -119.609513739
46.690079, -119.609513739
46.699079, -119.609513739
46.708079, -119.609513739
46.717079, -119.609513739
46.726079, -119.609513739
46.735079, -119.609513739
46.744079, -119.609513739
46.753079, -119.609513739
46.762079, -119.609513739
46.771079, -119.609513739
46.780079, -119.609513739
46.789079, -119.609513739
46.798079, -119.609513739
46.807079, -119.609513739
46.816079, -119.609513739
46.825079, -119.609513739
46.834079, -119.609513739
46.843079, -119.609513739
46.852079, -119.609513739
46.861079, -119.609513739
46.870079, -119.609513739
46.879079, -119.609513739
46.888079, -119.609513739
46.897079, -119.609513739
46.906079, -119.609513739
46.915079, -119.609513739
46.924079, -119.609513739
46.933079, -119.609513739
46.942079, -119.609513739
46.951079, -119.609513739
46.960079, -119.609513739
46.969079, -119.609513739
46.978079, -119.609513739
46.987079, -119.609513739
46.996079, -119.609513739
47.005079, -119.609513739
47.014079, -119.609513739
47.023079, -119.609513739
47.032079, -119.609513739
47.041079, -119.609513739
47.050079, -119.609513739
47.059079, -119.609513739
47.068079, -119.609513739
47.077079, -119.609513739
47.086079, -119.609513739
47.095079, -119.609513739
47.104079, -119.609513739
47.113079, -119.609513739
47.122079, -119.609513739
47.131079, -119.609513739
47.140079, -119.609513739
47.149079, -119.609513739
47.158079, -119.609513739
47.167079, -119.609513739
47.176079, -119.609513739
47.185079, -119.609513739
47.194079, -119.609513739
47.203079, -119.609513739
47.212079, -119.609513739
47.221079, -119.609513739
47.230079, -119.609513739
47.239079, -119.609513739
47.248079, -119.609513739
47.257079, -119.609513739
47.266079, -119.609513739
47.275079, -119.609513739
47.284079, -119.609513739
47.293079, -119.609513739
47.302079, -119.609513739
47.311079, -119.609513739
47.320079, -119.609513739
47.329079, -119.609513739
47.338079, -119.609513739
47.347079, -119.609513739
47.356079, -119.609513739
47.365079, -119.609513739
47.374079, -119.609513739
47.383079, -119.609513739
47.392079, -119.609513739
47.401079, -119.609513739
47.410079, -119.609513739
47.419079, -119.609513739
47.428079, -119.609513739
47.437079, -119.609513739
47.446079, -119.609513739
47.455079, -119.609513739
47.464079, -119.609513739
47.473079, -119.609513739
47.482079, -119.609513739
47.491079, -119.609513739
47.500079, -119.609513739
47.509079, -119.609513739
47.518079, -119.609513739
47.527079, -119.609513739
47.536079, -119.609513739
47.545079, -119.609513739
47.554079, -119.609513739
47.563079, -119.609513739
47.572079, -119.609513739
47.581079, -119.609513739
47.590079, -119.609513739
47.599079, -119.609513739
47.608079, -119.609513739
47.617079, -119.609513739
47.626079, -119.609513739
47.635079, -119.609513739
47.644079, -119.609513739
47.653079, -119.609513739
47.662079, -119.609513739
47.671079, -119.609513739
47.680079, -119.609513739
47.689079, -119.609513739
47.698079, -119.609513739
47.707079, -119.609513739
47.716079, -119.609513739
47.725079, -119.609513739
47.734079, -119.609513739
47.743079, -119.609513739
47.752079, -119.609513739
47.761079, -119.609513739
47.770079, -119.609513739
47.779079, -119.609513739
47.788079, -119.609513739
47.797079, -119.609513739
47.806079, -119.609513739
47.815079, -119.609513739
47.824079, -119.609513739
47.833079, -119.609513739
47.842079, -119.609513739
47.851079, -119.609513739
47.860079, -119.609513739
47.869079, -119.609513739
47.878079, -119.609513739
47.887079, -119.609513739
47.896079, -119.609513739
47.905079, -119.609513739
47.914079, -119.609513739
47.923079, -119.609513739
47.932079, -119.609513739
47.941079, -119.609513739
47.950079, -119.609513739
47.959079, -119.609513739
47.968079, -119.609513739
47.977079, -119.609513739
47.986079, -119.609513739
47.995079, -119.609513739
48.004079, -119.609513739
48.013079, -119.609513739
48.022079, -119.609513739
48.031079, -119.609513739
48.040079, -119.609513739
48.049079, -119.609513739
48.058079, -119.609513739
48.067079, -119.609513739
48.076079, -119.609513739
48.085079, -119.609513739
48.094079, -119.609513739
48.103079, -119.609513739
48.112079, -119.609513739
48.121079, -119.609513739
48.130079, -119.609513739
48.139079, -119.609513739
48.148079, -119.609513739
48.157079, -119.609513739
48.166079, -119.609513739
48.175079, -119.609513739
48.184079, -119.609513739
48.193079, -119.609513739
48.202079, -119.609513739
48.211079, -119.609513739
48.220079, -119.609513739
48.229079, -119.609513739
48.238079, -119.609513739
48.247079, -119.609513739
48.256079, -119.609513739
48.265079, -119.609513739
48.274079, -119.609513739
48.283079, -119.609513739
48.292079, -119.609513739
48.301079, -119.609513739
48.310079, -119.609513739
48.319079, -119.609513739
48.328079, -119.609513739
48.337079, -119.609513739
48.346079, -119.609513739
48.355079, -119.609513739
48.364079, -119.609513739
48.373079, -119.609513739
48.382079, -119.609513739
48.391079, -119.609513739
48.400079, -119.609513739
48.409079, -119.609513739
48.418079, -119.609513739
48.427079, -119.609513739
48.436079, -119.609513739
48.445079, -119.609513739
48.454079, -119.609513739
48.463079, -119.609513739
48.472079, -119.609513739
48.481079, -119.609513739
48.490079, -119.609513739
48.499079, -119.609513739
48.508079, -119.609513739
48.517079, -119.609513739
48.526079, -119.609513739
48.535079, -119.609513739
48.544079, -119.609513739
48.553079, -119.609513739
48.562079, -119.609513739
48.571079, -119.609513739
48.580079, -119.609513739
48.589079, -119.609513739
48.598079, -119.609513739
48.607079, -119.609513739
48.616079, -119.609513739
48.625079, -119.609513739
48.634079, -119.609513739
48.643079, -119.609513739
48.652079, -119.609513739
48.661079, -119.609513739
48.670079, -119.609513739
48.679079, -119.609513739
48.688079, -119.609513739
48.697079, -119.609513739
48.706079, -119.609513739
48.715079, -119.609513739
48.724079, -119.609513739
48.733079, -119.609513739
48.742079, -119.609513739
48.751079, -119.609513739
48.760079, -119.609513739
48.769079, -119.609513739
48.778079, -119.609513739
48.787079, -119.609513739
48.796079, -119.609513739
48.805079, -119.609513739
48.814079, -119.609513739
48.823079, -119.609513739
48.832079, -119.609513739
48.841079, -119.609513739
48.850079, -119.609513739
48.859079, -119.609513739
48.868079, -119.609513739
48.877079, -119.609513739
48.886079, -119.609513739
48.895079, -119.609513739
48.904079, -119.609513739
48.913079, -119.609513739
48.922079, -119.609513739
48.931079, -119.609513739
48.940079, -119.609513739
48.949079, -119.609513739
46.213079, -119.595806981
46.222079, -119.595806981
46.231079, -119.595806981
46.240079, -119.595806981
46.249079, -119.595806981
46.258079, -119.595806981
46.267079, -119.595806981
46.276079, -119.595806981
46.285079, -119.595806981
46.294079, -119.595806981
46.303079, -119.595806981
46.312079, -119.595806981
46.321079, -119.595806981
46.330079, -119.595806981
46.339079, -119.595806981
46.348079, -119.595806981
46.357079, -119.595806981
46.366079, -119.595806981
46.375079, -119.595806981
46.384079, -119.595806981
46.393079, -119.595806981
46.402079, -119.595806981
46.411079, -119.595806981
46.420079, -119.595806981
46.429079, -119.595806981
46.438079, -119.595806981
46.447079, -119.595806981
46.456079, -119.595806981
46.465079, -119.595806981
46.474079, -119.595806981
46.483079, -119.595806981
46.492079, -119.595806981
46.501079, -119.595806981
46.510079, -119.595806981
46.519079, -119.595806981
46.528079, -119.595806981
46.537079, -119.595806981
46.546079, -119.595806981
46.555079, -119.595806981
46.564079, -119.595806981
46.573079, -119.595806981
46.582079, -119.595806981
46.591079, -119.595806981
46.600079, -119.595806981
46.609079, -119.595806981
46.618079, -119.595806981
46.627079, -119.595806981
46.636079, -119.595806981
46.645079, -119.595806981
46.654079, -119.595806981
46.663079, -119.595806981
46.672079, -119.595806981
46.681079, -119.595806981
46.690079, -119.595806981
46.699079, -119.595806981
46.708079, -119.595806981
46.717079, -119.595806981
46.726079, -119.595806981
46.735079, -119.595806981
46.744079, -119.595806981
46.753079, -119.595806981
46.762079, -119.595806981
46.771079, -119.595806981
46.780079, -119.595806981
46.789079, -119.595806981
46.798079, -119.595806981
46.807079, -119.595806981
46.816079, -119.595806981
46.825079, -119.595806981
46.834079, -119.595806981
46.843079, -119.595806981
46.852079, -119.595806981
46.861079, -119.595806981
46.870079, -119.595806981
46.879079, -119.595806981
46.888079, -119.595806981
46.897079, -119.595806981
46.906079, -119.595806981
46.915079, -119.595806981
46.924079, -119.595806981
46.933079, -119.595806981
46.942079, -119.595806981
46.951079, -119.595806981
46.960079, -119.595806981
46.969079, -119.595806981
46.978079, -119.595806981
46.987079, -119.595806981
46.996079, -119.595806981
47.005079, -119.595806981
47.014079, -119.595806981
47.023079, -119.595806981
47.032079, -119.595806981
47.041079, -119.595806981
47.050079, -119.595806981
47.059079, -119.595806981
47.068079, -119.595806981
47.077079, -119.595806981
47.086079, -119.595806981
47.095079, -119.595806981
47.104079, -119.595806981
47.113079, -119.595806981
47.122079, -119.595806981
47.131079, -119.595806981
47.140079, -119.595806981
47.149079, -119.595806981
47.158079, -119.595806981
47.167079, -119.595806981
47.176079, -119.595806981
47.185079, -119.595806981
47.194079, -119.595806981
47.203079, -119.595806981
47.212079, -119.595806981
47.221079, -119.595806981
47.230079, -119.595806981
47.239079, -119.595806981
47.248079, -119.595806981
47.257079, -119.595806981
47.266079, -119.595806981
47.275079, -119.595806981
47.284079, -119.595806981
47.293079, -119.595806981
47.302079, -119.595806981
47.311079, -119.595806981
47.320079, -119.595806981
47.329079, -119.595806981
47.338079, -119.595806981
47.347079, -119.595806981
47.356079, -119.595806981
47.365079, -119.595806981
47.374079, -119.595806981
47.383079, -119.595806981
47.392079, -119.595806981
47.401079, -119.595806981
47.410079, -119.595806981
47.419079, -119.595806981
47.428079, -119.595806981
47.437079, -119.595806981
47.446079, -119.595806981
47.455079, -119.595806981
47.464079, -119.595806981
47.473079, -119.595806981
47.482079, -119.595806981
47.491079, -119.595806981
47.500079, -119.595806981
47.509079, -119.595806981
47.518079, -119.595806981
47.527079, -119.595806981
47.536079, -119.595806981
47.545079, -119.595806981
47.554079, -119.595806981
47.563079, -119.595806981
47.572079, -119.595806981
47.581079, -119.595806981
47.590079, -119.595806981
47.599079, -119.595806981
47.608079, -119.595806981
47.617079, -119.595806981
47.626079, -119.595806981
47.635079, -119.595806981
47.644079, -119.595806981
47.653079, -119.595806981
47.662079, -119.595806981
47.671079, -119.595806981
47.680079, -119.595806981
47.689079, -119.595806981
47.698079, -119.595806981
47.707079, -119.595806981
47.716079, -119.595806981
47.725079, -119.595806981
47.734079, -119.595806981
47.743079, -119.595806981
47.752079, -119.595806981
47.761079, -119.595806981
47.770079, -119.595806981
47.779079, -119.595806981
47.788079, -119.595806981
47.797079, -119.595806981
47.806079, -119.595806981
47.815079, -119.595806981
47.824079, -119.595806981
47.833079, -119.595806981
47.842079, -119.595806981
47.851079, -119.595806981
47.860079, -119.595806981
47.869079, -119.595806981
47.878079, -119.595806981
47.887079, -119.595806981
47.896079, -119.595806981
47.905079, -119.595806981
47.914079, -119.595806981
47.923079, -119.595806981
47.932079, -119.595806981
47.941079, -119.595806981
47.950079, -119.595806981
47.959079, -119.595806981
47.968079, -119.595806981
47.977079, -119.595806981
47.986079, -119.595806981
47.995079, -119.595806981
48.004079, -119.595806981
48.013079, -119.595806981
48.022079, -119.595806981
48.031079, -119.595806981
48.040079, -119.595806981
48.049079, -119.595806981
48.058079, -119.595806981
48.067079, -119.595806981
48.076079, -119.595806981
48.085079, -119.595806981
48.094079, -119.595806981
48.103079, -119.595806981
48.112079, -119.595806981
48.121079, -119.595806981
48.130079, -119.595806981
48.139079, -119.595806981
48.148079, -119.595806981
48.157079, -119.595806981
48.166079, -119.595806981
48.175079, -119.595806981
48.184079, -119.595806981
48.193079, -119.595806981
48.202079, -119.595806981
48.211079, -119.595806981
48.220079, -119.595806981
48.229079, -119.595806981
48.238079, -119.595806981
48.247079, -119.595806981
48.256079, -119.595806981
48.265079, -119.595806981
48.274079, -119.595806981
48.283079, -119.595806981
48.292079, -119.595806981
48.301079, -119.595806981
48.310079, -119.595806981
48.319079, -119.595806981
48.328079, -119.595806981
48.337079, -119.595806981
48.346079, -119.595806981
48.355079, -119.595806981
48.364079, -119.595806981
48.373079, -119.595806981
48.382079, -119.595806981
48.391079, -119.595806981
48.400079, -119.595806981
48.409079, -119.595806981
48.418079, -119.595806981
48.427079, -119.595806981
48.436079, -119.595806981
48.445079, -119.595806981
48.454079, -119.595806981
48.463079, -119.595806981
48.472079, -119.595806981
48.481079, -119.595806981
48.490079, -119.595806981
48.499079, -119.595806981
48.508079, -119.595806981
48.517079, -119.595806981
48.526079, -119.595806981
48.535079, -119.595806981
48.544079, -119.595806981
48.553079, -119.595806981
48.562079, -119.595806981
48.571079, -119.595806981
48.580079, -119.595806981
48.589079, -119.595806981
48.598079, -119.595806981
48.607079, -119.595806981
48.616079, -119.595806981
48.625079, -119.595806981
48.634079, -119.595806981
48.643079, -119.595806981
48.652079, -119.595806981
48.661079, -119.595806981
48.670079, -119.595806981
48.679079, -119.595806981
48.688079, -119.595806981
48.697079, -119.595806981
48.706079, -119.595806981
48.715079, -119.595806981
48.724079, -119.595806981
48.733079, -119.595806981
48.742079, -119.595806981
48.751079, -119.595806981
48.760079, -119.595806981
48.769079, -119.595806981
48.778079, -119.595806981
48.787079, -119.595806981
48.796079, -119.595806981
48.805079, -119.595806981
48.814079, -119.595806981
48.823079, -119.595806981
48.832079, -119.595806981
48.841079, -119.595806981
48.850079, -119.595806981
48.859079, -119.595806981
48.868079, -119.595806981
48.877079, -119.595806981
48.886079, -119.595806981
48.895079, -119.595806981
48.904079, -119.595806981
48.913079, -119.595806981
48.922079, -119.595806981
48.931079, -119.595806981
48.940079, -119.595806981
48.949079, -119.595806981
46.213079, -119.582100222
46.222079, -119.582100222
46.231079, -119.582100222
46.240079, -119.582100222
46.249079, -119.582100222
46.258079, -119.582100222
46.267079, -119.582100222
46.276079, -119.582100222
46.285079, -119.582100222
46.294079, -119.582100222
46.303079, -119.582100222
46.312079, -119.582100222
46.321079, -119.582100222
46.330079, -119.582100222
46.339079, -119.582100222
46.348079, -119.582100222
46.357079, -119.582100222
46.366079, -119.582100222
46.375079, -119.582100222
46.384079, -119.582100222
46.393079, -119.582100222
46.402079, -119.582100222
46.411079, -119.582100222
46.420079, -119.582100222
46.429079, -119.582100222
46.438079, -119.582100222
46.447079, -119.582100222
46.456079, -119.582100222
46.465079, -119.582100222
46.474079, -119.582100222
46.483079, -119.582100222
46.492079, -119.582100222
46.501079, -119.582100222
46.510079, -119.582100222
46.519079, -119.582100222
46.528079, -119.582100222
46.537079, -119.582100222
46.546079, -119.582100222
46.555079, -119.582100222
46.564079, -119.582100222
46.573079, -119.582100222
46.582079, -119.582100222
46.591079, -119.582100222
46.600079, -119.582100222
46.609079, -119.582100222
46.618079, -119.582100222
46.627079, -119.582100222
46.636079, -119.582100222
46.645079, -119.582100222
46.654079, -119.582100222
46.663079, -119.582100222
46.672079, -119.582100222
46.681079, -119.582100222
46.690079, -119.582100222
46.699079, -119.582100222
46.708079, -119.582100222
46.717079, -119.582100222
46.726079, -119.582100222
46.735079, -119.582100222
46.744079, -119.582100222
46.753079, -119.582100222
46.762079, -119.582100222
46.771079, -119.582100222
46.780079, -119.582100222
46.789079, -119.582100222
46.798079, -119.582100222
46.807079, -119.582100222
46.816079, -119.582100222
46.825079, -119.582100222
46.834079, -119.582100222
46.843079, -119.582100222
46.852079, -119.582100222
46.861079, -119.582100222
46.870079, -119.582100222
46.879079, -119.582100222
46.888079, -119.582100222
46.897079, -119.582100222
46.906079, -119.582100222
46.915079, -119.582100222
46.924079, -119.582100222
46.933079, -119.582100222
46.942079, -119.582100222
46.951079, -119.582100222
46.960079, -119.582100222
46.969079, -119.582100222
46.978079, -119.582100222
46.987079, -119.582100222
46.996079, -119.582100222
47.005079, -119.582100222
47.014079, -119.582100222
47.023079, -119.582100222
47.032079, -119.582100222
47.041079, -119.582100222
47.050079, -119.582100222
47.059079, -119.582100222
47.068079, -119.582100222
47.077079, -119.582100222
47.086079, -119.582100222
47.095079, -119.582100222
47.104079, -119.582100222
47.113079, -119.582100222
47.122079, -119.582100222
47.131079, -119.582100222
47.140079, -119.582100222
47.149079, -119.582100222
47.158079, -119.582100222
47.167079, -119.582100222
47.176079, -119.582100222
47.185079, -119.582100222
47.194079, -119.582100222
47.203079, -119.582100222
47.212079, -119.582100222
47.221079, -119.582100222
47.230079, -119.582100222
47.239079, -119.582100222
47.248079, -119.582100222
47.257079, -119.582100222
47.266079, -119.582100222
47.275079, -119.582100222
47.284079, -119.582100222
47.293079, -119.582100222
47.302079, -119.582100222
47.311079, -119.582100222
47.320079, -119.582100222
47.329079, -119.582100222
47.338079, -119.582100222
47.347079, -119.582100222
47.356079, -119.582100222
47.365079, -119.582100222
47.374079, -119.582100222
47.383079, -119.582100222
47.392079, -119.582100222
47.401079, -119.582100222
47.410079, -119.582100222
47.419079, -119.582100222
47.428079, -119.582100222
47.437079, -119.582100222
47.446079, -119.582100222
47.455079, -119.582100222
47.464079, -119.582100222
47.473079, -119.582100222
47.482079, -119.582100222
47.491079, -119.582100222
47.500079, -119.582100222
47.509079, -119.582100222
47.518079, -119.582100222
47.527079, -119.582100222
47.536079, -119.582100222
47.545079, -119.582100222
47.554079, -119.582100222
47.563079, -119.582100222
47.572079, -119.582100222
47.581079, -119.582100222
47.590079, -119.582100222
47.599079, -119.582100222
47.608079, -119.582100222
47.617079, -119.582100222
47.626079, -119.582100222
47.635079, -119.582100222
47.644079, -119.582100222
47.653079, -119.582100222
47.662079, -119.582100222
47.671079, -119.582100222
47.680079, -119.582100222
47.689079, -119.582100222
47.698079, -119.582100222
47.707079, -119.582100222
47.716079, -119.582100222
47.725079, -119.582100222
47.734079, -119.582100222
47.743079, -119.582100222
47.752079, -119.582100222
47.761079, -119.582100222
47.770079, -119.582100222
47.779079, -119.582100222
47.788079, -119.582100222
47.797079, -119.582100222
47.806079, -119.582100222
47.815079, -119.582100222
47.824079, -119.582100222
47.833079, -119.582100222
47.842079, -119.582100222
47.851079, -119.582100222
47.860079, -119.582100222
47.869079, -119.582100222
47.878079, -119.582100222
47.887079, -119.582100222
47.896079, -119.582100222
47.905079, -119.582100222
47.914079, -119.582100222
47.923079, -119.582100222
47.932079, -119.582100222
47.941079, -119.582100222
47.950079, -119.582100222
47.959079, -119.582100222
47.968079, -119.582100222
47.977079, -119.582100222
47.986079, -119.582100222
47.995079, -119.582100222
48.004079, -119.582100222
48.013079, -119.582100222
48.022079, -119.582100222
48.031079, -119.582100222
48.040079, -119.582100222
48.049079, -119.582100222
48.058079, -119.582100222
48.067079, -119.582100222
48.076079, -119.582100222
48.085079, -119.582100222
48.094079, -119.582100222
48.103079, -119.582100222
48.112079, -119.582100222
48.121079, -119.582100222
48.130079, -119.582100222
48.139079, -119.582100222
48.148079, -119.582100222
48.157079, -119.582100222
48.166079, -119.582100222
48.175079, -119.582100222
48.184079, -119.582100222
48.193079, -119.582100222
48.202079, -119.582100222
48.211079, -119.582100222
48.220079, -119.582100222
48.229079, -119.582100222
48.238079, -119.582100222
48.247079, -119.582100222
48.256079, -119.582100222
48.265079, -119.582100222
48.274079, -119.582100222
48.283079, -119.582100222
48.292079, -119.582100222
48.301079, -119.582100222
48.310079, -119.582100222
48.319079, -119.582100222
48.328079, -119.582100222
48.337079, -119.582100222
48.346079, -119.582100222
48.355079, -119.582100222
48.364079, -119.582100222
48.373079, -119.582100222
48.382079, -119.582100222
48.391079, -119.582100222
48.400079, -119.582100222
48.409079, -119.582100222
48.418079, -119.582100222
48.427079, -119.582100222
48.436079, -119.582100222
48.445079, -119.582100222
48.454079, -119.582100222
48.463079, -119.582100222
48.472079, -119.582100222
48.481079, -119.582100222
48.490079, -119.582100222
48.499079, -119.582100222
48.508079, -119.582100222
48.517079, -119.582100222
48.526079, -119.582100222
48.535079, -119.582100222
48.544079, -119.582100222
48.553079, -119.582100222
48.562079, -119.582100222
48.571079, -119.582100222
48.580079, -119.582100222
48.589079, -119.582100222
48.598079, -119.582100222
48.607079, -119.582100222
48.616079, -119.582100222
48.625079, -119.582100222
48.634079, -119.582100222
48.643079, -119.582100222
48.652079, -119.582100222
48.661079, -119.582100222
48.670079, -119.582100222
48.679079, -119.582100222
48.688079, -119.582100222
48.697079, -119.582100222
48.706079, -119.582100222
48.715079, -119.582100222
48.724079, -119.582100222
48.733079, -119.582100222
48.742079, -119.582100222
48.751079, -119.582100222
48.760079, -119.582100222
48.769079, -119.582100222
48.778079, -119.582100222
48.787079, -119.582100222
48.796079, -119.582100222
48.805079, -119.582100222
48.814079, -119.582100222
48.823079, -119.582100222
48.832079, -119.582100222
48.841079, -119.582100222
48.850079, -119.582100222
48.859079, -119.582100222
48.868079, -119.582100222
48.877079, -119.582100222
48.886079, -119.582100222
48.895079, -119.582100222
48.904079, -119.582100222
48.913079, -119.582100222
48.922079, -119.582100222
48.931079, -119.582100222
48.940079, -119.582100222
48.949079, -119.582100222
46.213079, -119.568393464
46.222079, -119.568393464
46.231079, -119.568393464
46.240079, -119.568393464
46.249079, -119.568393464
46.258079, -119.568393464
46.267079, -119.568393464
46.276079, -119.568393464
46.285079, -119.568393464
46.294079, -119.568393464
46.303079, -119.568393464
46.312079, -119.568393464
46.321079, -119.568393464
46.330079, -119.568393464
46.339079, -119.568393464
46.348079, -119.568393464
46.357079, -119.568393464
46.366079, -119.568393464
46.375079, -119.568393464
46.384079, -119.568393464
46.393079, -119.568393464
46.402079, -119.568393464
46.411079, -119.568393464
46.420079, -119.568393464
46.429079, -119.568393464
46.438079, -119.568393464
46.447079, -119.568393464
46.456079, -119.568393464
46.465079, -119.568393464
46.474079, -119.568393464
46.483079, -119.568393464
46.492079, -119.568393464
46.501079, -119.568393464
46.510079, -119.568393464
46.519079, -119.568393464
46.528079, -119.568393464
46.537079, -119.568393464
46.546079, -119.568393464
46.555079, -119.568393464
46.564079, -119.568393464
46.573079, -119.568393464
46.582079, -119.568393464
46.591079, -119.568393464
46.600079, -119.568393464
46.609079, -119.568393464
46.618079, -119.568393464
46.627079, -119.568393464
46.636079, -119.568393464
46.645079, -119.568393464
46.654079, -119.568393464
46.663079, -119.568393464
46.672079, -119.568393464
46.681079, -119.568393464
46.690079, -119.568393464
46.699079, -119.568393464
46.708079, -119.568393464
46.717079, -119.568393464
46.726079, -119.568393464
46.735079, -119.568393464
46.744079, -119.568393464
46.753079, -119.568393464
46.762079, -119.568393464
46.771079, -119.568393464
46.780079, -119.568393464
46.789079, -119.568393464
46.798079, -119.568393464
46.807079, -119.568393464
46.816079, -119.568393464
46.825079, -119.568393464
46.834079, -119.568393464
46.843079, -119.568393464
46.852079, -119.568393464
46.861079, -119.568393464
46.870079, -119.568393464
46.879079, -119.568393464
46.888079, -119.568393464
46.897079, -119.568393464
46.906079, -119.568393464
46.915079, -119.568393464
46.924079, -119.568393464
46.933079, -119.568393464
46.942079, -119.568393464
46.951079, -119.568393464
46.960079, -119.568393464
46.969079, -119.568393464
46.978079, -119.568393464
46.987079, -119.568393464
46.996079, -119.568393464
47.005079, -119.568393464
47.014079, -119.568393464
47.023079, -119.568393464
47.032079, -119.568393464
47.041079, -119.568393464
47.050079, -119.568393464
47.059079, -119.568393464
47.068079, -119.568393464
47.077079, -119.568393464
47.086079, -119.568393464
47.095079, -119.568393464
47.104079, -119.568393464
47.113079, -119.568393464
47.122079, -119.568393464
47.131079, -119.568393464
47.140079, -119.568393464
47.149079, -119.568393464
47.158079, -119.568393464
47.167079, -119.568393464
47.176079, -119.568393464
47.185079, -119.568393464
47.194079, -119.568393464
47.203079, -119.568393464
47.212079, -119.568393464
47.221079, -119.568393464
47.230079, -119.568393464
47.239079, -119.568393464
47.248079, -119.568393464
47.257079, -119.568393464
47.266079, -119.568393464
47.275079, -119.568393464
47.284079, -119.568393464
47.293079, -119.568393464
47.302079, -119.568393464
47.311079, -119.568393464
47.320079, -119.568393464
47.329079, -119.568393464
47.338079, -119.568393464
47.347079, -119.568393464
47.356079, -119.568393464
47.365079, -119.568393464
47.374079, -119.568393464
47.383079, -119.568393464
47.392079, -119.568393464
47.401079, -119.568393464
47.410079, -119.568393464
47.419079, -119.568393464
47.428079, -119.568393464
47.437079, -119.568393464
47.446079, -119.568393464
47.455079, -119.568393464
47.464079, -119.568393464
47.473079, -119.568393464
47.482079, -119.568393464
47.491079, -119.568393464
47.500079, -119.568393464
47.509079, -119.568393464
47.518079, -119.568393464
47.527079, -119.568393464
47.536079, -119.568393464
47.545079, -119.568393464
47.554079, -119.568393464
47.563079, -119.568393464
47.572079, -119.568393464
47.581079, -119.568393464
47.590079, -119.568393464
47.599079, -119.568393464
47.608079, -119.568393464
47.617079, -119.568393464
47.626079, -119.568393464
47.635079, -119.568393464
47.644079, -119.568393464
47.653079, -119.568393464
47.662079, -119.568393464
47.671079, -119.568393464
47.680079, -119.568393464
47.689079, -119.568393464
47.698079, -119.568393464
47.707079, -119.568393464
47.716079, -119.568393464
47.725079, -119.568393464
47.734079, -119.568393464
47.743079, -119.568393464
47.752079, -119.568393464
47.761079, -119.568393464
47.770079, -119.568393464
47.779079, -119.568393464
47.788079, -119.568393464
47.797079, -119.568393464
47.806079, -119.568393464
47.815079, -119.568393464
47.824079, -119.568393464
47.833079, -119.568393464
47.842079, -119.568393464
47.851079, -119.568393464
47.860079, -119.568393464
47.869079, -119.568393464
47.878079, -119.568393464
47.887079, -119.568393464
47.896079, -119.568393464
47.905079, -119.568393464
47.914079, -119.568393464
47.923079, -119.568393464
47.932079, -119.568393464
47.941079, -119.568393464
47.950079, -119.568393464
47.959079, -119.568393464
47.968079, -119.568393464
47.977079, -119.568393464
47.986079, -119.568393464
47.995079, -119.568393464
48.004079, -119.568393464
48.013079, -119.568393464
48.022079, -119.568393464
48.031079, -119.568393464
48.040079, -119.568393464
48.049079, -119.568393464
48.058079, -119.568393464
48.067079, -119.568393464
48.076079, -119.568393464
48.085079, -119.568393464
48.094079, -119.568393464
48.103079, -119.568393464
48.112079, -119.568393464
48.121079, -119.568393464
48.130079, -119.568393464
48.139079, -119.568393464
48.148079, -119.568393464
48.157079, -119.568393464
48.166079, -119.568393464
48.175079, -119.568393464
48.184079, -119.568393464
48.193079, -119.568393464
48.202079, -119.568393464
48.211079, -119.568393464
48.220079, -119.568393464
48.229079, -119.568393464
48.238079, -119.568393464
48.247079, -119.568393464
48.256079, -119.568393464
48.265079, -119.568393464
48.274079, -119.568393464
48.283079, -119.568393464
48.292079, -119.568393464
48.301079, -119.568393464
48.310079, -119.568393464
48.319079, -119.568393464
48.328079, -119.568393464
48.337079, -119.568393464
48.346079, -119.568393464
48.355079, -119.568393464
48.364079, -119.568393464
48.373079, -119.568393464
48.382079, -119.568393464
48.391079, -119.568393464
48.400079, -119.568393464
48.409079, -119.568393464
48.418079, -119.568393464
48.427079, -119.568393464
48.436079, -119.568393464
48.445079, -119.568393464
48.454079, -119.568393464
48.463079, -119.568393464
48.472079, -119.568393464
48.481079, -119.568393464
48.490079, -119.568393464
48.499079, -119.568393464
48.508079, -119.568393464
48.517079, -119.568393464
48.526079, -119.568393464
48.535079, -119.568393464
48.544079, -119.568393464
48.553079, -119.568393464
48.562079, -119.568393464
48.571079, -119.568393464
48.580079, -119.568393464
48.589079, -119.568393464
48.598079, -119.568393464
48.607079, -119.568393464
48.616079, -119.568393464
48.625079, -119.568393464
48.634079, -119.568393464
48.643079, -119.568393464
48.652079, -119.568393464
48.661079, -119.568393464
48.670079, -119.568393464
48.679079, -119.568393464
48.688079, -119.568393464
48.697079, -119.568393464
48.706079, -119.568393464
48.715079, -119.568393464
48.724079, -119.568393464
48.733079, -119.568393464
48.742079, -119.568393464
48.751079, -119.568393464
48.760079, -119.568393464
48.769079, -119.568393464
48.778079, -119.568393464
48.787079, -119.568393464
48.796079, -119.568393464
48.805079, -119.568393464
48.814079, -119.568393464
48.823079, -119.568393464
48.832079, -119.568393464
48.841079, -119.568393464
48.850079, -119.568393464
48.859079, -119.568393464
48.868079, -119.568393464
48.877079, -119.568393464
48.886079, -119.568393464
48.895079, -119.568393464
48.904079, -119.568393464
48.913079, -119.568393464
48.922079, -119.568393464
48.931079, -119.568393464
48.940079, -119.568393464
48.949079, -119.568393464
46.213079, -119.554686705
46.222079, -119.554686705
46.231079, -119.554686705
46.240079, -119.554686705
46.249079, -119.554686705
46.258079, -119.554686705
46.267079, -119.554686705
46.276079, -119.554686705
46.285079, -119.554686705
46.294079, -119.554686705
46.303079, -119.554686705
46.312079, -119.554686705
46.321079, -119.554686705
46.330079, -119.554686705
46.339079, -119.554686705
46.348079, -119.554686705
46.357079, -119.554686705
46.366079, -119.554686705
46.375079, -119.554686705
46.384079, -119.554686705
46.393079, -119.554686705
46.402079, -119.554686705
46.411079, -119.554686705
46.420079, -119.554686705
46.429079, -119.554686705
46.438079, -119.554686705
46.447079, -119.554686705
46.456079, -119.554686705
46.465079, -119.554686705
46.474079, -119.554686705
46.483079, -119.554686705
46.492079, -119.554686705
46.501079, -119.554686705
46.510079, -119.554686705
46.519079, -119.554686705
46.528079, -119.554686705
46.537079, -119.554686705
46.546079, -119.554686705
46.555079, -119.554686705
46.564079, -119.554686705
46.573079, -119.554686705
46.582079, -119.554686705
46.591079, -119.554686705
46.600079, -119.554686705
46.609079, -119.554686705
46.618079, -119.554686705
46.627079, -119.554686705
46.636079, -119.554686705
46.645079, -119.554686705
46.654079, -119.554686705
46.663079, -119.554686705
46.672079, -119.554686705
46.681079, -119.554686705
46.690079, -119.554686705
46.699079, -119.554686705
46.708079, -119.554686705
46.717079, -119.554686705
46.726079, -119.554686705
46.735079, -119.554686705
46.744079, -119.554686705
46.753079, -119.554686705
46.762079, -119.554686705
46.771079, -119.554686705
46.780079, -119.554686705
46.789079, -119.554686705
46.798079, -119.554686705
46.807079, -119.554686705
46.816079, -119.554686705
46.825079, -119.554686705
46.834079, -119.554686705
46.843079, -119.554686705
46.852079, -119.554686705
46.861079, -119.554686705
46.870079, -119.554686705
46.879079, -119.554686705
46.888079, -119.554686705
46.897079, -119.554686705
46.906079, -119.554686705
46.915079, -119.554686705
46.924079, -119.554686705
46.933079, -119.554686705
46.942079, -119.554686705
46.951079, -119.554686705
46.960079, -119.554686705
46.969079, -119.554686705
46.978079, -119.554686705
46.987079, -119.554686705
46.996079, -119.554686705
47.005079, -119.554686705
47.014079, -119.554686705
47.023079, -119.554686705
47.032079, -119.554686705
47.041079, -119.554686705
47.050079, -119.554686705
47.059079, -119.554686705
47.068079, -119.554686705
47.077079, -119.554686705
47.086079, -119.554686705
47.095079, -119.554686705
47.104079, -119.554686705
47.113079, -119.554686705
47.122079, -119.554686705
47.131079, -119.554686705
47.140079, -119.554686705
47.149079, -119.554686705
47.158079, -119.554686705
47.167079, -119.554686705
47.176079, -119.554686705
47.185079, -119.554686705
47.194079, -119.554686705
47.203079, -119.554686705
47.212079, -119.554686705
47.221079, -119.554686705
47.230079, -119.554686705
47.239079, -119.554686705
47.248079, -119.554686705
47.257079, -119.554686705
47.266079, -119.554686705
47.275079, -119.554686705
47.284079, -119.554686705
47.293079, -119.554686705
47.302079, -119.554686705
47.311079, -119.554686705
47.320079, -119.554686705
47.329079, -119.554686705
47.338079, -119.554686705
47.347079, -119.554686705
47.356079, -119.554686705
47.365079, -119.554686705
47.374079, -119.554686705
47.383079, -119.554686705
47.392079, -119.554686705
47.401079, -119.554686705
47.410079, -119.554686705
47.419079, -119.554686705
47.428079, -119.554686705
47.437079, -119.554686705
47.446079, -119.554686705
47.455079, -119.554686705
47.464079, -119.554686705
47.473079, -119.554686705
47.482079, -119.554686705
47.491079, -119.554686705
47.500079, -119.554686705
47.509079, -119.554686705
47.518079, -119.554686705
47.527079, -119.554686705
47.536079, -119.554686705
47.545079, -119.554686705
47.554079, -119.554686705
47.563079, -119.554686705
47.572079, -119.554686705
47.581079, -119.554686705
47.590079, -119.554686705
47.599079, -119.554686705
47.608079, -119.554686705
47.617079, -119.554686705
47.626079, -119.554686705
47.635079, -119.554686705
47.644079, -119.554686705
47.653079, -119.554686705
47.662079, -119.554686705
47.671079, -119.554686705
47.680079, -119.554686705
47.689079, -119.554686705
47.698079, -119.554686705
47.707079, -119.554686705
47.716079, -119.554686705
47.725079, -119.554686705
47.734079, -119.554686705
47.743079, -119.554686705
47.752079, -119.554686705
47.761079, -119.554686705
47.770079, -119.554686705
47.779079, -119.554686705
47.788079, -119.554686705
47.797079, -119.554686705
47.806079, -119.554686705
47.815079, -119.554686705
47.824079, -119.554686705
47.833079, -119.554686705
47.842079, -119.554686705
47.851079, -119.554686705
47.860079, -119.554686705
47.869079, -119.554686705
47.878079, -119.554686705
47.887079, -119.554686705
47.896079, -119.554686705
47.905079, -119.554686705
47.914079, -119.554686705
47.923079, -119.554686705
47.932079, -119.554686705
47.941079, -119.554686705
47.950079, -119.554686705
47.959079, -119.554686705
47.968079, -119.554686705
47.977079, -119.554686705
47.986079, -119.554686705
47.995079, -119.554686705
48.004079, -119.554686705
48.013079, -119.554686705
48.022079, -119.554686705
48.031079, -119.554686705
48.040079, -119.554686705
48.049079, -119.554686705
48.058079, -119.554686705
48.067079, -119.554686705
48.076079, -119.554686705
48.085079, -119.554686705
48.094079, -119.554686705
48.103079, -119.554686705
48.112079, -119.554686705
48.121079, -119.554686705
48.130079, -119.554686705
48.139079, -119.554686705
48.148079, -119.554686705
48.157079, -119.554686705
48.166079, -119.554686705
48.175079, -119.554686705
48.184079, -119.554686705
48.193079, -119.554686705
48.202079, -119.554686705
48.211079, -119.554686705
48.220079, -119.554686705
48.229079, -119.554686705
48.238079, -119.554686705
48.247079, -119.554686705
48.256079, -119.554686705
48.265079, -119.554686705
48.274079, -119.554686705
48.283079, -119.554686705
48.292079, -119.554686705
48.301079, -119.554686705
48.310079, -119.554686705
48.319079, -119.554686705
48.328079, -119.554686705
48.337079, -119.554686705
48.346079, -119.554686705
48.355079, -119.554686705
48.364079, -119.554686705
48.373079, -119.554686705
48.382079, -119.554686705
48.391079, -119.554686705
48.400079, -119.554686705
48.409079, -119.554686705
48.418079, -119.554686705
48.427079, -119.554686705
48.436079, -119.554686705
48.445079, -119.554686705
48.454079, -119.554686705
48.463079, -119.554686705
48.472079, -119.554686705
48.481079, -119.554686705
48.490079, -119.554686705
48.499079, -119.554686705
48.508079, -119.554686705
48.517079, -119.554686705
48.526079, -119.554686705
48.535079, -119.554686705
48.544079, -119.554686705
48.553079, -119.554686705
