47.527079, -121.706647788
47.536079, -121.706647788
47.545079, -121.706647788
47.554079, -121.706647788
47.563079, -121.706647788
47.572079, -121.706647788
47.581079, -121.706647788
47.590079, -121.706647788
47.599079, -121.706647788
47.608079, -121.706647788
47.617079, -121.706647788
47.626079, -121.706647788
47.635079, -121.706647788
47.644079, -121.706647788
47.653079, -121.706647788
47.662079, -121.706647788
47.671079, -121.706647788
47.680079, -121.706647788
47.689079, -121.706647788
47.698079, -121.706647788
47.707079, -121.706647788
47.716079, -121.706647788
47.725079, -121.706647788
47.734079, -121.706647788
47.743079, -121.706647788
47.752079, -121.706647788
47.761079, -121.706647788
47.770079, -121.706647788
47.779079, -121.706647788
47.788079, -121.706647788
47.797079, -121.706647788
47.806079, -121.706647788
47.815079, -121.706647788
47.824079, -121.706647788
47.833079, -121.706647788
47.842079, -121.706647788
47.851079, -121.706647788
47.860079, -121.706647788
47.869079, -121.706647788
47.878079, -121.706647788
47.887079, -121.706647788
47.896079, -121.706647788
47.905079, -121.706647788
47.914079, -121.706647788
47.923079, -121.706647788
47.932079, -121.706647788
47.941079, -121.706647788
47.950079, -121.706647788
47.959079, -121.706647788
47.968079, -121.706647788
47.977079, -121.706647788
47.986079, -121.706647788
47.995079, -121.706647788
48.004079, -121.706647788
48.013079, -121.706647788
48.022079, -121.706647788
48.031079, -121.706647788
48.040079, -121.706647788
48.049079, -121.706647788
48.058079, -121.706647788
48.067079, -121.706647788
48.076079, -121.706647788
48.085079, -121.706647788
48.094079, -121.706647788
48.103079, -121.706647788
48.112079, -121.706647788
48.121079, -121.706647788
48.130079, -121.706647788
48.139079, -121.706647788
48.148079, -121.706647788
48.157079, -121.706647788
48.166079, -121.706647788
48.175079, -121.706647788
48.184079, -121.706647788
48.193079, -121.706647788
48.202079, -121.706647788
48.211079, -121.706647788
48.220079, -121.706647788
48.229079, -121.706647788
48.238079, -121.706647788
48.247079, -121.706647788
48.256079, -121.706647788
48.265079, -121.706647788
48.274079, -121.706647788
48.283079, -121.706647788
48.292079, -121.706647788
48.301079, -121.706647788
48.310079, -121.706647788
48.319079, -121.706647788
48.328079, -121.706647788
48.337079, -121.706647788
48.346079, -121.706647788
48.355079, -121.706647788
48.364079, -121.706647788
48.373079, -121.706647788
48.382079, -121.706647788
48.391079, -121.706647788
48.400079, -121.706647788
48.409079, -121.706647788
48.418079, -121.706647788
48.427079, -121.706647788
48.436079, -121.706647788
48.445079, -121.706647788
48.454079, -121.706647788
48.463079, -121.706647788
48.472079, -121.706647788
48.481079, -121.706647788
48.490079, -121.706647788
48.499079, -121.706647788
48.508079, -121.706647788
48.517079, -121.706647788
48.526079, -121.706647788
48.535079, -121.706647788
48.544079, -121.706647788
48.553079, -121.706647788
48.562079, -121.706647788
48.571079, -121.706647788
48.580079, -121.706647788
48.589079, -121.706647788
48.598079, -121.706647788
48.607079, -121.706647788
48.616079, -121.706647788
48.625079, -121.706647788
48.634079, -121.706647788
48.643079, -121.706647788
48.652079, -121.706647788
48.661079, -121.706647788
48.670079, -121.706647788
48.679079, -121.706647788
48.688079, -121.706647788
48.697079, -121.706647788
48.706079, -121.706647788
48.715079, -121.706647788
48.724079, -121.706647788
48.733079, -121.706647788
48.742079, -121.706647788
48.751079, -121.706647788
48.760079, -121.706647788
48.769079, -121.706647788
48.778079, -121.706647788
48.787079, -121.706647788
48.796079, -121.706647788
48.805079, -121.706647788
48.814079, -121.706647788
48.823079, -121.706647788
48.832079, -121.706647788
48.841079, -121.706647788
48.850079, -121.706647788
48.859079, -121.706647788
48.868079, -121.706647788
48.877079, -121.706647788
48.886079, -121.706647788
48.895079, -121.706647788
48.904079, -121.706647788
48.913079, -121.706647788
48.922079, -121.706647788
48.931079, -121.706647788
48.940079, -121.706647788
48.949079, -121.706647788
46.213079, -121.69294103
46.222079, -121.69294103
46.231079, -121.69294103
46.240079, -121.69294103
46.249079, -121.69294103
46.258079, -121.69294103
46.267079, -121.69294103
46.276079, -121.69294103
46.285079, -121.69294103
46.294079, -121.69294103
46.303079, -121.69294103
46.312079, -121.69294103
46.321079, -121.69294103
46.330079, -121.69294103
46.339079, -121.69294103
46.348079, -121.69294103
46.357079, -121.69294103
46.366079, -121.69294103
46.375079, -121.69294103
46.384079, -121.69294103
46.393079, -121.69294103
46.402079, -121.69294103
46.411079, -121.69294103
46.420079, -121.69294103
46.429079, -121.69294103
46.438079, -121.69294103
46.447079, -121.69294103
46.456079, -121.69294103
46.465079, -121.69294103
46.474079, -121.69294103
46.483079, -121.69294103
46.492079, -121.69294103
46.501079, -121.69294103
46.510079, -121.69294103
46.519079, -121.69294103
46.528079, -121.69294103
46.537079, -121.69294103
46.546079, -121.69294103
46.555079, -121.69294103
46.564079, -121.69294103
46.573079, -121.69294103
46.582079, -121.69294103
46.591079, -121.69294103
46.600079, -121.69294103
46.609079, -121.69294103
46.618079, -121.69294103
46.627079, -121.69294103
46.636079, -121.69294103
46.645079, -121.69294103
46.654079, -121.69294103
46.663079, -121.69294103
46.672079, -121.69294103
46.681079, -121.69294103
46.690079, -121.69294103
46.699079, -121.69294103
46.708079, -121.69294103
46.717079, -121.69294103
46.726079, -121.69294103
46.735079, -121.69294103
46.744079, -121.69294103
46.753079, -121.69294103
46.762079, -121.69294103
46.771079, -121.69294103
46.780079, -121.69294103
46.789079, -121.69294103
46.798079, -121.69294103
46.807079, -121.69294103
46.816079, -121.69294103
46.825079, -121.69294103
46.834079, -121.69294103
46.843079, -121.69294103
46.852079, -121.69294103
46.861079, -121.69294103
46.870079, -121.69294103
46.879079, -121.69294103
46.888079, -121.69294103
46.897079, -121.69294103
46.906079, -121.69294103
46.915079, -121.69294103
46.924079, -121.69294103
46.933079, -121.69294103
46.942079, -121.69294103
46.951079, -121.69294103
46.960079, -121.69294103
46.969079, -121.69294103
46.978079, -121.69294103
46.987079, -121.69294103
46.996079, -121.69294103
47.005079, -121.69294103
47.014079, -121.69294103
47.023079, -121.69294103
47.032079, -121.69294103
47.041079, -121.69294103
47.050079, -121.69294103
47.059079, -121.69294103
47.068079, -121.69294103
47.077079, -121.69294103
47.086079, -121.69294103
47.095079, -121.69294103
47.104079, -121.69294103
47.113079, -121.69294103
47.122079, -121.69294103
47.131079, -121.69294103
47.140079, -121.69294103
47.149079, -121.69294103
47.158079, -121.69294103
47.167079, -121.69294103
47.176079, -121.69294103
47.185079, -121.69294103
47.194079, -121.69294103
47.203079, -121.69294103
47.212079, -121.69294103
47.221079, -121.69294103
47.230079, -121.69294103
47.239079, -121.69294103
47.248079, -121.69294103
47.257079, -121.69294103
47.266079, -121.69294103
47.275079, -121.69294103
47.284079, -121.69294103
47.293079, -121.69294103
47.302079, -121.69294103
47.311079, -121.69294103
47.320079, -121.69294103
47.329079, -121.69294103
47.338079, -121.69294103
47.347079, -121.69294103
47.356079, -121.69294103
47.365079, -121.69294103
47.374079, -121.69294103
47.383079, -121.69294103
47.392079, -121.69294103
47.401079, -121.69294103
47.410079, -121.69294103
47.419079, -121.69294103
47.428079, -121.69294103
47.437079, -121.69294103
47.446079, -121.69294103
47.455079, -121.69294103
47.464079, -121.69294103
47.473079, -121.69294103
47.482079, -121.69294103
47.491079, -121.69294103
47.500079, -121.69294103
47.509079, -121.69294103
47.518079, -121.69294103
47.527079, -121.69294103
47.536079, -121.69294103
47.545079, -121.69294103
47.554079, -121.69294103
47.563079, -121.69294103
47.572079, -121.69294103
47.581079, -121.69294103
47.590079, -121.69294103
47.599079, -121.69294103
47.608079, -121.69294103
47.617079, -121.69294103
47.626079, -121.69294103
47.635079, -121.69294103
47.644079, -121.69294103
47.653079, -121.69294103
47.662079, -121.69294103
47.671079, -121.69294103
47.680079, -121.69294103
47.689079, -121.69294103
47.698079, -121.69294103
47.707079, -121.69294103
47.716079, -121.69294103
47.725079, -121.69294103
47.734079, -121.69294103
47.743079, -121.69294103
47.752079, -121.69294103
47.761079, -121.69294103
47.770079, -121.69294103
47.779079, -121.69294103
47.788079, -121.69294103
47.797079, -121.69294103
47.806079, -121.69294103
47.815079, -121.69294103
47.824079, -121.69294103
47.833079, -121.69294103
47.842079, -121.69294103
47.851079, -121.69294103
47.860079, -121.69294103
47.869079, -121.69294103
47.878079, -121.69294103
47.887079, -121.69294103
47.896079, -121.69294103
47.905079, -121.69294103
47.914079, -121.69294103
47.923079, -121.69294103
47.932079, -121.69294103
47.941079, -121.69294103
47.950079, -121.69294103
47.959079, -121.69294103
47.968079, -121.69294103
47.977079, -121.69294103
47.986079, -121.69294103
47.995079, -121.69294103
48.004079, -121.69294103
48.013079, -121.69294103
48.022079, -121.69294103
48.031079, -121.69294103
48.040079, -121.69294103
48.049079, -121.69294103
48.058079, -121.69294103
48.067079, -121.69294103
48.076079, -121.69294103
48.085079, -121.69294103
48.094079, -121.69294103
48.103079, -121.69294103
48.112079, -121.69294103
48.121079, -121.69294103
48.130079, -121.69294103
48.139079, -121.69294103
48.148079, -121.69294103
48.157079, -121.69294103
48.166079, -121.69294103
48.175079, -121.69294103
48.184079, -121.69294103
48.193079, -121.69294103
48.202079, -121.69294103
48.211079, -121.69294103
48.220079, -121.69294103
48.229079, -121.69294103
48.238079, -121.69294103
48.247079, -121.69294103
48.256079, -121.69294103
48.265079, -121.69294103
48.274079, -121.69294103
48.283079, -121.69294103
48.292079, -121.69294103
48.301079, -121.69294103
48.310079, -121.69294103
48.319079, -121.69294103
48.328079, -121.69294103
48.337079, -121.69294103
48.346079, -121.69294103
48.355079, -121.69294103
48.364079, -121.69294103
48.373079, -121.69294103
48.382079, -121.69294103
48.391079, -121.69294103
48.400079, -121.69294103
48.409079, -121.69294103
48.418079, -121.69294103
48.427079, -121.69294103
48.436079, -121.69294103
48.445079, -121.69294103
48.454079, -121.69294103
48.463079, -121.69294103
48.472079, -121.69294103
48.481079, -121.69294103
48.490079, -121.69294103
48.499079, -121.69294103
48.508079, -121.69294103
48.517079, -121.69294103
48.526079, -121.69294103
48.535079, -121.69294103
48.544079, -121.69294103
48.553079, -121.69294103
48.562079, -121.69294103
48.571079, -121.69294103
48.580079, -121.69294103
48.589079, -121.69294103
48.598079, -121.69294103
48.607079, -121.69294103
48.616079, -121.69294103
48.625079, -121.69294103
48.634079, -121.69294103
48.643079, -121.69294103
48.652079, -121.69294103
48.661079, -121.69294103
48.670079, -121.69294103
48.679079, -121.69294103
48.688079, -121.69294103
48.697079, -121.69294103
48.706079, -121.69294103
48.715079, -121.69294103
48.724079, -121.69294103
48.733079, -121.69294103
48.742079, -121.69294103
48.751079, -121.69294103
48.760079, -121.69294103
48.769079, -121.69294103
48.778079, -121.69294103
48.787079, -121.69294103
48.796079, -121.69294103
48.805079, -121.69294103
48.814079, -121.69294103
48.823079, -121.69294103
48.832079, -121.69294103
48.841079, -121.69294103
48.850079, -121.69294103
48.859079, -121.69294103
48.868079, -121.69294103
48.877079, -121.69294103
48.886079, -121.69294103
48.895079, -121.69294103
48.904079, -121.69294103
48.913079, -121.69294103
48.922079, -121.69294103
48.931079, -121.69294103
48.940079, -121.69294103
48.949079, -121.69294103
46.213079, -121.679234271
46.222079, -121.679234271
46.231079, -121.679234271
46.240079, -121.679234271
46.249079, -121.679234271
46.258079, -121.679234271
46.267079, -121.679234271
46.276079, -121.679234271
46.285079, -121.679234271
46.294079, -121.679234271
46.303079, -121.679234271
46.312079, -121.679234271
46.321079, -121.679234271
46.330079, -121.679234271
46.339079, -121.679234271
46.348079, -121.679234271
46.357079, -121.679234271
46.366079, -121.679234271
46.375079, -121.679234271
46.384079, -121.679234271
46.393079, -121.679234271
46.402079, -121.679234271
46.411079, -121.679234271
46.420079, -121.679234271
46.429079, -121.679234271
46.438079, -121.679234271
46.447079, -121.679234271
46.456079, -121.679234271
46.465079, -121.679234271
46.474079, -121.679234271
46.483079, -121.679234271
46.492079, -121.679234271
46.501079, -121.679234271
46.510079, -121.679234271
46.519079, -121.679234271
46.528079, -121.679234271
46.537079, -121.679234271
46.546079, -121.679234271
46.555079, -121.679234271
46.564079, -121.679234271
46.573079, -121.679234271
46.582079, -121.679234271
46.591079, -121.679234271
46.600079, -121.679234271
46.609079, -121.679234271
46.618079, -121.679234271
46.627079, -121.679234271
46.636079, -121.679234271
46.645079, -121.679234271
46.654079, -121.679234271
46.663079, -121.679234271
46.672079, -121.679234271
46.681079, -121.679234271
46.690079, -121.679234271
46.699079, -121.679234271
46.708079, -121.679234271
46.717079, -121.679234271
46.726079, -121.679234271
46.735079, -121.679234271
46.744079, -121.679234271
46.753079, -121.679234271
46.762079, -121.679234271
46.771079, -121.679234271
46.780079, -121.679234271
46.789079, -121.679234271
46.798079, -121.679234271
46.807079, -121.679234271
46.816079, -121.679234271
46.825079, -121.679234271
46.834079, -121.679234271
46.843079, -121.679234271
46.852079, -121.679234271
46.861079, -121.679234271
46.870079, -121.679234271
46.879079, -121.679234271
46.888079, -121.679234271
46.897079, -121.679234271
46.906079, -121.679234271
46.915079, -121.679234271
46.924079, -121.679234271
46.933079, -121.679234271
46.942079, -121.679234271
46.951079, -121.679234271
46.960079, -121.679234271
46.969079, -121.679234271
46.978079, -121.679234271
46.987079, -121.679234271
46.996079, -121.679234271
47.005079, -121.679234271
47.014079, -121.679234271
47.023079, -121.679234271
47.032079, -121.679234271
47.041079, -121.679234271
47.050079, -121.679234271
47.059079, -121.679234271
47.068079, -121.679234271
47.077079, -121.679234271
47.086079, -121.679234271
47.095079, -121.679234271
47.104079, -121.679234271
47.113079, -121.679234271
47.122079, -121.679234271
47.131079, -121.679234271
47.140079, -121.679234271
47.149079, -121.679234271
47.158079, -121.679234271
47.167079, -121.679234271
47.176079, -121.679234271
47.185079, -121.679234271
47.194079, -121.679234271
47.203079, -121.679234271
47.212079, -121.679234271
47.221079, -121.679234271
47.230079, -121.679234271
47.239079, -121.679234271
47.248079, -121.679234271
47.257079, -121.679234271
47.266079, -121.679234271
47.275079, -121.679234271
47.284079, -121.679234271
47.293079, -121.679234271
47.302079, -121.679234271
47.311079, -121.679234271
47.320079, -121.679234271
47.329079, -121.679234271
47.338079, -121.679234271
47.347079, -121.679234271
47.356079, -121.679234271
47.365079, -121.679234271
47.374079, -121.679234271
47.383079, -121.679234271
47.392079, -121.679234271
47.401079, -121.679234271
47.410079, -121.679234271
47.419079, -121.679234271
47.428079, -121.679234271
47.437079, -121.679234271
47.446079, -121.679234271
47.455079, -121.679234271
47.464079, -121.679234271
47.473079, -121.679234271
47.482079, -121.679234271
47.491079, -121.679234271
47.500079, -121.679234271
47.509079, -121.679234271
47.518079, -121.679234271
47.527079, -121.679234271
47.536079, -121.679234271
47.545079, -121.679234271
47.554079, -121.679234271
47.563079, -121.679234271
47.572079, -121.679234271
47.581079, -121.679234271
47.590079, -121.679234271
47.599079, -121.679234271
47.608079, -121.679234271
47.617079, -121.679234271
47.626079, -121.679234271
47.635079, -121.679234271
47.644079, -121.679234271
47.653079, -121.679234271
47.662079, -121.679234271
47.671079, -121.679234271
47.680079, -121.679234271
47.689079, -121.679234271
47.698079, -121.679234271
47.707079, -121.679234271
47.716079, -121.679234271
47.725079, -121.679234271
47.734079, -121.679234271
47.743079, -121.679234271
47.752079, -121.679234271
47.761079, -121.679234271
47.770079, -121.679234271
47.779079, -121.679234271
47.788079, -121.679234271
47.797079, -121.679234271
47.806079, -121.679234271
47.815079, -121.679234271
47.824079, -121.679234271
47.833079, -121.679234271
47.842079, -121.679234271
47.851079, -121.679234271
47.860079, -121.679234271
47.869079, -121.679234271
47.878079, -121.679234271
47.887079, -121.679234271
47.896079, -121.679234271
47.905079, -121.679234271
47.914079, -121.679234271
47.923079, -121.679234271
47.932079, -121.679234271
47.941079, -121.679234271
47.950079, -121.679234271
47.959079, -121.679234271
47.968079, -121.679234271
47.977079, -121.679234271
47.986079, -121.679234271
47.995079, -121.679234271
48.004079, -121.679234271
48.013079, -121.679234271
48.022079, -121.679234271
48.031079, -121.679234271
48.040079, -121.679234271
48.049079, -121.679234271
48.058079, -121.679234271
48.067079, -121.679234271
48.076079, -121.679234271
48.085079, -121.679234271
48.094079, -121.679234271
48.103079, -121.679234271
48.112079, -121.679234271
48.121079, -121.679234271
48.130079, -121.679234271
48.139079, -121.679234271
48.148079, -121.679234271
48.157079, -121.679234271
48.166079, -121.679234271
48.175079, -121.679234271
48.184079, -121.679234271
48.193079, -121.679234271
48.202079, -121.679234271
48.211079, -121.679234271
48.220079, -121.679234271
48.229079, -121.679234271
48.238079, -121.679234271
48.247079, -121.679234271
48.256079, -121.679234271
48.265079, -121.679234271
48.274079, -121.679234271
48.283079, -121.679234271
48.292079, -121.679234271
48.301079, -121.679234271
48.310079, -121.679234271
48.319079, -121.679234271
48.328079, -121.679234271
48.337079, -121.679234271
48.346079, -121.679234271
48.355079, -121.679234271
48.364079, -121.679234271
48.373079, -121.679234271
48.382079, -121.679234271
48.391079, -121.679234271
48.400079, -121.679234271
48.409079, -121.679234271
48.418079, -121.679234271
48.427079, -121.679234271
48.436079, -121.679234271
48.445079, -121.679234271
48.454079, -121.679234271
48.463079, -121.679234271
48.472079, -121.679234271
48.481079, -121.679234271
48.490079, -121.679234271
48.499079, -121.679234271
48.508079, -121.679234271
48.517079, -121.679234271
48.526079, -121.679234271
48.535079, -121.679234271
48.544079, -121.679234271
48.553079, -121.679234271
48.562079, -121.679234271
48.571079, -121.679234271
48.580079, -121.679234271
48.589079, -121.679234271
48.598079, -121.679234271
48.607079, -121.679234271
48.616079, -121.679234271
48.625079, -121.679234271
48.634079, -121.679234271
48.643079, -121.679234271
48.652079, -121.679234271
48.661079, -121.679234271
48.670079, -121.679234271
48.679079, -121.679234271
48.688079, -121.679234271
48.697079, -121.679234271
48.706079, -121.679234271
48.715079, -121.679234271
48.724079, -121.679234271
48.733079, -121.679234271
48.742079, -121.679234271
48.751079, -121.679234271
48.760079, -121.679234271
48.769079, -121.679234271
48.778079, -121.679234271
48.787079, -121.679234271
48.796079, -121.679234271
48.805079, -121.679234271
48.814079, -121.679234271
48.823079, -121.679234271
48.832079, -121.679234271
48.841079, -121.679234271
48.850079, -121.679234271
48.859079, -121.679234271
48.868079, -121.679234271
48.877079, -121.679234271
48.886079, -121.679234271
48.895079, -121.679234271
48.904079, -121.679234271
48.913079, -121.679234271
48.922079, -121.679234271
48.931079, -121.679234271
48.940079, -121.679234271
48.949079, -121.679234271
46.213079, -121.665527513
46.222079, -121.665527513
46.231079, -121.665527513
46.240079, -121.665527513
46.249079, -121.665527513
46.258079, -121.665527513
46.267079, -121.665527513
46.276079, -121.665527513
46.285079, -121.665527513
46.294079, -121.665527513
46.303079, -121.665527513
46.312079, -121.665527513
46.321079, -121.665527513
46.330079, -121.665527513
46.339079, -121.665527513
46.348079, -121.665527513
46.357079, -121.665527513
46.366079, -121.665527513
46.375079, -121.665527513
46.384079, -121.665527513
46.393079, -121.665527513
46.402079, -121.665527513
46.411079, -121.665527513
46.420079, -121.665527513
46.429079, -121.665527513
46.438079, -121.665527513
46.447079, -121.665527513
46.456079, -121.665527513
46.465079, -121.665527513
46.474079, -121.665527513
46.483079, -121.665527513
46.492079, -121.665527513
46.501079, -121.665527513
46.510079, -121.665527513
46.519079, -121.665527513
46.528079, -121.665527513
46.537079, -121.665527513
46.546079, -121.665527513
46.555079, -121.665527513
46.564079, -121.665527513
46.573079, -121.665527513
46.582079, -121.665527513
46.591079, -121.665527513
46.600079, -121.665527513
46.609079, -121.665527513
46.618079, -121.665527513
46.627079, -121.665527513
46.636079, -121.665527513
46.645079, -121.665527513
46.654079, -121.665527513
46.663079, -121.665527513
46.672079, -121.665527513
46.681079, -121.665527513
46.690079, -121.665527513
46.699079, -121.665527513
46.708079, -121.665527513
46.717079, -121.665527513
46.726079, -121.665527513
46.735079, -121.665527513
46.744079, -121.665527513
46.753079, -121.665527513
46.762079, -121.665527513
46.771079, -121.665527513
46.780079, -121.665527513
46.789079, -121.665527513
46.798079, -121.665527513
46.807079, -121.665527513
46.816079, -121.665527513
46.825079, -121.665527513
46.834079, -121.665527513
46.843079, -121.665527513
46.852079, -121.665527513
46.861079, -121.665527513
46.870079, -121.665527513
46.879079, -121.665527513
46.888079, -121.665527513
46.897079, -121.665527513
46.906079, -121.665527513
46.915079, -121.665527513
46.924079, -121.665527513
46.933079, -121.665527513
46.942079, -121.665527513
46.951079, -121.665527513
46.960079, -121.665527513
46.969079, -121.665527513
46.978079, -121.665527513
46.987079, -121.665527513
46.996079, -121.665527513
47.005079, -121.665527513
47.014079, -121.665527513
47.023079, -121.665527513
47.032079, -121.665527513
47.041079, -121.665527513
47.050079, -121.665527513
47.059079, -121.665527513
47.068079, -121.665527513
47.077079, -121.665527513
47.086079, -121.665527513
47.095079, -121.665527513
47.104079, -121.665527513
47.113079, -121.665527513
47.122079, -121.665527513
47.131079, -121.665527513
47.140079, -121.665527513
47.149079, -121.665527513
47.158079, -121.665527513
47.167079, -121.665527513
47.176079, -121.665527513
47.185079, -121.665527513
47.194079, -121.665527513
47.203079, -121.665527513
47.212079, -121.665527513
47.221079, -121.665527513
47.230079, -121.665527513
47.239079, -121.665527513
47.248079, -121.665527513
47.257079, -121.665527513
47.266079, -121.665527513
47.275079, -121.665527513
47.284079, -121.665527513
47.293079, -121.665527513
47.302079, -121.665527513
47.311079, -121.665527513
47.320079, -121.665527513
47.329079, -121.665527513
47.338079, -121.665527513
47.347079, -121.665527513
47.356079, -121.665527513
47.365079, -121.665527513
47.374079, -121.665527513
47.383079, -121.665527513
47.392079, -121.665527513
47.401079, -121.665527513
47.410079, -121.665527513
47.419079, -121.665527513
47.428079, -121.665527513
47.437079, -121.665527513
47.446079, -121.665527513
47.455079, -121.665527513
47.464079, -121.665527513
47.473079, -121.665527513
47.482079, -121.665527513
47.491079, -121.665527513
47.500079, -121.665527513
47.509079, -121.665527513
47.518079, -121.665527513
47.527079, -121.665527513
47.536079, -121.665527513
47.545079, -121.665527513
47.554079, -121.665527513
47.563079, -121.665527513
47.572079, -121.665527513
47.581079, -121.665527513
47.590079, -121.665527513
47.599079, -121.665527513
47.608079, -121.665527513
47.617079, -121.665527513
47.626079, -121.665527513
47.635079, -121.665527513
47.644079, -121.665527513
47.653079, -121.665527513
47.662079, -121.665527513
47.671079, -121.665527513
47.680079, -121.665527513
47.689079, -121.665527513
47.698079, -121.665527513
47.707079, -121.665527513
47.716079, -121.665527513
47.725079, -121.665527513
47.734079, -121.665527513
47.743079, -121.665527513
47.752079, -121.665527513
47.761079, -121.665527513
47.770079, -121.665527513
47.779079, -121.665527513
47.788079, -121.665527513
47.797079, -121.665527513
47.806079, -121.665527513
47.815079, -121.665527513
47.824079, -121.665527513
47.833079, -121.665527513
47.842079, -121.665527513
47.851079, -121.665527513
47.860079, -121.665527513
47.869079, -121.665527513
47.878079, -121.665527513
47.887079, -121.665527513
47.896079, -121.665527513
47.905079, -121.665527513
47.914079, -121.665527513
47.923079, -121.665527513
47.932079, -121.665527513
47.941079, -121.665527513
47.950079, -121.665527513
47.959079, -121.665527513
47.968079, -121.665527513
47.977079, -121.665527513
47.986079, -121.665527513
47.995079, -121.665527513
48.004079, -121.665527513
48.013079, -121.665527513
48.022079, -121.665527513
48.031079, -121.665527513
48.040079, -121.665527513
48.049079, -121.665527513
48.058079, -121.665527513
48.067079, -121.665527513
48.076079, -121.665527513
48.085079, -121.665527513
48.094079, -121.665527513
48.103079, -121.665527513
48.112079, -121.665527513
48.121079, -121.665527513
48.130079, -121.665527513
48.139079, -121.665527513
48.148079, -121.665527513
48.157079, -121.665527513
48.166079, -121.665527513
48.175079, -121.665527513
48.184079, -121.665527513
48.193079, -121.665527513
48.202079, -121.665527513
48.211079, -121.665527513
48.220079, -121.665527513
48.229079, -121.665527513
48.238079, -121.665527513
48.247079, -121.665527513
48.256079, -121.665527513
48.265079, -121.665527513
48.274079, -121.665527513
48.283079, -121.665527513
48.292079, -121.665527513
48.301079, -121.665527513
48.310079, -121.665527513
48.319079, -121.665527513
48.328079, -121.665527513
48.337079, -121.665527513
48.346079, -121.665527513
48.355079, -121.665527513
48.364079, -121.665527513
48.373079, -121.665527513
48.382079, -121.665527513
48.391079, -121.665527513
48.400079, -121.665527513
48.409079, -121.665527513
48.418079, -121.665527513
48.427079, -121.665527513
48.436079, -121.665527513
48.445079, -121.665527513
48.454079, -121.665527513
48.463079, -121.665527513
48.472079, -121.665527513
48.481079, -121.665527513
48.490079, -121.665527513
48.499079, -121.665527513
48.508079, -121.665527513
48.517079, -121.665527513
48.526079, -121.665527513
48.535079, -121.665527513
48.544079, -121.665527513
48.553079, -121.665527513
48.562079, -121.665527513
48.571079, -121.665527513
48.580079, -121.665527513
48.589079, -121.665527513
48.598079, -121.665527513
48.607079, -121.665527513
48.616079, -121.665527513
48.625079, -121.665527513
48.634079, -121.665527513
48.643079, -121.665527513
48.652079, -121.665527513
48.661079, -121.665527513
48.670079, -121.665527513
48.679079, -121.665527513
48.688079, -121.665527513
48.697079, -121.665527513
48.706079, -121.665527513
48.715079, -121.665527513
48.724079, -121.665527513
48.733079, -121.665527513
48.742079, -121.665527513
48.751079, -121.665527513
48.760079, -121.665527513
48.769079, -121.665527513
48.778079, -121.665527513
48.787079, -121.665527513
48.796079, -121.665527513
48.805079, -121.665527513
48.814079, -121.665527513
48.823079, -121.665527513
48.832079, -121.665527513
48.841079, -121.665527513
48.850079, -121.665527513
48.859079, -121.665527513
48.868079, -121.665527513
48.877079, -121.665527513
48.886079, -121.665527513
48.895079, -121.665527513
48.904079, -121.665527513
48.913079, -121.665527513
48.922079, -121.665527513
48.931079, -121.665527513
48.940079, -121.665527513
48.949079, -121.665527513
46.213079, -121.651820754
46.222079, -121.651820754
46.231079, -121.651820754
46.240079, -121.651820754
46.249079, -121.651820754
46.258079, -121.651820754
46.267079, -121.651820754
46.276079, -121.651820754
46.285079, -121.651820754
46.294079, -121.651820754
46.303079, -121.651820754
46.312079, -121.651820754
46.321079, -121.651820754
46.330079, -121.651820754
46.339079, -121.651820754
46.348079, -121.651820754
46.357079, -121.651820754
46.366079, -121.651820754
46.375079, -121.651820754
46.384079, -121.651820754
46.393079, -121.651820754
46.402079, -121.651820754
46.411079, -121.651820754
46.420079, -121.651820754
46.429079, -121.651820754
46.438079, -121.651820754
46.447079, -121.651820754
46.456079, -121.651820754
46.465079, -121.651820754
46.474079, -121.651820754
46.483079, -121.651820754
46.492079, -121.651820754
46.501079, -121.651820754
46.510079, -121.651820754
46.519079, -121.651820754
46.528079, -121.651820754
46.537079, -121.651820754
46.546079, -121.651820754
46.555079, -121.651820754
46.564079, -121.651820754
46.573079, -121.651820754
46.582079, -121.651820754
46.591079, -121.651820754
46.600079, -121.651820754
46.609079, -121.651820754
46.618079, -121.651820754
46.627079, -121.651820754
46.636079, -121.651820754
46.645079, -121.651820754
46.654079, -121.651820754
46.663079, -121.651820754
46.672079, -121.651820754
46.681079, -121.651820754
46.690079, -121.651820754
46.699079, -121.651820754
46.708079, -121.651820754
46.717079, -121.651820754
46.726079, -121.651820754
46.735079, -121.651820754
46.744079, -121.651820754
46.753079, -121.651820754
46.762079, -121.651820754
46.771079, -121.651820754
46.780079, -121.651820754
46.789079, -121.651820754
46.798079, -121.651820754
46.807079, -121.651820754
46.816079, -121.651820754
46.825079, -121.651820754
46.834079, -121.651820754
46.843079, -121.651820754
46.852079, -121.651820754
46.861079, -121.651820754
46.870079, -121.651820754
46.879079, -121.651820754
46.888079, -121.651820754
46.897079, -121.651820754
46.906079, -121.651820754
46.915079, -121.651820754
46.924079, -121.651820754
46.933079, -121.651820754
46.942079, -121.651820754
46.951079, -121.651820754
46.960079, -121.651820754
46.969079, -121.651820754
46.978079, -121.651820754
46.987079, -121.651820754
46.996079, -121.651820754
47.005079, -121.651820754
47.014079, -121.651820754
47.023079, -121.651820754
47.032079, -121.651820754
47.041079, -121.651820754
47.050079, -121.651820754
47.059079, -121.651820754
47.068079, -121.651820754
47.077079, -121.651820754
47.086079, -121.651820754
47.095079, -121.651820754
47.104079, -121.651820754
47.113079, -121.651820754
47.122079, -121.651820754
47.131079, -121.651820754
47.140079, -121.651820754
47.149079, -121.651820754
47.158079, -121.651820754
47.167079, -121.651820754
47.176079, -121.651820754
47.185079, -121.651820754
47.194079, -121.651820754
47.203079, -121.651820754
47.212079, -121.651820754
47.221079, -121.651820754
47.230079, -121.651820754
47.239079, -121.651820754
47.248079, -121.651820754
47.257079, -121.651820754
47.266079, -121.651820754
47.275079, -121.651820754
47.284079, -121.651820754
47.293079, -121.651820754
47.302079, -121.651820754
47.311079, -121.651820754
47.320079, -121.651820754
47.329079, -121.651820754
47.338079, -121.651820754
47.347079, -121.651820754
47.356079, -121.651820754
47.365079, -121.651820754
47.374079, -121.651820754
47.383079, -121.651820754
47.392079, -121.651820754
47.401079, -121.651820754
47.410079, -121.651820754
47.419079, -121.651820754
47.428079, -121.651820754
47.437079, -121.651820754
47.446079, -121.651820754
47.455079, -121.651820754
47.464079, -121.651820754
47.473079, -121.651820754
47.482079, -121.651820754
47.491079, -121.651820754
47.500079, -121.651820754
47.509079, -121.651820754
47.518079, -121.651820754
47.527079, -121.651820754
47.536079, -121.651820754
47.545079, -121.651820754
47.554079, -121.651820754
47.563079, -121.651820754
47.572079, -121.651820754
47.581079, -121.651820754
47.590079, -121.651820754
47.599079, -121.651820754
47.608079, -121.651820754
47.617079, -121.651820754
47.626079, -121.651820754
47.635079, -121.651820754
47.644079, -121.651820754
47.653079, -121.651820754
47.662079, -121.651820754
47.671079, -121.651820754
47.680079, -121.651820754
47.689079, -121.651820754
47.698079, -121.651820754
47.707079, -121.651820754
47.716079, -121.651820754
47.725079, -121.651820754
47.734079, -121.651820754
47.743079, -121.651820754
47.752079, -121.651820754
47.761079, -121.651820754
47.770079, -121.651820754
47.779079, -121.651820754
47.788079, -121.651820754
47.797079, -121.651820754
47.806079, -121.651820754
47.815079, -121.651820754
47.824079, -121.651820754
47.833079, -121.651820754
47.842079, -121.651820754
47.851079, -121.651820754
47.860079, -121.651820754
47.869079, -121.651820754
47.878079, -121.651820754
47.887079, -121.651820754
47.896079, -121.651820754
47.905079, -121.651820754
47.914079, -121.651820754
47.923079, -121.651820754
47.932079, -121.651820754
47.941079, -121.651820754
47.950079, -121.651820754
47.959079, -121.651820754
47.968079, -121.651820754
47.977079, -121.651820754
47.986079, -121.651820754
47.995079, -121.651820754
48.004079, -121.651820754
48.013079, -121.651820754
48.022079, -121.651820754
48.031079, -121.651820754
48.040079, -121.651820754
48.049079, -121.651820754
48.058079, -121.651820754
48.067079, -121.651820754
48.076079, -121.651820754
48.085079, -121.651820754
48.094079, -121.651820754
48.103079, -121.651820754
48.112079, -121.651820754
48.121079, -121.651820754
48.130079, -121.651820754
48.139079, -121.651820754
48.148079, -121.651820754
48.157079, -121.651820754
48.166079, -121.651820754
48.175079, -121.651820754
48.184079, -121.651820754
48.193079, -121.651820754
48.202079, -121.651820754
48.211079, -121.651820754
48.220079, -121.651820754
48.229079, -121.651820754
48.238079, -121.651820754
48.247079, -121.651820754
48.256079, -121.651820754
48.265079, -121.651820754
48.274079, -121.651820754
48.283079, -121.651820754
48.292079, -121.651820754
48.301079, -121.651820754
48.310079, -121.651820754
48.319079, -121.651820754
48.328079, -121.651820754
48.337079, -121.651820754
48.346079, -121.651820754
48.355079, -121.651820754
48.364079, -121.651820754
48.373079, -121.651820754
48.382079, -121.651820754
48.391079, -121.651820754
48.400079, -121.651820754
48.409079, -121.651820754
48.418079, -121.651820754
48.427079, -121.651820754
48.436079, -121.651820754
48.445079, -121.651820754
48.454079, -121.651820754
48.463079, -121.651820754
48.472079, -121.651820754
48.481079, -121.651820754
48.490079, -121.651820754
48.499079, -121.651820754
48.508079, -121.651820754
48.517079, -121.651820754
48.526079, -121.651820754
48.535079, -121.651820754
48.544079, -121.651820754
48.553079, -121.651820754
48.562079, -121.651820754
48.571079, -121.651820754
48.580079, -121.651820754
48.589079, -121.651820754
48.598079, -121.651820754
48.607079, -121.651820754
48.616079, -121.651820754
48.625079, -121.651820754
48.634079, -121.651820754
48.643079, -121.651820754
48.652079, -121.651820754
48.661079, -121.651820754
48.670079, -121.651820754
48.679079, -121.651820754
48.688079, -121.651820754
48.697079, -121.651820754
48.706079, -121.651820754
48.715079, -121.651820754
48.724079, -121.651820754
48.733079, -121.651820754
48.742079, -121.651820754
48.751079, -121.651820754
48.760079, -121.651820754
48.769079, -121.651820754
48.778079, -121.651820754
48.787079, -121.651820754
48.796079, -121.651820754
48.805079, -121.651820754
48.814079, -121.651820754
48.823079, -121.651820754
48.832079, -121.651820754
48.841079, -121.651820754
48.850079, -121.651820754
48.859079, -121.651820754
48.868079, -121.651820754
48.877079, -121.651820754
48.886079, -121.651820754
48.895079, -121.651820754
48.904079, -121.651820754
48.913079, -121.651820754
48.922079, -121.651820754
48.931079, -121.651820754
48.940079, -121.651820754
48.949079, -121.651820754
46.213079, -121.638113996
46.222079, -121.638113996
46.231079, -121.638113996
46.240079, -121.638113996
46.249079, -121.638113996
46.258079, -121.638113996
46.267079, -121.638113996
46.276079, -121.638113996
46.285079, -121.638113996
46.294079, -121.638113996
46.303079, -121.638113996
46.312079, -121.638113996
46.321079, -121.638113996
46.330079, -121.638113996
46.339079, -121.638113996
46.348079, -121.638113996
46.357079, -121.638113996
46.366079, -121.638113996
46.375079, -121.638113996
46.384079, -121.638113996
46.393079, -121.638113996
46.402079, -121.638113996
46.411079, -121.638113996
46.420079, -121.638113996
46.429079, -121.638113996
46.438079, -121.638113996
46.447079, -121.638113996
46.456079, -121.638113996
46.465079, -121.638113996
46.474079, -121.638113996
46.483079, -121.638113996
46.492079, -121.638113996
46.501079, -121.638113996
46.510079, -121.638113996
46.519079, -121.638113996
46.528079, -121.638113996
46.537079, -121.638113996
46.546079, -121.638113996
46.555079, -121.638113996
46.564079, -121.638113996
46.573079, -121.638113996
46.582079, -121.638113996
46.591079, -121.638113996
46.600079, -121.638113996
46.609079, -121.638113996
46.618079, -121.638113996
46.627079, -121.638113996
46.636079, -121.638113996
46.645079, -121.638113996
46.654079, -121.638113996
46.663079, -121.638113996
46.672079, -121.638113996
46.681079, -121.638113996
46.690079, -121.638113996
46.699079, -121.638113996
46.708079, -121.638113996
46.717079, -121.638113996
46.726079, -121.638113996
46.735079, -121.638113996
46.744079, -121.638113996
46.753079, -121.638113996
46.762079, -121.638113996
46.771079, -121.638113996
46.780079, -121.638113996
46.789079, -121.638113996
46.798079, -121.638113996
46.807079, -121.638113996
46.816079, -121.638113996
46.825079, -121.638113996
46.834079, -121.638113996
46.843079, -121.638113996
46.852079, -121.638113996
46.861079, -121.638113996
46.870079, -121.638113996
46.879079, -121.638113996
46.888079, -121.638113996
46.897079, -121.638113996
46.906079, -121.638113996
46.915079, -121.638113996
46.924079, -121.638113996
46.933079, -121.638113996
46.942079, -121.638113996
46.951079, -121.638113996
46.960079, -121.638113996
46.969079, -121.638113996
46.978079, -121.638113996
46.987079, -121.638113996
46.996079, -121.638113996
47.005079, -121.638113996
47.014079, -121.638113996
47.023079, -121.638113996
47.032079, -121.638113996
47.041079, -121.638113996
47.050079, -121.638113996
47.059079, -121.638113996
47.068079, -121.638113996
47.077079, -121.638113996
47.086079, -121.638113996
47.095079, -121.638113996
47.104079, -121.638113996
47.113079, -121.638113996
47.122079, -121.638113996
47.131079, -121.638113996
47.140079, -121.638113996
47.149079, -121.638113996
47.158079, -121.638113996
47.167079, -121.638113996
47.176079, -121.638113996
47.185079, -121.638113996
47.194079, -121.638113996
47.203079, -121.638113996
47.212079, -121.638113996
47.221079, -121.638113996
47.230079, -121.638113996
47.239079, -121.638113996
47.248079, -121.638113996
47.257079, -121.638113996
47.266079, -121.638113996
47.275079, -121.638113996
47.284079, -121.638113996
47.293079, -121.638113996
47.302079, -121.638113996
47.311079, -121.638113996
47.320079, -121.638113996
47.329079, -121.638113996
47.338079, -121.638113996
47.347079, -121.638113996
47.356079, -121.638113996
47.365079, -121.638113996
47.374079, -121.638113996
47.383079, -121.638113996
47.392079, -121.638113996
47.401079, -121.638113996
47.410079, -121.638113996
47.419079, -121.638113996
47.428079, -121.638113996
47.437079, -121.638113996
47.446079, -121.638113996
47.455079, -121.638113996
47.464079, -121.638113996
47.473079, -121.638113996
47.482079, -121.638113996
47.491079, -121.638113996
47.500079, -121.638113996
47.509079, -121.638113996
47.518079, -121.638113996
47.527079, -121.638113996
47.536079, -121.638113996
47.545079, -121.638113996
47.554079, -121.638113996
47.563079, -121.638113996
47.572079, -121.638113996
47.581079, -121.638113996
47.590079, -121.638113996
47.599079, -121.638113996
47.608079, -121.638113996
47.617079, -121.638113996
47.626079, -121.638113996
47.635079, -121.638113996
47.644079, -121.638113996
47.653079, -121.638113996
47.662079, -121.638113996
47.671079, -121.638113996
47.680079, -121.638113996
47.689079, -121.638113996
47.698079, -121.638113996
47.707079, -121.638113996
47.716079, -121.638113996
47.725079, -121.638113996
47.734079, -121.638113996
47.743079, -121.638113996
47.752079, -121.638113996
47.761079, -121.638113996
47.770079, -121.638113996
47.779079, -121.638113996
47.788079, -121.638113996
47.797079, -121.638113996
47.806079, -121.638113996
47.815079, -121.638113996
47.824079, -121.638113996
47.833079, -121.638113996
47.842079, -121.638113996
47.851079, -121.638113996
47.860079, -121.638113996
47.869079, -121.638113996
47.878079, -121.638113996
47.887079, -121.638113996
47.896079, -121.638113996
47.905079, -121.638113996
47.914079, -121.638113996
47.923079, -121.638113996
47.932079, -121.638113996
47.941079, -121.638113996
47.950079, -121.638113996
47.959079, -121.638113996
47.968079, -121.638113996
47.977079, -121.638113996
47.986079, -121.638113996
47.995079, -121.638113996
48.004079, -121.638113996
48.013079, -121.638113996
48.022079, -121.638113996
48.031079, -121.638113996
48.040079, -121.638113996
48.049079, -121.638113996
48.058079, -121.638113996
48.067079, -121.638113996
48.076079, -121.638113996
48.085079, -121.638113996
48.094079, -121.638113996
48.103079, -121.638113996
48.112079, -121.638113996
48.121079, -121.638113996
48.130079, -121.638113996
48.139079, -121.638113996
48.148079, -121.638113996
48.157079, -121.638113996
48.166079, -121.638113996
48.175079, -121.638113996
48.184079, -121.638113996
48.193079, -121.638113996
48.202079, -121.638113996
48.211079, -121.638113996
48.220079, -121.638113996
48.229079, -121.638113996
48.238079, -121.638113996
48.247079, -121.638113996
48.256079, -121.638113996
48.265079, -121.638113996
48.274079, -121.638113996
48.283079, -121.638113996
48.292079, -121.638113996
48.301079, -121.638113996
48.310079, -121.638113996
48.319079, -121.638113996
48.328079, -121.638113996
48.337079, -121.638113996
48.346079, -121.638113996
48.355079, -121.638113996
48.364079, -121.638113996
48.373079, -121.638113996
48.382079, -121.638113996
48.391079, -121.638113996
48.400079, -121.638113996
48.409079, -121.638113996
48.418079, -121.638113996
48.427079, -121.638113996
48.436079, -121.638113996
48.445079, -121.638113996
48.454079, -121.638113996
48.463079, -121.638113996
48.472079, -121.638113996
48.481079, -121.638113996
48.490079, -121.638113996
48.499079, -121.638113996
48.508079, -121.638113996
48.517079, -121.638113996
48.526079, -121.638113996
48.535079, -121.638113996
48.544079, -121.638113996
48.553079, -121.638113996
48.562079, -121.638113996
48.571079, -121.638113996
48.580079, -121.638113996
48.589079, -121.638113996
48.598079, -121.638113996
48.607079, -121.638113996
48.616079, -121.638113996
48.625079, -121.638113996
48.634079, -121.638113996
48.643079, -121.638113996
48.652079, -121.638113996
48.661079, -121.638113996
48.670079, -121.638113996
48.679079, -121.638113996
48.688079, -121.638113996
48.697079, -121.638113996
48.706079, -121.638113996
48.715079, -121.638113996
48.724079, -121.638113996
48.733079, -121.638113996
48.742079, -121.638113996
48.751079, -121.638113996
48.760079, -121.638113996
48.769079, -121.638113996
48.778079, -121.638113996
48.787079, -121.638113996
48.796079, -121.638113996
48.805079, -121.638113996
48.814079, -121.638113996
48.823079, -121.638113996
48.832079, -121.638113996
48.841079, -121.638113996
48.850079, -121.638113996
48.859079, -121.638113996
48.868079, -121.638113996
48.877079, -121.638113996
48.886079, -121.638113996
48.895079, -121.638113996
48.904079, -121.638113996
48.913079, -121.638113996
48.922079, -121.638113996
48.931079, -121.638113996
48.940079, -121.638113996
48.949079, -121.638113996
46.213079, -121.624407237
46.222079, -121.624407237
46.231079, -121.624407237
46.240079, -121.624407237
46.249079, -121.624407237
46.258079, -121.624407237
46.267079, -121.624407237
46.276079, -121.624407237
46.285079, -121.624407237
46.294079, -121.624407237
46.303079, -121.624407237
46.312079, -121.624407237
46.321079, -121.624407237
46.330079, -121.624407237
46.339079, -121.624407237
46.348079, -121.624407237
46.357079, -121.624407237
46.366079, -121.624407237
46.375079, -121.624407237
46.384079, -121.624407237
46.393079, -121.624407237
46.402079, -121.624407237
46.411079, -121.624407237
46.420079, -121.624407237
46.429079, -121.624407237
46.438079, -121.624407237
46.447079, -121.624407237
46.456079, -121.624407237
46.465079, -121.624407237
46.474079, -121.624407237
46.483079, -121.624407237
46.492079, -121.624407237
46.501079, -121.624407237
46.510079, -121.624407237
46.519079, -121.624407237
46.528079, -121.624407237
46.537079, -121.624407237
46.546079, -121.624407237
46.555079, -121.624407237
46.564079, -121.624407237
46.573079, -121.624407237
46.582079, -121.624407237
46.591079, -121.624407237
46.600079, -121.624407237
46.609079, -121.624407237
46.618079, -121.624407237
46.627079, -121.624407237
46.636079, -121.624407237
46.645079, -121.624407237
46.654079, -121.624407237
46.663079, -121.624407237
46.672079, -121.624407237
46.681079, -121.624407237
46.690079, -121.624407237
46.699079, -121.624407237
46.708079, -121.624407237
46.717079, -121.624407237
46.726079, -121.624407237
46.735079, -121.624407237
46.744079, -121.624407237
46.753079, -121.624407237
46.762079, -121.624407237
46.771079, -121.624407237
46.780079, -121.624407237
46.789079, -121.624407237
46.798079, -121.624407237
46.807079, -121.624407237
46.816079, -121.624407237
46.825079, -121.624407237
46.834079, -121.624407237
46.843079, -121.624407237
46.852079, -121.624407237
46.861079, -121.624407237
46.870079, -121.624407237
46.879079, -121.624407237
46.888079, -121.624407237
46.897079, -121.624407237
46.906079, -121.624407237
46.915079, -121.624407237
46.924079, -121.624407237
46.933079, -121.624407237
46.942079, -121.624407237
46.951079, -121.624407237
46.960079, -121.624407237
46.969079, -121.624407237
46.978079, -121.624407237
46.987079, -121.624407237
46.996079, -121.624407237
47.005079, -121.624407237
47.014079, -121.624407237
47.023079, -121.624407237
47.032079, -121.624407237
47.041079, -121.624407237
47.050079, -121.624407237
47.059079, -121.624407237
47.068079, -121.624407237
47.077079, -121.624407237
47.086079, -121.624407237
47.095079, -121.624407237
47.104079, -121.624407237
47.113079, -121.624407237
47.122079, -121.624407237
47.131079, -121.624407237
47.140079, -121.624407237
47.149079, -121.624407237
47.158079, -121.624407237
47.167079, -121.624407237
47.176079, -121.624407237
47.185079, -121.624407237
47.194079, -121.624407237
47.203079, -121.624407237
47.212079, -121.624407237
47.221079, -121.624407237
47.230079, -121.624407237
47.239079, -121.624407237
47.248079, -121.624407237
47.257079, -121.624407237
47.266079, -121.624407237
47.275079, -121.624407237
47.284079, -121.624407237
47.293079, -121.624407237
47.302079, -121.624407237
47.311079, -121.624407237
47.320079, -121.624407237
47.329079, -121.624407237
47.338079, -121.624407237
47.347079, -121.624407237
47.356079, -121.624407237
47.365079, -121.624407237
47.374079, -121.624407237
47.383079, -121.624407237
47.392079, -121.624407237
47.401079, -121.624407237
47.410079, -121.624407237
47.419079, -121.624407237
47.428079, -121.624407237
47.437079, -121.624407237
47.446079, -121.624407237
47.455079, -121.624407237
47.464079, -121.624407237
47.473079, -121.624407237
47.482079, -121.624407237
47.491079, -121.624407237
47.500079, -121.624407237
47.509079, -121.624407237
47.518079, -121.624407237
47.527079, -121.624407237
47.536079, -121.624407237
47.545079, -121.624407237
47.554079, -121.624407237
47.563079, -121.624407237
47.572079, -121.624407237
47.581079, -121.624407237
47.590079, -121.624407237
47.599079, -121.624407237
47.608079, -121.624407237
47.617079, -121.624407237
47.626079, -121.624407237
47.635079, -121.624407237
47.644079, -121.624407237
47.653079, -121.624407237
47.662079, -121.624407237
47.671079, -121.624407237
47.680079, -121.624407237
47.689079, -121.624407237
47.698079, -121.624407237
47.707079, -121.624407237
47.716079, -121.624407237
47.725079, -121.624407237
47.734079, -121.624407237
47.743079, -121.624407237
47.752079, -121.624407237
47.761079, -121.624407237
47.770079, -121.624407237
47.779079, -121.624407237
47.788079, -121.624407237
47.797079, -121.624407237
47.806079, -121.624407237
47.815079, -121.624407237
47.824079, -121.624407237
47.833079, -121.624407237
47.842079, -121.624407237
47.851079, -121.624407237
47.860079, -121.624407237
47.869079, -121.624407237
47.878079, -121.624407237
47.887079, -121.624407237
47.896079, -121.624407237
47.905079, -121.624407237
47.914079, -121.624407237
47.923079, -121.624407237
47.932079, -121.624407237
47.941079, -121.624407237
47.950079, -121.624407237
47.959079, -121.624407237
47.968079, -121.624407237
47.977079, -121.624407237
47.986079, -121.624407237
47.995079, -121.624407237
48.004079, -121.624407237
48.013079, -121.624407237
48.022079, -121.624407237
48.031079, -121.624407237
48.040079, -121.624407237
48.049079, -121.624407237
48.058079, -121.624407237
48.067079, -121.624407237
48.076079, -121.624407237
48.085079, -121.624407237
48.094079, -121.624407237
48.103079, -121.624407237
48.112079, -121.624407237
48.121079, -121.624407237
48.130079, -121.624407237
48.139079, -121.624407237
48.148079, -121.624407237
48.157079, -121.624407237
48.166079, -121.624407237
48.175079, -121.624407237
48.184079, -121.624407237
48.193079, -121.624407237
48.202079, -121.624407237
48.211079, -121.624407237
48.220079, -121.624407237
48.229079, -121.624407237
48.238079, -121.624407237
48.247079, -121.624407237
48.256079, -121.624407237
48.265079, -121.624407237
48.274079, -121.624407237
48.283079, -121.624407237
48.292079, -121.624407237
48.301079, -121.624407237
48.310079, -121.624407237
48.319079, -121.624407237
48.328079, -121.624407237
48.337079, -121.624407237
48.346079, -121.624407237
48.355079, -121.624407237
48.364079, -121.624407237
48.373079, -121.624407237
48.382079, -121.624407237
48.391079, -121.624407237
48.400079, -121.624407237
48.409079, -121.624407237
48.418079, -121.624407237
48.427079, -121.624407237
48.436079, -121.624407237
48.445079, -121.624407237
48.454079, -121.624407237
48.463079, -121.624407237
48.472079, -121.624407237
48.481079, -121.624407237
48.490079, -121.624407237
48.499079, -121.624407237
48.508079, -121.624407237
48.517079, -121.624407237
48.526079, -121.624407237
48.535079, -121.624407237
48.544079, -121.624407237
48.553079, -121.624407237
48.562079, -121.624407237
48.571079, -121.624407237
48.580079, -121.624407237
48.589079, -121.624407237
48.598079, -121.624407237
48.607079, -121.624407237
48.616079, -121.624407237
48.625079, -121.624407237
48.634079, -121.624407237
48.643079, -121.624407237
48.652079, -121.624407237
48.661079, -121.624407237
48.670079, -121.624407237
48.679079, -121.624407237
48.688079, -121.624407237
48.697079, -121.624407237
48.706079, -121.624407237
48.715079, -121.624407237
48.724079, -121.624407237
48.733079, -121.624407237
48.742079, -121.624407237
48.751079, -121.624407237
48.760079, -121.624407237
48.769079, -121.624407237
48.778079, -121.624407237
48.787079, -121.624407237
48.796079, -121.624407237
48.805079, -121.624407237
48.814079, -121.624407237
48.823079, -121.624407237
48.832079, -121.624407237
48.841079, -121.624407237
48.850079, -121.624407237
48.859079, -121.624407237
48.868079, -121.624407237
48.877079, -121.624407237
48.886079, -121.624407237
48.895079, -121.624407237
48.904079, -121.624407237
48.913079, -121.624407237
48.922079, -121.624407237
48.931079, -121.624407237
48.940079, -121.624407237
48.949079, -121.624407237
46.213079, -121.610700479
46.222079, -121.610700479
46.231079, -121.610700479
46.240079, -121.610700479
46.249079, -121.610700479
46.258079, -121.610700479
46.267079, -121.610700479
46.276079, -121.610700479
46.285079, -121.610700479
46.294079, -121.610700479
46.303079, -121.610700479
46.312079, -121.610700479
46.321079, -121.610700479
46.330079, -121.610700479
46.339079, -121.610700479
46.348079, -121.610700479
46.357079, -121.610700479
46.366079, -121.610700479
46.375079, -121.610700479
46.384079, -121.610700479
46.393079, -121.610700479
46.402079, -121.610700479
46.411079, -121.610700479
46.420079, -121.610700479
46.429079, -121.610700479
46.438079, -121.610700479
46.447079, -121.610700479
46.456079, -121.610700479
46.465079, -121.610700479
46.474079, -121.610700479
46.483079, -121.610700479
46.492079, -121.610700479
46.501079, -121.610700479
46.510079, -121.610700479
46.519079, -121.610700479
46.528079, -121.610700479
46.537079, -121.610700479
46.546079, -121.610700479
46.555079, -121.610700479
46.564079, -121.610700479
46.573079, -121.610700479
46.582079, -121.610700479
46.591079, -121.610700479
46.600079, -121.610700479
46.609079, -121.610700479
46.618079, -121.610700479
46.627079, -121.610700479
46.636079, -121.610700479
46.645079, -121.610700479
46.654079, -121.610700479
46.663079, -121.610700479
46.672079, -121.610700479
46.681079, -121.610700479
46.690079, -121.610700479
46.699079, -121.610700479
46.708079, -121.610700479
46.717079, -121.610700479
46.726079, -121.610700479
46.735079, -121.610700479
46.744079, -121.610700479
46.753079, -121.610700479
46.762079, -121.610700479
46.771079, -121.610700479
46.780079, -121.610700479
46.789079, -121.610700479
46.798079, -121.610700479
46.807079, -121.610700479
46.816079, -121.610700479
46.825079, -121.610700479
46.834079, -121.610700479
46.843079, -121.610700479
46.852079, -121.610700479
46.861079, -121.610700479
46.870079, -121.610700479
46.879079, -121.610700479
46.888079, -121.610700479
46.897079, -121.610700479
46.906079, -121.610700479
46.915079, -121.610700479
46.924079, -121.610700479
46.933079, -121.610700479
46.942079, -121.610700479
46.951079, -121.610700479
46.960079, -121.610700479
46.969079, -121.610700479
46.978079, -121.610700479
46.987079, -121.610700479
46.996079, -121.610700479
47.005079, -121.610700479
47.014079, -121.610700479
47.023079, -121.610700479
47.032079, -121.610700479
47.041079, -121.610700479
47.050079, -121.610700479
47.059079, -121.610700479
47.068079, -121.610700479
47.077079, -121.610700479
47.086079, -121.610700479
47.095079, -121.610700479
47.104079, -121.610700479
47.113079, -121.610700479
47.122079, -121.610700479
47.131079, -121.610700479
47.140079, -121.610700479
47.149079, -121.610700479
47.158079, -121.610700479
47.167079, -121.610700479
47.176079, -121.610700479
47.185079, -121.610700479
47.194079, -121.610700479
47.203079, -121.610700479
47.212079, -121.610700479
47.221079, -121.610700479
47.230079, -121.610700479
47.239079, -121.610700479
47.248079, -121.610700479
47.257079, -121.610700479
47.266079, -121.610700479
47.275079, -121.610700479
47.284079, -121.610700479
47.293079, -121.610700479
47.302079, -121.610700479
47.311079, -121.610700479
47.320079, -121.610700479
47.329079, -121.610700479
47.338079, -121.610700479
47.347079, -121.610700479
47.356079, -121.610700479
47.365079, -121.610700479
47.374079, -121.610700479
47.383079, -121.610700479
47.392079, -121.610700479
47.401079, -121.610700479
47.410079, -121.610700479
47.419079, -121.610700479
47.428079, -121.610700479
47.437079, -121.610700479
47.446079, -121.610700479
47.455079, -121.610700479
47.464079, -121.610700479
47.473079, -121.610700479
47.482079, -121.610700479
47.491079, -121.610700479
47.500079, -121.610700479
47.509079, -121.610700479
47.518079, -121.610700479
47.527079, -121.610700479
47.536079, -121.610700479
47.545079, -121.610700479
47.554079, -121.610700479
47.563079, -121.610700479
47.572079, -121.610700479
47.581079, -121.610700479
47.590079, -121.610700479
47.599079, -121.610700479
47.608079, -121.610700479
47.617079, -121.610700479
47.626079, -121.610700479
47.635079, -121.610700479
47.644079, -121.610700479
47.653079, -121.610700479
47.662079, -121.610700479
47.671079, -121.610700479
47.680079, -121.610700479
47.689079, -121.610700479
47.698079, -121.610700479
47.707079, -121.610700479
47.716079, -121.610700479
47.725079, -121.610700479
47.734079, -121.610700479
47.743079, -121.610700479
47.752079, -121.610700479
47.761079, -121.610700479
47.770079, -121.610700479
47.779079, -121.610700479
47.788079, -121.610700479
47.797079, -121.610700479
47.806079, -121.610700479
47.815079, -121.610700479
47.824079, -121.610700479
47.833079, -121.610700479
47.842079, -121.610700479
47.851079, -121.610700479
47.860079, -121.610700479
47.869079, -121.610700479
47.878079, -121.610700479
47.887079, -121.610700479
47.896079, -121.610700479
47.905079, -121.610700479
47.914079, -121.610700479
47.923079, -121.610700479
47.932079, -121.610700479
47.941079, -121.610700479
47.950079, -121.610700479
47.959079, -121.610700479
47.968079, -121.610700479
47.977079, -121.610700479
47.986079, -121.610700479
47.995079, -121.610700479
48.004079, -121.610700479
48.013079, -121.610700479
48.022079, -121.610700479
48.031079, -121.610700479
48.040079, -121.610700479
48.049079, -121.610700479
48.058079, -121.610700479
48.067079, -121.610700479
48.076079, -121.610700479
48.085079, -121.610700479
48.094079, -121.610700479
48.103079, -121.610700479
48.112079, -121.610700479
48.121079, -121.610700479
48.130079, -121.610700479
48.139079, -121.610700479
48.148079, -121.610700479
48.157079, -121.610700479
48.166079, -121.610700479
48.175079, -121.610700479
48.184079, -121.610700479
48.193079, -121.610700479
48.202079, -121.610700479
48.211079, -121.610700479
48.220079, -121.610700479
48.229079, -121.610700479
48.238079, -121.610700479
48.247079, -121.610700479
48.256079, -121.610700479
48.265079, -121.610700479
48.274079, -121.610700479
48.283079, -121.610700479
48.292079, -121.610700479
48.301079, -121.610700479
48.310079, -121.610700479
48.319079, -121.610700479
48.328079, -121.610700479
48.337079, -121.610700479
48.346079, -121.610700479
48.355079, -121.610700479
48.364079, -121.610700479
48.373079, -121.610700479
48.382079, -121.610700479
48.391079, -121.610700479
48.400079, -121.610700479
48.409079, -121.610700479
48.418079, -121.610700479
48.427079, -121.610700479
48.436079, -121.610700479
48.445079, -121.610700479
48.454079, -121.610700479
48.463079, -121.610700479
48.472079, -121.610700479
48.481079, -121.610700479
48.490079, -121.610700479
48.499079, -121.610700479
48.508079, -121.610700479
48.517079, -121.610700479
48.526079, -121.610700479
48.535079, -121.610700479
48.544079, -121.610700479
48.553079, -121.610700479
48.562079, -121.610700479
48.571079, -121.610700479
48.580079, -121.610700479
48.589079, -121.610700479
48.598079, -121.610700479
48.607079, -121.610700479
48.616079, -121.610700479
48.625079, -121.610700479
48.634079, -121.610700479
48.643079, -121.610700479
48.652079, -121.610700479
48.661079, -121.610700479
48.670079, -121.610700479
48.679079, -121.610700479
48.688079, -121.610700479
48.697079, -121.610700479
48.706079, -121.610700479
48.715079, -121.610700479
48.724079, -121.610700479
48.733079, -121.610700479
48.742079, -121.610700479
48.751079, -121.610700479
48.760079, -121.610700479
48.769079, -121.610700479
48.778079, -121.610700479
48.787079, -121.610700479
48.796079, -121.610700479
48.805079, -121.610700479
48.814079, -121.610700479
48.823079, -121.610700479
48.832079, -121.610700479
48.841079, -121.610700479
48.850079, -121.610700479
48.859079, -121.610700479
48.868079, -121.610700479
48.877079, -121.610700479
48.886079, -121.610700479
48.895079, -121.610700479
48.904079, -121.610700479
48.913079, -121.610700479
48.922079, -121.610700479
48.931079, -121.610700479
48.940079, -121.610700479
48.949079, -121.610700479
46.213079, -121.59699372
46.222079, -121.59699372
46.231079, -121.59699372
46.240079, -121.59699372
46.249079, -121.59699372
46.258079, -121.59699372
46.267079, -121.59699372
46.276079, -121.59699372
46.285079, -121.59699372
46.294079, -121.59699372
46.303079, -121.59699372
46.312079, -121.59699372
46.321079, -121.59699372
46.330079, -121.59699372
46.339079, -121.59699372
46.348079, -121.59699372
46.357079, -121.59699372
46.366079, -121.59699372
46.375079, -121.59699372
46.384079, -121.59699372
46.393079, -121.59699372
46.402079, -121.59699372
46.411079, -121.59699372
46.420079, -121.59699372
46.429079, -121.59699372
46.438079, -121.59699372
46.447079, -121.59699372
46.456079, -121.59699372
46.465079, -121.59699372
46.474079, -121.59699372
46.483079, -121.59699372
46.492079, -121.59699372
46.501079, -121.59699372
46.510079, -121.59699372
46.519079, -121.59699372
46.528079, -121.59699372
46.537079, -121.59699372
46.546079, -121.59699372
46.555079, -121.59699372
46.564079, -121.59699372
46.573079, -121.59699372
46.582079, -121.59699372
46.591079, -121.59699372
46.600079, -121.59699372
46.609079, -121.59699372
46.618079, -121.59699372
46.627079, -121.59699372
46.636079, -121.59699372
46.645079, -121.59699372
46.654079, -121.59699372
46.663079, -121.59699372
46.672079, -121.59699372
46.681079, -121.59699372
46.690079, -121.59699372
46.699079, -121.59699372
46.708079, -121.59699372
46.717079, -121.59699372
46.726079, -121.59699372
46.735079, -121.59699372
46.744079, -121.59699372
46.753079, -121.59699372
46.762079, -121.59699372
46.771079, -121.59699372
46.780079, -121.59699372
46.789079, -121.59699372
46.798079, -121.59699372
46.807079, -121.59699372
46.816079, -121.59699372
46.825079, -121.59699372
46.834079, -121.59699372
46.843079, -121.59699372
46.852079, -121.59699372
46.861079, -121.59699372
46.870079, -121.59699372
46.879079, -121.59699372
46.888079, -121.59699372
46.897079, -121.59699372
46.906079, -121.59699372
46.915079, -121.59699372
46.924079, -121.59699372
46.933079, -121.59699372
46.942079, -121.59699372
46.951079, -121.59699372
46.960079, -121.59699372
46.969079, -121.59699372
46.978079, -121.59699372
46.987079, -121.59699372
46.996079, -121.59699372
47.005079, -121.59699372
47.014079, -121.59699372
47.023079, -121.59699372
47.032079, -121.59699372
47.041079, -121.59699372
47.050079, -121.59699372
47.059079, -121.59699372
47.068079, -121.59699372
47.077079, -121.59699372
47.086079, -121.59699372
47.095079, -121.59699372
47.104079, -121.59699372
47.113079, -121.59699372
47.122079, -121.59699372
47.131079, -121.59699372
47.140079, -121.59699372
47.149079, -121.59699372
47.158079, -121.59699372
