46.582079, -122.24121137
46.591079, -122.24121137
46.600079, -122.24121137
46.609079, -122.24121137
46.618079, -122.24121137
46.627079, -122.24121137
46.636079, -122.24121137
46.645079, -122.24121137
46.654079, -122.24121137
46.663079, -122.24121137
46.672079, -122.24121137
46.681079, -122.24121137
46.690079, -122.24121137
46.699079, -122.24121137
46.708079, -122.24121137
46.717079, -122.24121137
46.726079, -122.24121137
46.735079, -122.24121137
46.744079, -122.24121137
46.753079, -122.24121137
46.762079, -122.24121137
46.771079, -122.24121137
46.780079, -122.24121137
46.789079, -122.24121137
46.798079, -122.24121137
46.807079, -122.24121137
46.816079, -122.24121137
46.825079, -122.24121137
46.834079, -122.24121137
46.843079, -122.24121137
46.852079, -122.24121137
46.861079, -122.24121137
46.870079, -122.24121137
46.879079, -122.24121137
46.888079, -122.24121137
46.897079, -122.24121137
46.906079, -122.24121137
46.915079, -122.24121137
46.924079, -122.24121137
46.933079, -122.24121137
46.942079, -122.24121137
46.951079, -122.24121137
46.960079, -122.24121137
46.969079, -122.24121137
46.978079, -122.24121137
46.987079, -122.24121137
46.996079, -122.24121137
47.005079, -122.24121137
47.014079, -122.24121137
47.023079, -122.24121137
47.032079, -122.24121137
47.041079, -122.24121137
47.050079, -122.24121137
47.059079, -122.24121137
47.068079, -122.24121137
47.077079, -122.24121137
47.086079, -122.24121137
47.095079, -122.24121137
47.104079, -122.24121137
47.113079, -122.24121137
47.122079, -122.24121137
47.131079, -122.24121137
47.140079, -122.24121137
47.149079, -122.24121137
47.158079, -122.24121137
47.167079, -122.24121137
47.176079, -122.24121137
47.185079, -122.24121137
47.194079, -122.24121137
47.203079, -122.24121137
47.212079, -122.24121137
47.221079, -122.24121137
47.230079, -122.24121137
47.239079, -122.24121137
47.248079, -122.24121137
47.257079, -122.24121137
47.266079, -122.24121137
47.275079, -122.24121137
47.284079, -122.24121137
47.293079, -122.24121137
47.302079, -122.24121137
47.311079, -122.24121137
47.320079, -122.24121137
47.329079, -122.24121137
47.338079, -122.24121137
47.347079, -122.24121137
47.356079, -122.24121137
47.365079, -122.24121137
47.374079, -122.24121137
47.383079, -122.24121137
47.392079, -122.24121137
47.401079, -122.24121137
47.410079, -122.24121137
47.419079, -122.24121137
47.428079, -122.24121137
47.437079, -122.24121137
47.446079, -122.24121137
47.455079, -122.24121137
47.464079, -122.24121137
47.473079, -122.24121137
47.482079, -122.24121137
47.491079, -122.24121137
47.500079, -122.24121137
47.509079, -122.24121137
47.518079, -122.24121137
47.527079, -122.24121137
47.536079, -122.24121137
47.545079, -122.24121137
47.554079, -122.24121137
47.563079, -122.24121137
47.572079, -122.24121137
47.581079, -122.24121137
47.590079, -122.24121137
47.599079, -122.24121137
47.608079, -122.24121137
47.617079, -122.24121137
47.626079, -122.24121137
47.635079, -122.24121137
47.644079, -122.24121137
47.653079, -122.24121137
47.662079, -122.24121137
47.671079, -122.24121137
47.680079, -122.24121137
47.689079, -122.24121137
47.698079, -122.24121137
47.707079, -122.24121137
47.716079, -122.24121137
47.725079, -122.24121137
47.734079, -122.24121137
47.743079, -122.24121137
47.752079, -122.24121137
47.761079, -122.24121137
47.770079, -122.24121137
47.779079, -122.24121137
47.788079, -122.24121137
47.797079, -122.24121137
47.806079, -122.24121137
47.815079, -122.24121137
47.824079, -122.24121137
47.833079, -122.24121137
47.842079, -122.24121137
47.851079, -122.24121137
47.860079, -122.24121137
47.869079, -122.24121137
47.878079, -122.24121137
47.887079, -122.24121137
47.896079, -122.24121137
47.905079, -122.24121137
47.914079, -122.24121137
47.923079, -122.24121137
47.932079, -122.24121137
47.941079, -122.24121137
47.950079, -122.24121137
47.959079, -122.24121137
47.968079, -122.24121137
47.977079, -122.24121137
47.986079, -122.24121137
47.995079, -122.24121137
48.004079, -122.24121137
48.013079, -122.24121137
48.022079, -122.24121137
48.031079, -122.24121137
48.040079, -122.24121137
48.049079, -122.24121137
48.058079, -122.24121137
48.067079, -122.24121137
48.076079, -122.24121137
48.085079, -122.24121137
48.094079, -122.24121137
48.103079, -122.24121137
48.112079, -122.24121137
48.121079, -122.24121137
48.130079, -122.24121137
48.139079, -122.24121137
48.148079, -122.24121137
48.157079, -122.24121137
48.166079, -122.24121137
48.175079, -122.24121137
48.184079, -122.24121137
48.193079, -122.24121137
48.202079, -122.24121137
48.211079, -122.24121137
48.220079, -122.24121137
48.229079, -122.24121137
48.238079, -122.24121137
48.247079, -122.24121137
48.256079, -122.24121137
48.265079, -122.24121137
48.274079, -122.24121137
48.283079, -122.24121137
48.292079, -122.24121137
48.301079, -122.24121137
48.310079, -122.24121137
48.319079, -122.24121137
48.328079, -122.24121137
48.337079, -122.24121137
48.346079, -122.24121137
48.355079, -122.24121137
48.364079, -122.24121137
48.373079, -122.24121137
48.382079, -122.24121137
48.391079, -122.24121137
48.400079, -122.24121137
48.409079, -122.24121137
48.418079, -122.24121137
48.427079, -122.24121137
48.436079, -122.24121137
48.445079, -122.24121137
48.454079, -122.24121137
48.463079, -122.24121137
48.472079, -122.24121137
48.481079, -122.24121137
48.490079, -122.24121137
48.499079, -122.24121137
48.508079, -122.24121137
48.517079, -122.24121137
48.526079, -122.24121137
48.535079, -122.24121137
48.544079, -122.24121137
48.553079, -122.24121137
48.562079, -122.24121137
48.571079, -122.24121137
48.580079, -122.24121137
48.589079, -122.24121137
48.598079, -122.24121137
48.607079, -122.24121137
48.616079, -122.24121137
48.625079, -122.24121137
48.634079, -122.24121137
48.643079, -122.24121137
48.652079, -122.24121137
48.661079, -122.24121137
48.670079, -122.24121137
48.679079, -122.24121137
48.688079, -122.24121137
48.697079, -122.24121137
48.706079, -122.24121137
48.715079, -122.24121137
48.724079, -122.24121137
48.733079, -122.24121137
48.742079, -122.24121137
48.751079, -122.24121137
48.760079, -122.24121137
48.769079, -122.24121137
48.778079, -122.24121137
48.787079, -122.24121137
48.796079, -122.24121137
48.805079, -122.24121137
48.814079, -122.24121137
48.823079, -122.24121137
48.832079, -122.24121137
48.841079, -122.24121137
48.850079, -122.24121137
48.859079, -122.24121137
48.868079, -122.24121137
48.877079, -122.24121137
48.886079, -122.24121137
48.895079, -122.24121137
48.904079, -122.24121137
48.913079, -122.24121137
48.922079, -122.24121137
48.931079, -122.24121137
48.940079, -122.24121137
48.949079, -122.24121137
46.213079, -122.227504611
46.222079, -122.227504611
46.231079, -122.227504611
46.240079, -122.227504611
46.249079, -122.227504611
46.258079, -122.227504611
46.267079, -122.227504611
46.276079, -122.227504611
46.285079, -122.227504611
46.294079, -122.227504611
46.303079, -122.227504611
46.312079, -122.227504611
46.321079, -122.227504611
46.330079, -122.227504611
46.339079, -122.227504611
46.348079, -122.227504611
46.357079, -122.227504611
46.366079, -122.227504611
46.375079, -122.227504611
46.384079, -122.227504611
46.393079, -122.227504611
46.402079, -122.227504611
46.411079, -122.227504611
46.420079, -122.227504611
46.429079, -122.227504611
46.438079, -122.227504611
46.447079, -122.227504611
46.456079, -122.227504611
46.465079, -122.227504611
46.474079, -122.227504611
46.483079, -122.227504611
46.492079, -122.227504611
46.501079, -122.227504611
46.510079, -122.227504611
46.519079, -122.227504611
46.528079, -122.227504611
46.537079, -122.227504611
46.546079, -122.227504611
46.555079, -122.227504611
46.564079, -122.227504611
46.573079, -122.227504611
46.582079, -122.227504611
46.591079, -122.227504611
46.600079, -122.227504611
46.609079, -122.227504611
46.618079, -122.227504611
46.627079, -122.227504611
46.636079, -122.227504611
46.645079, -122.227504611
46.654079, -122.227504611
46.663079, -122.227504611
46.672079, -122.227504611
46.681079, -122.227504611
46.690079, -122.227504611
46.699079, -122.227504611
46.708079, -122.227504611
46.717079, -122.227504611
46.726079, -122.227504611
46.735079, -122.227504611
46.744079, -122.227504611
46.753079, -122.227504611
46.762079, -122.227504611
46.771079, -122.227504611
46.780079, -122.227504611
46.789079, -122.227504611
46.798079, -122.227504611
46.807079, -122.227504611
46.816079, -122.227504611
46.825079, -122.227504611
46.834079, -122.227504611
46.843079, -122.227504611
46.852079, -122.227504611
46.861079, -122.227504611
46.870079, -122.227504611
46.879079, -122.227504611
46.888079, -122.227504611
46.897079, -122.227504611
46.906079, -122.227504611
46.915079, -122.227504611
46.924079, -122.227504611
46.933079, -122.227504611
46.942079, -122.227504611
46.951079, -122.227504611
46.960079, -122.227504611
46.969079, -122.227504611
46.978079, -122.227504611
46.987079, -122.227504611
46.996079, -122.227504611
47.005079, -122.227504611
47.014079, -122.227504611
47.023079, -122.227504611
47.032079, -122.227504611
47.041079, -122.227504611
47.050079, -122.227504611
47.059079, -122.227504611
47.068079, -122.227504611
47.077079, -122.227504611
47.086079, -122.227504611
47.095079, -122.227504611
47.104079, -122.227504611
47.113079, -122.227504611
47.122079, -122.227504611
47.131079, -122.227504611
47.140079, -122.227504611
47.149079, -122.227504611
47.158079, -122.227504611
47.167079, -122.227504611
47.176079, -122.227504611
47.185079, -122.227504611
47.194079, -122.227504611
47.203079, -122.227504611
47.212079, -122.227504611
47.221079, -122.227504611
47.230079, -122.227504611
47.239079, -122.227504611
47.248079, -122.227504611
47.257079, -122.227504611
47.266079, -122.227504611
47.275079, -122.227504611
47.284079, -122.227504611
47.293079, -122.227504611
47.302079, -122.227504611
47.311079, -122.227504611
47.320079, -122.227504611
47.329079, -122.227504611
47.338079, -122.227504611
47.347079, -122.227504611
47.356079, -122.227504611
47.365079, -122.227504611
47.374079, -122.227504611
47.383079, -122.227504611
47.392079, -122.227504611
47.401079, -122.227504611
47.410079, -122.227504611
47.419079, -122.227504611
47.428079, -122.227504611
47.437079, -122.227504611
47.446079, -122.227504611
47.455079, -122.227504611
47.464079, -122.227504611
47.473079, -122.227504611
47.482079, -122.227504611
47.491079, -122.227504611
47.500079, -122.227504611
47.509079, -122.227504611
47.518079, -122.227504611
47.527079, -122.227504611
47.536079, -122.227504611
47.545079, -122.227504611
47.554079, -122.227504611
47.563079, -122.227504611
47.572079, -122.227504611
47.581079, -122.227504611
47.590079, -122.227504611
47.599079, -122.227504611
47.608079, -122.227504611
47.617079, -122.227504611
47.626079, -122.227504611
47.635079, -122.227504611
47.644079, -122.227504611
47.653079, -122.227504611
47.662079, -122.227504611
47.671079, -122.227504611
47.680079, -122.227504611
47.689079, -122.227504611
47.698079, -122.227504611
47.707079, -122.227504611
47.716079, -122.227504611
47.725079, -122.227504611
47.734079, -122.227504611
47.743079, -122.227504611
47.752079, -122.227504611
47.761079, -122.227504611
47.770079, -122.227504611
47.779079, -122.227504611
47.788079, -122.227504611
47.797079, -122.227504611
47.806079, -122.227504611
47.815079, -122.227504611
47.824079, -122.227504611
47.833079, -122.227504611
47.842079, -122.227504611
47.851079, -122.227504611
47.860079, -122.227504611
47.869079, -122.227504611
47.878079, -122.227504611
47.887079, -122.227504611
47.896079, -122.227504611
47.905079, -122.227504611
47.914079, -122.227504611
47.923079, -122.227504611
47.932079, -122.227504611
47.941079, -122.227504611
47.950079, -122.227504611
47.959079, -122.227504611
47.968079, -122.227504611
47.977079, -122.227504611
47.986079, -122.227504611
47.995079, -122.227504611
48.004079, -122.227504611
48.013079, -122.227504611
48.022079, -122.227504611
48.031079, -122.227504611
48.040079, -122.227504611
48.049079, -122.227504611
48.058079, -122.227504611
48.067079, -122.227504611
48.076079, -122.227504611
48.085079, -122.227504611
48.094079, -122.227504611
48.103079, -122.227504611
48.112079, -122.227504611
48.121079, -122.227504611
48.130079, -122.227504611
48.139079, -122.227504611
48.148079, -122.227504611
48.157079, -122.227504611
48.166079, -122.227504611
48.175079, -122.227504611
48.184079, -122.227504611
48.193079, -122.227504611
48.202079, -122.227504611
48.211079, -122.227504611
48.220079, -122.227504611
48.229079, -122.227504611
48.238079, -122.227504611
48.247079, -122.227504611
48.256079, -122.227504611
48.265079, -122.227504611
48.274079, -122.227504611
48.283079, -122.227504611
48.292079, -122.227504611
48.301079, -122.227504611
48.310079, -122.227504611
48.319079, -122.227504611
48.328079, -122.227504611
48.337079, -122.227504611
48.346079, -122.227504611
48.355079, -122.227504611
48.364079, -122.227504611
48.373079, -122.227504611
48.382079, -122.227504611
48.391079, -122.227504611
48.400079, -122.227504611
48.409079, -122.227504611
48.418079, -122.227504611
48.427079, -122.227504611
48.436079, -122.227504611
48.445079, -122.227504611
48.454079, -122.227504611
48.463079, -122.227504611
48.472079, -122.227504611
48.481079, -122.227504611
48.490079, -122.227504611
48.499079, -122.227504611
48.508079, -122.227504611
48.517079, -122.227504611
48.526079, -122.227504611
48.535079, -122.227504611
48.544079, -122.227504611
48.553079, -122.227504611
48.562079, -122.227504611
48.571079, -122.227504611
48.580079, -122.227504611
48.589079, -122.227504611
48.598079, -122.227504611
48.607079, -122.227504611
48.616079, -122.227504611
48.625079, -122.227504611
48.634079, -122.227504611
48.643079, -122.227504611
48.652079, -122.227504611
48.661079, -122.227504611
48.670079, -122.227504611
48.679079, -122.227504611
48.688079, -122.227504611
48.697079, -122.227504611
48.706079, -122.227504611
48.715079, -122.227504611
48.724079, -122.227504611
48.733079, -122.227504611
48.742079, -122.227504611
48.751079, -122.227504611
48.760079, -122.227504611
48.769079, -122.227504611
48.778079, -122.227504611
48.787079, -122.227504611
48.796079, -122.227504611
48.805079, -122.227504611
48.814079, -122.227504611
48.823079, -122.227504611
48.832079, -122.227504611
48.841079, -122.227504611
48.850079, -122.227504611
48.859079, -122.227504611
48.868079, -122.227504611
48.877079, -122.227504611
48.886079, -122.227504611
48.895079, -122.227504611
48.904079, -122.227504611
48.913079, -122.227504611
48.922079, -122.227504611
48.931079, -122.227504611
48.940079, -122.227504611
48.949079, -122.227504611
46.213079, -122.213797853
46.222079, -122.213797853
46.231079, -122.213797853
46.240079, -122.213797853
46.249079, -122.213797853
46.258079, -122.213797853
46.267079, -122.213797853
46.276079, -122.213797853
46.285079, -122.213797853
46.294079, -122.213797853
46.303079, -122.213797853
46.312079, -122.213797853
46.321079, -122.213797853
46.330079, -122.213797853
46.339079, -122.213797853
46.348079, -122.213797853
46.357079, -122.213797853
46.366079, -122.213797853
46.375079, -122.213797853
46.384079, -122.213797853
46.393079, -122.213797853
46.402079, -122.213797853
46.411079, -122.213797853
46.420079, -122.213797853
46.429079, -122.213797853
46.438079, -122.213797853
46.447079, -122.213797853
46.456079, -122.213797853
46.465079, -122.213797853
46.474079, -122.213797853
46.483079, -122.213797853
46.492079, -122.213797853
46.501079, -122.213797853
46.510079, -122.213797853
46.519079, -122.213797853
46.528079, -122.213797853
46.537079, -122.213797853
46.546079, -122.213797853
46.555079, -122.213797853
46.564079, -122.213797853
46.573079, -122.213797853
46.582079, -122.213797853
46.591079, -122.213797853
46.600079, -122.213797853
46.609079, -122.213797853
46.618079, -122.213797853
46.627079, -122.213797853
46.636079, -122.213797853
46.645079, -122.213797853
46.654079, -122.213797853
46.663079, -122.213797853
46.672079, -122.213797853
46.681079, -122.213797853
46.690079, -122.213797853
46.699079, -122.213797853
46.708079, -122.213797853
46.717079, -122.213797853
46.726079, -122.213797853
46.735079, -122.213797853
46.744079, -122.213797853
46.753079, -122.213797853
46.762079, -122.213797853
46.771079, -122.213797853
46.780079, -122.213797853
46.789079, -122.213797853
46.798079, -122.213797853
46.807079, -122.213797853
46.816079, -122.213797853
46.825079, -122.213797853
46.834079, -122.213797853
46.843079, -122.213797853
46.852079, -122.213797853
46.861079, -122.213797853
46.870079, -122.213797853
46.879079, -122.213797853
46.888079, -122.213797853
46.897079, -122.213797853
46.906079, -122.213797853
46.915079, -122.213797853
46.924079, -122.213797853
46.933079, -122.213797853
46.942079, -122.213797853
46.951079, -122.213797853
46.960079, -122.213797853
46.969079, -122.213797853
46.978079, -122.213797853
46.987079, -122.213797853
46.996079, -122.213797853
47.005079, -122.213797853
47.014079, -122.213797853
47.023079, -122.213797853
47.032079, -122.213797853
47.041079, -122.213797853
47.050079, -122.213797853
47.059079, -122.213797853
47.068079, -122.213797853
47.077079, -122.213797853
47.086079, -122.213797853
47.095079, -122.213797853
47.104079, -122.213797853
47.113079, -122.213797853
47.122079, -122.213797853
47.131079, -122.213797853
47.140079, -122.213797853
47.149079, -122.213797853
47.158079, -122.213797853
47.167079, -122.213797853
47.176079, -122.213797853
47.185079, -122.213797853
47.194079, -122.213797853
47.203079, -122.213797853
47.212079, -122.213797853
47.221079, -122.213797853
47.230079, -122.213797853
47.239079, -122.213797853
47.248079, -122.213797853
47.257079, -122.213797853
47.266079, -122.213797853
47.275079, -122.213797853
47.284079, -122.213797853
47.293079, -122.213797853
47.302079, -122.213797853
47.311079, -122.213797853
47.320079, -122.213797853
47.329079, -122.213797853
47.338079, -122.213797853
47.347079, -122.213797853
47.356079, -122.213797853
47.365079, -122.213797853
47.374079, -122.213797853
47.383079, -122.213797853
47.392079, -122.213797853
47.401079, -122.213797853
47.410079, -122.213797853
47.419079, -122.213797853
47.428079, -122.213797853
47.437079, -122.213797853
47.446079, -122.213797853
47.455079, -122.213797853
47.464079, -122.213797853
47.473079, -122.213797853
47.482079, -122.213797853
47.491079, -122.213797853
47.500079, -122.213797853
47.509079, -122.213797853
47.518079, -122.213797853
47.527079, -122.213797853
47.536079, -122.213797853
47.545079, -122.213797853
47.554079, -122.213797853
47.563079, -122.213797853
47.572079, -122.213797853
47.581079, -122.213797853
47.590079, -122.213797853
47.599079, -122.213797853
47.608079, -122.213797853
47.617079, -122.213797853
47.626079, -122.213797853
47.635079, -122.213797853
47.644079, -122.213797853
47.653079, -122.213797853
47.662079, -122.213797853
47.671079, -122.213797853
47.680079, -122.213797853
47.689079, -122.213797853
47.698079, -122.213797853
47.707079, -122.213797853
47.716079, -122.213797853
47.725079, -122.213797853
47.734079, -122.213797853
47.743079, -122.213797853
47.752079, -122.213797853
47.761079, -122.213797853
47.770079, -122.213797853
47.779079, -122.213797853
47.788079, -122.213797853
47.797079, -122.213797853
47.806079, -122.213797853
47.815079, -122.213797853
47.824079, -122.213797853
47.833079, -122.213797853
47.842079, -122.213797853
47.851079, -122.213797853
47.860079, -122.213797853
47.869079, -122.213797853
47.878079, -122.213797853
47.887079, -122.213797853
47.896079, -122.213797853
47.905079, -122.213797853
47.914079, -122.213797853
47.923079, -122.213797853
47.932079, -122.213797853
47.941079, -122.213797853
47.950079, -122.213797853
47.959079, -122.213797853
47.968079, -122.213797853
47.977079, -122.213797853
47.986079, -122.213797853
47.995079, -122.213797853
48.004079, -122.213797853
48.013079, -122.213797853
48.022079, -122.213797853
48.031079, -122.213797853
48.040079, -122.213797853
48.049079, -122.213797853
48.058079, -122.213797853
48.067079, -122.213797853
48.076079, -122.213797853
48.085079, -122.213797853
48.094079, -122.213797853
48.103079, -122.213797853
48.112079, -122.213797853
48.121079, -122.213797853
48.130079, -122.213797853
48.139079, -122.213797853
48.148079, -122.213797853
48.157079, -122.213797853
48.166079, -122.213797853
48.175079, -122.213797853
48.184079, -122.213797853
48.193079, -122.213797853
48.202079, -122.213797853
48.211079, -122.213797853
48.220079, -122.213797853
48.229079, -122.213797853
48.238079, -122.213797853
48.247079, -122.213797853
48.256079, -122.213797853
48.265079, -122.213797853
48.274079, -122.213797853
48.283079, -122.213797853
48.292079, -122.213797853
48.301079, -122.213797853
48.310079, -122.213797853
48.319079, -122.213797853
48.328079, -122.213797853
48.337079, -122.213797853
48.346079, -122.213797853
48.355079, -122.213797853
48.364079, -122.213797853
48.373079, -122.213797853
48.382079, -122.213797853
48.391079, -122.213797853
48.400079, -122.213797853
48.409079, -122.213797853
48.418079, -122.213797853
48.427079, -122.213797853
48.436079, -122.213797853
48.445079, -122.213797853
48.454079, -122.213797853
48.463079, -122.213797853
48.472079, -122.213797853
48.481079, -122.213797853
48.490079, -122.213797853
48.499079, -122.213797853
48.508079, -122.213797853
48.517079, -122.213797853
48.526079, -122.213797853
48.535079, -122.213797853
48.544079, -122.213797853
48.553079, -122.213797853
48.562079, -122.213797853
48.571079, -122.213797853
48.580079, -122.213797853
48.589079, -122.213797853
48.598079, -122.213797853
48.607079, -122.213797853
48.616079, -122.213797853
48.625079, -122.213797853
48.634079, -122.213797853
48.643079, -122.213797853
48.652079, -122.213797853
48.661079, -122.213797853
48.670079, -122.213797853
48.679079, -122.213797853
48.688079, -122.213797853
48.697079, -122.213797853
48.706079, -122.213797853
48.715079, -122.213797853
48.724079, -122.213797853
48.733079, -122.213797853
48.742079, -122.213797853
48.751079, -122.213797853
48.760079, -122.213797853
48.769079, -122.213797853
48.778079, -122.213797853
48.787079, -122.213797853
48.796079, -122.213797853
48.805079, -122.213797853
48.814079, -122.213797853
48.823079, -122.213797853
48.832079, -122.213797853
48.841079, -122.213797853
48.850079, -122.213797853
48.859079, -122.213797853
48.868079, -122.213797853
48.877079, -122.213797853
48.886079, -122.213797853
48.895079, -122.213797853
48.904079, -122.213797853
48.913079, -122.213797853
48.922079, -122.213797853
48.931079, -122.213797853
48.940079, -122.213797853
48.949079, -122.213797853
46.213079, -122.200091094
46.222079, -122.200091094
46.231079, -122.200091094
46.240079, -122.200091094
46.249079, -122.200091094
46.258079, -122.200091094
46.267079, -122.200091094
46.276079, -122.200091094
46.285079, -122.200091094
46.294079, -122.200091094
46.303079, -122.200091094
46.312079, -122.200091094
46.321079, -122.200091094
46.330079, -122.200091094
46.339079, -122.200091094
46.348079, -122.200091094
46.357079, -122.200091094
46.366079, -122.200091094
46.375079, -122.200091094
46.384079, -122.200091094
46.393079, -122.200091094
46.402079, -122.200091094
46.411079, -122.200091094
46.420079, -122.200091094
46.429079, -122.200091094
46.438079, -122.200091094
46.447079, -122.200091094
46.456079, -122.200091094
46.465079, -122.200091094
46.474079, -122.200091094
46.483079, -122.200091094
46.492079, -122.200091094
46.501079, -122.200091094
46.510079, -122.200091094
46.519079, -122.200091094
46.528079, -122.200091094
46.537079, -122.200091094
46.546079, -122.200091094
46.555079, -122.200091094
46.564079, -122.200091094
46.573079, -122.200091094
46.582079, -122.200091094
46.591079, -122.200091094
46.600079, -122.200091094
46.609079, -122.200091094
46.618079, -122.200091094
46.627079, -122.200091094
46.636079, -122.200091094
46.645079, -122.200091094
46.654079, -122.200091094
46.663079, -122.200091094
46.672079, -122.200091094
46.681079, -122.200091094
46.690079, -122.200091094
46.699079, -122.200091094
46.708079, -122.200091094
46.717079, -122.200091094
46.726079, -122.200091094
46.735079, -122.200091094
46.744079, -122.200091094
46.753079, -122.200091094
46.762079, -122.200091094
46.771079, -122.200091094
46.780079, -122.200091094
46.789079, -122.200091094
46.798079, -122.200091094
46.807079, -122.200091094
46.816079, -122.200091094
46.825079, -122.200091094
46.834079, -122.200091094
46.843079, -122.200091094
46.852079, -122.200091094
46.861079, -122.200091094
46.870079, -122.200091094
46.879079, -122.200091094
46.888079, -122.200091094
46.897079, -122.200091094
46.906079, -122.200091094
46.915079, -122.200091094
46.924079, -122.200091094
46.933079, -122.200091094
46.942079, -122.200091094
46.951079, -122.200091094
46.960079, -122.200091094
46.969079, -122.200091094
46.978079, -122.200091094
46.987079, -122.200091094
46.996079, -122.200091094
47.005079, -122.200091094
47.014079, -122.200091094
47.023079, -122.200091094
47.032079, -122.200091094
47.041079, -122.200091094
47.050079, -122.200091094
47.059079, -122.200091094
47.068079, -122.200091094
47.077079, -122.200091094
47.086079, -122.200091094
47.095079, -122.200091094
47.104079, -122.200091094
47.113079, -122.200091094
47.122079, -122.200091094
47.131079, -122.200091094
47.140079, -122.200091094
47.149079, -122.200091094
47.158079, -122.200091094
47.167079, -122.200091094
47.176079, -122.200091094
47.185079, -122.200091094
47.194079, -122.200091094
47.203079, -122.200091094
47.212079, -122.200091094
47.221079, -122.200091094
47.230079, -122.200091094
47.239079, -122.200091094
47.248079, -122.200091094
47.257079, -122.200091094
47.266079, -122.200091094
47.275079, -122.200091094
47.284079, -122.200091094
47.293079, -122.200091094
47.302079, -122.200091094
47.311079, -122.200091094
47.320079, -122.200091094
47.329079, -122.200091094
47.338079, -122.200091094
47.347079, -122.200091094
47.356079, -122.200091094
47.365079, -122.200091094
47.374079, -122.200091094
47.383079, -122.200091094
47.392079, -122.200091094
47.401079, -122.200091094
47.410079, -122.200091094
47.419079, -122.200091094
47.428079, -122.200091094
47.437079, -122.200091094
47.446079, -122.200091094
47.455079, -122.200091094
47.464079, -122.200091094
47.473079, -122.200091094
47.482079, -122.200091094
47.491079, -122.200091094
47.500079, -122.200091094
47.509079, -122.200091094
47.518079, -122.200091094
47.527079, -122.200091094
47.536079, -122.200091094
47.545079, -122.200091094
47.554079, -122.200091094
47.563079, -122.200091094
47.572079, -122.200091094
47.581079, -122.200091094
47.590079, -122.200091094
47.599079, -122.200091094
47.608079, -122.200091094
47.617079, -122.200091094
47.626079, -122.200091094
47.635079, -122.200091094
47.644079, -122.200091094
47.653079, -122.200091094
47.662079, -122.200091094
47.671079, -122.200091094
47.680079, -122.200091094
47.689079, -122.200091094
47.698079, -122.200091094
47.707079, -122.200091094
47.716079, -122.200091094
47.725079, -122.200091094
47.734079, -122.200091094
47.743079, -122.200091094
47.752079, -122.200091094
47.761079, -122.200091094
47.770079, -122.200091094
47.779079, -122.200091094
47.788079, -122.200091094
47.797079, -122.200091094
47.806079, -122.200091094
47.815079, -122.200091094
47.824079, -122.200091094
47.833079, -122.200091094
47.842079, -122.200091094
47.851079, -122.200091094
47.860079, -122.200091094
47.869079, -122.200091094
47.878079, -122.200091094
47.887079, -122.200091094
47.896079, -122.200091094
47.905079, -122.200091094
47.914079, -122.200091094
47.923079, -122.200091094
47.932079, -122.200091094
47.941079, -122.200091094
47.950079, -122.200091094
47.959079, -122.200091094
47.968079, -122.200091094
47.977079, -122.200091094
47.986079, -122.200091094
47.995079, -122.200091094
48.004079, -122.200091094
48.013079, -122.200091094
48.022079, -122.200091094
48.031079, -122.200091094
48.040079, -122.200091094
48.049079, -122.200091094
48.058079, -122.200091094
48.067079, -122.200091094
48.076079, -122.200091094
48.085079, -122.200091094
48.094079, -122.200091094
48.103079, -122.200091094
48.112079, -122.200091094
48.121079, -122.200091094
48.130079, -122.200091094
48.139079, -122.200091094
48.148079, -122.200091094
48.157079, -122.200091094
48.166079, -122.200091094
48.175079, -122.200091094
48.184079, -122.200091094
48.193079, -122.200091094
48.202079, -122.200091094
48.211079, -122.200091094
48.220079, -122.200091094
48.229079, -122.200091094
48.238079, -122.200091094
48.247079, -122.200091094
48.256079, -122.200091094
48.265079, -122.200091094
48.274079, -122.200091094
48.283079, -122.200091094
48.292079, -122.200091094
48.301079, -122.200091094
48.310079, -122.200091094
48.319079, -122.200091094
48.328079, -122.200091094
48.337079, -122.200091094
48.346079, -122.200091094
48.355079, -122.200091094
48.364079, -122.200091094
48.373079, -122.200091094
48.382079, -122.200091094
48.391079, -122.200091094
48.400079, -122.200091094
48.409079, -122.200091094
48.418079, -122.200091094
48.427079, -122.200091094
48.436079, -122.200091094
48.445079, -122.200091094
48.454079, -122.200091094
48.463079, -122.200091094
48.472079, -122.200091094
48.481079, -122.200091094
48.490079, -122.200091094
48.499079, -122.200091094
48.508079, -122.200091094
48.517079, -122.200091094
48.526079, -122.200091094
48.535079, -122.200091094
48.544079, -122.200091094
48.553079, -122.200091094
48.562079, -122.200091094
48.571079, -122.200091094
48.580079, -122.200091094
48.589079, -122.200091094
48.598079, -122.200091094
48.607079, -122.200091094
48.616079, -122.200091094
48.625079, -122.200091094
48.634079, -122.200091094
48.643079, -122.200091094
48.652079, -122.200091094
48.661079, -122.200091094
48.670079, -122.200091094
48.679079, -122.200091094
48.688079, -122.200091094
48.697079, -122.200091094
48.706079, -122.200091094
48.715079, -122.200091094
48.724079, -122.200091094
48.733079, -122.200091094
48.742079, -122.200091094
48.751079, -122.200091094
48.760079, -122.200091094
48.769079, -122.200091094
48.778079, -122.200091094
48.787079, -122.200091094
48.796079, -122.200091094
48.805079, -122.200091094
48.814079, -122.200091094
48.823079, -122.200091094
48.832079, -122.200091094
48.841079, -122.200091094
48.850079, -122.200091094
48.859079, -122.200091094
48.868079, -122.200091094
48.877079, -122.200091094
48.886079, -122.200091094
48.895079, -122.200091094
48.904079, -122.200091094
48.913079, -122.200091094
48.922079, -122.200091094
48.931079, -122.200091094
48.940079, -122.200091094
48.949079, -122.200091094
46.213079, -122.186384336
46.222079, -122.186384336
46.231079, -122.186384336
46.240079, -122.186384336
46.249079, -122.186384336
46.258079, -122.186384336
46.267079, -122.186384336
46.276079, -122.186384336
46.285079, -122.186384336
46.294079, -122.186384336
46.303079, -122.186384336
46.312079, -122.186384336
46.321079, -122.186384336
46.330079, -122.186384336
46.339079, -122.186384336
46.348079, -122.186384336
46.357079, -122.186384336
46.366079, -122.186384336
46.375079, -122.186384336
46.384079, -122.186384336
46.393079, -122.186384336
46.402079, -122.186384336
46.411079, -122.186384336
46.420079, -122.186384336
46.429079, -122.186384336
46.438079, -122.186384336
46.447079, -122.186384336
46.456079, -122.186384336
46.465079, -122.186384336
46.474079, -122.186384336
46.483079, -122.186384336
46.492079, -122.186384336
46.501079, -122.186384336
46.510079, -122.186384336
46.519079, -122.186384336
46.528079, -122.186384336
46.537079, -122.186384336
46.546079, -122.186384336
46.555079, -122.186384336
46.564079, -122.186384336
46.573079, -122.186384336
46.582079, -122.186384336
46.591079, -122.186384336
46.600079, -122.186384336
46.609079, -122.186384336
46.618079, -122.186384336
46.627079, -122.186384336
46.636079, -122.186384336
46.645079, -122.186384336
46.654079, -122.186384336
46.663079, -122.186384336
46.672079, -122.186384336
46.681079, -122.186384336
46.690079, -122.186384336
46.699079, -122.186384336
46.708079, -122.186384336
46.717079, -122.186384336
46.726079, -122.186384336
46.735079, -122.186384336
46.744079, -122.186384336
46.753079, -122.186384336
46.762079, -122.186384336
46.771079, -122.186384336
46.780079, -122.186384336
46.789079, -122.186384336
46.798079, -122.186384336
46.807079, -122.186384336
46.816079, -122.186384336
46.825079, -122.186384336
46.834079, -122.186384336
46.843079, -122.186384336
46.852079, -122.186384336
46.861079, -122.186384336
46.870079, -122.186384336
46.879079, -122.186384336
46.888079, -122.186384336
46.897079, -122.186384336
46.906079, -122.186384336
46.915079, -122.186384336
46.924079, -122.186384336
46.933079, -122.186384336
46.942079, -122.186384336
46.951079, -122.186384336
46.960079, -122.186384336
46.969079, -122.186384336
46.978079, -122.186384336
46.987079, -122.186384336
46.996079, -122.186384336
47.005079, -122.186384336
47.014079, -122.186384336
47.023079, -122.186384336
47.032079, -122.186384336
47.041079, -122.186384336
47.050079, -122.186384336
47.059079, -122.186384336
47.068079, -122.186384336
47.077079, -122.186384336
47.086079, -122.186384336
47.095079, -122.186384336
47.104079, -122.186384336
47.113079, -122.186384336
47.122079, -122.186384336
47.131079, -122.186384336
47.140079, -122.186384336
47.149079, -122.186384336
47.158079, -122.186384336
47.167079, -122.186384336
47.176079, -122.186384336
47.185079, -122.186384336
47.194079, -122.186384336
47.203079, -122.186384336
47.212079, -122.186384336
47.221079, -122.186384336
47.230079, -122.186384336
47.239079, -122.186384336
47.248079, -122.186384336
47.257079, -122.186384336
47.266079, -122.186384336
47.275079, -122.186384336
47.284079, -122.186384336
47.293079, -122.186384336
47.302079, -122.186384336
47.311079, -122.186384336
47.320079, -122.186384336
47.329079, -122.186384336
47.338079, -122.186384336
47.347079, -122.186384336
47.356079, -122.186384336
47.365079, -122.186384336
47.374079, -122.186384336
47.383079, -122.186384336
47.392079, -122.186384336
47.401079, -122.186384336
47.410079, -122.186384336
47.419079, -122.186384336
47.428079, -122.186384336
47.437079, -122.186384336
47.446079, -122.186384336
47.455079, -122.186384336
47.464079, -122.186384336
47.473079, -122.186384336
47.482079, -122.186384336
47.491079, -122.186384336
47.500079, -122.186384336
47.509079, -122.186384336
47.518079, -122.186384336
47.527079, -122.186384336
47.536079, -122.186384336
47.545079, -122.186384336
47.554079, -122.186384336
47.563079, -122.186384336
47.572079, -122.186384336
47.581079, -122.186384336
47.590079, -122.186384336
47.599079, -122.186384336
47.608079, -122.186384336
47.617079, -122.186384336
47.626079, -122.186384336
47.635079, -122.186384336
47.644079, -122.186384336
47.653079, -122.186384336
47.662079, -122.186384336
47.671079, -122.186384336
47.680079, -122.186384336
47.689079, -122.186384336
47.698079, -122.186384336
47.707079, -122.186384336
47.716079, -122.186384336
47.725079, -122.186384336
47.734079, -122.186384336
47.743079, -122.186384336
47.752079, -122.186384336
47.761079, -122.186384336
47.770079, -122.186384336
47.779079, -122.186384336
47.788079, -122.186384336
47.797079, -122.186384336
47.806079, -122.186384336
47.815079, -122.186384336
47.824079, -122.186384336
47.833079, -122.186384336
47.842079, -122.186384336
47.851079, -122.186384336
47.860079, -122.186384336
47.869079, -122.186384336
47.878079, -122.186384336
47.887079, -122.186384336
47.896079, -122.186384336
47.905079, -122.186384336
47.914079, -122.186384336
47.923079, -122.186384336
47.932079, -122.186384336
47.941079, -122.186384336
47.950079, -122.186384336
47.959079, -122.186384336
47.968079, -122.186384336
47.977079, -122.186384336
47.986079, -122.186384336
47.995079, -122.186384336
48.004079, -122.186384336
48.013079, -122.186384336
48.022079, -122.186384336
48.031079, -122.186384336
48.040079, -122.186384336
48.049079, -122.186384336
48.058079, -122.186384336
48.067079, -122.186384336
48.076079, -122.186384336
48.085079, -122.186384336
48.094079, -122.186384336
48.103079, -122.186384336
48.112079, -122.186384336
48.121079, -122.186384336
48.130079, -122.186384336
48.139079, -122.186384336
48.148079, -122.186384336
48.157079, -122.186384336
48.166079, -122.186384336
48.175079, -122.186384336
48.184079, -122.186384336
48.193079, -122.186384336
48.202079, -122.186384336
48.211079, -122.186384336
48.220079, -122.186384336
48.229079, -122.186384336
48.238079, -122.186384336
48.247079, -122.186384336
48.256079, -122.186384336
48.265079, -122.186384336
48.274079, -122.186384336
48.283079, -122.186384336
48.292079, -122.186384336
48.301079, -122.186384336
48.310079, -122.186384336
48.319079, -122.186384336
48.328079, -122.186384336
48.337079, -122.186384336
48.346079, -122.186384336
48.355079, -122.186384336
48.364079, -122.186384336
48.373079, -122.186384336
48.382079, -122.186384336
48.391079, -122.186384336
48.400079, -122.186384336
48.409079, -122.186384336
48.418079, -122.186384336
48.427079, -122.186384336
48.436079, -122.186384336
48.445079, -122.186384336
48.454079, -122.186384336
48.463079, -122.186384336
48.472079, -122.186384336
48.481079, -122.186384336
48.490079, -122.186384336
48.499079, -122.186384336
48.508079, -122.186384336
48.517079, -122.186384336
48.526079, -122.186384336
48.535079, -122.186384336
48.544079, -122.186384336
48.553079, -122.186384336
48.562079, -122.186384336
48.571079, -122.186384336
48.580079, -122.186384336
48.589079, -122.186384336
48.598079, -122.186384336
48.607079, -122.186384336
48.616079, -122.186384336
48.625079, -122.186384336
48.634079, -122.186384336
48.643079, -122.186384336
48.652079, -122.186384336
48.661079, -122.186384336
48.670079, -122.186384336
48.679079, -122.186384336
48.688079, -122.186384336
48.697079, -122.186384336
48.706079, -122.186384336
48.715079, -122.186384336
48.724079, -122.186384336
48.733079, -122.186384336
48.742079, -122.186384336
48.751079, -122.186384336
48.760079, -122.186384336
48.769079, -122.186384336
48.778079, -122.186384336
48.787079, -122.186384336
48.796079, -122.186384336
48.805079, -122.186384336
48.814079, -122.186384336
48.823079, -122.186384336
48.832079, -122.186384336
48.841079, -122.186384336
48.850079, -122.186384336
48.859079, -122.186384336
48.868079, -122.186384336
48.877079, -122.186384336
48.886079, -122.186384336
48.895079, -122.186384336
48.904079, -122.186384336
48.913079, -122.186384336
48.922079, -122.186384336
48.931079, -122.186384336
48.940079, -122.186384336
48.949079, -122.186384336
46.213079, -122.172677577
46.222079, -122.172677577
46.231079, -122.172677577
46.240079, -122.172677577
46.249079, -122.172677577
46.258079, -122.172677577
46.267079, -122.172677577
46.276079, -122.172677577
46.285079, -122.172677577
46.294079, -122.172677577
46.303079, -122.172677577
46.312079, -122.172677577
46.321079, -122.172677577
46.330079, -122.172677577
46.339079, -122.172677577
46.348079, -122.172677577
46.357079, -122.172677577
46.366079, -122.172677577
46.375079, -122.172677577
46.384079, -122.172677577
46.393079, -122.172677577
46.402079, -122.172677577
46.411079, -122.172677577
46.420079, -122.172677577
46.429079, -122.172677577
46.438079, -122.172677577
46.447079, -122.172677577
46.456079, -122.172677577
46.465079, -122.172677577
46.474079, -122.172677577
46.483079, -122.172677577
46.492079, -122.172677577
46.501079, -122.172677577
46.510079, -122.172677577
46.519079, -122.172677577
46.528079, -122.172677577
46.537079, -122.172677577
46.546079, -122.172677577
46.555079, -122.172677577
46.564079, -122.172677577
46.573079, -122.172677577
46.582079, -122.172677577
46.591079, -122.172677577
46.600079, -122.172677577
46.609079, -122.172677577
46.618079, -122.172677577
46.627079, -122.172677577
46.636079, -122.172677577
46.645079, -122.172677577
46.654079, -122.172677577
46.663079, -122.172677577
46.672079, -122.172677577
46.681079, -122.172677577
46.690079, -122.172677577
46.699079, -122.172677577
46.708079, -122.172677577
46.717079, -122.172677577
46.726079, -122.172677577
46.735079, -122.172677577
46.744079, -122.172677577
46.753079, -122.172677577
46.762079, -122.172677577
46.771079, -122.172677577
46.780079, -122.172677577
46.789079, -122.172677577
46.798079, -122.172677577
46.807079, -122.172677577
46.816079, -122.172677577
46.825079, -122.172677577
46.834079, -122.172677577
46.843079, -122.172677577
46.852079, -122.172677577
46.861079, -122.172677577
46.870079, -122.172677577
46.879079, -122.172677577
46.888079, -122.172677577
46.897079, -122.172677577
46.906079, -122.172677577
46.915079, -122.172677577
46.924079, -122.172677577
46.933079, -122.172677577
46.942079, -122.172677577
46.951079, -122.172677577
46.960079, -122.172677577
46.969079, -122.172677577
46.978079, -122.172677577
46.987079, -122.172677577
46.996079, -122.172677577
47.005079, -122.172677577
47.014079, -122.172677577
47.023079, -122.172677577
47.032079, -122.172677577
47.041079, -122.172677577
47.050079, -122.172677577
47.059079, -122.172677577
47.068079, -122.172677577
47.077079, -122.172677577
47.086079, -122.172677577
47.095079, -122.172677577
47.104079, -122.172677577
47.113079, -122.172677577
47.122079, -122.172677577
47.131079, -122.172677577
47.140079, -122.172677577
47.149079, -122.172677577
47.158079, -122.172677577
47.167079, -122.172677577
47.176079, -122.172677577
47.185079, -122.172677577
47.194079, -122.172677577
47.203079, -122.172677577
47.212079, -122.172677577
47.221079, -122.172677577
47.230079, -122.172677577
47.239079, -122.172677577
47.248079, -122.172677577
47.257079, -122.172677577
47.266079, -122.172677577
47.275079, -122.172677577
47.284079, -122.172677577
47.293079, -122.172677577
47.302079, -122.172677577
47.311079, -122.172677577
47.320079, -122.172677577
47.329079, -122.172677577
47.338079, -122.172677577
47.347079, -122.172677577
47.356079, -122.172677577
47.365079, -122.172677577
47.374079, -122.172677577
47.383079, -122.172677577
47.392079, -122.172677577
47.401079, -122.172677577
47.410079, -122.172677577
47.419079, -122.172677577
47.428079, -122.172677577
47.437079, -122.172677577
47.446079, -122.172677577
47.455079, -122.172677577
47.464079, -122.172677577
47.473079, -122.172677577
47.482079, -122.172677577
47.491079, -122.172677577
47.500079, -122.172677577
47.509079, -122.172677577
47.518079, -122.172677577
47.527079, -122.172677577
47.536079, -122.172677577
47.545079, -122.172677577
47.554079, -122.172677577
47.563079, -122.172677577
47.572079, -122.172677577
47.581079, -122.172677577
47.590079, -122.172677577
47.599079, -122.172677577
47.608079, -122.172677577
47.617079, -122.172677577
47.626079, -122.172677577
47.635079, -122.172677577
47.644079, -122.172677577
47.653079, -122.172677577
47.662079, -122.172677577
47.671079, -122.172677577
47.680079, -122.172677577
47.689079, -122.172677577
47.698079, -122.172677577
47.707079, -122.172677577
47.716079, -122.172677577
47.725079, -122.172677577
47.734079, -122.172677577
47.743079, -122.172677577
47.752079, -122.172677577
47.761079, -122.172677577
47.770079, -122.172677577
47.779079, -122.172677577
47.788079, -122.172677577
47.797079, -122.172677577
47.806079, -122.172677577
47.815079, -122.172677577
47.824079, -122.172677577
47.833079, -122.172677577
47.842079, -122.172677577
47.851079, -122.172677577
47.860079, -122.172677577
47.869079, -122.172677577
47.878079, -122.172677577
47.887079, -122.172677577
47.896079, -122.172677577
47.905079, -122.172677577
47.914079, -122.172677577
47.923079, -122.172677577
47.932079, -122.172677577
47.941079, -122.172677577
47.950079, -122.172677577
47.959079, -122.172677577
47.968079, -122.172677577
47.977079, -122.172677577
47.986079, -122.172677577
47.995079, -122.172677577
48.004079, -122.172677577
48.013079, -122.172677577
48.022079, -122.172677577
48.031079, -122.172677577
48.040079, -122.172677577
48.049079, -122.172677577
48.058079, -122.172677577
48.067079, -122.172677577
48.076079, -122.172677577
48.085079, -122.172677577
48.094079, -122.172677577
48.103079, -122.172677577
48.112079, -122.172677577
48.121079, -122.172677577
48.130079, -122.172677577
48.139079, -122.172677577
48.148079, -122.172677577
48.157079, -122.172677577
48.166079, -122.172677577
48.175079, -122.172677577
48.184079, -122.172677577
48.193079, -122.172677577
48.202079, -122.172677577
48.211079, -122.172677577
48.220079, -122.172677577
48.229079, -122.172677577
48.238079, -122.172677577
48.247079, -122.172677577
48.256079, -122.172677577
48.265079, -122.172677577
48.274079, -122.172677577
48.283079, -122.172677577
48.292079, -122.172677577
48.301079, -122.172677577
48.310079, -122.172677577
48.319079, -122.172677577
48.328079, -122.172677577
48.337079, -122.172677577
48.346079, -122.172677577
48.355079, -122.172677577
48.364079, -122.172677577
48.373079, -122.172677577
48.382079, -122.172677577
48.391079, -122.172677577
48.400079, -122.172677577
48.409079, -122.172677577
48.418079, -122.172677577
48.427079, -122.172677577
48.436079, -122.172677577
48.445079, -122.172677577
48.454079, -122.172677577
48.463079, -122.172677577
48.472079, -122.172677577
48.481079, -122.172677577
48.490079, -122.172677577
48.499079, -122.172677577
48.508079, -122.172677577
48.517079, -122.172677577
48.526079, -122.172677577
48.535079, -122.172677577
48.544079, -122.172677577
48.553079, -122.172677577
48.562079, -122.172677577
48.571079, -122.172677577
48.580079, -122.172677577
48.589079, -122.172677577
48.598079, -122.172677577
48.607079, -122.172677577
48.616079, -122.172677577
48.625079, -122.172677577
48.634079, -122.172677577
48.643079, -122.172677577
48.652079, -122.172677577
48.661079, -122.172677577
48.670079, -122.172677577
48.679079, -122.172677577
48.688079, -122.172677577
48.697079, -122.172677577
48.706079, -122.172677577
48.715079, -122.172677577
48.724079, -122.172677577
48.733079, -122.172677577
48.742079, -122.172677577
48.751079, -122.172677577
48.760079, -122.172677577
48.769079, -122.172677577
48.778079, -122.172677577
48.787079, -122.172677577
48.796079, -122.172677577
48.805079, -122.172677577
48.814079, -122.172677577
48.823079, -122.172677577
48.832079, -122.172677577
48.841079, -122.172677577
48.850079, -122.172677577
48.859079, -122.172677577
48.868079, -122.172677577
48.877079, -122.172677577
48.886079, -122.172677577
48.895079, -122.172677577
48.904079, -122.172677577
48.913079, -122.172677577
48.922079, -122.172677577
48.931079, -122.172677577
48.940079, -122.172677577
48.949079, -122.172677577
46.213079, -122.158970819
46.222079, -122.158970819
46.231079, -122.158970819
46.240079, -122.158970819
46.249079, -122.158970819
46.258079, -122.158970819
46.267079, -122.158970819
46.276079, -122.158970819
46.285079, -122.158970819
46.294079, -122.158970819
46.303079, -122.158970819
46.312079, -122.158970819
46.321079, -122.158970819
46.330079, -122.158970819
46.339079, -122.158970819
46.348079, -122.158970819
46.357079, -122.158970819
46.366079, -122.158970819
46.375079, -122.158970819
46.384079, -122.158970819
46.393079, -122.158970819
46.402079, -122.158970819
46.411079, -122.158970819
46.420079, -122.158970819
46.429079, -122.158970819
46.438079, -122.158970819
46.447079, -122.158970819
46.456079, -122.158970819
46.465079, -122.158970819
46.474079, -122.158970819
46.483079, -122.158970819
46.492079, -122.158970819
46.501079, -122.158970819
46.510079, -122.158970819
46.519079, -122.158970819
46.528079, -122.158970819
46.537079, -122.158970819
46.546079, -122.158970819
46.555079, -122.158970819
46.564079, -122.158970819
46.573079, -122.158970819
46.582079, -122.158970819
46.591079, -122.158970819
46.600079, -122.158970819
46.609079, -122.158970819
46.618079, -122.158970819
46.627079, -122.158970819
46.636079, -122.158970819
46.645079, -122.158970819
46.654079, -122.158970819
46.663079, -122.158970819
46.672079, -122.158970819
46.681079, -122.158970819
46.690079, -122.158970819
46.699079, -122.158970819
46.708079, -122.158970819
46.717079, -122.158970819
46.726079, -122.158970819
46.735079, -122.158970819
46.744079, -122.158970819
46.753079, -122.158970819
46.762079, -122.158970819
46.771079, -122.158970819
46.780079, -122.158970819
46.789079, -122.158970819
46.798079, -122.158970819
46.807079, -122.158970819
46.816079, -122.158970819
46.825079, -122.158970819
46.834079, -122.158970819
46.843079, -122.158970819
46.852079, -122.158970819
46.861079, -122.158970819
46.870079, -122.158970819
46.879079, -122.158970819
46.888079, -122.158970819
46.897079, -122.158970819
46.906079, -122.158970819
46.915079, -122.158970819
46.924079, -122.158970819
46.933079, -122.158970819
46.942079, -122.158970819
46.951079, -122.158970819
46.960079, -122.158970819
46.969079, -122.158970819
46.978079, -122.158970819
46.987079, -122.158970819
46.996079, -122.158970819
47.005079, -122.158970819
47.014079, -122.158970819
47.023079, -122.158970819
47.032079, -122.158970819
47.041079, -122.158970819
47.050079, -122.158970819
47.059079, -122.158970819
47.068079, -122.158970819
47.077079, -122.158970819
47.086079, -122.158970819
47.095079, -122.158970819
47.104079, -122.158970819
47.113079, -122.158970819
47.122079, -122.158970819
47.131079, -122.158970819
47.140079, -122.158970819
47.149079, -122.158970819
47.158079, -122.158970819
47.167079, -122.158970819
47.176079, -122.158970819
47.185079, -122.158970819
47.194079, -122.158970819
47.203079, -122.158970819
47.212079, -122.158970819
47.221079, -122.158970819
47.230079, -122.158970819
47.239079, -122.158970819
47.248079, -122.158970819
47.257079, -122.158970819
47.266079, -122.158970819
47.275079, -122.158970819
47.284079, -122.158970819
47.293079, -122.158970819
47.302079, -122.158970819
47.311079, -122.158970819
47.320079, -122.158970819
47.329079, -122.158970819
47.338079, -122.158970819
47.347079, -122.158970819
47.356079, -122.158970819
47.365079, -122.158970819
47.374079, -122.158970819
47.383079, -122.158970819
47.392079, -122.158970819
47.401079, -122.158970819
47.410079, -122.158970819
47.419079, -122.158970819
47.428079, -122.158970819
47.437079, -122.158970819
47.446079, -122.158970819
47.455079, -122.158970819
47.464079, -122.158970819
47.473079, -122.158970819
47.482079, -122.158970819
47.491079, -122.158970819
47.500079, -122.158970819
47.509079, -122.158970819
47.518079, -122.158970819
47.527079, -122.158970819
47.536079, -122.158970819
47.545079, -122.158970819
47.554079, -122.158970819
47.563079, -122.158970819
47.572079, -122.158970819
47.581079, -122.158970819
47.590079, -122.158970819
47.599079, -122.158970819
47.608079, -122.158970819
47.617079, -122.158970819
47.626079, -122.158970819
47.635079, -122.158970819
47.644079, -122.158970819
47.653079, -122.158970819
47.662079, -122.158970819
47.671079, -122.158970819
47.680079, -122.158970819
47.689079, -122.158970819
47.698079, -122.158970819
47.707079, -122.158970819
47.716079, -122.158970819
47.725079, -122.158970819
47.734079, -122.158970819
47.743079, -122.158970819
47.752079, -122.158970819
47.761079, -122.158970819
47.770079, -122.158970819
47.779079, -122.158970819
47.788079, -122.158970819
47.797079, -122.158970819
47.806079, -122.158970819
47.815079, -122.158970819
47.824079, -122.158970819
47.833079, -122.158970819
47.842079, -122.158970819
47.851079, -122.158970819
47.860079, -122.158970819
47.869079, -122.158970819
47.878079, -122.158970819
47.887079, -122.158970819
47.896079, -122.158970819
47.905079, -122.158970819
47.914079, -122.158970819
47.923079, -122.158970819
47.932079, -122.158970819
47.941079, -122.158970819
47.950079, -122.158970819
47.959079, -122.158970819
47.968079, -122.158970819
47.977079, -122.158970819
47.986079, -122.158970819
47.995079, -122.158970819
48.004079, -122.158970819
48.013079, -122.158970819
48.022079, -122.158970819
48.031079, -122.158970819
48.040079, -122.158970819
48.049079, -122.158970819
48.058079, -122.158970819
48.067079, -122.158970819
48.076079, -122.158970819
48.085079, -122.158970819
48.094079, -122.158970819
48.103079, -122.158970819
48.112079, -122.158970819
48.121079, -122.158970819
48.130079, -122.158970819
48.139079, -122.158970819
48.148079, -122.158970819
48.157079, -122.158970819
48.166079, -122.158970819
48.175079, -122.158970819
48.184079, -122.158970819
48.193079, -122.158970819
48.202079, -122.158970819
48.211079, -122.158970819
48.220079, -122.158970819
48.229079, -122.158970819
48.238079, -122.158970819
48.247079, -122.158970819
48.256079, -122.158970819
48.265079, -122.158970819
48.274079, -122.158970819
48.283079, -122.158970819
48.292079, -122.158970819
48.301079, -122.158970819
48.310079, -122.158970819
48.319079, -122.158970819
48.328079, -122.158970819
48.337079, -122.158970819
48.346079, -122.158970819
48.355079, -122.158970819
48.364079, -122.158970819
48.373079, -122.158970819
48.382079, -122.158970819
48.391079, -122.158970819
48.400079, -122.158970819
48.409079, -122.158970819
48.418079, -122.158970819
48.427079, -122.158970819
48.436079, -122.158970819
48.445079, -122.158970819
48.454079, -122.158970819
48.463079, -122.158970819
48.472079, -122.158970819
48.481079, -122.158970819
48.490079, -122.158970819
48.499079, -122.158970819
48.508079, -122.158970819
48.517079, -122.158970819
48.526079, -122.158970819
48.535079, -122.158970819
48.544079, -122.158970819
48.553079, -122.158970819
48.562079, -122.158970819
48.571079, -122.158970819
48.580079, -122.158970819
48.589079, -122.158970819
48.598079, -122.158970819
48.607079, -122.158970819
48.616079, -122.158970819
48.625079, -122.158970819
48.634079, -122.158970819
48.643079, -122.158970819
48.652079, -122.158970819
48.661079, -122.158970819
48.670079, -122.158970819
48.679079, -122.158970819
48.688079, -122.158970819
48.697079, -122.158970819
48.706079, -122.158970819
48.715079, -122.158970819
48.724079, -122.158970819
48.733079, -122.158970819
48.742079, -122.158970819
48.751079, -122.158970819
48.760079, -122.158970819
48.769079, -122.158970819
48.778079, -122.158970819
48.787079, -122.158970819
48.796079, -122.158970819
48.805079, -122.158970819
48.814079, -122.158970819
48.823079, -122.158970819
48.832079, -122.158970819
48.841079, -122.158970819
48.850079, -122.158970819
48.859079, -122.158970819
48.868079, -122.158970819
48.877079, -122.158970819
48.886079, -122.158970819
48.895079, -122.158970819
48.904079, -122.158970819
48.913079, -122.158970819
48.922079, -122.158970819
48.931079, -122.158970819
48.940079, -122.158970819
48.949079, -122.158970819
46.213079, -122.14526406
46.222079, -122.14526406
46.231079, -122.14526406
46.240079, -122.14526406
46.249079, -122.14526406
46.258079, -122.14526406
46.267079, -122.14526406
46.276079, -122.14526406
46.285079, -122.14526406
46.294079, -122.14526406
46.303079, -122.14526406
46.312079, -122.14526406
46.321079, -122.14526406
46.330079, -122.14526406
46.339079, -122.14526406
46.348079, -122.14526406
46.357079, -122.14526406
46.366079, -122.14526406
46.375079, -122.14526406
46.384079, -122.14526406
46.393079, -122.14526406
46.402079, -122.14526406
46.411079, -122.14526406
46.420079, -122.14526406
46.429079, -122.14526406
46.438079, -122.14526406
46.447079, -122.14526406
46.456079, -122.14526406
46.465079, -122.14526406
46.474079, -122.14526406
46.483079, -122.14526406
46.492079, -122.14526406
46.501079, -122.14526406
46.510079, -122.14526406
46.519079, -122.14526406
46.528079, -122.14526406
46.537079, -122.14526406
46.546079, -122.14526406
46.555079, -122.14526406
46.564079, -122.14526406
46.573079, -122.14526406
46.582079, -122.14526406
46.591079, -122.14526406
46.600079, -122.14526406
46.609079, -122.14526406
46.618079, -122.14526406
46.627079, -122.14526406
46.636079, -122.14526406
46.645079, -122.14526406
46.654079, -122.14526406
46.663079, -122.14526406
46.672079, -122.14526406
46.681079, -122.14526406
46.690079, -122.14526406
46.699079, -122.14526406
46.708079, -122.14526406
46.717079, -122.14526406
46.726079, -122.14526406
46.735079, -122.14526406
46.744079, -122.14526406
46.753079, -122.14526406
46.762079, -122.14526406
46.771079, -122.14526406
46.780079, -122.14526406
46.789079, -122.14526406
46.798079, -122.14526406
46.807079, -122.14526406
46.816079, -122.14526406
46.825079, -122.14526406
46.834079, -122.14526406
46.843079, -122.14526406
46.852079, -122.14526406
46.861079, -122.14526406
46.870079, -122.14526406
46.879079, -122.14526406
46.888079, -122.14526406
46.897079, -122.14526406
46.906079, -122.14526406
46.915079, -122.14526406
46.924079, -122.14526406
46.933079, -122.14526406
46.942079, -122.14526406
46.951079, -122.14526406
46.960079, -122.14526406
46.969079, -122.14526406
46.978079, -122.14526406
46.987079, -122.14526406
46.996079, -122.14526406
47.005079, -122.14526406
47.014079, -122.14526406
47.023079, -122.14526406
47.032079, -122.14526406
47.041079, -122.14526406
47.050079, -122.14526406
47.059079, -122.14526406
47.068079, -122.14526406
47.077079, -122.14526406
47.086079, -122.14526406
47.095079, -122.14526406
47.104079, -122.14526406
47.113079, -122.14526406
47.122079, -122.14526406
47.131079, -122.14526406
47.140079, -122.14526406
47.149079, -122.14526406
47.158079, -122.14526406
47.167079, -122.14526406
47.176079, -122.14526406
47.185079, -122.14526406
47.194079, -122.14526406
47.203079, -122.14526406
47.212079, -122.14526406
47.221079, -122.14526406
47.230079, -122.14526406
47.239079, -122.14526406
47.248079, -122.14526406
47.257079, -122.14526406
47.266079, -122.14526406
47.275079, -122.14526406
47.284079, -122.14526406
47.293079, -122.14526406
47.302079, -122.14526406
47.311079, -122.14526406
47.320079, -122.14526406
47.329079, -122.14526406
47.338079, -122.14526406
47.347079, -122.14526406
47.356079, -122.14526406
47.365079, -122.14526406
47.374079, -122.14526406
47.383079, -122.14526406
47.392079, -122.14526406
47.401079, -122.14526406
47.410079, -122.14526406
47.419079, -122.14526406
47.428079, -122.14526406
47.437079, -122.14526406
47.446079, -122.14526406
47.455079, -122.14526406
47.464079, -122.14526406
47.473079, -122.14526406
47.482079, -122.14526406
47.491079, -122.14526406
47.500079, -122.14526406
47.509079, -122.14526406
47.518079, -122.14526406
47.527079, -122.14526406
47.536079, -122.14526406
47.545079, -122.14526406
47.554079, -122.14526406
47.563079, -122.14526406
47.572079, -122.14526406
47.581079, -122.14526406
47.590079, -122.14526406
47.599079, -122.14526406
47.608079, -122.14526406
47.617079, -122.14526406
47.626079, -122.14526406
47.635079, -122.14526406
47.644079, -122.14526406
47.653079, -122.14526406
47.662079, -122.14526406
47.671079, -122.14526406
47.680079, -122.14526406
47.689079, -122.14526406
47.698079, -122.14526406
47.707079, -122.14526406
47.716079, -122.14526406
47.725079, -122.14526406
47.734079, -122.14526406
47.743079, -122.14526406
47.752079, -122.14526406
47.761079, -122.14526406
47.770079, -122.14526406
47.779079, -122.14526406
47.788079, -122.14526406
47.797079, -122.14526406
47.806079, -122.14526406
47.815079, -122.14526406
47.824079, -122.14526406
47.833079, -122.14526406
47.842079, -122.14526406
47.851079, -122.14526406
47.860079, -122.14526406
47.869079, -122.14526406
47.878079, -122.14526406
47.887079, -122.14526406
47.896079, -122.14526406
47.905079, -122.14526406
47.914079, -122.14526406
47.923079, -122.14526406
47.932079, -122.14526406
47.941079, -122.14526406
47.950079, -122.14526406
47.959079, -122.14526406
47.968079, -122.14526406
47.977079, -122.14526406
47.986079, -122.14526406
47.995079, -122.14526406
48.004079, -122.14526406
48.013079, -122.14526406
48.022079, -122.14526406
48.031079, -122.14526406
48.040079, -122.14526406
48.049079, -122.14526406
48.058079, -122.14526406
48.067079, -122.14526406
48.076079, -122.14526406
48.085079, -122.14526406
48.094079, -122.14526406
48.103079, -122.14526406
48.112079, -122.14526406
48.121079, -122.14526406
48.130079, -122.14526406
48.139079, -122.14526406
48.148079, -122.14526406
48.157079, -122.14526406
48.166079, -122.14526406
48.175079, -122.14526406
48.184079, -122.14526406
48.193079, -122.14526406
48.202079, -122.14526406
48.211079, -122.14526406
48.220079, -122.14526406
48.229079, -122.14526406
48.238079, -122.14526406
48.247079, -122.14526406
48.256079, -122.14526406
48.265079, -122.14526406
48.274079, -122.14526406
48.283079, -122.14526406
48.292079, -122.14526406
48.301079, -122.14526406
48.310079, -122.14526406
48.319079, -122.14526406
48.328079, -122.14526406
48.337079, -122.14526406
48.346079, -122.14526406
48.355079, -122.14526406
48.364079, -122.14526406
48.373079, -122.14526406
48.382079, -122.14526406
48.391079, -122.14526406
48.400079, -122.14526406
48.409079, -122.14526406
48.418079, -122.14526406
48.427079, -122.14526406
48.436079, -122.14526406
48.445079, -122.14526406
48.454079, -122.14526406
48.463079, -122.14526406
48.472079, -122.14526406
48.481079, -122.14526406
48.490079, -122.14526406
48.499079, -122.14526406
48.508079, -122.14526406
48.517079, -122.14526406
48.526079, -122.14526406
48.535079, -122.14526406
48.544079, -122.14526406
48.553079, -122.14526406
48.562079, -122.14526406
48.571079, -122.14526406
48.580079, -122.14526406
48.589079, -122.14526406
48.598079, -122.14526406
48.607079, -122.14526406
48.616079, -122.14526406
48.625079, -122.14526406
48.634079, -122.14526406
48.643079, -122.14526406
48.652079, -122.14526406
48.661079, -122.14526406
48.670079, -122.14526406
48.679079, -122.14526406
48.688079, -122.14526406
48.697079, -122.14526406
48.706079, -122.14526406
48.715079, -122.14526406
48.724079, -122.14526406
48.733079, -122.14526406
48.742079, -122.14526406
48.751079, -122.14526406
48.760079, -122.14526406
48.769079, -122.14526406
48.778079, -122.14526406
48.787079, -122.14526406
48.796079, -122.14526406
48.805079, -122.14526406
48.814079, -122.14526406
48.823079, -122.14526406
48.832079, -122.14526406
48.841079, -122.14526406
48.850079, -122.14526406
48.859079, -122.14526406
48.868079, -122.14526406
48.877079, -122.14526406
48.886079, -122.14526406
48.895079, -122.14526406
48.904079, -122.14526406
48.913079, -122.14526406
48.922079, -122.14526406
48.931079, -122.14526406
48.940079, -122.14526406
48.949079, -122.14526406
46.213079, -122.131557302
