47.032079, -120.733467935
47.041079, -120.733467935
47.050079, -120.733467935
47.059079, -120.733467935
47.068079, -120.733467935
47.077079, -120.733467935
47.086079, -120.733467935
47.095079, -120.733467935
47.104079, -120.733467935
47.113079, -120.733467935
47.122079, -120.733467935
47.131079, -120.733467935
47.140079, -120.733467935
47.149079, -120.733467935
47.158079, -120.733467935
47.167079, -120.733467935
47.176079, -120.733467935
47.185079, -120.733467935
47.194079, -120.733467935
47.203079, -120.733467935
47.212079, -120.733467935
47.221079, -120.733467935
47.230079, -120.733467935
47.239079, -120.733467935
47.248079, -120.733467935
47.257079, -120.733467935
47.266079, -120.733467935
47.275079, -120.733467935
47.284079, -120.733467935
47.293079, -120.733467935
47.302079, -120.733467935
47.311079, -120.733467935
47.320079, -120.733467935
47.329079, -120.733467935
47.338079, -120.733467935
47.347079, -120.733467935
47.356079, -120.733467935
47.365079, -120.733467935
47.374079, -120.733467935
47.383079, -120.733467935
47.392079, -120.733467935
47.401079, -120.733467935
47.410079, -120.733467935
47.419079, -120.733467935
47.428079, -120.733467935
47.437079, -120.733467935
47.446079, -120.733467935
47.455079, -120.733467935
47.464079, -120.733467935
47.473079, -120.733467935
47.482079, -120.733467935
47.491079, -120.733467935
47.500079, -120.733467935
47.509079, -120.733467935
47.518079, -120.733467935
47.527079, -120.733467935
47.536079, -120.733467935
47.545079, -120.733467935
47.554079, -120.733467935
47.563079, -120.733467935
47.572079, -120.733467935
47.581079, -120.733467935
47.590079, -120.733467935
47.599079, -120.733467935
47.608079, -120.733467935
47.617079, -120.733467935
47.626079, -120.733467935
47.635079, -120.733467935
47.644079, -120.733467935
47.653079, -120.733467935
47.662079, -120.733467935
47.671079, -120.733467935
47.680079, -120.733467935
47.689079, -120.733467935
47.698079, -120.733467935
47.707079, -120.733467935
47.716079, -120.733467935
47.725079, -120.733467935
47.734079, -120.733467935
47.743079, -120.733467935
47.752079, -120.733467935
47.761079, -120.733467935
47.770079, -120.733467935
47.779079, -120.733467935
47.788079, -120.733467935
47.797079, -120.733467935
47.806079, -120.733467935
47.815079, -120.733467935
47.824079, -120.733467935
47.833079, -120.733467935
47.842079, -120.733467935
47.851079, -120.733467935
47.860079, -120.733467935
47.869079, -120.733467935
47.878079, -120.733467935
47.887079, -120.733467935
47.896079, -120.733467935
47.905079, -120.733467935
47.914079, -120.733467935
47.923079, -120.733467935
47.932079, -120.733467935
47.941079, -120.733467935
47.950079, -120.733467935
47.959079, -120.733467935
47.968079, -120.733467935
47.977079, -120.733467935
47.986079, -120.733467935
47.995079, -120.733467935
48.004079, -120.733467935
48.013079, -120.733467935
48.022079, -120.733467935
48.031079, -120.733467935
48.040079, -120.733467935
48.049079, -120.733467935
48.058079, -120.733467935
48.067079, -120.733467935
48.076079, -120.733467935
48.085079, -120.733467935
48.094079, -120.733467935
48.103079, -120.733467935
48.112079, -120.733467935
48.121079, -120.733467935
48.130079, -120.733467935
48.139079, -120.733467935
48.148079, -120.733467935
48.157079, -120.733467935
48.166079, -120.733467935
48.175079, -120.733467935
48.184079, -120.733467935
48.193079, -120.733467935
48.202079, -120.733467935
48.211079, -120.733467935
48.220079, -120.733467935
48.229079, -120.733467935
48.238079, -120.733467935
48.247079, -120.733467935
48.256079, -120.733467935
48.265079, -120.733467935
48.274079, -120.733467935
48.283079, -120.733467935
48.292079, -120.733467935
48.301079, -120.733467935
48.310079, -120.733467935
48.319079, -120.733467935
48.328079, -120.733467935
48.337079, -120.733467935
48.346079, -120.733467935
48.355079, -120.733467935
48.364079, -120.733467935
48.373079, -120.733467935
48.382079, -120.733467935
48.391079, -120.733467935
48.400079, -120.733467935
48.409079, -120.733467935
48.418079, -120.733467935
48.427079, -120.733467935
48.436079, -120.733467935
48.445079, -120.733467935
48.454079, -120.733467935
48.463079, -120.733467935
48.472079, -120.733467935
48.481079, -120.733467935
48.490079, -120.733467935
48.499079, -120.733467935
48.508079, -120.733467935
48.517079, -120.733467935
48.526079, -120.733467935
48.535079, -120.733467935
48.544079, -120.733467935
48.553079, -120.733467935
48.562079, -120.733467935
48.571079, -120.733467935
48.580079, -120.733467935
48.589079, -120.733467935
48.598079, -120.733467935
48.607079, -120.733467935
48.616079, -120.733467935
48.625079, -120.733467935
48.634079, -120.733467935
48.643079, -120.733467935
48.652079, -120.733467935
48.661079, -120.733467935
48.670079, -120.733467935
48.679079, -120.733467935
48.688079, -120.733467935
48.697079, -120.733467935
48.706079, -120.733467935
48.715079, -120.733467935
48.724079, -120.733467935
48.733079, -120.733467935
48.742079, -120.733467935
48.751079, -120.733467935
48.760079, -120.733467935
48.769079, -120.733467935
48.778079, -120.733467935
48.787079, -120.733467935
48.796079, -120.733467935
48.805079, -120.733467935
48.814079, -120.733467935
48.823079, -120.733467935
48.832079, -120.733467935
48.841079, -120.733467935
48.850079, -120.733467935
48.859079, -120.733467935
48.868079, -120.733467935
48.877079, -120.733467935
48.886079, -120.733467935
48.895079, -120.733467935
48.904079, -120.733467935
48.913079, -120.733467935
48.922079, -120.733467935
48.931079, -120.733467935
48.940079, -120.733467935
48.949079, -120.733467935
46.213079, -120.719761177
46.222079, -120.719761177
46.231079, -120.719761177
46.240079, -120.719761177
46.249079, -120.719761177
46.258079, -120.719761177
46.267079, -120.719761177
46.276079, -120.719761177
46.285079, -120.719761177
46.294079, -120.719761177
46.303079, -120.719761177
46.312079, -120.719761177
46.321079, -120.719761177
46.330079, -120.719761177
46.339079, -120.719761177
46.348079, -120.719761177
46.357079, -120.719761177
46.366079, -120.719761177
46.375079, -120.719761177
46.384079, -120.719761177
46.393079, -120.719761177
46.402079, -120.719761177
46.411079, -120.719761177
46.420079, -120.719761177
46.429079, -120.719761177
46.438079, -120.719761177
46.447079, -120.719761177
46.456079, -120.719761177
46.465079, -120.719761177
46.474079, -120.719761177
46.483079, -120.719761177
46.492079, -120.719761177
46.501079, -120.719761177
46.510079, -120.719761177
46.519079, -120.719761177
46.528079, -120.719761177
46.537079, -120.719761177
46.546079, -120.719761177
46.555079, -120.719761177
46.564079, -120.719761177
46.573079, -120.719761177
46.582079, -120.719761177
46.591079, -120.719761177
46.600079, -120.719761177
46.609079, -120.719761177
46.618079, -120.719761177
46.627079, -120.719761177
46.636079, -120.719761177
46.645079, -120.719761177
46.654079, -120.719761177
46.663079, -120.719761177
46.672079, -120.719761177
46.681079, -120.719761177
46.690079, -120.719761177
46.699079, -120.719761177
46.708079, -120.719761177
46.717079, -120.719761177
46.726079, -120.719761177
46.735079, -120.719761177
46.744079, -120.719761177
46.753079, -120.719761177
46.762079, -120.719761177
46.771079, -120.719761177
46.780079, -120.719761177
46.789079, -120.719761177
46.798079, -120.719761177
46.807079, -120.719761177
46.816079, -120.719761177
46.825079, -120.719761177
46.834079, -120.719761177
46.843079, -120.719761177
46.852079, -120.719761177
46.861079, -120.719761177
46.870079, -120.719761177
46.879079, -120.719761177
46.888079, -120.719761177
46.897079, -120.719761177
46.906079, -120.719761177
46.915079, -120.719761177
46.924079, -120.719761177
46.933079, -120.719761177
46.942079, -120.719761177
46.951079, -120.719761177
46.960079, -120.719761177
46.969079, -120.719761177
46.978079, -120.719761177
46.987079, -120.719761177
46.996079, -120.719761177
47.005079, -120.719761177
47.014079, -120.719761177
47.023079, -120.719761177
47.032079, -120.719761177
47.041079, -120.719761177
47.050079, -120.719761177
47.059079, -120.719761177
47.068079, -120.719761177
47.077079, -120.719761177
47.086079, -120.719761177
47.095079, -120.719761177
47.104079, -120.719761177
47.113079, -120.719761177
47.122079, -120.719761177
47.131079, -120.719761177
47.140079, -120.719761177
47.149079, -120.719761177
47.158079, -120.719761177
47.167079, -120.719761177
47.176079, -120.719761177
47.185079, -120.719761177
47.194079, -120.719761177
47.203079, -120.719761177
47.212079, -120.719761177
47.221079, -120.719761177
47.230079, -120.719761177
47.239079, -120.719761177
47.248079, -120.719761177
47.257079, -120.719761177
47.266079, -120.719761177
47.275079, -120.719761177
47.284079, -120.719761177
47.293079, -120.719761177
47.302079, -120.719761177
47.311079, -120.719761177
47.320079, -120.719761177
47.329079, -120.719761177
47.338079, -120.719761177
47.347079, -120.719761177
47.356079, -120.719761177
47.365079, -120.719761177
47.374079, -120.719761177
47.383079, -120.719761177
47.392079, -120.719761177
47.401079, -120.719761177
47.410079, -120.719761177
47.419079, -120.719761177
47.428079, -120.719761177
47.437079, -120.719761177
47.446079, -120.719761177
47.455079, -120.719761177
47.464079, -120.719761177
47.473079, -120.719761177
47.482079, -120.719761177
47.491079, -120.719761177
47.500079, -120.719761177
47.509079, -120.719761177
47.518079, -120.719761177
47.527079, -120.719761177
47.536079, -120.719761177
47.545079, -120.719761177
47.554079, -120.719761177
47.563079, -120.719761177
47.572079, -120.719761177
47.581079, -120.719761177
47.590079, -120.719761177
47.599079, -120.719761177
47.608079, -120.719761177
47.617079, -120.719761177
47.626079, -120.719761177
47.635079, -120.719761177
47.644079, -120.719761177
47.653079, -120.719761177
47.662079, -120.719761177
47.671079, -120.719761177
47.680079, -120.719761177
47.689079, -120.719761177
47.698079, -120.719761177
47.707079, -120.719761177
47.716079, -120.719761177
47.725079, -120.719761177
47.734079, -120.719761177
47.743079, -120.719761177
47.752079, -120.719761177
47.761079, -120.719761177
47.770079, -120.719761177
47.779079, -120.719761177
47.788079, -120.719761177
47.797079, -120.719761177
47.806079, -120.719761177
47.815079, -120.719761177
47.824079, -120.719761177
47.833079, -120.719761177
47.842079, -120.719761177
47.851079, -120.719761177
47.860079, -120.719761177
47.869079, -120.719761177
47.878079, -120.719761177
47.887079, -120.719761177
47.896079, -120.719761177
47.905079, -120.719761177
47.914079, -120.719761177
47.923079, -120.719761177
47.932079, -120.719761177
47.941079, -120.719761177
47.950079, -120.719761177
47.959079, -120.719761177
47.968079, -120.719761177
47.977079, -120.719761177
47.986079, -120.719761177
47.995079, -120.719761177
48.004079, -120.719761177
48.013079, -120.719761177
48.022079, -120.719761177
48.031079, -120.719761177
48.040079, -120.719761177
48.049079, -120.719761177
48.058079, -120.719761177
48.067079, -120.719761177
48.076079, -120.719761177
48.085079, -120.719761177
48.094079, -120.719761177
48.103079, -120.719761177
48.112079, -120.719761177
48.121079, -120.719761177
48.130079, -120.719761177
48.139079, -120.719761177
48.148079, -120.719761177
48.157079, -120.719761177
48.166079, -120.719761177
48.175079, -120.719761177
48.184079, -120.719761177
48.193079, -120.719761177
48.202079, -120.719761177
48.211079, -120.719761177
48.220079, -120.719761177
48.229079, -120.719761177
48.238079, -120.719761177
48.247079, -120.719761177
48.256079, -120.719761177
48.265079, -120.719761177
48.274079, -120.719761177
48.283079, -120.719761177
48.292079, -120.719761177
48.301079, -120.719761177
48.310079, -120.719761177
48.319079, -120.719761177
48.328079, -120.719761177
48.337079, -120.719761177
48.346079, -120.719761177
48.355079, -120.719761177
48.364079, -120.719761177
48.373079, -120.719761177
48.382079, -120.719761177
48.391079, -120.719761177
48.400079, -120.719761177
48.409079, -120.719761177
48.418079, -120.719761177
48.427079, -120.719761177
48.436079, -120.719761177
48.445079, -120.719761177
48.454079, -120.719761177
48.463079, -120.719761177
48.472079, -120.719761177
48.481079, -120.719761177
48.490079, -120.719761177
48.499079, -120.719761177
48.508079, -120.719761177
48.517079, -120.719761177
48.526079, -120.719761177
48.535079, -120.719761177
48.544079, -120.719761177
48.553079, -120.719761177
48.562079, -120.719761177
48.571079, -120.719761177
48.580079, -120.719761177
48.589079, -120.719761177
48.598079, -120.719761177
48.607079, -120.719761177
48.616079, -120.719761177
48.625079, -120.719761177
48.634079, -120.719761177
48.643079, -120.719761177
48.652079, -120.719761177
48.661079, -120.719761177
48.670079, -120.719761177
48.679079, -120.719761177
48.688079, -120.719761177
48.697079, -120.719761177
48.706079, -120.719761177
48.715079, -120.719761177
48.724079, -120.719761177
48.733079, -120.719761177
48.742079, -120.719761177
48.751079, -120.719761177
48.760079, -120.719761177
48.769079, -120.719761177
48.778079, -120.719761177
48.787079, -120.719761177
48.796079, -120.719761177
48.805079, -120.719761177
48.814079, -120.719761177
48.823079, -120.719761177
48.832079, -120.719761177
48.841079, -120.719761177
48.850079, -120.719761177
48.859079, -120.719761177
48.868079, -120.719761177
48.877079, -120.719761177
48.886079, -120.719761177
48.895079, -120.719761177
48.904079, -120.719761177
48.913079, -120.719761177
48.922079, -120.719761177
48.931079, -120.719761177
48.940079, -120.719761177
48.949079, -120.719761177
46.213079, -120.706054418
46.222079, -120.706054418
46.231079, -120.706054418
46.240079, -120.706054418
46.249079, -120.706054418
46.258079, -120.706054418
46.267079, -120.706054418
46.276079, -120.706054418
46.285079, -120.706054418
46.294079, -120.706054418
46.303079, -120.706054418
46.312079, -120.706054418
46.321079, -120.706054418
46.330079, -120.706054418
46.339079, -120.706054418
46.348079, -120.706054418
46.357079, -120.706054418
46.366079, -120.706054418
46.375079, -120.706054418
46.384079, -120.706054418
46.393079, -120.706054418
46.402079, -120.706054418
46.411079, -120.706054418
46.420079, -120.706054418
46.429079, -120.706054418
46.438079, -120.706054418
46.447079, -120.706054418
46.456079, -120.706054418
46.465079, -120.706054418
46.474079, -120.706054418
46.483079, -120.706054418
46.492079, -120.706054418
46.501079, -120.706054418
46.510079, -120.706054418
46.519079, -120.706054418
46.528079, -120.706054418
46.537079, -120.706054418
46.546079, -120.706054418
46.555079, -120.706054418
46.564079, -120.706054418
46.573079, -120.706054418
46.582079, -120.706054418
46.591079, -120.706054418
46.600079, -120.706054418
46.609079, -120.706054418
46.618079, -120.706054418
46.627079, -120.706054418
46.636079, -120.706054418
46.645079, -120.706054418
46.654079, -120.706054418
46.663079, -120.706054418
46.672079, -120.706054418
46.681079, -120.706054418
46.690079, -120.706054418
46.699079, -120.706054418
46.708079, -120.706054418
46.717079, -120.706054418
46.726079, -120.706054418
46.735079, -120.706054418
46.744079, -120.706054418
46.753079, -120.706054418
46.762079, -120.706054418
46.771079, -120.706054418
46.780079, -120.706054418
46.789079, -120.706054418
46.798079, -120.706054418
46.807079, -120.706054418
46.816079, -120.706054418
46.825079, -120.706054418
46.834079, -120.706054418
46.843079, -120.706054418
46.852079, -120.706054418
46.861079, -120.706054418
46.870079, -120.706054418
46.879079, -120.706054418
46.888079, -120.706054418
46.897079, -120.706054418
46.906079, -120.706054418
46.915079, -120.706054418
46.924079, -120.706054418
46.933079, -120.706054418
46.942079, -120.706054418
46.951079, -120.706054418
46.960079, -120.706054418
46.969079, -120.706054418
46.978079, -120.706054418
46.987079, -120.706054418
46.996079, -120.706054418
47.005079, -120.706054418
47.014079, -120.706054418
47.023079, -120.706054418
47.032079, -120.706054418
47.041079, -120.706054418
47.050079, -120.706054418
47.059079, -120.706054418
47.068079, -120.706054418
47.077079, -120.706054418
47.086079, -120.706054418
47.095079, -120.706054418
47.104079, -120.706054418
47.113079, -120.706054418
47.122079, -120.706054418
47.131079, -120.706054418
47.140079, -120.706054418
47.149079, -120.706054418
47.158079, -120.706054418
47.167079, -120.706054418
47.176079, -120.706054418
47.185079, -120.706054418
47.194079, -120.706054418
47.203079, -120.706054418
47.212079, -120.706054418
47.221079, -120.706054418
47.230079, -120.706054418
47.239079, -120.706054418
47.248079, -120.706054418
47.257079, -120.706054418
47.266079, -120.706054418
47.275079, -120.706054418
47.284079, -120.706054418
47.293079, -120.706054418
47.302079, -120.706054418
47.311079, -120.706054418
47.320079, -120.706054418
47.329079, -120.706054418
47.338079, -120.706054418
47.347079, -120.706054418
47.356079, -120.706054418
47.365079, -120.706054418
47.374079, -120.706054418
47.383079, -120.706054418
47.392079, -120.706054418
47.401079, -120.706054418
47.410079, -120.706054418
47.419079, -120.706054418
47.428079, -120.706054418
47.437079, -120.706054418
47.446079, -120.706054418
47.455079, -120.706054418
47.464079, -120.706054418
47.473079, -120.706054418
47.482079, -120.706054418
47.491079, -120.706054418
47.500079, -120.706054418
47.509079, -120.706054418
47.518079, -120.706054418
47.527079, -120.706054418
47.536079, -120.706054418
47.545079, -120.706054418
47.554079, -120.706054418
47.563079, -120.706054418
47.572079, -120.706054418
47.581079, -120.706054418
47.590079, -120.706054418
47.599079, -120.706054418
47.608079, -120.706054418
47.617079, -120.706054418
47.626079, -120.706054418
47.635079, -120.706054418
47.644079, -120.706054418
47.653079, -120.706054418
47.662079, -120.706054418
47.671079, -120.706054418
47.680079, -120.706054418
47.689079, -120.706054418
47.698079, -120.706054418
47.707079, -120.706054418
47.716079, -120.706054418
47.725079, -120.706054418
47.734079, -120.706054418
47.743079, -120.706054418
47.752079, -120.706054418
47.761079, -120.706054418
47.770079, -120.706054418
47.779079, -120.706054418
47.788079, -120.706054418
47.797079, -120.706054418
47.806079, -120.706054418
47.815079, -120.706054418
47.824079, -120.706054418
47.833079, -120.706054418
47.842079, -120.706054418
47.851079, -120.706054418
47.860079, -120.706054418
47.869079, -120.706054418
47.878079, -120.706054418
47.887079, -120.706054418
47.896079, -120.706054418
47.905079, -120.706054418
47.914079, -120.706054418
47.923079, -120.706054418
47.932079, -120.706054418
47.941079, -120.706054418
47.950079, -120.706054418
47.959079, -120.706054418
47.968079, -120.706054418
47.977079, -120.706054418
47.986079, -120.706054418
47.995079, -120.706054418
48.004079, -120.706054418
48.013079, -120.706054418
48.022079, -120.706054418
48.031079, -120.706054418
48.040079, -120.706054418
48.049079, -120.706054418
48.058079, -120.706054418
48.067079, -120.706054418
48.076079, -120.706054418
48.085079, -120.706054418
48.094079, -120.706054418
48.103079, -120.706054418
48.112079, -120.706054418
48.121079, -120.706054418
48.130079, -120.706054418
48.139079, -120.706054418
48.148079, -120.706054418
48.157079, -120.706054418
48.166079, -120.706054418
48.175079, -120.706054418
48.184079, -120.706054418
48.193079, -120.706054418
48.202079, -120.706054418
48.211079, -120.706054418
48.220079, -120.706054418
48.229079, -120.706054418
48.238079, -120.706054418
48.247079, -120.706054418
48.256079, -120.706054418
48.265079, -120.706054418
48.274079, -120.706054418
48.283079, -120.706054418
48.292079, -120.706054418
48.301079, -120.706054418
48.310079, -120.706054418
48.319079, -120.706054418
48.328079, -120.706054418
48.337079, -120.706054418
48.346079, -120.706054418
48.355079, -120.706054418
48.364079, -120.706054418
48.373079, -120.706054418
48.382079, -120.706054418
48.391079, -120.706054418
48.400079, -120.706054418
48.409079, -120.706054418
48.418079, -120.706054418
48.427079, -120.706054418
48.436079, -120.706054418
48.445079, -120.706054418
48.454079, -120.706054418
48.463079, -120.706054418
48.472079, -120.706054418
48.481079, -120.706054418
48.490079, -120.706054418
48.499079, -120.706054418
48.508079, -120.706054418
48.517079, -120.706054418
48.526079, -120.706054418
48.535079, -120.706054418
48.544079, -120.706054418
48.553079, -120.706054418
48.562079, -120.706054418
48.571079, -120.706054418
48.580079, -120.706054418
48.589079, -120.706054418
48.598079, -120.706054418
48.607079, -120.706054418
48.616079, -120.706054418
48.625079, -120.706054418
48.634079, -120.706054418
48.643079, -120.706054418
48.652079, -120.706054418
48.661079, -120.706054418
48.670079, -120.706054418
48.679079, -120.706054418
48.688079, -120.706054418
48.697079, -120.706054418
48.706079, -120.706054418
48.715079, -120.706054418
48.724079, -120.706054418
48.733079, -120.706054418
48.742079, -120.706054418
48.751079, -120.706054418
48.760079, -120.706054418
48.769079, -120.706054418
48.778079, -120.706054418
48.787079, -120.706054418
48.796079, -120.706054418
48.805079, -120.706054418
48.814079, -120.706054418
48.823079, -120.706054418
48.832079, -120.706054418
48.841079, -120.706054418
48.850079, -120.706054418
48.859079, -120.706054418
48.868079, -120.706054418
48.877079, -120.706054418
48.886079, -120.706054418
48.895079, -120.706054418
48.904079, -120.706054418
48.913079, -120.706054418
48.922079, -120.706054418
48.931079, -120.706054418
48.940079, -120.706054418
48.949079, -120.706054418
46.213079, -120.69234766
46.222079, -120.69234766
46.231079, -120.69234766
46.240079, -120.69234766
46.249079, -120.69234766
46.258079, -120.69234766
46.267079, -120.69234766
46.276079, -120.69234766
46.285079, -120.69234766
46.294079, -120.69234766
46.303079, -120.69234766
46.312079, -120.69234766
46.321079, -120.69234766
46.330079, -120.69234766
46.339079, -120.69234766
46.348079, -120.69234766
46.357079, -120.69234766
46.366079, -120.69234766
46.375079, -120.69234766
46.384079, -120.69234766
46.393079, -120.69234766
46.402079, -120.69234766
46.411079, -120.69234766
46.420079, -120.69234766
46.429079, -120.69234766
46.438079, -120.69234766
46.447079, -120.69234766
46.456079, -120.69234766
46.465079, -120.69234766
46.474079, -120.69234766
46.483079, -120.69234766
46.492079, -120.69234766
46.501079, -120.69234766
46.510079, -120.69234766
46.519079, -120.69234766
46.528079, -120.69234766
46.537079, -120.69234766
46.546079, -120.69234766
46.555079, -120.69234766
46.564079, -120.69234766
46.573079, -120.69234766
46.582079, -120.69234766
46.591079, -120.69234766
46.600079, -120.69234766
46.609079, -120.69234766
46.618079, -120.69234766
46.627079, -120.69234766
46.636079, -120.69234766
46.645079, -120.69234766
46.654079, -120.69234766
46.663079, -120.69234766
46.672079, -120.69234766
46.681079, -120.69234766
46.690079, -120.69234766
46.699079, -120.69234766
46.708079, -120.69234766
46.717079, -120.69234766
46.726079, -120.69234766
46.735079, -120.69234766
46.744079, -120.69234766
46.753079, -120.69234766
46.762079, -120.69234766
46.771079, -120.69234766
46.780079, -120.69234766
46.789079, -120.69234766
46.798079, -120.69234766
46.807079, -120.69234766
46.816079, -120.69234766
46.825079, -120.69234766
46.834079, -120.69234766
46.843079, -120.69234766
46.852079, -120.69234766
46.861079, -120.69234766
46.870079, -120.69234766
46.879079, -120.69234766
46.888079, -120.69234766
46.897079, -120.69234766
46.906079, -120.69234766
46.915079, -120.69234766
46.924079, -120.69234766
46.933079, -120.69234766
46.942079, -120.69234766
46.951079, -120.69234766
46.960079, -120.69234766
46.969079, -120.69234766
46.978079, -120.69234766
46.987079, -120.69234766
46.996079, -120.69234766
47.005079, -120.69234766
47.014079, -120.69234766
47.023079, -120.69234766
47.032079, -120.69234766
47.041079, -120.69234766
47.050079, -120.69234766
47.059079, -120.69234766
47.068079, -120.69234766
47.077079, -120.69234766
47.086079, -120.69234766
47.095079, -120.69234766
47.104079, -120.69234766
47.113079, -120.69234766
47.122079, -120.69234766
47.131079, -120.69234766
47.140079, -120.69234766
47.149079, -120.69234766
47.158079, -120.69234766
47.167079, -120.69234766
47.176079, -120.69234766
47.185079, -120.69234766
47.194079, -120.69234766
47.203079, -120.69234766
47.212079, -120.69234766
47.221079, -120.69234766
47.230079, -120.69234766
47.239079, -120.69234766
47.248079, -120.69234766
47.257079, -120.69234766
47.266079, -120.69234766
47.275079, -120.69234766
47.284079, -120.69234766
47.293079, -120.69234766
47.302079, -120.69234766
47.311079, -120.69234766
47.320079, -120.69234766
47.329079, -120.69234766
47.338079, -120.69234766
47.347079, -120.69234766
47.356079, -120.69234766
47.365079, -120.69234766
47.374079, -120.69234766
47.383079, -120.69234766
47.392079, -120.69234766
47.401079, -120.69234766
47.410079, -120.69234766
47.419079, -120.69234766
47.428079, -120.69234766
47.437079, -120.69234766
47.446079, -120.69234766
47.455079, -120.69234766
47.464079, -120.69234766
47.473079, -120.69234766
47.482079, -120.69234766
47.491079, -120.69234766
47.500079, -120.69234766
47.509079, -120.69234766
47.518079, -120.69234766
47.527079, -120.69234766
47.536079, -120.69234766
47.545079, -120.69234766
47.554079, -120.69234766
47.563079, -120.69234766
47.572079, -120.69234766
47.581079, -120.69234766
47.590079, -120.69234766
47.599079, -120.69234766
47.608079, -120.69234766
47.617079, -120.69234766
47.626079, -120.69234766
47.635079, -120.69234766
47.644079, -120.69234766
47.653079, -120.69234766
47.662079, -120.69234766
47.671079, -120.69234766
47.680079, -120.69234766
47.689079, -120.69234766
47.698079, -120.69234766
47.707079, -120.69234766
47.716079, -120.69234766
47.725079, -120.69234766
47.734079, -120.69234766
47.743079, -120.69234766
47.752079, -120.69234766
47.761079, -120.69234766
47.770079, -120.69234766
47.779079, -120.69234766
47.788079, -120.69234766
47.797079, -120.69234766
47.806079, -120.69234766
47.815079, -120.69234766
47.824079, -120.69234766
47.833079, -120.69234766
47.842079, -120.69234766
47.851079, -120.69234766
47.860079, -120.69234766
47.869079, -120.69234766
47.878079, -120.69234766
47.887079, -120.69234766
47.896079, -120.69234766
47.905079, -120.69234766
47.914079, -120.69234766
47.923079, -120.69234766
47.932079, -120.69234766
47.941079, -120.69234766
47.950079, -120.69234766
47.959079, -120.69234766
47.968079, -120.69234766
47.977079, -120.69234766
47.986079, -120.69234766
47.995079, -120.69234766
48.004079, -120.69234766
48.013079, -120.69234766
48.022079, -120.69234766
48.031079, -120.69234766
48.040079, -120.69234766
48.049079, -120.69234766
48.058079, -120.69234766
48.067079, -120.69234766
48.076079, -120.69234766
48.085079, -120.69234766
48.094079, -120.69234766
48.103079, -120.69234766
48.112079, -120.69234766
48.121079, -120.69234766
48.130079, -120.69234766
48.139079, -120.69234766
48.148079, -120.69234766
48.157079, -120.69234766
48.166079, -120.69234766
48.175079, -120.69234766
48.184079, -120.69234766
48.193079, -120.69234766
48.202079, -120.69234766
48.211079, -120.69234766
48.220079, -120.69234766
48.229079, -120.69234766
48.238079, -120.69234766
48.247079, -120.69234766
48.256079, -120.69234766
48.265079, -120.69234766
48.274079, -120.69234766
48.283079, -120.69234766
48.292079, -120.69234766
48.301079, -120.69234766
48.310079, -120.69234766
48.319079, -120.69234766
48.328079, -120.69234766
48.337079, -120.69234766
48.346079, -120.69234766
48.355079, -120.69234766
48.364079, -120.69234766
48.373079, -120.69234766
48.382079, -120.69234766
48.391079, -120.69234766
48.400079, -120.69234766
48.409079, -120.69234766
48.418079, -120.69234766
48.427079, -120.69234766
48.436079, -120.69234766
48.445079, -120.69234766
48.454079, -120.69234766
48.463079, -120.69234766
48.472079, -120.69234766
48.481079, -120.69234766
48.490079, -120.69234766
48.499079, -120.69234766
48.508079, -120.69234766
48.517079, -120.69234766
48.526079, -120.69234766
48.535079, -120.69234766
48.544079, -120.69234766
48.553079, -120.69234766
48.562079, -120.69234766
48.571079, -120.69234766
48.580079, -120.69234766
48.589079, -120.69234766
48.598079, -120.69234766
48.607079, -120.69234766
48.616079, -120.69234766
48.625079, -120.69234766
48.634079, -120.69234766
48.643079, -120.69234766
48.652079, -120.69234766
48.661079, -120.69234766
48.670079, -120.69234766
48.679079, -120.69234766
48.688079, -120.69234766
48.697079, -120.69234766
48.706079, -120.69234766
48.715079, -120.69234766
48.724079, -120.69234766
48.733079, -120.69234766
48.742079, -120.69234766
48.751079, -120.69234766
48.760079, -120.69234766
48.769079, -120.69234766
48.778079, -120.69234766
48.787079, -120.69234766
48.796079, -120.69234766
48.805079, -120.69234766
48.814079, -120.69234766
48.823079, -120.69234766
48.832079, -120.69234766
48.841079, -120.69234766
48.850079, -120.69234766
48.859079, -120.69234766
48.868079, -120.69234766
48.877079, -120.69234766
48.886079, -120.69234766
48.895079, -120.69234766
48.904079, -120.69234766
48.913079, -120.69234766
48.922079, -120.69234766
48.931079, -120.69234766
48.940079, -120.69234766
48.949079, -120.69234766
46.213079, -120.678640901
46.222079, -120.678640901
46.231079, -120.678640901
46.240079, -120.678640901
46.249079, -120.678640901
46.258079, -120.678640901
46.267079, -120.678640901
46.276079, -120.678640901
46.285079, -120.678640901
46.294079, -120.678640901
46.303079, -120.678640901
46.312079, -120.678640901
46.321079, -120.678640901
46.330079, -120.678640901
46.339079, -120.678640901
46.348079, -120.678640901
46.357079, -120.678640901
46.366079, -120.678640901
46.375079, -120.678640901
46.384079, -120.678640901
46.393079, -120.678640901
46.402079, -120.678640901
46.411079, -120.678640901
46.420079, -120.678640901
46.429079, -120.678640901
46.438079, -120.678640901
46.447079, -120.678640901
46.456079, -120.678640901
46.465079, -120.678640901
46.474079, -120.678640901
46.483079, -120.678640901
46.492079, -120.678640901
46.501079, -120.678640901
46.510079, -120.678640901
46.519079, -120.678640901
46.528079, -120.678640901
46.537079, -120.678640901
46.546079, -120.678640901
46.555079, -120.678640901
46.564079, -120.678640901
46.573079, -120.678640901
46.582079, -120.678640901
46.591079, -120.678640901
46.600079, -120.678640901
46.609079, -120.678640901
46.618079, -120.678640901
46.627079, -120.678640901
46.636079, -120.678640901
46.645079, -120.678640901
46.654079, -120.678640901
46.663079, -120.678640901
46.672079, -120.678640901
46.681079, -120.678640901
46.690079, -120.678640901
46.699079, -120.678640901
46.708079, -120.678640901
46.717079, -120.678640901
46.726079, -120.678640901
46.735079, -120.678640901
46.744079, -120.678640901
46.753079, -120.678640901
46.762079, -120.678640901
46.771079, -120.678640901
46.780079, -120.678640901
46.789079, -120.678640901
46.798079, -120.678640901
46.807079, -120.678640901
46.816079, -120.678640901
46.825079, -120.678640901
46.834079, -120.678640901
46.843079, -120.678640901
46.852079, -120.678640901
46.861079, -120.678640901
46.870079, -120.678640901
46.879079, -120.678640901
46.888079, -120.678640901
46.897079, -120.678640901
46.906079, -120.678640901
46.915079, -120.678640901
46.924079, -120.678640901
46.933079, -120.678640901
46.942079, -120.678640901
46.951079, -120.678640901
46.960079, -120.678640901
46.969079, -120.678640901
46.978079, -120.678640901
46.987079, -120.678640901
46.996079, -120.678640901
47.005079, -120.678640901
47.014079, -120.678640901
47.023079, -120.678640901
47.032079, -120.678640901
47.041079, -120.678640901
47.050079, -120.678640901
47.059079, -120.678640901
47.068079, -120.678640901
47.077079, -120.678640901
47.086079, -120.678640901
47.095079, -120.678640901
47.104079, -120.678640901
47.113079, -120.678640901
47.122079, -120.678640901
47.131079, -120.678640901
47.140079, -120.678640901
47.149079, -120.678640901
47.158079, -120.678640901
47.167079, -120.678640901
47.176079, -120.678640901
47.185079, -120.678640901
47.194079, -120.678640901
47.203079, -120.678640901
47.212079, -120.678640901
47.221079, -120.678640901
47.230079, -120.678640901
47.239079, -120.678640901
47.248079, -120.678640901
47.257079, -120.678640901
47.266079, -120.678640901
47.275079, -120.678640901
47.284079, -120.678640901
47.293079, -120.678640901
47.302079, -120.678640901
47.311079, -120.678640901
47.320079, -120.678640901
47.329079, -120.678640901
47.338079, -120.678640901
47.347079, -120.678640901
47.356079, -120.678640901
47.365079, -120.678640901
47.374079, -120.678640901
47.383079, -120.678640901
47.392079, -120.678640901
47.401079, -120.678640901
47.410079, -120.678640901
47.419079, -120.678640901
47.428079, -120.678640901
47.437079, -120.678640901
47.446079, -120.678640901
47.455079, -120.678640901
47.464079, -120.678640901
47.473079, -120.678640901
47.482079, -120.678640901
47.491079, -120.678640901
47.500079, -120.678640901
47.509079, -120.678640901
47.518079, -120.678640901
47.527079, -120.678640901
47.536079, -120.678640901
47.545079, -120.678640901
47.554079, -120.678640901
47.563079, -120.678640901
47.572079, -120.678640901
47.581079, -120.678640901
47.590079, -120.678640901
47.599079, -120.678640901
47.608079, -120.678640901
47.617079, -120.678640901
47.626079, -120.678640901
47.635079, -120.678640901
47.644079, -120.678640901
47.653079, -120.678640901
47.662079, -120.678640901
47.671079, -120.678640901
47.680079, -120.678640901
47.689079, -120.678640901
47.698079, -120.678640901
47.707079, -120.678640901
47.716079, -120.678640901
47.725079, -120.678640901
47.734079, -120.678640901
47.743079, -120.678640901
47.752079, -120.678640901
47.761079, -120.678640901
47.770079, -120.678640901
47.779079, -120.678640901
47.788079, -120.678640901
47.797079, -120.678640901
47.806079, -120.678640901
47.815079, -120.678640901
47.824079, -120.678640901
47.833079, -120.678640901
47.842079, -120.678640901
47.851079, -120.678640901
47.860079, -120.678640901
47.869079, -120.678640901
47.878079, -120.678640901
47.887079, -120.678640901
47.896079, -120.678640901
47.905079, -120.678640901
47.914079, -120.678640901
47.923079, -120.678640901
47.932079, -120.678640901
47.941079, -120.678640901
47.950079, -120.678640901
47.959079, -120.678640901
47.968079, -120.678640901
47.977079, -120.678640901
47.986079, -120.678640901
47.995079, -120.678640901
48.004079, -120.678640901
48.013079, -120.678640901
48.022079, -120.678640901
48.031079, -120.678640901
48.040079, -120.678640901
48.049079, -120.678640901
48.058079, -120.678640901
48.067079, -120.678640901
48.076079, -120.678640901
48.085079, -120.678640901
48.094079, -120.678640901
48.103079, -120.678640901
48.112079, -120.678640901
48.121079, -120.678640901
48.130079, -120.678640901
48.139079, -120.678640901
48.148079, -120.678640901
48.157079, -120.678640901
48.166079, -120.678640901
48.175079, -120.678640901
48.184079, -120.678640901
48.193079, -120.678640901
48.202079, -120.678640901
48.211079, -120.678640901
48.220079, -120.678640901
48.229079, -120.678640901
48.238079, -120.678640901
48.247079, -120.678640901
48.256079, -120.678640901
48.265079, -120.678640901
48.274079, -120.678640901
48.283079, -120.678640901
48.292079, -120.678640901
48.301079, -120.678640901
48.310079, -120.678640901
48.319079, -120.678640901
48.328079, -120.678640901
48.337079, -120.678640901
48.346079, -120.678640901
48.355079, -120.678640901
48.364079, -120.678640901
48.373079, -120.678640901
48.382079, -120.678640901
48.391079, -120.678640901
48.400079, -120.678640901
48.409079, -120.678640901
48.418079, -120.678640901
48.427079, -120.678640901
48.436079, -120.678640901
48.445079, -120.678640901
48.454079, -120.678640901
48.463079, -120.678640901
48.472079, -120.678640901
48.481079, -120.678640901
48.490079, -120.678640901
48.499079, -120.678640901
48.508079, -120.678640901
48.517079, -120.678640901
48.526079, -120.678640901
48.535079, -120.678640901
48.544079, -120.678640901
48.553079, -120.678640901
48.562079, -120.678640901
48.571079, -120.678640901
48.580079, -120.678640901
48.589079, -120.678640901
48.598079, -120.678640901
48.607079, -120.678640901
48.616079, -120.678640901
48.625079, -120.678640901
48.634079, -120.678640901
48.643079, -120.678640901
48.652079, -120.678640901
48.661079, -120.678640901
48.670079, -120.678640901
48.679079, -120.678640901
48.688079, -120.678640901
48.697079, -120.678640901
48.706079, -120.678640901
48.715079, -120.678640901
48.724079, -120.678640901
48.733079, -120.678640901
48.742079, -120.678640901
48.751079, -120.678640901
48.760079, -120.678640901
48.769079, -120.678640901
48.778079, -120.678640901
48.787079, -120.678640901
48.796079, -120.678640901
48.805079, -120.678640901
48.814079, -120.678640901
48.823079, -120.678640901
48.832079, -120.678640901
48.841079, -120.678640901
48.850079, -120.678640901
48.859079, -120.678640901
48.868079, -120.678640901
48.877079, -120.678640901
48.886079, -120.678640901
48.895079, -120.678640901
48.904079, -120.678640901
48.913079, -120.678640901
48.922079, -120.678640901
48.931079, -120.678640901
48.940079, -120.678640901
48.949079, -120.678640901
46.213079, -120.664934143
46.222079, -120.664934143
46.231079, -120.664934143
46.240079, -120.664934143
46.249079, -120.664934143
46.258079, -120.664934143
46.267079, -120.664934143
46.276079, -120.664934143
46.285079, -120.664934143
46.294079, -120.664934143
46.303079, -120.664934143
46.312079, -120.664934143
46.321079, -120.664934143
46.330079, -120.664934143
46.339079, -120.664934143
46.348079, -120.664934143
46.357079, -120.664934143
46.366079, -120.664934143
46.375079, -120.664934143
46.384079, -120.664934143
46.393079, -120.664934143
46.402079, -120.664934143
46.411079, -120.664934143
46.420079, -120.664934143
46.429079, -120.664934143
46.438079, -120.664934143
46.447079, -120.664934143
46.456079, -120.664934143
46.465079, -120.664934143
46.474079, -120.664934143
46.483079, -120.664934143
46.492079, -120.664934143
46.501079, -120.664934143
46.510079, -120.664934143
46.519079, -120.664934143
46.528079, -120.664934143
46.537079, -120.664934143
46.546079, -120.664934143
46.555079, -120.664934143
46.564079, -120.664934143
46.573079, -120.664934143
46.582079, -120.664934143
46.591079, -120.664934143
46.600079, -120.664934143
46.609079, -120.664934143
46.618079, -120.664934143
46.627079, -120.664934143
46.636079, -120.664934143
46.645079, -120.664934143
46.654079, -120.664934143
46.663079, -120.664934143
46.672079, -120.664934143
46.681079, -120.664934143
46.690079, -120.664934143
46.699079, -120.664934143
46.708079, -120.664934143
46.717079, -120.664934143
46.726079, -120.664934143
46.735079, -120.664934143
46.744079, -120.664934143
46.753079, -120.664934143
46.762079, -120.664934143
46.771079, -120.664934143
46.780079, -120.664934143
46.789079, -120.664934143
46.798079, -120.664934143
46.807079, -120.664934143
46.816079, -120.664934143
46.825079, -120.664934143
46.834079, -120.664934143
46.843079, -120.664934143
46.852079, -120.664934143
46.861079, -120.664934143
46.870079, -120.664934143
46.879079, -120.664934143
46.888079, -120.664934143
46.897079, -120.664934143
46.906079, -120.664934143
46.915079, -120.664934143
46.924079, -120.664934143
46.933079, -120.664934143
46.942079, -120.664934143
46.951079, -120.664934143
46.960079, -120.664934143
46.969079, -120.664934143
46.978079, -120.664934143
46.987079, -120.664934143
46.996079, -120.664934143
47.005079, -120.664934143
47.014079, -120.664934143
47.023079, -120.664934143
47.032079, -120.664934143
47.041079, -120.664934143
47.050079, -120.664934143
47.059079, -120.664934143
47.068079, -120.664934143
47.077079, -120.664934143
47.086079, -120.664934143
47.095079, -120.664934143
47.104079, -120.664934143
47.113079, -120.664934143
47.122079, -120.664934143
47.131079, -120.664934143
47.140079, -120.664934143
47.149079, -120.664934143
47.158079, -120.664934143
47.167079, -120.664934143
47.176079, -120.664934143
47.185079, -120.664934143
47.194079, -120.664934143
47.203079, -120.664934143
47.212079, -120.664934143
47.221079, -120.664934143
47.230079, -120.664934143
47.239079, -120.664934143
47.248079, -120.664934143
47.257079, -120.664934143
47.266079, -120.664934143
47.275079, -120.664934143
47.284079, -120.664934143
47.293079, -120.664934143
47.302079, -120.664934143
47.311079, -120.664934143
47.320079, -120.664934143
47.329079, -120.664934143
47.338079, -120.664934143
47.347079, -120.664934143
47.356079, -120.664934143
47.365079, -120.664934143
47.374079, -120.664934143
47.383079, -120.664934143
47.392079, -120.664934143
47.401079, -120.664934143
47.410079, -120.664934143
47.419079, -120.664934143
47.428079, -120.664934143
47.437079, -120.664934143
47.446079, -120.664934143
47.455079, -120.664934143
47.464079, -120.664934143
47.473079, -120.664934143
47.482079, -120.664934143
47.491079, -120.664934143
47.500079, -120.664934143
47.509079, -120.664934143
47.518079, -120.664934143
47.527079, -120.664934143
47.536079, -120.664934143
47.545079, -120.664934143
47.554079, -120.664934143
47.563079, -120.664934143
47.572079, -120.664934143
47.581079, -120.664934143
47.590079, -120.664934143
47.599079, -120.664934143
47.608079, -120.664934143
47.617079, -120.664934143
47.626079, -120.664934143
47.635079, -120.664934143
47.644079, -120.664934143
47.653079, -120.664934143
47.662079, -120.664934143
47.671079, -120.664934143
47.680079, -120.664934143
47.689079, -120.664934143
47.698079, -120.664934143
47.707079, -120.664934143
47.716079, -120.664934143
47.725079, -120.664934143
47.734079, -120.664934143
47.743079, -120.664934143
47.752079, -120.664934143
47.761079, -120.664934143
47.770079, -120.664934143
47.779079, -120.664934143
47.788079, -120.664934143
47.797079, -120.664934143
47.806079, -120.664934143
47.815079, -120.664934143
47.824079, -120.664934143
47.833079, -120.664934143
47.842079, -120.664934143
47.851079, -120.664934143
47.860079, -120.664934143
47.869079, -120.664934143
47.878079, -120.664934143
47.887079, -120.664934143
47.896079, -120.664934143
47.905079, -120.664934143
47.914079, -120.664934143
47.923079, -120.664934143
47.932079, -120.664934143
47.941079, -120.664934143
47.950079, -120.664934143
47.959079, -120.664934143
47.968079, -120.664934143
47.977079, -120.664934143
47.986079, -120.664934143
47.995079, -120.664934143
48.004079, -120.664934143
48.013079, -120.664934143
48.022079, -120.664934143
48.031079, -120.664934143
48.040079, -120.664934143
48.049079, -120.664934143
48.058079, -120.664934143
48.067079, -120.664934143
48.076079, -120.664934143
48.085079, -120.664934143
48.094079, -120.664934143
48.103079, -120.664934143
48.112079, -120.664934143
48.121079, -120.664934143
48.130079, -120.664934143
48.139079, -120.664934143
48.148079, -120.664934143
48.157079, -120.664934143
48.166079, -120.664934143
48.175079, -120.664934143
48.184079, -120.664934143
48.193079, -120.664934143
48.202079, -120.664934143
48.211079, -120.664934143
48.220079, -120.664934143
48.229079, -120.664934143
48.238079, -120.664934143
48.247079, -120.664934143
48.256079, -120.664934143
48.265079, -120.664934143
48.274079, -120.664934143
48.283079, -120.664934143
48.292079, -120.664934143
48.301079, -120.664934143
48.310079, -120.664934143
48.319079, -120.664934143
48.328079, -120.664934143
48.337079, -120.664934143
48.346079, -120.664934143
48.355079, -120.664934143
48.364079, -120.664934143
48.373079, -120.664934143
48.382079, -120.664934143
48.391079, -120.664934143
48.400079, -120.664934143
48.409079, -120.664934143
48.418079, -120.664934143
48.427079, -120.664934143
48.436079, -120.664934143
48.445079, -120.664934143
48.454079, -120.664934143
48.463079, -120.664934143
48.472079, -120.664934143
48.481079, -120.664934143
48.490079, -120.664934143
48.499079, -120.664934143
48.508079, -120.664934143
48.517079, -120.664934143
48.526079, -120.664934143
48.535079, -120.664934143
48.544079, -120.664934143
48.553079, -120.664934143
48.562079, -120.664934143
48.571079, -120.664934143
48.580079, -120.664934143
48.589079, -120.664934143
48.598079, -120.664934143
48.607079, -120.664934143
48.616079, -120.664934143
48.625079, -120.664934143
48.634079, -120.664934143
48.643079, -120.664934143
48.652079, -120.664934143
48.661079, -120.664934143
48.670079, -120.664934143
48.679079, -120.664934143
48.688079, -120.664934143
48.697079, -120.664934143
48.706079, -120.664934143
48.715079, -120.664934143
48.724079, -120.664934143
48.733079, -120.664934143
48.742079, -120.664934143
48.751079, -120.664934143
48.760079, -120.664934143
48.769079, -120.664934143
48.778079, -120.664934143
48.787079, -120.664934143
48.796079, -120.664934143
48.805079, -120.664934143
48.814079, -120.664934143
48.823079, -120.664934143
48.832079, -120.664934143
48.841079, -120.664934143
48.850079, -120.664934143
48.859079, -120.664934143
48.868079, -120.664934143
48.877079, -120.664934143
48.886079, -120.664934143
48.895079, -120.664934143
48.904079, -120.664934143
48.913079, -120.664934143
48.922079, -120.664934143
48.931079, -120.664934143
48.940079, -120.664934143
48.949079, -120.664934143
46.213079, -120.651227384
46.222079, -120.651227384
46.231079, -120.651227384
46.240079, -120.651227384
46.249079, -120.651227384
46.258079, -120.651227384
46.267079, -120.651227384
46.276079, -120.651227384
46.285079, -120.651227384
46.294079, -120.651227384
46.303079, -120.651227384
46.312079, -120.651227384
46.321079, -120.651227384
46.330079, -120.651227384
46.339079, -120.651227384
46.348079, -120.651227384
46.357079, -120.651227384
46.366079, -120.651227384
46.375079, -120.651227384
46.384079, -120.651227384
46.393079, -120.651227384
46.402079, -120.651227384
46.411079, -120.651227384
46.420079, -120.651227384
46.429079, -120.651227384
46.438079, -120.651227384
46.447079, -120.651227384
46.456079, -120.651227384
46.465079, -120.651227384
46.474079, -120.651227384
46.483079, -120.651227384
46.492079, -120.651227384
46.501079, -120.651227384
46.510079, -120.651227384
46.519079, -120.651227384
46.528079, -120.651227384
46.537079, -120.651227384
46.546079, -120.651227384
46.555079, -120.651227384
46.564079, -120.651227384
46.573079, -120.651227384
46.582079, -120.651227384
46.591079, -120.651227384
46.600079, -120.651227384
46.609079, -120.651227384
46.618079, -120.651227384
46.627079, -120.651227384
46.636079, -120.651227384
46.645079, -120.651227384
46.654079, -120.651227384
46.663079, -120.651227384
46.672079, -120.651227384
46.681079, -120.651227384
46.690079, -120.651227384
46.699079, -120.651227384
46.708079, -120.651227384
46.717079, -120.651227384
46.726079, -120.651227384
46.735079, -120.651227384
46.744079, -120.651227384
46.753079, -120.651227384
46.762079, -120.651227384
46.771079, -120.651227384
46.780079, -120.651227384
46.789079, -120.651227384
46.798079, -120.651227384
46.807079, -120.651227384
46.816079, -120.651227384
46.825079, -120.651227384
46.834079, -120.651227384
46.843079, -120.651227384
46.852079, -120.651227384
46.861079, -120.651227384
46.870079, -120.651227384
46.879079, -120.651227384
46.888079, -120.651227384
46.897079, -120.651227384
46.906079, -120.651227384
46.915079, -120.651227384
46.924079, -120.651227384
46.933079, -120.651227384
46.942079, -120.651227384
46.951079, -120.651227384
46.960079, -120.651227384
46.969079, -120.651227384
46.978079, -120.651227384
46.987079, -120.651227384
46.996079, -120.651227384
47.005079, -120.651227384
47.014079, -120.651227384
47.023079, -120.651227384
47.032079, -120.651227384
47.041079, -120.651227384
47.050079, -120.651227384
47.059079, -120.651227384
47.068079, -120.651227384
47.077079, -120.651227384
47.086079, -120.651227384
47.095079, -120.651227384
47.104079, -120.651227384
47.113079, -120.651227384
47.122079, -120.651227384
47.131079, -120.651227384
47.140079, -120.651227384
47.149079, -120.651227384
47.158079, -120.651227384
47.167079, -120.651227384
47.176079, -120.651227384
47.185079, -120.651227384
47.194079, -120.651227384
47.203079, -120.651227384
47.212079, -120.651227384
47.221079, -120.651227384
47.230079, -120.651227384
47.239079, -120.651227384
47.248079, -120.651227384
47.257079, -120.651227384
47.266079, -120.651227384
47.275079, -120.651227384
47.284079, -120.651227384
47.293079, -120.651227384
47.302079, -120.651227384
47.311079, -120.651227384
47.320079, -120.651227384
47.329079, -120.651227384
47.338079, -120.651227384
47.347079, -120.651227384
47.356079, -120.651227384
47.365079, -120.651227384
47.374079, -120.651227384
47.383079, -120.651227384
47.392079, -120.651227384
47.401079, -120.651227384
47.410079, -120.651227384
47.419079, -120.651227384
47.428079, -120.651227384
47.437079, -120.651227384
47.446079, -120.651227384
47.455079, -120.651227384
47.464079, -120.651227384
47.473079, -120.651227384
47.482079, -120.651227384
47.491079, -120.651227384
47.500079, -120.651227384
47.509079, -120.651227384
47.518079, -120.651227384
47.527079, -120.651227384
47.536079, -120.651227384
47.545079, -120.651227384
47.554079, -120.651227384
47.563079, -120.651227384
47.572079, -120.651227384
47.581079, -120.651227384
47.590079, -120.651227384
47.599079, -120.651227384
47.608079, -120.651227384
47.617079, -120.651227384
47.626079, -120.651227384
47.635079, -120.651227384
47.644079, -120.651227384
47.653079, -120.651227384
47.662079, -120.651227384
47.671079, -120.651227384
47.680079, -120.651227384
47.689079, -120.651227384
47.698079, -120.651227384
47.707079, -120.651227384
47.716079, -120.651227384
47.725079, -120.651227384
47.734079, -120.651227384
47.743079, -120.651227384
47.752079, -120.651227384
47.761079, -120.651227384
47.770079, -120.651227384
47.779079, -120.651227384
47.788079, -120.651227384
47.797079, -120.651227384
47.806079, -120.651227384
47.815079, -120.651227384
47.824079, -120.651227384
47.833079, -120.651227384
47.842079, -120.651227384
47.851079, -120.651227384
47.860079, -120.651227384
47.869079, -120.651227384
47.878079, -120.651227384
47.887079, -120.651227384
47.896079, -120.651227384
47.905079, -120.651227384
47.914079, -120.651227384
47.923079, -120.651227384
47.932079, -120.651227384
47.941079, -120.651227384
47.950079, -120.651227384
47.959079, -120.651227384
47.968079, -120.651227384
47.977079, -120.651227384
47.986079, -120.651227384
47.995079, -120.651227384
48.004079, -120.651227384
48.013079, -120.651227384
48.022079, -120.651227384
48.031079, -120.651227384
48.040079, -120.651227384
48.049079, -120.651227384
48.058079, -120.651227384
48.067079, -120.651227384
48.076079, -120.651227384
48.085079, -120.651227384
48.094079, -120.651227384
48.103079, -120.651227384
48.112079, -120.651227384
48.121079, -120.651227384
48.130079, -120.651227384
48.139079, -120.651227384
48.148079, -120.651227384
48.157079, -120.651227384
48.166079, -120.651227384
48.175079, -120.651227384
48.184079, -120.651227384
48.193079, -120.651227384
48.202079, -120.651227384
48.211079, -120.651227384
48.220079, -120.651227384
48.229079, -120.651227384
48.238079, -120.651227384
48.247079, -120.651227384
48.256079, -120.651227384
48.265079, -120.651227384
48.274079, -120.651227384
48.283079, -120.651227384
48.292079, -120.651227384
48.301079, -120.651227384
48.310079, -120.651227384
48.319079, -120.651227384
48.328079, -120.651227384
48.337079, -120.651227384
48.346079, -120.651227384
48.355079, -120.651227384
48.364079, -120.651227384
48.373079, -120.651227384
48.382079, -120.651227384
48.391079, -120.651227384
48.400079, -120.651227384
48.409079, -120.651227384
48.418079, -120.651227384
48.427079, -120.651227384
48.436079, -120.651227384
48.445079, -120.651227384
48.454079, -120.651227384
48.463079, -120.651227384
48.472079, -120.651227384
48.481079, -120.651227384
48.490079, -120.651227384
48.499079, -120.651227384
48.508079, -120.651227384
48.517079, -120.651227384
48.526079, -120.651227384
48.535079, -120.651227384
48.544079, -120.651227384
48.553079, -120.651227384
48.562079, -120.651227384
48.571079, -120.651227384
48.580079, -120.651227384
48.589079, -120.651227384
48.598079, -120.651227384
48.607079, -120.651227384
48.616079, -120.651227384
48.625079, -120.651227384
48.634079, -120.651227384
48.643079, -120.651227384
48.652079, -120.651227384
48.661079, -120.651227384
48.670079, -120.651227384
48.679079, -120.651227384
48.688079, -120.651227384
48.697079, -120.651227384
48.706079, -120.651227384
48.715079, -120.651227384
48.724079, -120.651227384
48.733079, -120.651227384
48.742079, -120.651227384
48.751079, -120.651227384
48.760079, -120.651227384
48.769079, -120.651227384
48.778079, -120.651227384
48.787079, -120.651227384
48.796079, -120.651227384
48.805079, -120.651227384
48.814079, -120.651227384
48.823079, -120.651227384
48.832079, -120.651227384
48.841079, -120.651227384
48.850079, -120.651227384
48.859079, -120.651227384
48.868079, -120.651227384
48.877079, -120.651227384
48.886079, -120.651227384
48.895079, -120.651227384
48.904079, -120.651227384
48.913079, -120.651227384
48.922079, -120.651227384
48.931079, -120.651227384
48.940079, -120.651227384
48.949079, -120.651227384
46.213079, -120.637520626
46.222079, -120.637520626
46.231079, -120.637520626
46.240079, -120.637520626
46.249079, -120.637520626
46.258079, -120.637520626
46.267079, -120.637520626
46.276079, -120.637520626
46.285079, -120.637520626
46.294079, -120.637520626
46.303079, -120.637520626
46.312079, -120.637520626
46.321079, -120.637520626
46.330079, -120.637520626
46.339079, -120.637520626
46.348079, -120.637520626
46.357079, -120.637520626
46.366079, -120.637520626
46.375079, -120.637520626
46.384079, -120.637520626
46.393079, -120.637520626
46.402079, -120.637520626
46.411079, -120.637520626
46.420079, -120.637520626
46.429079, -120.637520626
46.438079, -120.637520626
46.447079, -120.637520626
46.456079, -120.637520626
46.465079, -120.637520626
46.474079, -120.637520626
46.483079, -120.637520626
46.492079, -120.637520626
46.501079, -120.637520626
46.510079, -120.637520626
46.519079, -120.637520626
46.528079, -120.637520626
46.537079, -120.637520626
46.546079, -120.637520626
46.555079, -120.637520626
46.564079, -120.637520626
46.573079, -120.637520626
46.582079, -120.637520626
46.591079, -120.637520626
46.600079, -120.637520626
46.609079, -120.637520626
46.618079, -120.637520626
46.627079, -120.637520626
46.636079, -120.637520626
46.645079, -120.637520626
46.654079, -120.637520626
46.663079, -120.637520626
46.672079, -120.637520626
46.681079, -120.637520626
46.690079, -120.637520626
46.699079, -120.637520626
46.708079, -120.637520626
46.717079, -120.637520626
46.726079, -120.637520626
46.735079, -120.637520626
46.744079, -120.637520626
46.753079, -120.637520626
46.762079, -120.637520626
46.771079, -120.637520626
46.780079, -120.637520626
46.789079, -120.637520626
46.798079, -120.637520626
46.807079, -120.637520626
46.816079, -120.637520626
46.825079, -120.637520626
46.834079, -120.637520626
46.843079, -120.637520626
46.852079, -120.637520626
46.861079, -120.637520626
46.870079, -120.637520626
46.879079, -120.637520626
46.888079, -120.637520626
46.897079, -120.637520626
46.906079, -120.637520626
46.915079, -120.637520626
46.924079, -120.637520626
46.933079, -120.637520626
46.942079, -120.637520626
46.951079, -120.637520626
46.960079, -120.637520626
46.969079, -120.637520626
46.978079, -120.637520626
46.987079, -120.637520626
46.996079, -120.637520626
47.005079, -120.637520626
47.014079, -120.637520626
47.023079, -120.637520626
47.032079, -120.637520626
47.041079, -120.637520626
47.050079, -120.637520626
47.059079, -120.637520626
47.068079, -120.637520626
47.077079, -120.637520626
47.086079, -120.637520626
47.095079, -120.637520626
47.104079, -120.637520626
47.113079, -120.637520626
47.122079, -120.637520626
47.131079, -120.637520626
47.140079, -120.637520626
47.149079, -120.637520626
47.158079, -120.637520626
47.167079, -120.637520626
47.176079, -120.637520626
47.185079, -120.637520626
47.194079, -120.637520626
47.203079, -120.637520626
47.212079, -120.637520626
47.221079, -120.637520626
47.230079, -120.637520626
47.239079, -120.637520626
47.248079, -120.637520626
47.257079, -120.637520626
47.266079, -120.637520626
47.275079, -120.637520626
47.284079, -120.637520626
47.293079, -120.637520626
47.302079, -120.637520626
47.311079, -120.637520626
47.320079, -120.637520626
47.329079, -120.637520626
47.338079, -120.637520626
47.347079, -120.637520626
47.356079, -120.637520626
47.365079, -120.637520626
47.374079, -120.637520626
47.383079, -120.637520626
47.392079, -120.637520626
47.401079, -120.637520626
47.410079, -120.637520626
47.419079, -120.637520626
47.428079, -120.637520626
47.437079, -120.637520626
47.446079, -120.637520626
47.455079, -120.637520626
47.464079, -120.637520626
47.473079, -120.637520626
47.482079, -120.637520626
47.491079, -120.637520626
47.500079, -120.637520626
47.509079, -120.637520626
47.518079, -120.637520626
47.527079, -120.637520626
47.536079, -120.637520626
47.545079, -120.637520626
47.554079, -120.637520626
47.563079, -120.637520626
47.572079, -120.637520626
47.581079, -120.637520626
47.590079, -120.637520626
47.599079, -120.637520626
47.608079, -120.637520626
47.617079, -120.637520626
47.626079, -120.637520626
47.635079, -120.637520626
47.644079, -120.637520626
47.653079, -120.637520626
47.662079, -120.637520626
47.671079, -120.637520626
47.680079, -120.637520626
47.689079, -120.637520626
47.698079, -120.637520626
47.707079, -120.637520626
47.716079, -120.637520626
47.725079, -120.637520626
47.734079, -120.637520626
47.743079, -120.637520626
47.752079, -120.637520626
47.761079, -120.637520626
47.770079, -120.637520626
47.779079, -120.637520626
47.788079, -120.637520626
47.797079, -120.637520626
47.806079, -120.637520626
47.815079, -120.637520626
47.824079, -120.637520626
47.833079, -120.637520626
47.842079, -120.637520626
47.851079, -120.637520626
47.860079, -120.637520626
47.869079, -120.637520626
47.878079, -120.637520626
47.887079, -120.637520626
47.896079, -120.637520626
47.905079, -120.637520626
47.914079, -120.637520626
47.923079, -120.637520626
47.932079, -120.637520626
47.941079, -120.637520626
47.950079, -120.637520626
47.959079, -120.637520626
47.968079, -120.637520626
47.977079, -120.637520626
47.986079, -120.637520626
47.995079, -120.637520626
48.004079, -120.637520626
48.013079, -120.637520626
48.022079, -120.637520626
48.031079, -120.637520626
48.040079, -120.637520626
48.049079, -120.637520626
48.058079, -120.637520626
48.067079, -120.637520626
48.076079, -120.637520626
48.085079, -120.637520626
48.094079, -120.637520626
48.103079, -120.637520626
48.112079, -120.637520626
48.121079, -120.637520626
48.130079, -120.637520626
48.139079, -120.637520626
48.148079, -120.637520626
48.157079, -120.637520626
48.166079, -120.637520626
48.175079, -120.637520626
48.184079, -120.637520626
48.193079, -120.637520626
48.202079, -120.637520626
48.211079, -120.637520626
48.220079, -120.637520626
48.229079, -120.637520626
48.238079, -120.637520626
48.247079, -120.637520626
48.256079, -120.637520626
48.265079, -120.637520626
48.274079, -120.637520626
48.283079, -120.637520626
48.292079, -120.637520626
48.301079, -120.637520626
48.310079, -120.637520626
48.319079, -120.637520626
48.328079, -120.637520626
48.337079, -120.637520626
48.346079, -120.637520626
48.355079, -120.637520626
48.364079, -120.637520626
48.373079, -120.637520626
48.382079, -120.637520626
48.391079, -120.637520626
48.400079, -120.637520626
48.409079, -120.637520626
48.418079, -120.637520626
48.427079, -120.637520626
48.436079, -120.637520626
48.445079, -120.637520626
48.454079, -120.637520626
48.463079, -120.637520626
48.472079, -120.637520626
48.481079, -120.637520626
48.490079, -120.637520626
48.499079, -120.637520626
48.508079, -120.637520626
48.517079, -120.637520626
48.526079, -120.637520626
48.535079, -120.637520626
48.544079, -120.637520626
48.553079, -120.637520626
48.562079, -120.637520626
48.571079, -120.637520626
48.580079, -120.637520626
48.589079, -120.637520626
48.598079, -120.637520626
48.607079, -120.637520626
48.616079, -120.637520626
48.625079, -120.637520626
48.634079, -120.637520626
48.643079, -120.637520626
48.652079, -120.637520626
48.661079, -120.637520626
48.670079, -120.637520626
48.679079, -120.637520626
48.688079, -120.637520626
48.697079, -120.637520626
48.706079, -120.637520626
48.715079, -120.637520626
48.724079, -120.637520626
48.733079, -120.637520626
48.742079, -120.637520626
48.751079, -120.637520626
48.760079, -120.637520626
48.769079, -120.637520626
48.778079, -120.637520626
48.787079, -120.637520626
48.796079, -120.637520626
48.805079, -120.637520626
48.814079, -120.637520626
48.823079, -120.637520626
48.832079, -120.637520626
48.841079, -120.637520626
48.850079, -120.637520626
48.859079, -120.637520626
48.868079, -120.637520626
48.877079, -120.637520626
48.886079, -120.637520626
48.895079, -120.637520626
48.904079, -120.637520626
48.913079, -120.637520626
48.922079, -120.637520626
48.931079, -120.637520626
48.940079, -120.637520626
48.949079, -120.637520626
46.213079, -120.623813867
46.222079, -120.623813867
46.231079, -120.623813867
46.240079, -120.623813867
46.249079, -120.623813867
46.258079, -120.623813867
46.267079, -120.623813867
46.276079, -120.623813867
46.285079, -120.623813867
46.294079, -120.623813867
46.303079, -120.623813867
46.312079, -120.623813867
46.321079, -120.623813867
46.330079, -120.623813867
46.339079, -120.623813867
46.348079, -120.623813867
46.357079, -120.623813867
46.366079, -120.623813867
46.375079, -120.623813867
46.384079, -120.623813867
46.393079, -120.623813867
46.402079, -120.623813867
46.411079, -120.623813867
46.420079, -120.623813867
46.429079, -120.623813867
46.438079, -120.623813867
46.447079, -120.623813867
46.456079, -120.623813867
46.465079, -120.623813867
46.474079, -120.623813867
46.483079, -120.623813867
46.492079, -120.623813867
46.501079, -120.623813867
46.510079, -120.623813867
46.519079, -120.623813867
46.528079, -120.623813867
46.537079, -120.623813867
46.546079, -120.623813867
46.555079, -120.623813867
46.564079, -120.623813867
46.573079, -120.623813867
46.582079, -120.623813867
46.591079, -120.623813867
46.600079, -120.623813867
46.609079, -120.623813867
46.618079, -120.623813867
46.627079, -120.623813867
46.636079, -120.623813867
46.645079, -120.623813867
46.654079, -120.623813867
46.663079, -120.623813867
