46.987079, -118.252544648
46.996079, -118.252544648
47.005079, -118.252544648
47.014079, -118.252544648
47.023079, -118.252544648
47.032079, -118.252544648
47.041079, -118.252544648
47.050079, -118.252544648
47.059079, -118.252544648
47.068079, -118.252544648
47.077079, -118.252544648
47.086079, -118.252544648
47.095079, -118.252544648
47.104079, -118.252544648
47.113079, -118.252544648
47.122079, -118.252544648
47.131079, -118.252544648
47.140079, -118.252544648
47.149079, -118.252544648
47.158079, -118.252544648
47.167079, -118.252544648
47.176079, -118.252544648
47.185079, -118.252544648
47.194079, -118.252544648
47.203079, -118.252544648
47.212079, -118.252544648
47.221079, -118.252544648
47.230079, -118.252544648
47.239079, -118.252544648
47.248079, -118.252544648
47.257079, -118.252544648
47.266079, -118.252544648
47.275079, -118.252544648
47.284079, -118.252544648
47.293079, -118.252544648
47.302079, -118.252544648
47.311079, -118.252544648
47.320079, -118.252544648
47.329079, -118.252544648
47.338079, -118.252544648
47.347079, -118.252544648
47.356079, -118.252544648
47.365079, -118.252544648
47.374079, -118.252544648
47.383079, -118.252544648
47.392079, -118.252544648
47.401079, -118.252544648
47.410079, -118.252544648
47.419079, -118.252544648
47.428079, -118.252544648
47.437079, -118.252544648
47.446079, -118.252544648
47.455079, -118.252544648
47.464079, -118.252544648
47.473079, -118.252544648
47.482079, -118.252544648
47.491079, -118.252544648
47.500079, -118.252544648
47.509079, -118.252544648
47.518079, -118.252544648
47.527079, -118.252544648
47.536079, -118.252544648
47.545079, -118.252544648
47.554079, -118.252544648
47.563079, -118.252544648
47.572079, -118.252544648
47.581079, -118.252544648
47.590079, -118.252544648
47.599079, -118.252544648
47.608079, -118.252544648
47.617079, -118.252544648
47.626079, -118.252544648
47.635079, -118.252544648
47.644079, -118.252544648
47.653079, -118.252544648
47.662079, -118.252544648
47.671079, -118.252544648
47.680079, -118.252544648
47.689079, -118.252544648
47.698079, -118.252544648
47.707079, -118.252544648
47.716079, -118.252544648
47.725079, -118.252544648
47.734079, -118.252544648
47.743079, -118.252544648
47.752079, -118.252544648
47.761079, -118.252544648
47.770079, -118.252544648
47.779079, -118.252544648
47.788079, -118.252544648
47.797079, -118.252544648
47.806079, -118.252544648
47.815079, -118.252544648
47.824079, -118.252544648
47.833079, -118.252544648
47.842079, -118.252544648
47.851079, -118.252544648
47.860079, -118.252544648
47.869079, -118.252544648
47.878079, -118.252544648
47.887079, -118.252544648
47.896079, -118.252544648
47.905079, -118.252544648
47.914079, -118.252544648
47.923079, -118.252544648
47.932079, -118.252544648
47.941079, -118.252544648
47.950079, -118.252544648
47.959079, -118.252544648
47.968079, -118.252544648
47.977079, -118.252544648
47.986079, -118.252544648
47.995079, -118.252544648
48.004079, -118.252544648
48.013079, -118.252544648
48.022079, -118.252544648
48.031079, -118.252544648
48.040079, -118.252544648
48.049079, -118.252544648
48.058079, -118.252544648
48.067079, -118.252544648
48.076079, -118.252544648
48.085079, -118.252544648
48.094079, -118.252544648
48.103079, -118.252544648
48.112079, -118.252544648
48.121079, -118.252544648
48.130079, -118.252544648
48.139079, -118.252544648
48.148079, -118.252544648
48.157079, -118.252544648
48.166079, -118.252544648
48.175079, -118.252544648
48.184079, -118.252544648
48.193079, -118.252544648
48.202079, -118.252544648
48.211079, -118.252544648
48.220079, -118.252544648
48.229079, -118.252544648
48.238079, -118.252544648
48.247079, -118.252544648
48.256079, -118.252544648
48.265079, -118.252544648
48.274079, -118.252544648
48.283079, -118.252544648
48.292079, -118.252544648
48.301079, -118.252544648
48.310079, -118.252544648
48.319079, -118.252544648
48.328079, -118.252544648
48.337079, -118.252544648
48.346079, -118.252544648
48.355079, -118.252544648
48.364079, -118.252544648
48.373079, -118.252544648
48.382079, -118.252544648
48.391079, -118.252544648
48.400079, -118.252544648
48.409079, -118.252544648
48.418079, -118.252544648
48.427079, -118.252544648
48.436079, -118.252544648
48.445079, -118.252544648
48.454079, -118.252544648
48.463079, -118.252544648
48.472079, -118.252544648
48.481079, -118.252544648
48.490079, -118.252544648
48.499079, -118.252544648
48.508079, -118.252544648
48.517079, -118.252544648
48.526079, -118.252544648
48.535079, -118.252544648
48.544079, -118.252544648
48.553079, -118.252544648
48.562079, -118.252544648
48.571079, -118.252544648
48.580079, -118.252544648
48.589079, -118.252544648
48.598079, -118.252544648
48.607079, -118.252544648
48.616079, -118.252544648
48.625079, -118.252544648
48.634079, -118.252544648
48.643079, -118.252544648
48.652079, -118.252544648
48.661079, -118.252544648
48.670079, -118.252544648
48.679079, -118.252544648
48.688079, -118.252544648
48.697079, -118.252544648
48.706079, -118.252544648
48.715079, -118.252544648
48.724079, -118.252544648
48.733079, -118.252544648
48.742079, -118.252544648
48.751079, -118.252544648
48.760079, -118.252544648
48.769079, -118.252544648
48.778079, -118.252544648
48.787079, -118.252544648
48.796079, -118.252544648
48.805079, -118.252544648
48.814079, -118.252544648
48.823079, -118.252544648
48.832079, -118.252544648
48.841079, -118.252544648
48.850079, -118.252544648
48.859079, -118.252544648
48.868079, -118.252544648
48.877079, -118.252544648
48.886079, -118.252544648
48.895079, -118.252544648
48.904079, -118.252544648
48.913079, -118.252544648
48.922079, -118.252544648
48.931079, -118.252544648
48.940079, -118.252544648
48.949079, -118.252544648
46.213079, -118.23883789
46.222079, -118.23883789
46.231079, -118.23883789
46.240079, -118.23883789
46.249079, -118.23883789
46.258079, -118.23883789
46.267079, -118.23883789
46.276079, -118.23883789
46.285079, -118.23883789
46.294079, -118.23883789
46.303079, -118.23883789
46.312079, -118.23883789
46.321079, -118.23883789
46.330079, -118.23883789
46.339079, -118.23883789
46.348079, -118.23883789
46.357079, -118.23883789
46.366079, -118.23883789
46.375079, -118.23883789
46.384079, -118.23883789
46.393079, -118.23883789
46.402079, -118.23883789
46.411079, -118.23883789
46.420079, -118.23883789
46.429079, -118.23883789
46.438079, -118.23883789
46.447079, -118.23883789
46.456079, -118.23883789
46.465079, -118.23883789
46.474079, -118.23883789
46.483079, -118.23883789
46.492079, -118.23883789
46.501079, -118.23883789
46.510079, -118.23883789
46.519079, -118.23883789
46.528079, -118.23883789
46.537079, -118.23883789
46.546079, -118.23883789
46.555079, -118.23883789
46.564079, -118.23883789
46.573079, -118.23883789
46.582079, -118.23883789
46.591079, -118.23883789
46.600079, -118.23883789
46.609079, -118.23883789
46.618079, -118.23883789
46.627079, -118.23883789
46.636079, -118.23883789
46.645079, -118.23883789
46.654079, -118.23883789
46.663079, -118.23883789
46.672079, -118.23883789
46.681079, -118.23883789
46.690079, -118.23883789
46.699079, -118.23883789
46.708079, -118.23883789
46.717079, -118.23883789
46.726079, -118.23883789
46.735079, -118.23883789
46.744079, -118.23883789
46.753079, -118.23883789
46.762079, -118.23883789
46.771079, -118.23883789
46.780079, -118.23883789
46.789079, -118.23883789
46.798079, -118.23883789
46.807079, -118.23883789
46.816079, -118.23883789
46.825079, -118.23883789
46.834079, -118.23883789
46.843079, -118.23883789
46.852079, -118.23883789
46.861079, -118.23883789
46.870079, -118.23883789
46.879079, -118.23883789
46.888079, -118.23883789
46.897079, -118.23883789
46.906079, -118.23883789
46.915079, -118.23883789
46.924079, -118.23883789
46.933079, -118.23883789
46.942079, -118.23883789
46.951079, -118.23883789
46.960079, -118.23883789
46.969079, -118.23883789
46.978079, -118.23883789
46.987079, -118.23883789
46.996079, -118.23883789
47.005079, -118.23883789
47.014079, -118.23883789
47.023079, -118.23883789
47.032079, -118.23883789
47.041079, -118.23883789
47.050079, -118.23883789
47.059079, -118.23883789
47.068079, -118.23883789
47.077079, -118.23883789
47.086079, -118.23883789
47.095079, -118.23883789
47.104079, -118.23883789
47.113079, -118.23883789
47.122079, -118.23883789
47.131079, -118.23883789
47.140079, -118.23883789
47.149079, -118.23883789
47.158079, -118.23883789
47.167079, -118.23883789
47.176079, -118.23883789
47.185079, -118.23883789
47.194079, -118.23883789
47.203079, -118.23883789
47.212079, -118.23883789
47.221079, -118.23883789
47.230079, -118.23883789
47.239079, -118.23883789
47.248079, -118.23883789
47.257079, -118.23883789
47.266079, -118.23883789
47.275079, -118.23883789
47.284079, -118.23883789
47.293079, -118.23883789
47.302079, -118.23883789
47.311079, -118.23883789
47.320079, -118.23883789
47.329079, -118.23883789
47.338079, -118.23883789
47.347079, -118.23883789
47.356079, -118.23883789
47.365079, -118.23883789
47.374079, -118.23883789
47.383079, -118.23883789
47.392079, -118.23883789
47.401079, -118.23883789
47.410079, -118.23883789
47.419079, -118.23883789
47.428079, -118.23883789
47.437079, -118.23883789
47.446079, -118.23883789
47.455079, -118.23883789
47.464079, -118.23883789
47.473079, -118.23883789
47.482079, -118.23883789
47.491079, -118.23883789
47.500079, -118.23883789
47.509079, -118.23883789
47.518079, -118.23883789
47.527079, -118.23883789
47.536079, -118.23883789
47.545079, -118.23883789
47.554079, -118.23883789
47.563079, -118.23883789
47.572079, -118.23883789
47.581079, -118.23883789
47.590079, -118.23883789
47.599079, -118.23883789
47.608079, -118.23883789
47.617079, -118.23883789
47.626079, -118.23883789
47.635079, -118.23883789
47.644079, -118.23883789
47.653079, -118.23883789
47.662079, -118.23883789
47.671079, -118.23883789
47.680079, -118.23883789
47.689079, -118.23883789
47.698079, -118.23883789
47.707079, -118.23883789
47.716079, -118.23883789
47.725079, -118.23883789
47.734079, -118.23883789
47.743079, -118.23883789
47.752079, -118.23883789
47.761079, -118.23883789
47.770079, -118.23883789
47.779079, -118.23883789
47.788079, -118.23883789
47.797079, -118.23883789
47.806079, -118.23883789
47.815079, -118.23883789
47.824079, -118.23883789
47.833079, -118.23883789
47.842079, -118.23883789
47.851079, -118.23883789
47.860079, -118.23883789
47.869079, -118.23883789
47.878079, -118.23883789
47.887079, -118.23883789
47.896079, -118.23883789
47.905079, -118.23883789
47.914079, -118.23883789
47.923079, -118.23883789
47.932079, -118.23883789
47.941079, -118.23883789
47.950079, -118.23883789
47.959079, -118.23883789
47.968079, -118.23883789
47.977079, -118.23883789
47.986079, -118.23883789
47.995079, -118.23883789
48.004079, -118.23883789
48.013079, -118.23883789
48.022079, -118.23883789
48.031079, -118.23883789
48.040079, -118.23883789
48.049079, -118.23883789
48.058079, -118.23883789
48.067079, -118.23883789
48.076079, -118.23883789
48.085079, -118.23883789
48.094079, -118.23883789
48.103079, -118.23883789
48.112079, -118.23883789
48.121079, -118.23883789
48.130079, -118.23883789
48.139079, -118.23883789
48.148079, -118.23883789
48.157079, -118.23883789
48.166079, -118.23883789
48.175079, -118.23883789
48.184079, -118.23883789
48.193079, -118.23883789
48.202079, -118.23883789
48.211079, -118.23883789
48.220079, -118.23883789
48.229079, -118.23883789
48.238079, -118.23883789
48.247079, -118.23883789
48.256079, -118.23883789
48.265079, -118.23883789
48.274079, -118.23883789
48.283079, -118.23883789
48.292079, -118.23883789
48.301079, -118.23883789
48.310079, -118.23883789
48.319079, -118.23883789
48.328079, -118.23883789
48.337079, -118.23883789
48.346079, -118.23883789
48.355079, -118.23883789
48.364079, -118.23883789
48.373079, -118.23883789
48.382079, -118.23883789
48.391079, -118.23883789
48.400079, -118.23883789
48.409079, -118.23883789
48.418079, -118.23883789
48.427079, -118.23883789
48.436079, -118.23883789
48.445079, -118.23883789
48.454079, -118.23883789
48.463079, -118.23883789
48.472079, -118.23883789
48.481079, -118.23883789
48.490079, -118.23883789
48.499079, -118.23883789
48.508079, -118.23883789
48.517079, -118.23883789
48.526079, -118.23883789
48.535079, -118.23883789
48.544079, -118.23883789
48.553079, -118.23883789
48.562079, -118.23883789
48.571079, -118.23883789
48.580079, -118.23883789
48.589079, -118.23883789
48.598079, -118.23883789
48.607079, -118.23883789
48.616079, -118.23883789
48.625079, -118.23883789
48.634079, -118.23883789
48.643079, -118.23883789
48.652079, -118.23883789
48.661079, -118.23883789
48.670079, -118.23883789
48.679079, -118.23883789
48.688079, -118.23883789
48.697079, -118.23883789
48.706079, -118.23883789
48.715079, -118.23883789
48.724079, -118.23883789
48.733079, -118.23883789
48.742079, -118.23883789
48.751079, -118.23883789
48.760079, -118.23883789
48.769079, -118.23883789
48.778079, -118.23883789
48.787079, -118.23883789
48.796079, -118.23883789
48.805079, -118.23883789
48.814079, -118.23883789
48.823079, -118.23883789
48.832079, -118.23883789
48.841079, -118.23883789
48.850079, -118.23883789
48.859079, -118.23883789
48.868079, -118.23883789
48.877079, -118.23883789
48.886079, -118.23883789
48.895079, -118.23883789
48.904079, -118.23883789
48.913079, -118.23883789
48.922079, -118.23883789
48.931079, -118.23883789
48.940079, -118.23883789
48.949079, -118.23883789
46.213079, -118.225131131
46.222079, -118.225131131
46.231079, -118.225131131
46.240079, -118.225131131
46.249079, -118.225131131
46.258079, -118.225131131
46.267079, -118.225131131
46.276079, -118.225131131
46.285079, -118.225131131
46.294079, -118.225131131
46.303079, -118.225131131
46.312079, -118.225131131
46.321079, -118.225131131
46.330079, -118.225131131
46.339079, -118.225131131
46.348079, -118.225131131
46.357079, -118.225131131
46.366079, -118.225131131
46.375079, -118.225131131
46.384079, -118.225131131
46.393079, -118.225131131
46.402079, -118.225131131
46.411079, -118.225131131
46.420079, -118.225131131
46.429079, -118.225131131
46.438079, -118.225131131
46.447079, -118.225131131
46.456079, -118.225131131
46.465079, -118.225131131
46.474079, -118.225131131
46.483079, -118.225131131
46.492079, -118.225131131
46.501079, -118.225131131
46.510079, -118.225131131
46.519079, -118.225131131
46.528079, -118.225131131
46.537079, -118.225131131
46.546079, -118.225131131
46.555079, -118.225131131
46.564079, -118.225131131
46.573079, -118.225131131
46.582079, -118.225131131
46.591079, -118.225131131
46.600079, -118.225131131
46.609079, -118.225131131
46.618079, -118.225131131
46.627079, -118.225131131
46.636079, -118.225131131
46.645079, -118.225131131
46.654079, -118.225131131
46.663079, -118.225131131
46.672079, -118.225131131
46.681079, -118.225131131
46.690079, -118.225131131
46.699079, -118.225131131
46.708079, -118.225131131
46.717079, -118.225131131
46.726079, -118.225131131
46.735079, -118.225131131
46.744079, -118.225131131
46.753079, -118.225131131
46.762079, -118.225131131
46.771079, -118.225131131
46.780079, -118.225131131
46.789079, -118.225131131
46.798079, -118.225131131
46.807079, -118.225131131
46.816079, -118.225131131
46.825079, -118.225131131
46.834079, -118.225131131
46.843079, -118.225131131
46.852079, -118.225131131
46.861079, -118.225131131
46.870079, -118.225131131
46.879079, -118.225131131
46.888079, -118.225131131
46.897079, -118.225131131
46.906079, -118.225131131
46.915079, -118.225131131
46.924079, -118.225131131
46.933079, -118.225131131
46.942079, -118.225131131
46.951079, -118.225131131
46.960079, -118.225131131
46.969079, -118.225131131
46.978079, -118.225131131
46.987079, -118.225131131
46.996079, -118.225131131
47.005079, -118.225131131
47.014079, -118.225131131
47.023079, -118.225131131
47.032079, -118.225131131
47.041079, -118.225131131
47.050079, -118.225131131
47.059079, -118.225131131
47.068079, -118.225131131
47.077079, -118.225131131
47.086079, -118.225131131
47.095079, -118.225131131
47.104079, -118.225131131
47.113079, -118.225131131
47.122079, -118.225131131
47.131079, -118.225131131
47.140079, -118.225131131
47.149079, -118.225131131
47.158079, -118.225131131
47.167079, -118.225131131
47.176079, -118.225131131
47.185079, -118.225131131
47.194079, -118.225131131
47.203079, -118.225131131
47.212079, -118.225131131
47.221079, -118.225131131
47.230079, -118.225131131
47.239079, -118.225131131
47.248079, -118.225131131
47.257079, -118.225131131
47.266079, -118.225131131
47.275079, -118.225131131
47.284079, -118.225131131
47.293079, -118.225131131
47.302079, -118.225131131
47.311079, -118.225131131
47.320079, -118.225131131
47.329079, -118.225131131
47.338079, -118.225131131
47.347079, -118.225131131
47.356079, -118.225131131
47.365079, -118.225131131
47.374079, -118.225131131
47.383079, -118.225131131
47.392079, -118.225131131
47.401079, -118.225131131
47.410079, -118.225131131
47.419079, -118.225131131
47.428079, -118.225131131
47.437079, -118.225131131
47.446079, -118.225131131
47.455079, -118.225131131
47.464079, -118.225131131
47.473079, -118.225131131
47.482079, -118.225131131
47.491079, -118.225131131
47.500079, -118.225131131
47.509079, -118.225131131
47.518079, -118.225131131
47.527079, -118.225131131
47.536079, -118.225131131
47.545079, -118.225131131
47.554079, -118.225131131
47.563079, -118.225131131
47.572079, -118.225131131
47.581079, -118.225131131
47.590079, -118.225131131
47.599079, -118.225131131
47.608079, -118.225131131
47.617079, -118.225131131
47.626079, -118.225131131
47.635079, -118.225131131
47.644079, -118.225131131
47.653079, -118.225131131
47.662079, -118.225131131
47.671079, -118.225131131
47.680079, -118.225131131
47.689079, -118.225131131
47.698079, -118.225131131
47.707079, -118.225131131
47.716079, -118.225131131
47.725079, -118.225131131
47.734079, -118.225131131
47.743079, -118.225131131
47.752079, -118.225131131
47.761079, -118.225131131
47.770079, -118.225131131
47.779079, -118.225131131
47.788079, -118.225131131
47.797079, -118.225131131
47.806079, -118.225131131
47.815079, -118.225131131
47.824079, -118.225131131
47.833079, -118.225131131
47.842079, -118.225131131
47.851079, -118.225131131
47.860079, -118.225131131
47.869079, -118.225131131
47.878079, -118.225131131
47.887079, -118.225131131
47.896079, -118.225131131
47.905079, -118.225131131
47.914079, -118.225131131
47.923079, -118.225131131
47.932079, -118.225131131
47.941079, -118.225131131
47.950079, -118.225131131
47.959079, -118.225131131
47.968079, -118.225131131
47.977079, -118.225131131
47.986079, -118.225131131
47.995079, -118.225131131
48.004079, -118.225131131
48.013079, -118.225131131
48.022079, -118.225131131
48.031079, -118.225131131
48.040079, -118.225131131
48.049079, -118.225131131
48.058079, -118.225131131
48.067079, -118.225131131
48.076079, -118.225131131
48.085079, -118.225131131
48.094079, -118.225131131
48.103079, -118.225131131
48.112079, -118.225131131
48.121079, -118.225131131
48.130079, -118.225131131
48.139079, -118.225131131
48.148079, -118.225131131
48.157079, -118.225131131
48.166079, -118.225131131
48.175079, -118.225131131
48.184079, -118.225131131
48.193079, -118.225131131
48.202079, -118.225131131
48.211079, -118.225131131
48.220079, -118.225131131
48.229079, -118.225131131
48.238079, -118.225131131
48.247079, -118.225131131
48.256079, -118.225131131
48.265079, -118.225131131
48.274079, -118.225131131
48.283079, -118.225131131
48.292079, -118.225131131
48.301079, -118.225131131
48.310079, -118.225131131
48.319079, -118.225131131
48.328079, -118.225131131
48.337079, -118.225131131
48.346079, -118.225131131
48.355079, -118.225131131
48.364079, -118.225131131
48.373079, -118.225131131
48.382079, -118.225131131
48.391079, -118.225131131
48.400079, -118.225131131
48.409079, -118.225131131
48.418079, -118.225131131
48.427079, -118.225131131
48.436079, -118.225131131
48.445079, -118.225131131
48.454079, -118.225131131
48.463079, -118.225131131
48.472079, -118.225131131
48.481079, -118.225131131
48.490079, -118.225131131
48.499079, -118.225131131
48.508079, -118.225131131
48.517079, -118.225131131
48.526079, -118.225131131
48.535079, -118.225131131
48.544079, -118.225131131
48.553079, -118.225131131
48.562079, -118.225131131
48.571079, -118.225131131
48.580079, -118.225131131
48.589079, -118.225131131
48.598079, -118.225131131
48.607079, -118.225131131
48.616079, -118.225131131
48.625079, -118.225131131
48.634079, -118.225131131
48.643079, -118.225131131
48.652079, -118.225131131
48.661079, -118.225131131
48.670079, -118.225131131
48.679079, -118.225131131
48.688079, -118.225131131
48.697079, -118.225131131
48.706079, -118.225131131
48.715079, -118.225131131
48.724079, -118.225131131
48.733079, -118.225131131
48.742079, -118.225131131
48.751079, -118.225131131
48.760079, -118.225131131
48.769079, -118.225131131
48.778079, -118.225131131
48.787079, -118.225131131
48.796079, -118.225131131
48.805079, -118.225131131
48.814079, -118.225131131
48.823079, -118.225131131
48.832079, -118.225131131
48.841079, -118.225131131
48.850079, -118.225131131
48.859079, -118.225131131
48.868079, -118.225131131
48.877079, -118.225131131
48.886079, -118.225131131
48.895079, -118.225131131
48.904079, -118.225131131
48.913079, -118.225131131
48.922079, -118.225131131
48.931079, -118.225131131
48.940079, -118.225131131
48.949079, -118.225131131
46.213079, -118.211424373
46.222079, -118.211424373
46.231079, -118.211424373
46.240079, -118.211424373
46.249079, -118.211424373
46.258079, -118.211424373
46.267079, -118.211424373
46.276079, -118.211424373
46.285079, -118.211424373
46.294079, -118.211424373
46.303079, -118.211424373
46.312079, -118.211424373
46.321079, -118.211424373
46.330079, -118.211424373
46.339079, -118.211424373
46.348079, -118.211424373
46.357079, -118.211424373
46.366079, -118.211424373
46.375079, -118.211424373
46.384079, -118.211424373
46.393079, -118.211424373
46.402079, -118.211424373
46.411079, -118.211424373
46.420079, -118.211424373
46.429079, -118.211424373
46.438079, -118.211424373
46.447079, -118.211424373
46.456079, -118.211424373
46.465079, -118.211424373
46.474079, -118.211424373
46.483079, -118.211424373
46.492079, -118.211424373
46.501079, -118.211424373
46.510079, -118.211424373
46.519079, -118.211424373
46.528079, -118.211424373
46.537079, -118.211424373
46.546079, -118.211424373
46.555079, -118.211424373
46.564079, -118.211424373
46.573079, -118.211424373
46.582079, -118.211424373
46.591079, -118.211424373
46.600079, -118.211424373
46.609079, -118.211424373
46.618079, -118.211424373
46.627079, -118.211424373
46.636079, -118.211424373
46.645079, -118.211424373
46.654079, -118.211424373
46.663079, -118.211424373
46.672079, -118.211424373
46.681079, -118.211424373
46.690079, -118.211424373
46.699079, -118.211424373
46.708079, -118.211424373
46.717079, -118.211424373
46.726079, -118.211424373
46.735079, -118.211424373
46.744079, -118.211424373
46.753079, -118.211424373
46.762079, -118.211424373
46.771079, -118.211424373
46.780079, -118.211424373
46.789079, -118.211424373
46.798079, -118.211424373
46.807079, -118.211424373
46.816079, -118.211424373
46.825079, -118.211424373
46.834079, -118.211424373
46.843079, -118.211424373
46.852079, -118.211424373
46.861079, -118.211424373
46.870079, -118.211424373
46.879079, -118.211424373
46.888079, -118.211424373
46.897079, -118.211424373
46.906079, -118.211424373
46.915079, -118.211424373
46.924079, -118.211424373
46.933079, -118.211424373
46.942079, -118.211424373
46.951079, -118.211424373
46.960079, -118.211424373
46.969079, -118.211424373
46.978079, -118.211424373
46.987079, -118.211424373
46.996079, -118.211424373
47.005079, -118.211424373
47.014079, -118.211424373
47.023079, -118.211424373
47.032079, -118.211424373
47.041079, -118.211424373
47.050079, -118.211424373
47.059079, -118.211424373
47.068079, -118.211424373
47.077079, -118.211424373
47.086079, -118.211424373
47.095079, -118.211424373
47.104079, -118.211424373
47.113079, -118.211424373
47.122079, -118.211424373
47.131079, -118.211424373
47.140079, -118.211424373
47.149079, -118.211424373
47.158079, -118.211424373
47.167079, -118.211424373
47.176079, -118.211424373
47.185079, -118.211424373
47.194079, -118.211424373
47.203079, -118.211424373
47.212079, -118.211424373
47.221079, -118.211424373
47.230079, -118.211424373
47.239079, -118.211424373
47.248079, -118.211424373
47.257079, -118.211424373
47.266079, -118.211424373
47.275079, -118.211424373
47.284079, -118.211424373
47.293079, -118.211424373
47.302079, -118.211424373
47.311079, -118.211424373
47.320079, -118.211424373
47.329079, -118.211424373
47.338079, -118.211424373
47.347079, -118.211424373
47.356079, -118.211424373
47.365079, -118.211424373
47.374079, -118.211424373
47.383079, -118.211424373
47.392079, -118.211424373
47.401079, -118.211424373
47.410079, -118.211424373
47.419079, -118.211424373
47.428079, -118.211424373
47.437079, -118.211424373
47.446079, -118.211424373
47.455079, -118.211424373
47.464079, -118.211424373
47.473079, -118.211424373
47.482079, -118.211424373
47.491079, -118.211424373
47.500079, -118.211424373
47.509079, -118.211424373
47.518079, -118.211424373
47.527079, -118.211424373
47.536079, -118.211424373
47.545079, -118.211424373
47.554079, -118.211424373
47.563079, -118.211424373
47.572079, -118.211424373
47.581079, -118.211424373
47.590079, -118.211424373
47.599079, -118.211424373
47.608079, -118.211424373
47.617079, -118.211424373
47.626079, -118.211424373
47.635079, -118.211424373
47.644079, -118.211424373
47.653079, -118.211424373
47.662079, -118.211424373
47.671079, -118.211424373
47.680079, -118.211424373
47.689079, -118.211424373
47.698079, -118.211424373
47.707079, -118.211424373
47.716079, -118.211424373
47.725079, -118.211424373
47.734079, -118.211424373
47.743079, -118.211424373
47.752079, -118.211424373
47.761079, -118.211424373
47.770079, -118.211424373
47.779079, -118.211424373
47.788079, -118.211424373
47.797079, -118.211424373
47.806079, -118.211424373
47.815079, -118.211424373
47.824079, -118.211424373
47.833079, -118.211424373
47.842079, -118.211424373
47.851079, -118.211424373
47.860079, -118.211424373
47.869079, -118.211424373
47.878079, -118.211424373
47.887079, -118.211424373
47.896079, -118.211424373
47.905079, -118.211424373
47.914079, -118.211424373
47.923079, -118.211424373
47.932079, -118.211424373
47.941079, -118.211424373
47.950079, -118.211424373
47.959079, -118.211424373
47.968079, -118.211424373
47.977079, -118.211424373
47.986079, -118.211424373
47.995079, -118.211424373
48.004079, -118.211424373
48.013079, -118.211424373
48.022079, -118.211424373
48.031079, -118.211424373
48.040079, -118.211424373
48.049079, -118.211424373
48.058079, -118.211424373
48.067079, -118.211424373
48.076079, -118.211424373
48.085079, -118.211424373
48.094079, -118.211424373
48.103079, -118.211424373
48.112079, -118.211424373
48.121079, -118.211424373
48.130079, -118.211424373
48.139079, -118.211424373
48.148079, -118.211424373
48.157079, -118.211424373
48.166079, -118.211424373
48.175079, -118.211424373
48.184079, -118.211424373
48.193079, -118.211424373
48.202079, -118.211424373
48.211079, -118.211424373
48.220079, -118.211424373
48.229079, -118.211424373
48.238079, -118.211424373
48.247079, -118.211424373
48.256079, -118.211424373
48.265079, -118.211424373
48.274079, -118.211424373
48.283079, -118.211424373
48.292079, -118.211424373
48.301079, -118.211424373
48.310079, -118.211424373
48.319079, -118.211424373
48.328079, -118.211424373
48.337079, -118.211424373
48.346079, -118.211424373
48.355079, -118.211424373
48.364079, -118.211424373
48.373079, -118.211424373
48.382079, -118.211424373
48.391079, -118.211424373
48.400079, -118.211424373
48.409079, -118.211424373
48.418079, -118.211424373
48.427079, -118.211424373
48.436079, -118.211424373
48.445079, -118.211424373
48.454079, -118.211424373
48.463079, -118.211424373
48.472079, -118.211424373
48.481079, -118.211424373
48.490079, -118.211424373
48.499079, -118.211424373
48.508079, -118.211424373
48.517079, -118.211424373
48.526079, -118.211424373
48.535079, -118.211424373
48.544079, -118.211424373
48.553079, -118.211424373
48.562079, -118.211424373
48.571079, -118.211424373
48.580079, -118.211424373
48.589079, -118.211424373
48.598079, -118.211424373
48.607079, -118.211424373
48.616079, -118.211424373
48.625079, -118.211424373
48.634079, -118.211424373
48.643079, -118.211424373
48.652079, -118.211424373
48.661079, -118.211424373
48.670079, -118.211424373
48.679079, -118.211424373
48.688079, -118.211424373
48.697079, -118.211424373
48.706079, -118.211424373
48.715079, -118.211424373
48.724079, -118.211424373
48.733079, -118.211424373
48.742079, -118.211424373
48.751079, -118.211424373
48.760079, -118.211424373
48.769079, -118.211424373
48.778079, -118.211424373
48.787079, -118.211424373
48.796079, -118.211424373
48.805079, -118.211424373
48.814079, -118.211424373
48.823079, -118.211424373
48.832079, -118.211424373
48.841079, -118.211424373
48.850079, -118.211424373
48.859079, -118.211424373
48.868079, -118.211424373
48.877079, -118.211424373
48.886079, -118.211424373
48.895079, -118.211424373
48.904079, -118.211424373
48.913079, -118.211424373
48.922079, -118.211424373
48.931079, -118.211424373
48.940079, -118.211424373
48.949079, -118.211424373
46.213079, -118.197717614
46.222079, -118.197717614
46.231079, -118.197717614
46.240079, -118.197717614
46.249079, -118.197717614
46.258079, -118.197717614
46.267079, -118.197717614
46.276079, -118.197717614
46.285079, -118.197717614
46.294079, -118.197717614
46.303079, -118.197717614
46.312079, -118.197717614
46.321079, -118.197717614
46.330079, -118.197717614
46.339079, -118.197717614
46.348079, -118.197717614
46.357079, -118.197717614
46.366079, -118.197717614
46.375079, -118.197717614
46.384079, -118.197717614
46.393079, -118.197717614
46.402079, -118.197717614
46.411079, -118.197717614
46.420079, -118.197717614
46.429079, -118.197717614
46.438079, -118.197717614
46.447079, -118.197717614
46.456079, -118.197717614
46.465079, -118.197717614
46.474079, -118.197717614
46.483079, -118.197717614
46.492079, -118.197717614
46.501079, -118.197717614
46.510079, -118.197717614
46.519079, -118.197717614
46.528079, -118.197717614
46.537079, -118.197717614
46.546079, -118.197717614
46.555079, -118.197717614
46.564079, -118.197717614
46.573079, -118.197717614
46.582079, -118.197717614
46.591079, -118.197717614
46.600079, -118.197717614
46.609079, -118.197717614
46.618079, -118.197717614
46.627079, -118.197717614
46.636079, -118.197717614
46.645079, -118.197717614
46.654079, -118.197717614
46.663079, -118.197717614
46.672079, -118.197717614
46.681079, -118.197717614
46.690079, -118.197717614
46.699079, -118.197717614
46.708079, -118.197717614
46.717079, -118.197717614
46.726079, -118.197717614
46.735079, -118.197717614
46.744079, -118.197717614
46.753079, -118.197717614
46.762079, -118.197717614
46.771079, -118.197717614
46.780079, -118.197717614
46.789079, -118.197717614
46.798079, -118.197717614
46.807079, -118.197717614
46.816079, -118.197717614
46.825079, -118.197717614
46.834079, -118.197717614
46.843079, -118.197717614
46.852079, -118.197717614
46.861079, -118.197717614
46.870079, -118.197717614
46.879079, -118.197717614
46.888079, -118.197717614
46.897079, -118.197717614
46.906079, -118.197717614
46.915079, -118.197717614
46.924079, -118.197717614
46.933079, -118.197717614
46.942079, -118.197717614
46.951079, -118.197717614
46.960079, -118.197717614
46.969079, -118.197717614
46.978079, -118.197717614
46.987079, -118.197717614
46.996079, -118.197717614
47.005079, -118.197717614
47.014079, -118.197717614
47.023079, -118.197717614
47.032079, -118.197717614
47.041079, -118.197717614
47.050079, -118.197717614
47.059079, -118.197717614
47.068079, -118.197717614
47.077079, -118.197717614
47.086079, -118.197717614
47.095079, -118.197717614
47.104079, -118.197717614
47.113079, -118.197717614
47.122079, -118.197717614
47.131079, -118.197717614
47.140079, -118.197717614
47.149079, -118.197717614
47.158079, -118.197717614
47.167079, -118.197717614
47.176079, -118.197717614
47.185079, -118.197717614
47.194079, -118.197717614
47.203079, -118.197717614
47.212079, -118.197717614
47.221079, -118.197717614
47.230079, -118.197717614
47.239079, -118.197717614
47.248079, -118.197717614
47.257079, -118.197717614
47.266079, -118.197717614
47.275079, -118.197717614
47.284079, -118.197717614
47.293079, -118.197717614
47.302079, -118.197717614
47.311079, -118.197717614
47.320079, -118.197717614
47.329079, -118.197717614
47.338079, -118.197717614
47.347079, -118.197717614
47.356079, -118.197717614
47.365079, -118.197717614
47.374079, -118.197717614
47.383079, -118.197717614
47.392079, -118.197717614
47.401079, -118.197717614
47.410079, -118.197717614
47.419079, -118.197717614
47.428079, -118.197717614
47.437079, -118.197717614
47.446079, -118.197717614
47.455079, -118.197717614
47.464079, -118.197717614
47.473079, -118.197717614
47.482079, -118.197717614
47.491079, -118.197717614
47.500079, -118.197717614
47.509079, -118.197717614
47.518079, -118.197717614
47.527079, -118.197717614
47.536079, -118.197717614
47.545079, -118.197717614
47.554079, -118.197717614
47.563079, -118.197717614
47.572079, -118.197717614
47.581079, -118.197717614
47.590079, -118.197717614
47.599079, -118.197717614
47.608079, -118.197717614
47.617079, -118.197717614
47.626079, -118.197717614
47.635079, -118.197717614
47.644079, -118.197717614
47.653079, -118.197717614
47.662079, -118.197717614
47.671079, -118.197717614
47.680079, -118.197717614
47.689079, -118.197717614
47.698079, -118.197717614
47.707079, -118.197717614
47.716079, -118.197717614
47.725079, -118.197717614
47.734079, -118.197717614
47.743079, -118.197717614
47.752079, -118.197717614
47.761079, -118.197717614
47.770079, -118.197717614
47.779079, -118.197717614
47.788079, -118.197717614
47.797079, -118.197717614
47.806079, -118.197717614
47.815079, -118.197717614
47.824079, -118.197717614
47.833079, -118.197717614
47.842079, -118.197717614
47.851079, -118.197717614
47.860079, -118.197717614
47.869079, -118.197717614
47.878079, -118.197717614
47.887079, -118.197717614
47.896079, -118.197717614
47.905079, -118.197717614
47.914079, -118.197717614
47.923079, -118.197717614
47.932079, -118.197717614
47.941079, -118.197717614
47.950079, -118.197717614
47.959079, -118.197717614
47.968079, -118.197717614
47.977079, -118.197717614
47.986079, -118.197717614
47.995079, -118.197717614
48.004079, -118.197717614
48.013079, -118.197717614
48.022079, -118.197717614
48.031079, -118.197717614
48.040079, -118.197717614
48.049079, -118.197717614
48.058079, -118.197717614
48.067079, -118.197717614
48.076079, -118.197717614
48.085079, -118.197717614
48.094079, -118.197717614
48.103079, -118.197717614
48.112079, -118.197717614
48.121079, -118.197717614
48.130079, -118.197717614
48.139079, -118.197717614
48.148079, -118.197717614
48.157079, -118.197717614
48.166079, -118.197717614
48.175079, -118.197717614
48.184079, -118.197717614
48.193079, -118.197717614
48.202079, -118.197717614
48.211079, -118.197717614
48.220079, -118.197717614
48.229079, -118.197717614
48.238079, -118.197717614
48.247079, -118.197717614
48.256079, -118.197717614
48.265079, -118.197717614
48.274079, -118.197717614
48.283079, -118.197717614
48.292079, -118.197717614
48.301079, -118.197717614
48.310079, -118.197717614
48.319079, -118.197717614
48.328079, -118.197717614
48.337079, -118.197717614
48.346079, -118.197717614
48.355079, -118.197717614
48.364079, -118.197717614
48.373079, -118.197717614
48.382079, -118.197717614
48.391079, -118.197717614
48.400079, -118.197717614
48.409079, -118.197717614
48.418079, -118.197717614
48.427079, -118.197717614
48.436079, -118.197717614
48.445079, -118.197717614
48.454079, -118.197717614
48.463079, -118.197717614
48.472079, -118.197717614
48.481079, -118.197717614
48.490079, -118.197717614
48.499079, -118.197717614
48.508079, -118.197717614
48.517079, -118.197717614
48.526079, -118.197717614
48.535079, -118.197717614
48.544079, -118.197717614
48.553079, -118.197717614
48.562079, -118.197717614
48.571079, -118.197717614
48.580079, -118.197717614
48.589079, -118.197717614
48.598079, -118.197717614
48.607079, -118.197717614
48.616079, -118.197717614
48.625079, -118.197717614
48.634079, -118.197717614
48.643079, -118.197717614
48.652079, -118.197717614
48.661079, -118.197717614
48.670079, -118.197717614
48.679079, -118.197717614
48.688079, -118.197717614
48.697079, -118.197717614
48.706079, -118.197717614
48.715079, -118.197717614
48.724079, -118.197717614
48.733079, -118.197717614
48.742079, -118.197717614
48.751079, -118.197717614
48.760079, -118.197717614
48.769079, -118.197717614
48.778079, -118.197717614
48.787079, -118.197717614
48.796079, -118.197717614
48.805079, -118.197717614
48.814079, -118.197717614
48.823079, -118.197717614
48.832079, -118.197717614
48.841079, -118.197717614
48.850079, -118.197717614
48.859079, -118.197717614
48.868079, -118.197717614
48.877079, -118.197717614
48.886079, -118.197717614
48.895079, -118.197717614
48.904079, -118.197717614
48.913079, -118.197717614
48.922079, -118.197717614
48.931079, -118.197717614
48.940079, -118.197717614
48.949079, -118.197717614
46.213079, -118.184010856
46.222079, -118.184010856
46.231079, -118.184010856
46.240079, -118.184010856
46.249079, -118.184010856
46.258079, -118.184010856
46.267079, -118.184010856
46.276079, -118.184010856
46.285079, -118.184010856
46.294079, -118.184010856
46.303079, -118.184010856
46.312079, -118.184010856
46.321079, -118.184010856
46.330079, -118.184010856
46.339079, -118.184010856
46.348079, -118.184010856
46.357079, -118.184010856
46.366079, -118.184010856
46.375079, -118.184010856
46.384079, -118.184010856
46.393079, -118.184010856
46.402079, -118.184010856
46.411079, -118.184010856
46.420079, -118.184010856
46.429079, -118.184010856
46.438079, -118.184010856
46.447079, -118.184010856
46.456079, -118.184010856
46.465079, -118.184010856
46.474079, -118.184010856
46.483079, -118.184010856
46.492079, -118.184010856
46.501079, -118.184010856
46.510079, -118.184010856
46.519079, -118.184010856
46.528079, -118.184010856
46.537079, -118.184010856
46.546079, -118.184010856
46.555079, -118.184010856
46.564079, -118.184010856
46.573079, -118.184010856
46.582079, -118.184010856
46.591079, -118.184010856
46.600079, -118.184010856
46.609079, -118.184010856
46.618079, -118.184010856
46.627079, -118.184010856
46.636079, -118.184010856
46.645079, -118.184010856
46.654079, -118.184010856
46.663079, -118.184010856
46.672079, -118.184010856
46.681079, -118.184010856
46.690079, -118.184010856
46.699079, -118.184010856
46.708079, -118.184010856
46.717079, -118.184010856
46.726079, -118.184010856
46.735079, -118.184010856
46.744079, -118.184010856
46.753079, -118.184010856
46.762079, -118.184010856
46.771079, -118.184010856
46.780079, -118.184010856
46.789079, -118.184010856
46.798079, -118.184010856
46.807079, -118.184010856
46.816079, -118.184010856
46.825079, -118.184010856
46.834079, -118.184010856
46.843079, -118.184010856
46.852079, -118.184010856
46.861079, -118.184010856
46.870079, -118.184010856
46.879079, -118.184010856
46.888079, -118.184010856
46.897079, -118.184010856
46.906079, -118.184010856
46.915079, -118.184010856
46.924079, -118.184010856
46.933079, -118.184010856
46.942079, -118.184010856
46.951079, -118.184010856
46.960079, -118.184010856
46.969079, -118.184010856
46.978079, -118.184010856
46.987079, -118.184010856
46.996079, -118.184010856
47.005079, -118.184010856
47.014079, -118.184010856
47.023079, -118.184010856
47.032079, -118.184010856
47.041079, -118.184010856
47.050079, -118.184010856
47.059079, -118.184010856
47.068079, -118.184010856
47.077079, -118.184010856
47.086079, -118.184010856
47.095079, -118.184010856
47.104079, -118.184010856
47.113079, -118.184010856
47.122079, -118.184010856
47.131079, -118.184010856
47.140079, -118.184010856
47.149079, -118.184010856
47.158079, -118.184010856
47.167079, -118.184010856
47.176079, -118.184010856
47.185079, -118.184010856
47.194079, -118.184010856
47.203079, -118.184010856
47.212079, -118.184010856
47.221079, -118.184010856
47.230079, -118.184010856
47.239079, -118.184010856
47.248079, -118.184010856
47.257079, -118.184010856
47.266079, -118.184010856
47.275079, -118.184010856
47.284079, -118.184010856
47.293079, -118.184010856
47.302079, -118.184010856
47.311079, -118.184010856
47.320079, -118.184010856
47.329079, -118.184010856
47.338079, -118.184010856
47.347079, -118.184010856
47.356079, -118.184010856
47.365079, -118.184010856
47.374079, -118.184010856
47.383079, -118.184010856
47.392079, -118.184010856
47.401079, -118.184010856
47.410079, -118.184010856
47.419079, -118.184010856
47.428079, -118.184010856
47.437079, -118.184010856
47.446079, -118.184010856
47.455079, -118.184010856
47.464079, -118.184010856
47.473079, -118.184010856
47.482079, -118.184010856
47.491079, -118.184010856
47.500079, -118.184010856
47.509079, -118.184010856
47.518079, -118.184010856
47.527079, -118.184010856
47.536079, -118.184010856
47.545079, -118.184010856
47.554079, -118.184010856
47.563079, -118.184010856
47.572079, -118.184010856
47.581079, -118.184010856
47.590079, -118.184010856
47.599079, -118.184010856
47.608079, -118.184010856
47.617079, -118.184010856
47.626079, -118.184010856
47.635079, -118.184010856
47.644079, -118.184010856
47.653079, -118.184010856
47.662079, -118.184010856
47.671079, -118.184010856
47.680079, -118.184010856
47.689079, -118.184010856
47.698079, -118.184010856
47.707079, -118.184010856
47.716079, -118.184010856
47.725079, -118.184010856
47.734079, -118.184010856
47.743079, -118.184010856
47.752079, -118.184010856
47.761079, -118.184010856
47.770079, -118.184010856
47.779079, -118.184010856
47.788079, -118.184010856
47.797079, -118.184010856
47.806079, -118.184010856
47.815079, -118.184010856
47.824079, -118.184010856
47.833079, -118.184010856
47.842079, -118.184010856
47.851079, -118.184010856
47.860079, -118.184010856
47.869079, -118.184010856
47.878079, -118.184010856
47.887079, -118.184010856
47.896079, -118.184010856
47.905079, -118.184010856
47.914079, -118.184010856
47.923079, -118.184010856
47.932079, -118.184010856
47.941079, -118.184010856
47.950079, -118.184010856
47.959079, -118.184010856
47.968079, -118.184010856
47.977079, -118.184010856
47.986079, -118.184010856
47.995079, -118.184010856
48.004079, -118.184010856
48.013079, -118.184010856
48.022079, -118.184010856
48.031079, -118.184010856
48.040079, -118.184010856
48.049079, -118.184010856
48.058079, -118.184010856
48.067079, -118.184010856
48.076079, -118.184010856
48.085079, -118.184010856
48.094079, -118.184010856
48.103079, -118.184010856
48.112079, -118.184010856
48.121079, -118.184010856
48.130079, -118.184010856
48.139079, -118.184010856
48.148079, -118.184010856
48.157079, -118.184010856
48.166079, -118.184010856
48.175079, -118.184010856
48.184079, -118.184010856
48.193079, -118.184010856
48.202079, -118.184010856
48.211079, -118.184010856
48.220079, -118.184010856
48.229079, -118.184010856
48.238079, -118.184010856
48.247079, -118.184010856
48.256079, -118.184010856
48.265079, -118.184010856
48.274079, -118.184010856
48.283079, -118.184010856
48.292079, -118.184010856
48.301079, -118.184010856
48.310079, -118.184010856
48.319079, -118.184010856
48.328079, -118.184010856
48.337079, -118.184010856
48.346079, -118.184010856
48.355079, -118.184010856
48.364079, -118.184010856
48.373079, -118.184010856
48.382079, -118.184010856
48.391079, -118.184010856
48.400079, -118.184010856
48.409079, -118.184010856
48.418079, -118.184010856
48.427079, -118.184010856
48.436079, -118.184010856
48.445079, -118.184010856
48.454079, -118.184010856
48.463079, -118.184010856
48.472079, -118.184010856
48.481079, -118.184010856
48.490079, -118.184010856
48.499079, -118.184010856
48.508079, -118.184010856
48.517079, -118.184010856
48.526079, -118.184010856
48.535079, -118.184010856
48.544079, -118.184010856
48.553079, -118.184010856
48.562079, -118.184010856
48.571079, -118.184010856
48.580079, -118.184010856
48.589079, -118.184010856
48.598079, -118.184010856
48.607079, -118.184010856
48.616079, -118.184010856
48.625079, -118.184010856
48.634079, -118.184010856
48.643079, -118.184010856
48.652079, -118.184010856
48.661079, -118.184010856
48.670079, -118.184010856
48.679079, -118.184010856
48.688079, -118.184010856
48.697079, -118.184010856
48.706079, -118.184010856
48.715079, -118.184010856
48.724079, -118.184010856
48.733079, -118.184010856
48.742079, -118.184010856
48.751079, -118.184010856
48.760079, -118.184010856
48.769079, -118.184010856
48.778079, -118.184010856
48.787079, -118.184010856
48.796079, -118.184010856
48.805079, -118.184010856
48.814079, -118.184010856
48.823079, -118.184010856
48.832079, -118.184010856
48.841079, -118.184010856
48.850079, -118.184010856
48.859079, -118.184010856
48.868079, -118.184010856
48.877079, -118.184010856
48.886079, -118.184010856
48.895079, -118.184010856
48.904079, -118.184010856
48.913079, -118.184010856
48.922079, -118.184010856
48.931079, -118.184010856
48.940079, -118.184010856
48.949079, -118.184010856
46.213079, -118.170304097
46.222079, -118.170304097
46.231079, -118.170304097
46.240079, -118.170304097
46.249079, -118.170304097
46.258079, -118.170304097
46.267079, -118.170304097
46.276079, -118.170304097
46.285079, -118.170304097
46.294079, -118.170304097
46.303079, -118.170304097
46.312079, -118.170304097
46.321079, -118.170304097
46.330079, -118.170304097
46.339079, -118.170304097
46.348079, -118.170304097
46.357079, -118.170304097
46.366079, -118.170304097
46.375079, -118.170304097
46.384079, -118.170304097
46.393079, -118.170304097
46.402079, -118.170304097
46.411079, -118.170304097
46.420079, -118.170304097
46.429079, -118.170304097
46.438079, -118.170304097
46.447079, -118.170304097
46.456079, -118.170304097
46.465079, -118.170304097
46.474079, -118.170304097
46.483079, -118.170304097
46.492079, -118.170304097
46.501079, -118.170304097
46.510079, -118.170304097
46.519079, -118.170304097
46.528079, -118.170304097
46.537079, -118.170304097
46.546079, -118.170304097
46.555079, -118.170304097
46.564079, -118.170304097
46.573079, -118.170304097
46.582079, -118.170304097
46.591079, -118.170304097
46.600079, -118.170304097
46.609079, -118.170304097
46.618079, -118.170304097
46.627079, -118.170304097
46.636079, -118.170304097
46.645079, -118.170304097
46.654079, -118.170304097
46.663079, -118.170304097
46.672079, -118.170304097
46.681079, -118.170304097
46.690079, -118.170304097
46.699079, -118.170304097
46.708079, -118.170304097
46.717079, -118.170304097
46.726079, -118.170304097
46.735079, -118.170304097
46.744079, -118.170304097
46.753079, -118.170304097
46.762079, -118.170304097
46.771079, -118.170304097
46.780079, -118.170304097
46.789079, -118.170304097
46.798079, -118.170304097
46.807079, -118.170304097
46.816079, -118.170304097
46.825079, -118.170304097
46.834079, -118.170304097
46.843079, -118.170304097
46.852079, -118.170304097
46.861079, -118.170304097
46.870079, -118.170304097
46.879079, -118.170304097
46.888079, -118.170304097
46.897079, -118.170304097
46.906079, -118.170304097
46.915079, -118.170304097
46.924079, -118.170304097
46.933079, -118.170304097
46.942079, -118.170304097
46.951079, -118.170304097
46.960079, -118.170304097
46.969079, -118.170304097
46.978079, -118.170304097
46.987079, -118.170304097
46.996079, -118.170304097
47.005079, -118.170304097
47.014079, -118.170304097
47.023079, -118.170304097
47.032079, -118.170304097
47.041079, -118.170304097
47.050079, -118.170304097
47.059079, -118.170304097
47.068079, -118.170304097
47.077079, -118.170304097
47.086079, -118.170304097
47.095079, -118.170304097
47.104079, -118.170304097
47.113079, -118.170304097
47.122079, -118.170304097
47.131079, -118.170304097
47.140079, -118.170304097
47.149079, -118.170304097
47.158079, -118.170304097
47.167079, -118.170304097
47.176079, -118.170304097
47.185079, -118.170304097
47.194079, -118.170304097
47.203079, -118.170304097
47.212079, -118.170304097
47.221079, -118.170304097
47.230079, -118.170304097
47.239079, -118.170304097
47.248079, -118.170304097
47.257079, -118.170304097
47.266079, -118.170304097
47.275079, -118.170304097
47.284079, -118.170304097
47.293079, -118.170304097
47.302079, -118.170304097
47.311079, -118.170304097
47.320079, -118.170304097
47.329079, -118.170304097
47.338079, -118.170304097
47.347079, -118.170304097
47.356079, -118.170304097
47.365079, -118.170304097
47.374079, -118.170304097
47.383079, -118.170304097
47.392079, -118.170304097
47.401079, -118.170304097
47.410079, -118.170304097
47.419079, -118.170304097
47.428079, -118.170304097
47.437079, -118.170304097
47.446079, -118.170304097
47.455079, -118.170304097
47.464079, -118.170304097
47.473079, -118.170304097
47.482079, -118.170304097
47.491079, -118.170304097
47.500079, -118.170304097
47.509079, -118.170304097
47.518079, -118.170304097
47.527079, -118.170304097
47.536079, -118.170304097
47.545079, -118.170304097
47.554079, -118.170304097
47.563079, -118.170304097
47.572079, -118.170304097
47.581079, -118.170304097
47.590079, -118.170304097
47.599079, -118.170304097
47.608079, -118.170304097
47.617079, -118.170304097
47.626079, -118.170304097
47.635079, -118.170304097
47.644079, -118.170304097
47.653079, -118.170304097
47.662079, -118.170304097
47.671079, -118.170304097
47.680079, -118.170304097
47.689079, -118.170304097
47.698079, -118.170304097
47.707079, -118.170304097
47.716079, -118.170304097
47.725079, -118.170304097
47.734079, -118.170304097
47.743079, -118.170304097
47.752079, -118.170304097
47.761079, -118.170304097
47.770079, -118.170304097
47.779079, -118.170304097
47.788079, -118.170304097
47.797079, -118.170304097
47.806079, -118.170304097
47.815079, -118.170304097
47.824079, -118.170304097
47.833079, -118.170304097
47.842079, -118.170304097
47.851079, -118.170304097
47.860079, -118.170304097
47.869079, -118.170304097
47.878079, -118.170304097
47.887079, -118.170304097
47.896079, -118.170304097
47.905079, -118.170304097
47.914079, -118.170304097
47.923079, -118.170304097
47.932079, -118.170304097
47.941079, -118.170304097
47.950079, -118.170304097
47.959079, -118.170304097
47.968079, -118.170304097
47.977079, -118.170304097
47.986079, -118.170304097
47.995079, -118.170304097
48.004079, -118.170304097
48.013079, -118.170304097
48.022079, -118.170304097
48.031079, -118.170304097
48.040079, -118.170304097
48.049079, -118.170304097
48.058079, -118.170304097
48.067079, -118.170304097
48.076079, -118.170304097
48.085079, -118.170304097
48.094079, -118.170304097
48.103079, -118.170304097
48.112079, -118.170304097
48.121079, -118.170304097
48.130079, -118.170304097
48.139079, -118.170304097
48.148079, -118.170304097
48.157079, -118.170304097
48.166079, -118.170304097
48.175079, -118.170304097
48.184079, -118.170304097
48.193079, -118.170304097
48.202079, -118.170304097
48.211079, -118.170304097
48.220079, -118.170304097
48.229079, -118.170304097
48.238079, -118.170304097
48.247079, -118.170304097
48.256079, -118.170304097
48.265079, -118.170304097
48.274079, -118.170304097
48.283079, -118.170304097
48.292079, -118.170304097
48.301079, -118.170304097
48.310079, -118.170304097
48.319079, -118.170304097
48.328079, -118.170304097
48.337079, -118.170304097
48.346079, -118.170304097
48.355079, -118.170304097
48.364079, -118.170304097
48.373079, -118.170304097
48.382079, -118.170304097
48.391079, -118.170304097
48.400079, -118.170304097
48.409079, -118.170304097
48.418079, -118.170304097
48.427079, -118.170304097
48.436079, -118.170304097
48.445079, -118.170304097
48.454079, -118.170304097
48.463079, -118.170304097
48.472079, -118.170304097
48.481079, -118.170304097
48.490079, -118.170304097
48.499079, -118.170304097
48.508079, -118.170304097
48.517079, -118.170304097
48.526079, -118.170304097
48.535079, -118.170304097
48.544079, -118.170304097
48.553079, -118.170304097
48.562079, -118.170304097
48.571079, -118.170304097
48.580079, -118.170304097
48.589079, -118.170304097
48.598079, -118.170304097
48.607079, -118.170304097
48.616079, -118.170304097
48.625079, -118.170304097
48.634079, -118.170304097
48.643079, -118.170304097
48.652079, -118.170304097
48.661079, -118.170304097
48.670079, -118.170304097
48.679079, -118.170304097
48.688079, -118.170304097
48.697079, -118.170304097
48.706079, -118.170304097
48.715079, -118.170304097
48.724079, -118.170304097
48.733079, -118.170304097
48.742079, -118.170304097
48.751079, -118.170304097
48.760079, -118.170304097
48.769079, -118.170304097
48.778079, -118.170304097
48.787079, -118.170304097
48.796079, -118.170304097
48.805079, -118.170304097
48.814079, -118.170304097
48.823079, -118.170304097
48.832079, -118.170304097
48.841079, -118.170304097
48.850079, -118.170304097
48.859079, -118.170304097
48.868079, -118.170304097
48.877079, -118.170304097
48.886079, -118.170304097
48.895079, -118.170304097
48.904079, -118.170304097
48.913079, -118.170304097
48.922079, -118.170304097
48.931079, -118.170304097
48.940079, -118.170304097
48.949079, -118.170304097
46.213079, -118.156597339
46.222079, -118.156597339
46.231079, -118.156597339
46.240079, -118.156597339
46.249079, -118.156597339
46.258079, -118.156597339
46.267079, -118.156597339
46.276079, -118.156597339
46.285079, -118.156597339
46.294079, -118.156597339
46.303079, -118.156597339
46.312079, -118.156597339
46.321079, -118.156597339
46.330079, -118.156597339
46.339079, -118.156597339
46.348079, -118.156597339
46.357079, -118.156597339
46.366079, -118.156597339
46.375079, -118.156597339
46.384079, -118.156597339
46.393079, -118.156597339
46.402079, -118.156597339
46.411079, -118.156597339
46.420079, -118.156597339
46.429079, -118.156597339
46.438079, -118.156597339
46.447079, -118.156597339
46.456079, -118.156597339
46.465079, -118.156597339
46.474079, -118.156597339
46.483079, -118.156597339
46.492079, -118.156597339
46.501079, -118.156597339
46.510079, -118.156597339
46.519079, -118.156597339
46.528079, -118.156597339
46.537079, -118.156597339
46.546079, -118.156597339
46.555079, -118.156597339
46.564079, -118.156597339
46.573079, -118.156597339
46.582079, -118.156597339
46.591079, -118.156597339
46.600079, -118.156597339
46.609079, -118.156597339
46.618079, -118.156597339
46.627079, -118.156597339
46.636079, -118.156597339
46.645079, -118.156597339
46.654079, -118.156597339
46.663079, -118.156597339
46.672079, -118.156597339
46.681079, -118.156597339
46.690079, -118.156597339
46.699079, -118.156597339
46.708079, -118.156597339
46.717079, -118.156597339
46.726079, -118.156597339
46.735079, -118.156597339
46.744079, -118.156597339
46.753079, -118.156597339
46.762079, -118.156597339
46.771079, -118.156597339
46.780079, -118.156597339
46.789079, -118.156597339
46.798079, -118.156597339
46.807079, -118.156597339
46.816079, -118.156597339
46.825079, -118.156597339
46.834079, -118.156597339
46.843079, -118.156597339
46.852079, -118.156597339
46.861079, -118.156597339
46.870079, -118.156597339
46.879079, -118.156597339
46.888079, -118.156597339
46.897079, -118.156597339
46.906079, -118.156597339
46.915079, -118.156597339
46.924079, -118.156597339
46.933079, -118.156597339
46.942079, -118.156597339
46.951079, -118.156597339
46.960079, -118.156597339
46.969079, -118.156597339
46.978079, -118.156597339
46.987079, -118.156597339
46.996079, -118.156597339
47.005079, -118.156597339
47.014079, -118.156597339
47.023079, -118.156597339
47.032079, -118.156597339
47.041079, -118.156597339
47.050079, -118.156597339
47.059079, -118.156597339
47.068079, -118.156597339
47.077079, -118.156597339
47.086079, -118.156597339
47.095079, -118.156597339
47.104079, -118.156597339
47.113079, -118.156597339
47.122079, -118.156597339
47.131079, -118.156597339
47.140079, -118.156597339
47.149079, -118.156597339
47.158079, -118.156597339
47.167079, -118.156597339
47.176079, -118.156597339
47.185079, -118.156597339
47.194079, -118.156597339
47.203079, -118.156597339
47.212079, -118.156597339
47.221079, -118.156597339
47.230079, -118.156597339
47.239079, -118.156597339
47.248079, -118.156597339
47.257079, -118.156597339
47.266079, -118.156597339
47.275079, -118.156597339
47.284079, -118.156597339
47.293079, -118.156597339
47.302079, -118.156597339
47.311079, -118.156597339
47.320079, -118.156597339
47.329079, -118.156597339
47.338079, -118.156597339
47.347079, -118.156597339
47.356079, -118.156597339
47.365079, -118.156597339
47.374079, -118.156597339
47.383079, -118.156597339
47.392079, -118.156597339
47.401079, -118.156597339
47.410079, -118.156597339
47.419079, -118.156597339
47.428079, -118.156597339
47.437079, -118.156597339
47.446079, -118.156597339
47.455079, -118.156597339
47.464079, -118.156597339
47.473079, -118.156597339
47.482079, -118.156597339
47.491079, -118.156597339
47.500079, -118.156597339
47.509079, -118.156597339
47.518079, -118.156597339
47.527079, -118.156597339
47.536079, -118.156597339
47.545079, -118.156597339
47.554079, -118.156597339
47.563079, -118.156597339
47.572079, -118.156597339
47.581079, -118.156597339
47.590079, -118.156597339
47.599079, -118.156597339
47.608079, -118.156597339
47.617079, -118.156597339
47.626079, -118.156597339
47.635079, -118.156597339
47.644079, -118.156597339
47.653079, -118.156597339
47.662079, -118.156597339
47.671079, -118.156597339
47.680079, -118.156597339
47.689079, -118.156597339
47.698079, -118.156597339
47.707079, -118.156597339
47.716079, -118.156597339
47.725079, -118.156597339
47.734079, -118.156597339
47.743079, -118.156597339
47.752079, -118.156597339
47.761079, -118.156597339
47.770079, -118.156597339
47.779079, -118.156597339
47.788079, -118.156597339
47.797079, -118.156597339
47.806079, -118.156597339
47.815079, -118.156597339
47.824079, -118.156597339
47.833079, -118.156597339
47.842079, -118.156597339
47.851079, -118.156597339
47.860079, -118.156597339
47.869079, -118.156597339
47.878079, -118.156597339
47.887079, -118.156597339
47.896079, -118.156597339
47.905079, -118.156597339
47.914079, -118.156597339
47.923079, -118.156597339
47.932079, -118.156597339
47.941079, -118.156597339
47.950079, -118.156597339
47.959079, -118.156597339
47.968079, -118.156597339
47.977079, -118.156597339
47.986079, -118.156597339
47.995079, -118.156597339
48.004079, -118.156597339
48.013079, -118.156597339
48.022079, -118.156597339
48.031079, -118.156597339
48.040079, -118.156597339
48.049079, -118.156597339
48.058079, -118.156597339
48.067079, -118.156597339
48.076079, -118.156597339
48.085079, -118.156597339
48.094079, -118.156597339
48.103079, -118.156597339
48.112079, -118.156597339
48.121079, -118.156597339
48.130079, -118.156597339
48.139079, -118.156597339
48.148079, -118.156597339
48.157079, -118.156597339
48.166079, -118.156597339
48.175079, -118.156597339
48.184079, -118.156597339
48.193079, -118.156597339
48.202079, -118.156597339
48.211079, -118.156597339
48.220079, -118.156597339
48.229079, -118.156597339
48.238079, -118.156597339
48.247079, -118.156597339
48.256079, -118.156597339
48.265079, -118.156597339
48.274079, -118.156597339
48.283079, -118.156597339
48.292079, -118.156597339
48.301079, -118.156597339
48.310079, -118.156597339
48.319079, -118.156597339
48.328079, -118.156597339
48.337079, -118.156597339
48.346079, -118.156597339
48.355079, -118.156597339
48.364079, -118.156597339
48.373079, -118.156597339
48.382079, -118.156597339
48.391079, -118.156597339
48.400079, -118.156597339
48.409079, -118.156597339
48.418079, -118.156597339
48.427079, -118.156597339
48.436079, -118.156597339
48.445079, -118.156597339
48.454079, -118.156597339
48.463079, -118.156597339
48.472079, -118.156597339
48.481079, -118.156597339
48.490079, -118.156597339
48.499079, -118.156597339
48.508079, -118.156597339
48.517079, -118.156597339
48.526079, -118.156597339
48.535079, -118.156597339
48.544079, -118.156597339
48.553079, -118.156597339
48.562079, -118.156597339
48.571079, -118.156597339
48.580079, -118.156597339
48.589079, -118.156597339
48.598079, -118.156597339
48.607079, -118.156597339
48.616079, -118.156597339
48.625079, -118.156597339
48.634079, -118.156597339
48.643079, -118.156597339
48.652079, -118.156597339
48.661079, -118.156597339
48.670079, -118.156597339
48.679079, -118.156597339
48.688079, -118.156597339
48.697079, -118.156597339
48.706079, -118.156597339
48.715079, -118.156597339
48.724079, -118.156597339
48.733079, -118.156597339
48.742079, -118.156597339
48.751079, -118.156597339
48.760079, -118.156597339
48.769079, -118.156597339
48.778079, -118.156597339
48.787079, -118.156597339
48.796079, -118.156597339
48.805079, -118.156597339
48.814079, -118.156597339
48.823079, -118.156597339
48.832079, -118.156597339
48.841079, -118.156597339
48.850079, -118.156597339
48.859079, -118.156597339
48.868079, -118.156597339
48.877079, -118.156597339
48.886079, -118.156597339
48.895079, -118.156597339
48.904079, -118.156597339
48.913079, -118.156597339
48.922079, -118.156597339
48.931079, -118.156597339
48.940079, -118.156597339
48.949079, -118.156597339
46.213079, -118.14289058
46.222079, -118.14289058
46.231079, -118.14289058
46.240079, -118.14289058
46.249079, -118.14289058
46.258079, -118.14289058
46.267079, -118.14289058
46.276079, -118.14289058
46.285079, -118.14289058
46.294079, -118.14289058
46.303079, -118.14289058
46.312079, -118.14289058
46.321079, -118.14289058
46.330079, -118.14289058
46.339079, -118.14289058
46.348079, -118.14289058
46.357079, -118.14289058
46.366079, -118.14289058
46.375079, -118.14289058
46.384079, -118.14289058
46.393079, -118.14289058
46.402079, -118.14289058
46.411079, -118.14289058
46.420079, -118.14289058
46.429079, -118.14289058
46.438079, -118.14289058
46.447079, -118.14289058
46.456079, -118.14289058
46.465079, -118.14289058
46.474079, -118.14289058
46.483079, -118.14289058
46.492079, -118.14289058
46.501079, -118.14289058
46.510079, -118.14289058
46.519079, -118.14289058
46.528079, -118.14289058
46.537079, -118.14289058
46.546079, -118.14289058
46.555079, -118.14289058
46.564079, -118.14289058
46.573079, -118.14289058
46.582079, -118.14289058
46.591079, -118.14289058
46.600079, -118.14289058
46.609079, -118.14289058
46.618079, -118.14289058
