48.652079, -117.937289203
48.661079, -117.937289203
48.670079, -117.937289203
48.679079, -117.937289203
48.688079, -117.937289203
48.697079, -117.937289203
48.706079, -117.937289203
48.715079, -117.937289203
48.724079, -117.937289203
48.733079, -117.937289203
48.742079, -117.937289203
48.751079, -117.937289203
48.760079, -117.937289203
48.769079, -117.937289203
48.778079, -117.937289203
48.787079, -117.937289203
48.796079, -117.937289203
48.805079, -117.937289203
48.814079, -117.937289203
48.823079, -117.937289203
48.832079, -117.937289203
48.841079, -117.937289203
48.850079, -117.937289203
48.859079, -117.937289203
48.868079, -117.937289203
48.877079, -117.937289203
48.886079, -117.937289203
48.895079, -117.937289203
48.904079, -117.937289203
48.913079, -117.937289203
48.922079, -117.937289203
48.931079, -117.937289203
48.940079, -117.937289203
48.949079, -117.937289203
46.213079, -117.923582444
46.222079, -117.923582444
46.231079, -117.923582444
46.240079, -117.923582444
46.249079, -117.923582444
46.258079, -117.923582444
46.267079, -117.923582444
46.276079, -117.923582444
46.285079, -117.923582444
46.294079, -117.923582444
46.303079, -117.923582444
46.312079, -117.923582444
46.321079, -117.923582444
46.330079, -117.923582444
46.339079, -117.923582444
46.348079, -117.923582444
46.357079, -117.923582444
46.366079, -117.923582444
46.375079, -117.923582444
46.384079, -117.923582444
46.393079, -117.923582444
46.402079, -117.923582444
46.411079, -117.923582444
46.420079, -117.923582444
46.429079, -117.923582444
46.438079, -117.923582444
46.447079, -117.923582444
46.456079, -117.923582444
46.465079, -117.923582444
46.474079, -117.923582444
46.483079, -117.923582444
46.492079, -117.923582444
46.501079, -117.923582444
46.510079, -117.923582444
46.519079, -117.923582444
46.528079, -117.923582444
46.537079, -117.923582444
46.546079, -117.923582444
46.555079, -117.923582444
46.564079, -117.923582444
46.573079, -117.923582444
46.582079, -117.923582444
46.591079, -117.923582444
46.600079, -117.923582444
46.609079, -117.923582444
46.618079, -117.923582444
46.627079, -117.923582444
46.636079, -117.923582444
46.645079, -117.923582444
46.654079, -117.923582444
46.663079, -117.923582444
46.672079, -117.923582444
46.681079, -117.923582444
46.690079, -117.923582444
46.699079, -117.923582444
46.708079, -117.923582444
46.717079, -117.923582444
46.726079, -117.923582444
46.735079, -117.923582444
46.744079, -117.923582444
46.753079, -117.923582444
46.762079, -117.923582444
46.771079, -117.923582444
46.780079, -117.923582444
46.789079, -117.923582444
46.798079, -117.923582444
46.807079, -117.923582444
46.816079, -117.923582444
46.825079, -117.923582444
46.834079, -117.923582444
46.843079, -117.923582444
46.852079, -117.923582444
46.861079, -117.923582444
46.870079, -117.923582444
46.879079, -117.923582444
46.888079, -117.923582444
46.897079, -117.923582444
46.906079, -117.923582444
46.915079, -117.923582444
46.924079, -117.923582444
46.933079, -117.923582444
46.942079, -117.923582444
46.951079, -117.923582444
46.960079, -117.923582444
46.969079, -117.923582444
46.978079, -117.923582444
46.987079, -117.923582444
46.996079, -117.923582444
47.005079, -117.923582444
47.014079, -117.923582444
47.023079, -117.923582444
47.032079, -117.923582444
47.041079, -117.923582444
47.050079, -117.923582444
47.059079, -117.923582444
47.068079, -117.923582444
47.077079, -117.923582444
47.086079, -117.923582444
47.095079, -117.923582444
47.104079, -117.923582444
47.113079, -117.923582444
47.122079, -117.923582444
47.131079, -117.923582444
47.140079, -117.923582444
47.149079, -117.923582444
47.158079, -117.923582444
47.167079, -117.923582444
47.176079, -117.923582444
47.185079, -117.923582444
47.194079, -117.923582444
47.203079, -117.923582444
47.212079, -117.923582444
47.221079, -117.923582444
47.230079, -117.923582444
47.239079, -117.923582444
47.248079, -117.923582444
47.257079, -117.923582444
47.266079, -117.923582444
47.275079, -117.923582444
47.284079, -117.923582444
47.293079, -117.923582444
47.302079, -117.923582444
47.311079, -117.923582444
47.320079, -117.923582444
47.329079, -117.923582444
47.338079, -117.923582444
47.347079, -117.923582444
47.356079, -117.923582444
47.365079, -117.923582444
47.374079, -117.923582444
47.383079, -117.923582444
47.392079, -117.923582444
47.401079, -117.923582444
47.410079, -117.923582444
47.419079, -117.923582444
47.428079, -117.923582444
47.437079, -117.923582444
47.446079, -117.923582444
47.455079, -117.923582444
47.464079, -117.923582444
47.473079, -117.923582444
47.482079, -117.923582444
47.491079, -117.923582444
47.500079, -117.923582444
47.509079, -117.923582444
47.518079, -117.923582444
47.527079, -117.923582444
47.536079, -117.923582444
47.545079, -117.923582444
47.554079, -117.923582444
47.563079, -117.923582444
47.572079, -117.923582444
47.581079, -117.923582444
47.590079, -117.923582444
47.599079, -117.923582444
47.608079, -117.923582444
47.617079, -117.923582444
47.626079, -117.923582444
47.635079, -117.923582444
47.644079, -117.923582444
47.653079, -117.923582444
47.662079, -117.923582444
47.671079, -117.923582444
47.680079, -117.923582444
47.689079, -117.923582444
47.698079, -117.923582444
47.707079, -117.923582444
47.716079, -117.923582444
47.725079, -117.923582444
47.734079, -117.923582444
47.743079, -117.923582444
47.752079, -117.923582444
47.761079, -117.923582444
47.770079, -117.923582444
47.779079, -117.923582444
47.788079, -117.923582444
47.797079, -117.923582444
47.806079, -117.923582444
47.815079, -117.923582444
47.824079, -117.923582444
47.833079, -117.923582444
47.842079, -117.923582444
47.851079, -117.923582444
47.860079, -117.923582444
47.869079, -117.923582444
47.878079, -117.923582444
47.887079, -117.923582444
47.896079, -117.923582444
47.905079, -117.923582444
47.914079, -117.923582444
47.923079, -117.923582444
47.932079, -117.923582444
47.941079, -117.923582444
47.950079, -117.923582444
47.959079, -117.923582444
47.968079, -117.923582444
47.977079, -117.923582444
47.986079, -117.923582444
47.995079, -117.923582444
48.004079, -117.923582444
48.013079, -117.923582444
48.022079, -117.923582444
48.031079, -117.923582444
48.040079, -117.923582444
48.049079, -117.923582444
48.058079, -117.923582444
48.067079, -117.923582444
48.076079, -117.923582444
48.085079, -117.923582444
48.094079, -117.923582444
48.103079, -117.923582444
48.112079, -117.923582444
48.121079, -117.923582444
48.130079, -117.923582444
48.139079, -117.923582444
48.148079, -117.923582444
48.157079, -117.923582444
48.166079, -117.923582444
48.175079, -117.923582444
48.184079, -117.923582444
48.193079, -117.923582444
48.202079, -117.923582444
48.211079, -117.923582444
48.220079, -117.923582444
48.229079, -117.923582444
48.238079, -117.923582444
48.247079, -117.923582444
48.256079, -117.923582444
48.265079, -117.923582444
48.274079, -117.923582444
48.283079, -117.923582444
48.292079, -117.923582444
48.301079, -117.923582444
48.310079, -117.923582444
48.319079, -117.923582444
48.328079, -117.923582444
48.337079, -117.923582444
48.346079, -117.923582444
48.355079, -117.923582444
48.364079, -117.923582444
48.373079, -117.923582444
48.382079, -117.923582444
48.391079, -117.923582444
48.400079, -117.923582444
48.409079, -117.923582444
48.418079, -117.923582444
48.427079, -117.923582444
48.436079, -117.923582444
48.445079, -117.923582444
48.454079, -117.923582444
48.463079, -117.923582444
48.472079, -117.923582444
48.481079, -117.923582444
48.490079, -117.923582444
48.499079, -117.923582444
48.508079, -117.923582444
48.517079, -117.923582444
48.526079, -117.923582444
48.535079, -117.923582444
48.544079, -117.923582444
48.553079, -117.923582444
48.562079, -117.923582444
48.571079, -117.923582444
48.580079, -117.923582444
48.589079, -117.923582444
48.598079, -117.923582444
48.607079, -117.923582444
48.616079, -117.923582444
48.625079, -117.923582444
48.634079, -117.923582444
48.643079, -117.923582444
48.652079, -117.923582444
48.661079, -117.923582444
48.670079, -117.923582444
48.679079, -117.923582444
48.688079, -117.923582444
48.697079, -117.923582444
48.706079, -117.923582444
48.715079, -117.923582444
48.724079, -117.923582444
48.733079, -117.923582444
48.742079, -117.923582444
48.751079, -117.923582444
48.760079, -117.923582444
48.769079, -117.923582444
48.778079, -117.923582444
48.787079, -117.923582444
48.796079, -117.923582444
48.805079, -117.923582444
48.814079, -117.923582444
48.823079, -117.923582444
48.832079, -117.923582444
48.841079, -117.923582444
48.850079, -117.923582444
48.859079, -117.923582444
48.868079, -117.923582444
48.877079, -117.923582444
48.886079, -117.923582444
48.895079, -117.923582444
48.904079, -117.923582444
48.913079, -117.923582444
48.922079, -117.923582444
48.931079, -117.923582444
48.940079, -117.923582444
48.949079, -117.923582444
46.213079, -117.909875686
46.222079, -117.909875686
46.231079, -117.909875686
46.240079, -117.909875686
46.249079, -117.909875686
46.258079, -117.909875686
46.267079, -117.909875686
46.276079, -117.909875686
46.285079, -117.909875686
46.294079, -117.909875686
46.303079, -117.909875686
46.312079, -117.909875686
46.321079, -117.909875686
46.330079, -117.909875686
46.339079, -117.909875686
46.348079, -117.909875686
46.357079, -117.909875686
46.366079, -117.909875686
46.375079, -117.909875686
46.384079, -117.909875686
46.393079, -117.909875686
46.402079, -117.909875686
46.411079, -117.909875686
46.420079, -117.909875686
46.429079, -117.909875686
46.438079, -117.909875686
46.447079, -117.909875686
46.456079, -117.909875686
46.465079, -117.909875686
46.474079, -117.909875686
46.483079, -117.909875686
46.492079, -117.909875686
46.501079, -117.909875686
46.510079, -117.909875686
46.519079, -117.909875686
46.528079, -117.909875686
46.537079, -117.909875686
46.546079, -117.909875686
46.555079, -117.909875686
46.564079, -117.909875686
46.573079, -117.909875686
46.582079, -117.909875686
46.591079, -117.909875686
46.600079, -117.909875686
46.609079, -117.909875686
46.618079, -117.909875686
46.627079, -117.909875686
46.636079, -117.909875686
46.645079, -117.909875686
46.654079, -117.909875686
46.663079, -117.909875686
46.672079, -117.909875686
46.681079, -117.909875686
46.690079, -117.909875686
46.699079, -117.909875686
46.708079, -117.909875686
46.717079, -117.909875686
46.726079, -117.909875686
46.735079, -117.909875686
46.744079, -117.909875686
46.753079, -117.909875686
46.762079, -117.909875686
46.771079, -117.909875686
46.780079, -117.909875686
46.789079, -117.909875686
46.798079, -117.909875686
46.807079, -117.909875686
46.816079, -117.909875686
46.825079, -117.909875686
46.834079, -117.909875686
46.843079, -117.909875686
46.852079, -117.909875686
46.861079, -117.909875686
46.870079, -117.909875686
46.879079, -117.909875686
46.888079, -117.909875686
46.897079, -117.909875686
46.906079, -117.909875686
46.915079, -117.909875686
46.924079, -117.909875686
46.933079, -117.909875686
46.942079, -117.909875686
46.951079, -117.909875686
46.960079, -117.909875686
46.969079, -117.909875686
46.978079, -117.909875686
46.987079, -117.909875686
46.996079, -117.909875686
47.005079, -117.909875686
47.014079, -117.909875686
47.023079, -117.909875686
47.032079, -117.909875686
47.041079, -117.909875686
47.050079, -117.909875686
47.059079, -117.909875686
47.068079, -117.909875686
47.077079, -117.909875686
47.086079, -117.909875686
47.095079, -117.909875686
47.104079, -117.909875686
47.113079, -117.909875686
47.122079, -117.909875686
47.131079, -117.909875686
47.140079, -117.909875686
47.149079, -117.909875686
47.158079, -117.909875686
47.167079, -117.909875686
47.176079, -117.909875686
47.185079, -117.909875686
47.194079, -117.909875686
47.203079, -117.909875686
47.212079, -117.909875686
47.221079, -117.909875686
47.230079, -117.909875686
47.239079, -117.909875686
47.248079, -117.909875686
47.257079, -117.909875686
47.266079, -117.909875686
47.275079, -117.909875686
47.284079, -117.909875686
47.293079, -117.909875686
47.302079, -117.909875686
47.311079, -117.909875686
47.320079, -117.909875686
47.329079, -117.909875686
47.338079, -117.909875686
47.347079, -117.909875686
47.356079, -117.909875686
47.365079, -117.909875686
47.374079, -117.909875686
47.383079, -117.909875686
47.392079, -117.909875686
47.401079, -117.909875686
47.410079, -117.909875686
47.419079, -117.909875686
47.428079, -117.909875686
47.437079, -117.909875686
47.446079, -117.909875686
47.455079, -117.909875686
47.464079, -117.909875686
47.473079, -117.909875686
47.482079, -117.909875686
47.491079, -117.909875686
47.500079, -117.909875686
47.509079, -117.909875686
47.518079, -117.909875686
47.527079, -117.909875686
47.536079, -117.909875686
47.545079, -117.909875686
47.554079, -117.909875686
47.563079, -117.909875686
47.572079, -117.909875686
47.581079, -117.909875686
47.590079, -117.909875686
47.599079, -117.909875686
47.608079, -117.909875686
47.617079, -117.909875686
47.626079, -117.909875686
47.635079, -117.909875686
47.644079, -117.909875686
47.653079, -117.909875686
47.662079, -117.909875686
47.671079, -117.909875686
47.680079, -117.909875686
47.689079, -117.909875686
47.698079, -117.909875686
47.707079, -117.909875686
47.716079, -117.909875686
47.725079, -117.909875686
47.734079, -117.909875686
47.743079, -117.909875686
47.752079, -117.909875686
47.761079, -117.909875686
47.770079, -117.909875686
47.779079, -117.909875686
47.788079, -117.909875686
47.797079, -117.909875686
47.806079, -117.909875686
47.815079, -117.909875686
47.824079, -117.909875686
47.833079, -117.909875686
47.842079, -117.909875686
47.851079, -117.909875686
47.860079, -117.909875686
47.869079, -117.909875686
47.878079, -117.909875686
47.887079, -117.909875686
47.896079, -117.909875686
47.905079, -117.909875686
47.914079, -117.909875686
47.923079, -117.909875686
47.932079, -117.909875686
47.941079, -117.909875686
47.950079, -117.909875686
47.959079, -117.909875686
47.968079, -117.909875686
47.977079, -117.909875686
47.986079, -117.909875686
47.995079, -117.909875686
48.004079, -117.909875686
48.013079, -117.909875686
48.022079, -117.909875686
48.031079, -117.909875686
48.040079, -117.909875686
48.049079, -117.909875686
48.058079, -117.909875686
48.067079, -117.909875686
48.076079, -117.909875686
48.085079, -117.909875686
48.094079, -117.909875686
48.103079, -117.909875686
48.112079, -117.909875686
48.121079, -117.909875686
48.130079, -117.909875686
48.139079, -117.909875686
48.148079, -117.909875686
48.157079, -117.909875686
48.166079, -117.909875686
48.175079, -117.909875686
48.184079, -117.909875686
48.193079, -117.909875686
48.202079, -117.909875686
48.211079, -117.909875686
48.220079, -117.909875686
48.229079, -117.909875686
48.238079, -117.909875686
48.247079, -117.909875686
48.256079, -117.909875686
48.265079, -117.909875686
48.274079, -117.909875686
48.283079, -117.909875686
48.292079, -117.909875686
48.301079, -117.909875686
48.310079, -117.909875686
48.319079, -117.909875686
48.328079, -117.909875686
48.337079, -117.909875686
48.346079, -117.909875686
48.355079, -117.909875686
48.364079, -117.909875686
48.373079, -117.909875686
48.382079, -117.909875686
48.391079, -117.909875686
48.400079, -117.909875686
48.409079, -117.909875686
48.418079, -117.909875686
48.427079, -117.909875686
48.436079, -117.909875686
48.445079, -117.909875686
48.454079, -117.909875686
48.463079, -117.909875686
48.472079, -117.909875686
48.481079, -117.909875686
48.490079, -117.909875686
48.499079, -117.909875686
48.508079, -117.909875686
48.517079, -117.909875686
48.526079, -117.909875686
48.535079, -117.909875686
48.544079, -117.909875686
48.553079, -117.909875686
48.562079, -117.909875686
48.571079, -117.909875686
48.580079, -117.909875686
48.589079, -117.909875686
48.598079, -117.909875686
48.607079, -117.909875686
48.616079, -117.909875686
48.625079, -117.909875686
48.634079, -117.909875686
48.643079, -117.909875686
48.652079, -117.909875686
48.661079, -117.909875686
48.670079, -117.909875686
48.679079, -117.909875686
48.688079, -117.909875686
48.697079, -117.909875686
48.706079, -117.909875686
48.715079, -117.909875686
48.724079, -117.909875686
48.733079, -117.909875686
48.742079, -117.909875686
48.751079, -117.909875686
48.760079, -117.909875686
48.769079, -117.909875686
48.778079, -117.909875686
48.787079, -117.909875686
48.796079, -117.909875686
48.805079, -117.909875686
48.814079, -117.909875686
48.823079, -117.909875686
48.832079, -117.909875686
48.841079, -117.909875686
48.850079, -117.909875686
48.859079, -117.909875686
48.868079, -117.909875686
48.877079, -117.909875686
48.886079, -117.909875686
48.895079, -117.909875686
48.904079, -117.909875686
48.913079, -117.909875686
48.922079, -117.909875686
48.931079, -117.909875686
48.940079, -117.909875686
48.949079, -117.909875686
46.213079, -117.896168928
46.222079, -117.896168928
46.231079, -117.896168928
46.240079, -117.896168928
46.249079, -117.896168928
46.258079, -117.896168928
46.267079, -117.896168928
46.276079, -117.896168928
46.285079, -117.896168928
46.294079, -117.896168928
46.303079, -117.896168928
46.312079, -117.896168928
46.321079, -117.896168928
46.330079, -117.896168928
46.339079, -117.896168928
46.348079, -117.896168928
46.357079, -117.896168928
46.366079, -117.896168928
46.375079, -117.896168928
46.384079, -117.896168928
46.393079, -117.896168928
46.402079, -117.896168928
46.411079, -117.896168928
46.420079, -117.896168928
46.429079, -117.896168928
46.438079, -117.896168928
46.447079, -117.896168928
46.456079, -117.896168928
46.465079, -117.896168928
46.474079, -117.896168928
46.483079, -117.896168928
46.492079, -117.896168928
46.501079, -117.896168928
46.510079, -117.896168928
46.519079, -117.896168928
46.528079, -117.896168928
46.537079, -117.896168928
46.546079, -117.896168928
46.555079, -117.896168928
46.564079, -117.896168928
46.573079, -117.896168928
46.582079, -117.896168928
46.591079, -117.896168928
46.600079, -117.896168928
46.609079, -117.896168928
46.618079, -117.896168928
46.627079, -117.896168928
46.636079, -117.896168928
46.645079, -117.896168928
46.654079, -117.896168928
46.663079, -117.896168928
46.672079, -117.896168928
46.681079, -117.896168928
46.690079, -117.896168928
46.699079, -117.896168928
46.708079, -117.896168928
46.717079, -117.896168928
46.726079, -117.896168928
46.735079, -117.896168928
46.744079, -117.896168928
46.753079, -117.896168928
46.762079, -117.896168928
46.771079, -117.896168928
46.780079, -117.896168928
46.789079, -117.896168928
46.798079, -117.896168928
46.807079, -117.896168928
46.816079, -117.896168928
46.825079, -117.896168928
46.834079, -117.896168928
46.843079, -117.896168928
46.852079, -117.896168928
46.861079, -117.896168928
46.870079, -117.896168928
46.879079, -117.896168928
46.888079, -117.896168928
46.897079, -117.896168928
46.906079, -117.896168928
46.915079, -117.896168928
46.924079, -117.896168928
46.933079, -117.896168928
46.942079, -117.896168928
46.951079, -117.896168928
46.960079, -117.896168928
46.969079, -117.896168928
46.978079, -117.896168928
46.987079, -117.896168928
46.996079, -117.896168928
47.005079, -117.896168928
47.014079, -117.896168928
47.023079, -117.896168928
47.032079, -117.896168928
47.041079, -117.896168928
47.050079, -117.896168928
47.059079, -117.896168928
47.068079, -117.896168928
47.077079, -117.896168928
47.086079, -117.896168928
47.095079, -117.896168928
47.104079, -117.896168928
47.113079, -117.896168928
47.122079, -117.896168928
47.131079, -117.896168928
47.140079, -117.896168928
47.149079, -117.896168928
47.158079, -117.896168928
47.167079, -117.896168928
47.176079, -117.896168928
47.185079, -117.896168928
47.194079, -117.896168928
47.203079, -117.896168928
47.212079, -117.896168928
47.221079, -117.896168928
47.230079, -117.896168928
47.239079, -117.896168928
47.248079, -117.896168928
47.257079, -117.896168928
47.266079, -117.896168928
47.275079, -117.896168928
47.284079, -117.896168928
47.293079, -117.896168928
47.302079, -117.896168928
47.311079, -117.896168928
47.320079, -117.896168928
47.329079, -117.896168928
47.338079, -117.896168928
47.347079, -117.896168928
47.356079, -117.896168928
47.365079, -117.896168928
47.374079, -117.896168928
47.383079, -117.896168928
47.392079, -117.896168928
47.401079, -117.896168928
47.410079, -117.896168928
47.419079, -117.896168928
47.428079, -117.896168928
47.437079, -117.896168928
47.446079, -117.896168928
47.455079, -117.896168928
47.464079, -117.896168928
47.473079, -117.896168928
47.482079, -117.896168928
47.491079, -117.896168928
47.500079, -117.896168928
47.509079, -117.896168928
47.518079, -117.896168928
47.527079, -117.896168928
47.536079, -117.896168928
47.545079, -117.896168928
47.554079, -117.896168928
47.563079, -117.896168928
47.572079, -117.896168928
47.581079, -117.896168928
47.590079, -117.896168928
47.599079, -117.896168928
47.608079, -117.896168928
47.617079, -117.896168928
47.626079, -117.896168928
47.635079, -117.896168928
47.644079, -117.896168928
47.653079, -117.896168928
47.662079, -117.896168928
47.671079, -117.896168928
47.680079, -117.896168928
47.689079, -117.896168928
47.698079, -117.896168928
47.707079, -117.896168928
47.716079, -117.896168928
47.725079, -117.896168928
47.734079, -117.896168928
47.743079, -117.896168928
47.752079, -117.896168928
47.761079, -117.896168928
47.770079, -117.896168928
47.779079, -117.896168928
47.788079, -117.896168928
47.797079, -117.896168928
47.806079, -117.896168928
47.815079, -117.896168928
47.824079, -117.896168928
47.833079, -117.896168928
47.842079, -117.896168928
47.851079, -117.896168928
47.860079, -117.896168928
47.869079, -117.896168928
47.878079, -117.896168928
47.887079, -117.896168928
47.896079, -117.896168928
47.905079, -117.896168928
47.914079, -117.896168928
47.923079, -117.896168928
47.932079, -117.896168928
47.941079, -117.896168928
47.950079, -117.896168928
47.959079, -117.896168928
47.968079, -117.896168928
47.977079, -117.896168928
47.986079, -117.896168928
47.995079, -117.896168928
48.004079, -117.896168928
48.013079, -117.896168928
48.022079, -117.896168928
48.031079, -117.896168928
48.040079, -117.896168928
48.049079, -117.896168928
48.058079, -117.896168928
48.067079, -117.896168928
48.076079, -117.896168928
48.085079, -117.896168928
48.094079, -117.896168928
48.103079, -117.896168928
48.112079, -117.896168928
48.121079, -117.896168928
48.130079, -117.896168928
48.139079, -117.896168928
48.148079, -117.896168928
48.157079, -117.896168928
48.166079, -117.896168928
48.175079, -117.896168928
48.184079, -117.896168928
48.193079, -117.896168928
48.202079, -117.896168928
48.211079, -117.896168928
48.220079, -117.896168928
48.229079, -117.896168928
48.238079, -117.896168928
48.247079, -117.896168928
48.256079, -117.896168928
48.265079, -117.896168928
48.274079, -117.896168928
48.283079, -117.896168928
48.292079, -117.896168928
48.301079, -117.896168928
48.310079, -117.896168928
48.319079, -117.896168928
48.328079, -117.896168928
48.337079, -117.896168928
48.346079, -117.896168928
48.355079, -117.896168928
48.364079, -117.896168928
48.373079, -117.896168928
48.382079, -117.896168928
48.391079, -117.896168928
48.400079, -117.896168928
48.409079, -117.896168928
48.418079, -117.896168928
48.427079, -117.896168928
48.436079, -117.896168928
48.445079, -117.896168928
48.454079, -117.896168928
48.463079, -117.896168928
48.472079, -117.896168928
48.481079, -117.896168928
48.490079, -117.896168928
48.499079, -117.896168928
48.508079, -117.896168928
48.517079, -117.896168928
48.526079, -117.896168928
48.535079, -117.896168928
48.544079, -117.896168928
48.553079, -117.896168928
48.562079, -117.896168928
48.571079, -117.896168928
48.580079, -117.896168928
48.589079, -117.896168928
48.598079, -117.896168928
48.607079, -117.896168928
48.616079, -117.896168928
48.625079, -117.896168928
48.634079, -117.896168928
48.643079, -117.896168928
48.652079, -117.896168928
48.661079, -117.896168928
48.670079, -117.896168928
48.679079, -117.896168928
48.688079, -117.896168928
48.697079, -117.896168928
48.706079, -117.896168928
48.715079, -117.896168928
48.724079, -117.896168928
48.733079, -117.896168928
48.742079, -117.896168928
48.751079, -117.896168928
48.760079, -117.896168928
48.769079, -117.896168928
48.778079, -117.896168928
48.787079, -117.896168928
48.796079, -117.896168928
48.805079, -117.896168928
48.814079, -117.896168928
48.823079, -117.896168928
48.832079, -117.896168928
48.841079, -117.896168928
48.850079, -117.896168928
48.859079, -117.896168928
48.868079, -117.896168928
48.877079, -117.896168928
48.886079, -117.896168928
48.895079, -117.896168928
48.904079, -117.896168928
48.913079, -117.896168928
48.922079, -117.896168928
48.931079, -117.896168928
48.940079, -117.896168928
48.949079, -117.896168928
46.213079, -117.882462169
46.222079, -117.882462169
46.231079, -117.882462169
46.240079, -117.882462169
46.249079, -117.882462169
46.258079, -117.882462169
46.267079, -117.882462169
46.276079, -117.882462169
46.285079, -117.882462169
46.294079, -117.882462169
46.303079, -117.882462169
46.312079, -117.882462169
46.321079, -117.882462169
46.330079, -117.882462169
46.339079, -117.882462169
46.348079, -117.882462169
46.357079, -117.882462169
46.366079, -117.882462169
46.375079, -117.882462169
46.384079, -117.882462169
46.393079, -117.882462169
46.402079, -117.882462169
46.411079, -117.882462169
46.420079, -117.882462169
46.429079, -117.882462169
46.438079, -117.882462169
46.447079, -117.882462169
46.456079, -117.882462169
46.465079, -117.882462169
46.474079, -117.882462169
46.483079, -117.882462169
46.492079, -117.882462169
46.501079, -117.882462169
46.510079, -117.882462169
46.519079, -117.882462169
46.528079, -117.882462169
46.537079, -117.882462169
46.546079, -117.882462169
46.555079, -117.882462169
46.564079, -117.882462169
46.573079, -117.882462169
46.582079, -117.882462169
46.591079, -117.882462169
46.600079, -117.882462169
46.609079, -117.882462169
46.618079, -117.882462169
46.627079, -117.882462169
46.636079, -117.882462169
46.645079, -117.882462169
46.654079, -117.882462169
46.663079, -117.882462169
46.672079, -117.882462169
46.681079, -117.882462169
46.690079, -117.882462169
46.699079, -117.882462169
46.708079, -117.882462169
46.717079, -117.882462169
46.726079, -117.882462169
46.735079, -117.882462169
46.744079, -117.882462169
46.753079, -117.882462169
46.762079, -117.882462169
46.771079, -117.882462169
46.780079, -117.882462169
46.789079, -117.882462169
46.798079, -117.882462169
46.807079, -117.882462169
46.816079, -117.882462169
46.825079, -117.882462169
46.834079, -117.882462169
46.843079, -117.882462169
46.852079, -117.882462169
46.861079, -117.882462169
46.870079, -117.882462169
46.879079, -117.882462169
46.888079, -117.882462169
46.897079, -117.882462169
46.906079, -117.882462169
46.915079, -117.882462169
46.924079, -117.882462169
46.933079, -117.882462169
46.942079, -117.882462169
46.951079, -117.882462169
46.960079, -117.882462169
46.969079, -117.882462169
46.978079, -117.882462169
46.987079, -117.882462169
46.996079, -117.882462169
47.005079, -117.882462169
47.014079, -117.882462169
47.023079, -117.882462169
47.032079, -117.882462169
47.041079, -117.882462169
47.050079, -117.882462169
47.059079, -117.882462169
47.068079, -117.882462169
47.077079, -117.882462169
47.086079, -117.882462169
47.095079, -117.882462169
47.104079, -117.882462169
47.113079, -117.882462169
47.122079, -117.882462169
47.131079, -117.882462169
47.140079, -117.882462169
47.149079, -117.882462169
47.158079, -117.882462169
47.167079, -117.882462169
47.176079, -117.882462169
47.185079, -117.882462169
47.194079, -117.882462169
47.203079, -117.882462169
47.212079, -117.882462169
47.221079, -117.882462169
47.230079, -117.882462169
47.239079, -117.882462169
47.248079, -117.882462169
47.257079, -117.882462169
47.266079, -117.882462169
47.275079, -117.882462169
47.284079, -117.882462169
47.293079, -117.882462169
47.302079, -117.882462169
47.311079, -117.882462169
47.320079, -117.882462169
47.329079, -117.882462169
47.338079, -117.882462169
47.347079, -117.882462169
47.356079, -117.882462169
47.365079, -117.882462169
47.374079, -117.882462169
47.383079, -117.882462169
47.392079, -117.882462169
47.401079, -117.882462169
47.410079, -117.882462169
47.419079, -117.882462169
47.428079, -117.882462169
47.437079, -117.882462169
47.446079, -117.882462169
47.455079, -117.882462169
47.464079, -117.882462169
47.473079, -117.882462169
47.482079, -117.882462169
47.491079, -117.882462169
47.500079, -117.882462169
47.509079, -117.882462169
47.518079, -117.882462169
47.527079, -117.882462169
47.536079, -117.882462169
47.545079, -117.882462169
47.554079, -117.882462169
47.563079, -117.882462169
47.572079, -117.882462169
47.581079, -117.882462169
47.590079, -117.882462169
47.599079, -117.882462169
47.608079, -117.882462169
47.617079, -117.882462169
47.626079, -117.882462169
47.635079, -117.882462169
47.644079, -117.882462169
47.653079, -117.882462169
47.662079, -117.882462169
47.671079, -117.882462169
47.680079, -117.882462169
47.689079, -117.882462169
47.698079, -117.882462169
47.707079, -117.882462169
47.716079, -117.882462169
47.725079, -117.882462169
47.734079, -117.882462169
47.743079, -117.882462169
47.752079, -117.882462169
47.761079, -117.882462169
47.770079, -117.882462169
47.779079, -117.882462169
47.788079, -117.882462169
47.797079, -117.882462169
47.806079, -117.882462169
47.815079, -117.882462169
47.824079, -117.882462169
47.833079, -117.882462169
47.842079, -117.882462169
47.851079, -117.882462169
47.860079, -117.882462169
47.869079, -117.882462169
47.878079, -117.882462169
47.887079, -117.882462169
47.896079, -117.882462169
47.905079, -117.882462169
47.914079, -117.882462169
47.923079, -117.882462169
47.932079, -117.882462169
47.941079, -117.882462169
47.950079, -117.882462169
47.959079, -117.882462169
47.968079, -117.882462169
47.977079, -117.882462169
47.986079, -117.882462169
47.995079, -117.882462169
48.004079, -117.882462169
48.013079, -117.882462169
48.022079, -117.882462169
48.031079, -117.882462169
48.040079, -117.882462169
48.049079, -117.882462169
48.058079, -117.882462169
48.067079, -117.882462169
48.076079, -117.882462169
48.085079, -117.882462169
48.094079, -117.882462169
48.103079, -117.882462169
48.112079, -117.882462169
48.121079, -117.882462169
48.130079, -117.882462169
48.139079, -117.882462169
48.148079, -117.882462169
48.157079, -117.882462169
48.166079, -117.882462169
48.175079, -117.882462169
48.184079, -117.882462169
48.193079, -117.882462169
48.202079, -117.882462169
48.211079, -117.882462169
48.220079, -117.882462169
48.229079, -117.882462169
48.238079, -117.882462169
48.247079, -117.882462169
48.256079, -117.882462169
48.265079, -117.882462169
48.274079, -117.882462169
48.283079, -117.882462169
48.292079, -117.882462169
48.301079, -117.882462169
48.310079, -117.882462169
48.319079, -117.882462169
48.328079, -117.882462169
48.337079, -117.882462169
48.346079, -117.882462169
48.355079, -117.882462169
48.364079, -117.882462169
48.373079, -117.882462169
48.382079, -117.882462169
48.391079, -117.882462169
48.400079, -117.882462169
48.409079, -117.882462169
48.418079, -117.882462169
48.427079, -117.882462169
48.436079, -117.882462169
48.445079, -117.882462169
48.454079, -117.882462169
48.463079, -117.882462169
48.472079, -117.882462169
48.481079, -117.882462169
48.490079, -117.882462169
48.499079, -117.882462169
48.508079, -117.882462169
48.517079, -117.882462169
48.526079, -117.882462169
48.535079, -117.882462169
48.544079, -117.882462169
48.553079, -117.882462169
48.562079, -117.882462169
48.571079, -117.882462169
48.580079, -117.882462169
48.589079, -117.882462169
48.598079, -117.882462169
48.607079, -117.882462169
48.616079, -117.882462169
48.625079, -117.882462169
48.634079, -117.882462169
48.643079, -117.882462169
48.652079, -117.882462169
48.661079, -117.882462169
48.670079, -117.882462169
48.679079, -117.882462169
48.688079, -117.882462169
48.697079, -117.882462169
48.706079, -117.882462169
48.715079, -117.882462169
48.724079, -117.882462169
48.733079, -117.882462169
48.742079, -117.882462169
48.751079, -117.882462169
48.760079, -117.882462169
48.769079, -117.882462169
48.778079, -117.882462169
48.787079, -117.882462169
48.796079, -117.882462169
48.805079, -117.882462169
48.814079, -117.882462169
48.823079, -117.882462169
48.832079, -117.882462169
48.841079, -117.882462169
48.850079, -117.882462169
48.859079, -117.882462169
48.868079, -117.882462169
48.877079, -117.882462169
48.886079, -117.882462169
48.895079, -117.882462169
48.904079, -117.882462169
48.913079, -117.882462169
48.922079, -117.882462169
48.931079, -117.882462169
48.940079, -117.882462169
48.949079, -117.882462169
46.213079, -117.868755411
46.222079, -117.868755411
46.231079, -117.868755411
46.240079, -117.868755411
46.249079, -117.868755411
46.258079, -117.868755411
46.267079, -117.868755411
46.276079, -117.868755411
46.285079, -117.868755411
46.294079, -117.868755411
46.303079, -117.868755411
46.312079, -117.868755411
46.321079, -117.868755411
46.330079, -117.868755411
46.339079, -117.868755411
46.348079, -117.868755411
46.357079, -117.868755411
46.366079, -117.868755411
46.375079, -117.868755411
46.384079, -117.868755411
46.393079, -117.868755411
46.402079, -117.868755411
46.411079, -117.868755411
46.420079, -117.868755411
46.429079, -117.868755411
46.438079, -117.868755411
46.447079, -117.868755411
46.456079, -117.868755411
46.465079, -117.868755411
46.474079, -117.868755411
46.483079, -117.868755411
46.492079, -117.868755411
46.501079, -117.868755411
46.510079, -117.868755411
46.519079, -117.868755411
46.528079, -117.868755411
46.537079, -117.868755411
46.546079, -117.868755411
46.555079, -117.868755411
46.564079, -117.868755411
46.573079, -117.868755411
46.582079, -117.868755411
46.591079, -117.868755411
46.600079, -117.868755411
46.609079, -117.868755411
46.618079, -117.868755411
46.627079, -117.868755411
46.636079, -117.868755411
46.645079, -117.868755411
46.654079, -117.868755411
46.663079, -117.868755411
46.672079, -117.868755411
46.681079, -117.868755411
46.690079, -117.868755411
46.699079, -117.868755411
46.708079, -117.868755411
46.717079, -117.868755411
46.726079, -117.868755411
46.735079, -117.868755411
46.744079, -117.868755411
46.753079, -117.868755411
46.762079, -117.868755411
46.771079, -117.868755411
46.780079, -117.868755411
46.789079, -117.868755411
46.798079, -117.868755411
46.807079, -117.868755411
46.816079, -117.868755411
46.825079, -117.868755411
46.834079, -117.868755411
46.843079, -117.868755411
46.852079, -117.868755411
46.861079, -117.868755411
46.870079, -117.868755411
46.879079, -117.868755411
46.888079, -117.868755411
46.897079, -117.868755411
46.906079, -117.868755411
46.915079, -117.868755411
46.924079, -117.868755411
46.933079, -117.868755411
46.942079, -117.868755411
46.951079, -117.868755411
46.960079, -117.868755411
46.969079, -117.868755411
46.978079, -117.868755411
46.987079, -117.868755411
46.996079, -117.868755411
47.005079, -117.868755411
47.014079, -117.868755411
47.023079, -117.868755411
47.032079, -117.868755411
47.041079, -117.868755411
47.050079, -117.868755411
47.059079, -117.868755411
47.068079, -117.868755411
47.077079, -117.868755411
47.086079, -117.868755411
47.095079, -117.868755411
47.104079, -117.868755411
47.113079, -117.868755411
47.122079, -117.868755411
47.131079, -117.868755411
47.140079, -117.868755411
47.149079, -117.868755411
47.158079, -117.868755411
47.167079, -117.868755411
47.176079, -117.868755411
47.185079, -117.868755411
47.194079, -117.868755411
47.203079, -117.868755411
47.212079, -117.868755411
47.221079, -117.868755411
47.230079, -117.868755411
47.239079, -117.868755411
47.248079, -117.868755411
47.257079, -117.868755411
47.266079, -117.868755411
47.275079, -117.868755411
47.284079, -117.868755411
47.293079, -117.868755411
47.302079, -117.868755411
47.311079, -117.868755411
47.320079, -117.868755411
47.329079, -117.868755411
47.338079, -117.868755411
47.347079, -117.868755411
47.356079, -117.868755411
47.365079, -117.868755411
47.374079, -117.868755411
47.383079, -117.868755411
47.392079, -117.868755411
47.401079, -117.868755411
47.410079, -117.868755411
47.419079, -117.868755411
47.428079, -117.868755411
47.437079, -117.868755411
47.446079, -117.868755411
47.455079, -117.868755411
47.464079, -117.868755411
47.473079, -117.868755411
47.482079, -117.868755411
47.491079, -117.868755411
47.500079, -117.868755411
47.509079, -117.868755411
47.518079, -117.868755411
47.527079, -117.868755411
47.536079, -117.868755411
47.545079, -117.868755411
47.554079, -117.868755411
47.563079, -117.868755411
47.572079, -117.868755411
47.581079, -117.868755411
47.590079, -117.868755411
47.599079, -117.868755411
47.608079, -117.868755411
47.617079, -117.868755411
47.626079, -117.868755411
47.635079, -117.868755411
47.644079, -117.868755411
47.653079, -117.868755411
47.662079, -117.868755411
47.671079, -117.868755411
47.680079, -117.868755411
47.689079, -117.868755411
47.698079, -117.868755411
47.707079, -117.868755411
47.716079, -117.868755411
47.725079, -117.868755411
47.734079, -117.868755411
47.743079, -117.868755411
47.752079, -117.868755411
47.761079, -117.868755411
47.770079, -117.868755411
47.779079, -117.868755411
47.788079, -117.868755411
47.797079, -117.868755411
47.806079, -117.868755411
47.815079, -117.868755411
47.824079, -117.868755411
47.833079, -117.868755411
47.842079, -117.868755411
47.851079, -117.868755411
47.860079, -117.868755411
47.869079, -117.868755411
47.878079, -117.868755411
47.887079, -117.868755411
47.896079, -117.868755411
47.905079, -117.868755411
47.914079, -117.868755411
47.923079, -117.868755411
47.932079, -117.868755411
47.941079, -117.868755411
47.950079, -117.868755411
47.959079, -117.868755411
47.968079, -117.868755411
47.977079, -117.868755411
47.986079, -117.868755411
47.995079, -117.868755411
48.004079, -117.868755411
48.013079, -117.868755411
48.022079, -117.868755411
48.031079, -117.868755411
48.040079, -117.868755411
48.049079, -117.868755411
48.058079, -117.868755411
48.067079, -117.868755411
48.076079, -117.868755411
48.085079, -117.868755411
48.094079, -117.868755411
48.103079, -117.868755411
48.112079, -117.868755411
48.121079, -117.868755411
48.130079, -117.868755411
48.139079, -117.868755411
48.148079, -117.868755411
48.157079, -117.868755411
48.166079, -117.868755411
48.175079, -117.868755411
48.184079, -117.868755411
48.193079, -117.868755411
48.202079, -117.868755411
48.211079, -117.868755411
48.220079, -117.868755411
48.229079, -117.868755411
48.238079, -117.868755411
48.247079, -117.868755411
48.256079, -117.868755411
48.265079, -117.868755411
48.274079, -117.868755411
48.283079, -117.868755411
48.292079, -117.868755411
48.301079, -117.868755411
48.310079, -117.868755411
48.319079, -117.868755411
48.328079, -117.868755411
48.337079, -117.868755411
48.346079, -117.868755411
48.355079, -117.868755411
48.364079, -117.868755411
48.373079, -117.868755411
48.382079, -117.868755411
48.391079, -117.868755411
48.400079, -117.868755411
48.409079, -117.868755411
48.418079, -117.868755411
48.427079, -117.868755411
48.436079, -117.868755411
48.445079, -117.868755411
48.454079, -117.868755411
48.463079, -117.868755411
48.472079, -117.868755411
48.481079, -117.868755411
48.490079, -117.868755411
48.499079, -117.868755411
48.508079, -117.868755411
48.517079, -117.868755411
48.526079, -117.868755411
48.535079, -117.868755411
48.544079, -117.868755411
48.553079, -117.868755411
48.562079, -117.868755411
48.571079, -117.868755411
48.580079, -117.868755411
48.589079, -117.868755411
48.598079, -117.868755411
48.607079, -117.868755411
48.616079, -117.868755411
48.625079, -117.868755411
48.634079, -117.868755411
48.643079, -117.868755411
48.652079, -117.868755411
48.661079, -117.868755411
48.670079, -117.868755411
48.679079, -117.868755411
48.688079, -117.868755411
48.697079, -117.868755411
48.706079, -117.868755411
48.715079, -117.868755411
48.724079, -117.868755411
48.733079, -117.868755411
48.742079, -117.868755411
48.751079, -117.868755411
48.760079, -117.868755411
48.769079, -117.868755411
48.778079, -117.868755411
48.787079, -117.868755411
48.796079, -117.868755411
48.805079, -117.868755411
48.814079, -117.868755411
48.823079, -117.868755411
48.832079, -117.868755411
48.841079, -117.868755411
48.850079, -117.868755411
48.859079, -117.868755411
48.868079, -117.868755411
48.877079, -117.868755411
48.886079, -117.868755411
48.895079, -117.868755411
48.904079, -117.868755411
48.913079, -117.868755411
48.922079, -117.868755411
48.931079, -117.868755411
48.940079, -117.868755411
48.949079, -117.868755411
46.213079, -117.855048652
46.222079, -117.855048652
46.231079, -117.855048652
46.240079, -117.855048652
46.249079, -117.855048652
46.258079, -117.855048652
46.267079, -117.855048652
46.276079, -117.855048652
46.285079, -117.855048652
46.294079, -117.855048652
46.303079, -117.855048652
46.312079, -117.855048652
46.321079, -117.855048652
46.330079, -117.855048652
46.339079, -117.855048652
46.348079, -117.855048652
46.357079, -117.855048652
46.366079, -117.855048652
46.375079, -117.855048652
46.384079, -117.855048652
46.393079, -117.855048652
46.402079, -117.855048652
46.411079, -117.855048652
46.420079, -117.855048652
46.429079, -117.855048652
46.438079, -117.855048652
46.447079, -117.855048652
46.456079, -117.855048652
46.465079, -117.855048652
46.474079, -117.855048652
46.483079, -117.855048652
46.492079, -117.855048652
46.501079, -117.855048652
46.510079, -117.855048652
46.519079, -117.855048652
46.528079, -117.855048652
46.537079, -117.855048652
46.546079, -117.855048652
46.555079, -117.855048652
46.564079, -117.855048652
46.573079, -117.855048652
46.582079, -117.855048652
46.591079, -117.855048652
46.600079, -117.855048652
46.609079, -117.855048652
46.618079, -117.855048652
46.627079, -117.855048652
46.636079, -117.855048652
46.645079, -117.855048652
46.654079, -117.855048652
46.663079, -117.855048652
46.672079, -117.855048652
46.681079, -117.855048652
46.690079, -117.855048652
46.699079, -117.855048652
46.708079, -117.855048652
46.717079, -117.855048652
46.726079, -117.855048652
46.735079, -117.855048652
46.744079, -117.855048652
46.753079, -117.855048652
46.762079, -117.855048652
46.771079, -117.855048652
46.780079, -117.855048652
46.789079, -117.855048652
46.798079, -117.855048652
46.807079, -117.855048652
46.816079, -117.855048652
46.825079, -117.855048652
46.834079, -117.855048652
46.843079, -117.855048652
46.852079, -117.855048652
46.861079, -117.855048652
46.870079, -117.855048652
46.879079, -117.855048652
46.888079, -117.855048652
46.897079, -117.855048652
46.906079, -117.855048652
46.915079, -117.855048652
46.924079, -117.855048652
46.933079, -117.855048652
46.942079, -117.855048652
46.951079, -117.855048652
46.960079, -117.855048652
46.969079, -117.855048652
46.978079, -117.855048652
46.987079, -117.855048652
46.996079, -117.855048652
47.005079, -117.855048652
47.014079, -117.855048652
47.023079, -117.855048652
47.032079, -117.855048652
47.041079, -117.855048652
47.050079, -117.855048652
47.059079, -117.855048652
47.068079, -117.855048652
47.077079, -117.855048652
47.086079, -117.855048652
47.095079, -117.855048652
47.104079, -117.855048652
47.113079, -117.855048652
47.122079, -117.855048652
47.131079, -117.855048652
47.140079, -117.855048652
47.149079, -117.855048652
47.158079, -117.855048652
47.167079, -117.855048652
47.176079, -117.855048652
47.185079, -117.855048652
47.194079, -117.855048652
47.203079, -117.855048652
47.212079, -117.855048652
47.221079, -117.855048652
47.230079, -117.855048652
47.239079, -117.855048652
47.248079, -117.855048652
47.257079, -117.855048652
47.266079, -117.855048652
47.275079, -117.855048652
47.284079, -117.855048652
47.293079, -117.855048652
47.302079, -117.855048652
47.311079, -117.855048652
47.320079, -117.855048652
47.329079, -117.855048652
47.338079, -117.855048652
47.347079, -117.855048652
47.356079, -117.855048652
47.365079, -117.855048652
47.374079, -117.855048652
47.383079, -117.855048652
47.392079, -117.855048652
47.401079, -117.855048652
47.410079, -117.855048652
47.419079, -117.855048652
47.428079, -117.855048652
47.437079, -117.855048652
47.446079, -117.855048652
47.455079, -117.855048652
47.464079, -117.855048652
47.473079, -117.855048652
47.482079, -117.855048652
47.491079, -117.855048652
47.500079, -117.855048652
47.509079, -117.855048652
47.518079, -117.855048652
47.527079, -117.855048652
47.536079, -117.855048652
47.545079, -117.855048652
47.554079, -117.855048652
47.563079, -117.855048652
47.572079, -117.855048652
47.581079, -117.855048652
47.590079, -117.855048652
47.599079, -117.855048652
47.608079, -117.855048652
47.617079, -117.855048652
47.626079, -117.855048652
47.635079, -117.855048652
47.644079, -117.855048652
47.653079, -117.855048652
47.662079, -117.855048652
47.671079, -117.855048652
47.680079, -117.855048652
47.689079, -117.855048652
47.698079, -117.855048652
47.707079, -117.855048652
47.716079, -117.855048652
47.725079, -117.855048652
47.734079, -117.855048652
47.743079, -117.855048652
47.752079, -117.855048652
47.761079, -117.855048652
47.770079, -117.855048652
47.779079, -117.855048652
47.788079, -117.855048652
47.797079, -117.855048652
47.806079, -117.855048652
47.815079, -117.855048652
47.824079, -117.855048652
47.833079, -117.855048652
47.842079, -117.855048652
47.851079, -117.855048652
47.860079, -117.855048652
47.869079, -117.855048652
47.878079, -117.855048652
47.887079, -117.855048652
47.896079, -117.855048652
47.905079, -117.855048652
47.914079, -117.855048652
47.923079, -117.855048652
47.932079, -117.855048652
47.941079, -117.855048652
47.950079, -117.855048652
47.959079, -117.855048652
47.968079, -117.855048652
47.977079, -117.855048652
47.986079, -117.855048652
47.995079, -117.855048652
48.004079, -117.855048652
48.013079, -117.855048652
48.022079, -117.855048652
48.031079, -117.855048652
48.040079, -117.855048652
48.049079, -117.855048652
48.058079, -117.855048652
48.067079, -117.855048652
48.076079, -117.855048652
48.085079, -117.855048652
48.094079, -117.855048652
48.103079, -117.855048652
48.112079, -117.855048652
48.121079, -117.855048652
48.130079, -117.855048652
48.139079, -117.855048652
48.148079, -117.855048652
48.157079, -117.855048652
48.166079, -117.855048652
48.175079, -117.855048652
48.184079, -117.855048652
48.193079, -117.855048652
48.202079, -117.855048652
48.211079, -117.855048652
48.220079, -117.855048652
48.229079, -117.855048652
48.238079, -117.855048652
48.247079, -117.855048652
48.256079, -117.855048652
48.265079, -117.855048652
48.274079, -117.855048652
48.283079, -117.855048652
48.292079, -117.855048652
48.301079, -117.855048652
48.310079, -117.855048652
48.319079, -117.855048652
48.328079, -117.855048652
48.337079, -117.855048652
48.346079, -117.855048652
48.355079, -117.855048652
48.364079, -117.855048652
48.373079, -117.855048652
48.382079, -117.855048652
48.391079, -117.855048652
48.400079, -117.855048652
48.409079, -117.855048652
48.418079, -117.855048652
48.427079, -117.855048652
48.436079, -117.855048652
48.445079, -117.855048652
48.454079, -117.855048652
48.463079, -117.855048652
48.472079, -117.855048652
48.481079, -117.855048652
48.490079, -117.855048652
48.499079, -117.855048652
48.508079, -117.855048652
48.517079, -117.855048652
48.526079, -117.855048652
48.535079, -117.855048652
48.544079, -117.855048652
48.553079, -117.855048652
48.562079, -117.855048652
48.571079, -117.855048652
48.580079, -117.855048652
48.589079, -117.855048652
48.598079, -117.855048652
48.607079, -117.855048652
48.616079, -117.855048652
48.625079, -117.855048652
48.634079, -117.855048652
48.643079, -117.855048652
48.652079, -117.855048652
48.661079, -117.855048652
48.670079, -117.855048652
48.679079, -117.855048652
48.688079, -117.855048652
48.697079, -117.855048652
48.706079, -117.855048652
48.715079, -117.855048652
48.724079, -117.855048652
48.733079, -117.855048652
48.742079, -117.855048652
48.751079, -117.855048652
48.760079, -117.855048652
48.769079, -117.855048652
48.778079, -117.855048652
48.787079, -117.855048652
48.796079, -117.855048652
48.805079, -117.855048652
48.814079, -117.855048652
48.823079, -117.855048652
48.832079, -117.855048652
48.841079, -117.855048652
48.850079, -117.855048652
48.859079, -117.855048652
48.868079, -117.855048652
48.877079, -117.855048652
48.886079, -117.855048652
48.895079, -117.855048652
48.904079, -117.855048652
48.913079, -117.855048652
48.922079, -117.855048652
48.931079, -117.855048652
48.940079, -117.855048652
48.949079, -117.855048652
46.213079, -117.841341894
46.222079, -117.841341894
46.231079, -117.841341894
46.240079, -117.841341894
46.249079, -117.841341894
46.258079, -117.841341894
46.267079, -117.841341894
46.276079, -117.841341894
46.285079, -117.841341894
46.294079, -117.841341894
46.303079, -117.841341894
46.312079, -117.841341894
46.321079, -117.841341894
46.330079, -117.841341894
46.339079, -117.841341894
46.348079, -117.841341894
46.357079, -117.841341894
46.366079, -117.841341894
46.375079, -117.841341894
46.384079, -117.841341894
46.393079, -117.841341894
46.402079, -117.841341894
46.411079, -117.841341894
46.420079, -117.841341894
46.429079, -117.841341894
46.438079, -117.841341894
46.447079, -117.841341894
46.456079, -117.841341894
46.465079, -117.841341894
46.474079, -117.841341894
46.483079, -117.841341894
46.492079, -117.841341894
46.501079, -117.841341894
46.510079, -117.841341894
46.519079, -117.841341894
46.528079, -117.841341894
46.537079, -117.841341894
46.546079, -117.841341894
46.555079, -117.841341894
46.564079, -117.841341894
46.573079, -117.841341894
46.582079, -117.841341894
46.591079, -117.841341894
46.600079, -117.841341894
46.609079, -117.841341894
46.618079, -117.841341894
46.627079, -117.841341894
46.636079, -117.841341894
46.645079, -117.841341894
46.654079, -117.841341894
46.663079, -117.841341894
46.672079, -117.841341894
46.681079, -117.841341894
46.690079, -117.841341894
46.699079, -117.841341894
46.708079, -117.841341894
46.717079, -117.841341894
46.726079, -117.841341894
46.735079, -117.841341894
46.744079, -117.841341894
46.753079, -117.841341894
46.762079, -117.841341894
46.771079, -117.841341894
46.780079, -117.841341894
46.789079, -117.841341894
46.798079, -117.841341894
46.807079, -117.841341894
46.816079, -117.841341894
46.825079, -117.841341894
46.834079, -117.841341894
46.843079, -117.841341894
46.852079, -117.841341894
46.861079, -117.841341894
46.870079, -117.841341894
46.879079, -117.841341894
46.888079, -117.841341894
46.897079, -117.841341894
46.906079, -117.841341894
46.915079, -117.841341894
46.924079, -117.841341894
46.933079, -117.841341894
46.942079, -117.841341894
46.951079, -117.841341894
46.960079, -117.841341894
46.969079, -117.841341894
46.978079, -117.841341894
46.987079, -117.841341894
46.996079, -117.841341894
47.005079, -117.841341894
47.014079, -117.841341894
47.023079, -117.841341894
47.032079, -117.841341894
47.041079, -117.841341894
47.050079, -117.841341894
47.059079, -117.841341894
47.068079, -117.841341894
47.077079, -117.841341894
47.086079, -117.841341894
47.095079, -117.841341894
47.104079, -117.841341894
47.113079, -117.841341894
47.122079, -117.841341894
47.131079, -117.841341894
47.140079, -117.841341894
47.149079, -117.841341894
47.158079, -117.841341894
47.167079, -117.841341894
47.176079, -117.841341894
47.185079, -117.841341894
47.194079, -117.841341894
47.203079, -117.841341894
47.212079, -117.841341894
47.221079, -117.841341894
47.230079, -117.841341894
47.239079, -117.841341894
47.248079, -117.841341894
47.257079, -117.841341894
47.266079, -117.841341894
47.275079, -117.841341894
47.284079, -117.841341894
47.293079, -117.841341894
47.302079, -117.841341894
47.311079, -117.841341894
47.320079, -117.841341894
47.329079, -117.841341894
47.338079, -117.841341894
47.347079, -117.841341894
47.356079, -117.841341894
47.365079, -117.841341894
47.374079, -117.841341894
47.383079, -117.841341894
47.392079, -117.841341894
47.401079, -117.841341894
47.410079, -117.841341894
47.419079, -117.841341894
47.428079, -117.841341894
47.437079, -117.841341894
47.446079, -117.841341894
47.455079, -117.841341894
47.464079, -117.841341894
47.473079, -117.841341894
47.482079, -117.841341894
47.491079, -117.841341894
47.500079, -117.841341894
47.509079, -117.841341894
47.518079, -117.841341894
47.527079, -117.841341894
47.536079, -117.841341894
47.545079, -117.841341894
47.554079, -117.841341894
47.563079, -117.841341894
47.572079, -117.841341894
47.581079, -117.841341894
47.590079, -117.841341894
47.599079, -117.841341894
47.608079, -117.841341894
47.617079, -117.841341894
47.626079, -117.841341894
47.635079, -117.841341894
47.644079, -117.841341894
47.653079, -117.841341894
47.662079, -117.841341894
47.671079, -117.841341894
47.680079, -117.841341894
47.689079, -117.841341894
47.698079, -117.841341894
47.707079, -117.841341894
47.716079, -117.841341894
47.725079, -117.841341894
47.734079, -117.841341894
47.743079, -117.841341894
47.752079, -117.841341894
47.761079, -117.841341894
47.770079, -117.841341894
47.779079, -117.841341894
47.788079, -117.841341894
47.797079, -117.841341894
47.806079, -117.841341894
47.815079, -117.841341894
47.824079, -117.841341894
47.833079, -117.841341894
47.842079, -117.841341894
47.851079, -117.841341894
47.860079, -117.841341894
47.869079, -117.841341894
47.878079, -117.841341894
47.887079, -117.841341894
47.896079, -117.841341894
47.905079, -117.841341894
47.914079, -117.841341894
47.923079, -117.841341894
47.932079, -117.841341894
47.941079, -117.841341894
47.950079, -117.841341894
47.959079, -117.841341894
47.968079, -117.841341894
47.977079, -117.841341894
47.986079, -117.841341894
47.995079, -117.841341894
48.004079, -117.841341894
48.013079, -117.841341894
48.022079, -117.841341894
48.031079, -117.841341894
48.040079, -117.841341894
48.049079, -117.841341894
48.058079, -117.841341894
48.067079, -117.841341894
48.076079, -117.841341894
48.085079, -117.841341894
48.094079, -117.841341894
48.103079, -117.841341894
48.112079, -117.841341894
48.121079, -117.841341894
48.130079, -117.841341894
48.139079, -117.841341894
48.148079, -117.841341894
48.157079, -117.841341894
48.166079, -117.841341894
48.175079, -117.841341894
48.184079, -117.841341894
48.193079, -117.841341894
48.202079, -117.841341894
48.211079, -117.841341894
48.220079, -117.841341894
48.229079, -117.841341894
48.238079, -117.841341894
48.247079, -117.841341894
48.256079, -117.841341894
48.265079, -117.841341894
48.274079, -117.841341894
48.283079, -117.841341894
48.292079, -117.841341894
48.301079, -117.841341894
48.310079, -117.841341894
48.319079, -117.841341894
48.328079, -117.841341894
48.337079, -117.841341894
48.346079, -117.841341894
48.355079, -117.841341894
48.364079, -117.841341894
48.373079, -117.841341894
48.382079, -117.841341894
48.391079, -117.841341894
48.400079, -117.841341894
48.409079, -117.841341894
48.418079, -117.841341894
48.427079, -117.841341894
48.436079, -117.841341894
48.445079, -117.841341894
48.454079, -117.841341894
48.463079, -117.841341894
48.472079, -117.841341894
48.481079, -117.841341894
48.490079, -117.841341894
48.499079, -117.841341894
48.508079, -117.841341894
48.517079, -117.841341894
48.526079, -117.841341894
48.535079, -117.841341894
48.544079, -117.841341894
48.553079, -117.841341894
48.562079, -117.841341894
48.571079, -117.841341894
48.580079, -117.841341894
48.589079, -117.841341894
48.598079, -117.841341894
48.607079, -117.841341894
48.616079, -117.841341894
48.625079, -117.841341894
48.634079, -117.841341894
48.643079, -117.841341894
48.652079, -117.841341894
48.661079, -117.841341894
48.670079, -117.841341894
48.679079, -117.841341894
48.688079, -117.841341894
48.697079, -117.841341894
48.706079, -117.841341894
48.715079, -117.841341894
48.724079, -117.841341894
48.733079, -117.841341894
48.742079, -117.841341894
48.751079, -117.841341894
48.760079, -117.841341894
48.769079, -117.841341894
48.778079, -117.841341894
48.787079, -117.841341894
48.796079, -117.841341894
48.805079, -117.841341894
48.814079, -117.841341894
48.823079, -117.841341894
48.832079, -117.841341894
48.841079, -117.841341894
48.850079, -117.841341894
48.859079, -117.841341894
48.868079, -117.841341894
48.877079, -117.841341894
48.886079, -117.841341894
48.895079, -117.841341894
48.904079, -117.841341894
48.913079, -117.841341894
48.922079, -117.841341894
48.931079, -117.841341894
48.940079, -117.841341894
48.949079, -117.841341894
46.213079, -117.827635135
46.222079, -117.827635135
46.231079, -117.827635135
46.240079, -117.827635135
46.249079, -117.827635135
46.258079, -117.827635135
46.267079, -117.827635135
46.276079, -117.827635135
46.285079, -117.827635135
46.294079, -117.827635135
46.303079, -117.827635135
46.312079, -117.827635135
46.321079, -117.827635135
46.330079, -117.827635135
46.339079, -117.827635135
46.348079, -117.827635135
46.357079, -117.827635135
46.366079, -117.827635135
46.375079, -117.827635135
46.384079, -117.827635135
46.393079, -117.827635135
46.402079, -117.827635135
46.411079, -117.827635135
46.420079, -117.827635135
46.429079, -117.827635135
46.438079, -117.827635135
46.447079, -117.827635135
46.456079, -117.827635135
46.465079, -117.827635135
46.474079, -117.827635135
46.483079, -117.827635135
46.492079, -117.827635135
46.501079, -117.827635135
46.510079, -117.827635135
46.519079, -117.827635135
46.528079, -117.827635135
46.537079, -117.827635135
46.546079, -117.827635135
46.555079, -117.827635135
46.564079, -117.827635135
46.573079, -117.827635135
46.582079, -117.827635135
46.591079, -117.827635135
46.600079, -117.827635135
46.609079, -117.827635135
46.618079, -117.827635135
46.627079, -117.827635135
46.636079, -117.827635135
46.645079, -117.827635135
46.654079, -117.827635135
46.663079, -117.827635135
46.672079, -117.827635135
46.681079, -117.827635135
46.690079, -117.827635135
46.699079, -117.827635135
46.708079, -117.827635135
46.717079, -117.827635135
46.726079, -117.827635135
46.735079, -117.827635135
46.744079, -117.827635135
46.753079, -117.827635135
46.762079, -117.827635135
46.771079, -117.827635135
46.780079, -117.827635135
46.789079, -117.827635135
46.798079, -117.827635135
46.807079, -117.827635135
46.816079, -117.827635135
46.825079, -117.827635135
46.834079, -117.827635135
46.843079, -117.827635135
46.852079, -117.827635135
46.861079, -117.827635135
46.870079, -117.827635135
46.879079, -117.827635135
46.888079, -117.827635135
46.897079, -117.827635135
46.906079, -117.827635135
46.915079, -117.827635135
46.924079, -117.827635135
46.933079, -117.827635135
46.942079, -117.827635135
46.951079, -117.827635135
46.960079, -117.827635135
46.969079, -117.827635135
46.978079, -117.827635135
46.987079, -117.827635135
46.996079, -117.827635135
47.005079, -117.827635135
47.014079, -117.827635135
47.023079, -117.827635135
47.032079, -117.827635135
47.041079, -117.827635135
47.050079, -117.827635135
47.059079, -117.827635135
47.068079, -117.827635135
47.077079, -117.827635135
47.086079, -117.827635135
47.095079, -117.827635135
47.104079, -117.827635135
47.113079, -117.827635135
47.122079, -117.827635135
47.131079, -117.827635135
47.140079, -117.827635135
47.149079, -117.827635135
47.158079, -117.827635135
47.167079, -117.827635135
47.176079, -117.827635135
47.185079, -117.827635135
47.194079, -117.827635135
47.203079, -117.827635135
47.212079, -117.827635135
47.221079, -117.827635135
47.230079, -117.827635135
47.239079, -117.827635135
47.248079, -117.827635135
47.257079, -117.827635135
47.266079, -117.827635135
47.275079, -117.827635135
47.284079, -117.827635135
47.293079, -117.827635135
47.302079, -117.827635135
47.311079, -117.827635135
47.320079, -117.827635135
47.329079, -117.827635135
47.338079, -117.827635135
47.347079, -117.827635135
47.356079, -117.827635135
47.365079, -117.827635135
47.374079, -117.827635135
47.383079, -117.827635135
47.392079, -117.827635135
47.401079, -117.827635135
47.410079, -117.827635135
47.419079, -117.827635135
47.428079, -117.827635135
47.437079, -117.827635135
47.446079, -117.827635135
47.455079, -117.827635135
47.464079, -117.827635135
47.473079, -117.827635135
47.482079, -117.827635135
47.491079, -117.827635135
47.500079, -117.827635135
47.509079, -117.827635135
47.518079, -117.827635135
47.527079, -117.827635135
47.536079, -117.827635135
47.545079, -117.827635135
47.554079, -117.827635135
47.563079, -117.827635135
47.572079, -117.827635135
47.581079, -117.827635135
47.590079, -117.827635135
47.599079, -117.827635135
47.608079, -117.827635135
47.617079, -117.827635135
47.626079, -117.827635135
47.635079, -117.827635135
47.644079, -117.827635135
47.653079, -117.827635135
47.662079, -117.827635135
47.671079, -117.827635135
47.680079, -117.827635135
47.689079, -117.827635135
47.698079, -117.827635135
47.707079, -117.827635135
47.716079, -117.827635135
47.725079, -117.827635135
47.734079, -117.827635135
47.743079, -117.827635135
47.752079, -117.827635135
47.761079, -117.827635135
47.770079, -117.827635135
47.779079, -117.827635135
47.788079, -117.827635135
47.797079, -117.827635135
47.806079, -117.827635135
47.815079, -117.827635135
47.824079, -117.827635135
47.833079, -117.827635135
47.842079, -117.827635135
47.851079, -117.827635135
47.860079, -117.827635135
47.869079, -117.827635135
47.878079, -117.827635135
47.887079, -117.827635135
47.896079, -117.827635135
47.905079, -117.827635135
47.914079, -117.827635135
47.923079, -117.827635135
47.932079, -117.827635135
47.941079, -117.827635135
47.950079, -117.827635135
47.959079, -117.827635135
47.968079, -117.827635135
47.977079, -117.827635135
47.986079, -117.827635135
47.995079, -117.827635135
48.004079, -117.827635135
48.013079, -117.827635135
48.022079, -117.827635135
48.031079, -117.827635135
48.040079, -117.827635135
48.049079, -117.827635135
48.058079, -117.827635135
48.067079, -117.827635135
48.076079, -117.827635135
48.085079, -117.827635135
48.094079, -117.827635135
48.103079, -117.827635135
48.112079, -117.827635135
48.121079, -117.827635135
48.130079, -117.827635135
48.139079, -117.827635135
48.148079, -117.827635135
48.157079, -117.827635135
48.166079, -117.827635135
48.175079, -117.827635135
48.184079, -117.827635135
48.193079, -117.827635135
48.202079, -117.827635135
48.211079, -117.827635135
48.220079, -117.827635135
48.229079, -117.827635135
48.238079, -117.827635135
48.247079, -117.827635135
48.256079, -117.827635135
48.265079, -117.827635135
48.274079, -117.827635135
48.283079, -117.827635135
