46.222079, -122.131557302
46.231079, -122.131557302
46.240079, -122.131557302
46.249079, -122.131557302
46.258079, -122.131557302
46.267079, -122.131557302
46.276079, -122.131557302
46.285079, -122.131557302
46.294079, -122.131557302
46.303079, -122.131557302
46.312079, -122.131557302
46.321079, -122.131557302
46.330079, -122.131557302
46.339079, -122.131557302
46.348079, -122.131557302
46.357079, -122.131557302
46.366079, -122.131557302
46.375079, -122.131557302
46.384079, -122.131557302
46.393079, -122.131557302
46.402079, -122.131557302
46.411079, -122.131557302
46.420079, -122.131557302
46.429079, -122.131557302
46.438079, -122.131557302
46.447079, -122.131557302
46.456079, -122.131557302
46.465079, -122.131557302
46.474079, -122.131557302
46.483079, -122.131557302
46.492079, -122.131557302
46.501079, -122.131557302
46.510079, -122.131557302
46.519079, -122.131557302
46.528079, -122.131557302
46.537079, -122.131557302
46.546079, -122.131557302
46.555079, -122.131557302
46.564079, -122.131557302
46.573079, -122.131557302
46.582079, -122.131557302
46.591079, -122.131557302
46.600079, -122.131557302
46.609079, -122.131557302
46.618079, -122.131557302
46.627079, -122.131557302
46.636079, -122.131557302
46.645079, -122.131557302
46.654079, -122.131557302
46.663079, -122.131557302
46.672079, -122.131557302
46.681079, -122.131557302
46.690079, -122.131557302
46.699079, -122.131557302
46.708079, -122.131557302
46.717079, -122.131557302
46.726079, -122.131557302
46.735079, -122.131557302
46.744079, -122.131557302
46.753079, -122.131557302
46.762079, -122.131557302
46.771079, -122.131557302
46.780079, -122.131557302
46.789079, -122.131557302
46.798079, -122.131557302
46.807079, -122.131557302
46.816079, -122.131557302
46.825079, -122.131557302
46.834079, -122.131557302
46.843079, -122.131557302
46.852079, -122.131557302
46.861079, -122.131557302
46.870079, -122.131557302
46.879079, -122.131557302
46.888079, -122.131557302
46.897079, -122.131557302
46.906079, -122.131557302
46.915079, -122.131557302
46.924079, -122.131557302
46.933079, -122.131557302
46.942079, -122.131557302
46.951079, -122.131557302
46.960079, -122.131557302
46.969079, -122.131557302
46.978079, -122.131557302
46.987079, -122.131557302
46.996079, -122.131557302
47.005079, -122.131557302
47.014079, -122.131557302
47.023079, -122.131557302
47.032079, -122.131557302
47.041079, -122.131557302
47.050079, -122.131557302
47.059079, -122.131557302
47.068079, -122.131557302
47.077079, -122.131557302
47.086079, -122.131557302
47.095079, -122.131557302
47.104079, -122.131557302
47.113079, -122.131557302
47.122079, -122.131557302
47.131079, -122.131557302
47.140079, -122.131557302
47.149079, -122.131557302
47.158079, -122.131557302
47.167079, -122.131557302
47.176079, -122.131557302
47.185079, -122.131557302
47.194079, -122.131557302
47.203079, -122.131557302
47.212079, -122.131557302
47.221079, -122.131557302
47.230079, -122.131557302
47.239079, -122.131557302
47.248079, -122.131557302
47.257079, -122.131557302
47.266079, -122.131557302
47.275079, -122.131557302
47.284079, -122.131557302
47.293079, -122.131557302
47.302079, -122.131557302
47.311079, -122.131557302
47.320079, -122.131557302
47.329079, -122.131557302
47.338079, -122.131557302
47.347079, -122.131557302
47.356079, -122.131557302
47.365079, -122.131557302
47.374079, -122.131557302
47.383079, -122.131557302
47.392079, -122.131557302
47.401079, -122.131557302
47.410079, -122.131557302
47.419079, -122.131557302
47.428079, -122.131557302
47.437079, -122.131557302
47.446079, -122.131557302
47.455079, -122.131557302
47.464079, -122.131557302
47.473079, -122.131557302
47.482079, -122.131557302
47.491079, -122.131557302
47.500079, -122.131557302
47.509079, -122.131557302
47.518079, -122.131557302
47.527079, -122.131557302
47.536079, -122.131557302
47.545079, -122.131557302
47.554079, -122.131557302
47.563079, -122.131557302
47.572079, -122.131557302
47.581079, -122.131557302
47.590079, -122.131557302
47.599079, -122.131557302
47.608079, -122.131557302
47.617079, -122.131557302
47.626079, -122.131557302
47.635079, -122.131557302
47.644079, -122.131557302
47.653079, -122.131557302
47.662079, -122.131557302
47.671079, -122.131557302
47.680079, -122.131557302
47.689079, -122.131557302
47.698079, -122.131557302
47.707079, -122.131557302
47.716079, -122.131557302
47.725079, -122.131557302
47.734079, -122.131557302
47.743079, -122.131557302
47.752079, -122.131557302
47.761079, -122.131557302
47.770079, -122.131557302
47.779079, -122.131557302
47.788079, -122.131557302
47.797079, -122.131557302
47.806079, -122.131557302
47.815079, -122.131557302
47.824079, -122.131557302
47.833079, -122.131557302
47.842079, -122.131557302
47.851079, -122.131557302
47.860079, -122.131557302
47.869079, -122.131557302
47.878079, -122.131557302
47.887079, -122.131557302
47.896079, -122.131557302
47.905079, -122.131557302
47.914079, -122.131557302
47.923079, -122.131557302
47.932079, -122.131557302
47.941079, -122.131557302
47.950079, -122.131557302
47.959079, -122.131557302
47.968079, -122.131557302
47.977079, -122.131557302
47.986079, -122.131557302
47.995079, -122.131557302
48.004079, -122.131557302
48.013079, -122.131557302
48.022079, -122.131557302
48.031079, -122.131557302
48.040079, -122.131557302
48.049079, -122.131557302
48.058079, -122.131557302
48.067079, -122.131557302
48.076079, -122.131557302
48.085079, -122.131557302
48.094079, -122.131557302
48.103079, -122.131557302
48.112079, -122.131557302
48.121079, -122.131557302
48.130079, -122.131557302
48.139079, -122.131557302
48.148079, -122.131557302
48.157079, -122.131557302
48.166079, -122.131557302
48.175079, -122.131557302
48.184079, -122.131557302
48.193079, -122.131557302
48.202079, -122.131557302
48.211079, -122.131557302
48.220079, -122.131557302
48.229079, -122.131557302
48.238079, -122.131557302
48.247079, -122.131557302
48.256079, -122.131557302
48.265079, -122.131557302
48.274079, -122.131557302
48.283079, -122.131557302
48.292079, -122.131557302
48.301079, -122.131557302
48.310079, -122.131557302
48.319079, -122.131557302
48.328079, -122.131557302
48.337079, -122.131557302
48.346079, -122.131557302
48.355079, -122.131557302
48.364079, -122.131557302
48.373079, -122.131557302
48.382079, -122.131557302
48.391079, -122.131557302
48.400079, -122.131557302
48.409079, -122.131557302
48.418079, -122.131557302
48.427079, -122.131557302
48.436079, -122.131557302
48.445079, -122.131557302
48.454079, -122.131557302
48.463079, -122.131557302
48.472079, -122.131557302
48.481079, -122.131557302
48.490079, -122.131557302
48.499079, -122.131557302
48.508079, -122.131557302
48.517079, -122.131557302
48.526079, -122.131557302
48.535079, -122.131557302
48.544079, -122.131557302
48.553079, -122.131557302
48.562079, -122.131557302
48.571079, -122.131557302
48.580079, -122.131557302
48.589079, -122.131557302
48.598079, -122.131557302
48.607079, -122.131557302
48.616079, -122.131557302
48.625079, -122.131557302
48.634079, -122.131557302
48.643079, -122.131557302
48.652079, -122.131557302
48.661079, -122.131557302
48.670079, -122.131557302
48.679079, -122.131557302
48.688079, -122.131557302
48.697079, -122.131557302
48.706079, -122.131557302
48.715079, -122.131557302
48.724079, -122.131557302
48.733079, -122.131557302
48.742079, -122.131557302
48.751079, -122.131557302
48.760079, -122.131557302
48.769079, -122.131557302
48.778079, -122.131557302
48.787079, -122.131557302
48.796079, -122.131557302
48.805079, -122.131557302
48.814079, -122.131557302
48.823079, -122.131557302
48.832079, -122.131557302
48.841079, -122.131557302
48.850079, -122.131557302
48.859079, -122.131557302
48.868079, -122.131557302
48.877079, -122.131557302
48.886079, -122.131557302
48.895079, -122.131557302
48.904079, -122.131557302
48.913079, -122.131557302
48.922079, -122.131557302
48.931079, -122.131557302
48.940079, -122.131557302
48.949079, -122.131557302
46.213079, -122.117850543
46.222079, -122.117850543
46.231079, -122.117850543
46.240079, -122.117850543
46.249079, -122.117850543
46.258079, -122.117850543
46.267079, -122.117850543
46.276079, -122.117850543
46.285079, -122.117850543
46.294079, -122.117850543
46.303079, -122.117850543
46.312079, -122.117850543
46.321079, -122.117850543
46.330079, -122.117850543
46.339079, -122.117850543
46.348079, -122.117850543
46.357079, -122.117850543
46.366079, -122.117850543
46.375079, -122.117850543
46.384079, -122.117850543
46.393079, -122.117850543
46.402079, -122.117850543
46.411079, -122.117850543
46.420079, -122.117850543
46.429079, -122.117850543
46.438079, -122.117850543
46.447079, -122.117850543
46.456079, -122.117850543
46.465079, -122.117850543
46.474079, -122.117850543
46.483079, -122.117850543
46.492079, -122.117850543
46.501079, -122.117850543
46.510079, -122.117850543
46.519079, -122.117850543
46.528079, -122.117850543
46.537079, -122.117850543
46.546079, -122.117850543
46.555079, -122.117850543
46.564079, -122.117850543
46.573079, -122.117850543
46.582079, -122.117850543
46.591079, -122.117850543
46.600079, -122.117850543
46.609079, -122.117850543
46.618079, -122.117850543
46.627079, -122.117850543
46.636079, -122.117850543
46.645079, -122.117850543
46.654079, -122.117850543
46.663079, -122.117850543
46.672079, -122.117850543
46.681079, -122.117850543
46.690079, -122.117850543
46.699079, -122.117850543
46.708079, -122.117850543
46.717079, -122.117850543
46.726079, -122.117850543
46.735079, -122.117850543
46.744079, -122.117850543
46.753079, -122.117850543
46.762079, -122.117850543
46.771079, -122.117850543
46.780079, -122.117850543
46.789079, -122.117850543
46.798079, -122.117850543
46.807079, -122.117850543
46.816079, -122.117850543
46.825079, -122.117850543
46.834079, -122.117850543
46.843079, -122.117850543
46.852079, -122.117850543
46.861079, -122.117850543
46.870079, -122.117850543
46.879079, -122.117850543
46.888079, -122.117850543
46.897079, -122.117850543
46.906079, -122.117850543
46.915079, -122.117850543
46.924079, -122.117850543
46.933079, -122.117850543
46.942079, -122.117850543
46.951079, -122.117850543
46.960079, -122.117850543
46.969079, -122.117850543
46.978079, -122.117850543
46.987079, -122.117850543
46.996079, -122.117850543
47.005079, -122.117850543
47.014079, -122.117850543
47.023079, -122.117850543
47.032079, -122.117850543
47.041079, -122.117850543
47.050079, -122.117850543
47.059079, -122.117850543
47.068079, -122.117850543
47.077079, -122.117850543
47.086079, -122.117850543
47.095079, -122.117850543
47.104079, -122.117850543
47.113079, -122.117850543
47.122079, -122.117850543
47.131079, -122.117850543
47.140079, -122.117850543
47.149079, -122.117850543
47.158079, -122.117850543
47.167079, -122.117850543
47.176079, -122.117850543
47.185079, -122.117850543
47.194079, -122.117850543
47.203079, -122.117850543
47.212079, -122.117850543
47.221079, -122.117850543
47.230079, -122.117850543
47.239079, -122.117850543
47.248079, -122.117850543
47.257079, -122.117850543
47.266079, -122.117850543
47.275079, -122.117850543
47.284079, -122.117850543
47.293079, -122.117850543
47.302079, -122.117850543
47.311079, -122.117850543
47.320079, -122.117850543
47.329079, -122.117850543
47.338079, -122.117850543
47.347079, -122.117850543
47.356079, -122.117850543
47.365079, -122.117850543
47.374079, -122.117850543
47.383079, -122.117850543
47.392079, -122.117850543
47.401079, -122.117850543
47.410079, -122.117850543
47.419079, -122.117850543
47.428079, -122.117850543
47.437079, -122.117850543
47.446079, -122.117850543
47.455079, -122.117850543
47.464079, -122.117850543
47.473079, -122.117850543
47.482079, -122.117850543
47.491079, -122.117850543
47.500079, -122.117850543
47.509079, -122.117850543
47.518079, -122.117850543
47.527079, -122.117850543
47.536079, -122.117850543
47.545079, -122.117850543
47.554079, -122.117850543
47.563079, -122.117850543
47.572079, -122.117850543
47.581079, -122.117850543
47.590079, -122.117850543
47.599079, -122.117850543
47.608079, -122.117850543
47.617079, -122.117850543
47.626079, -122.117850543
47.635079, -122.117850543
47.644079, -122.117850543
47.653079, -122.117850543
47.662079, -122.117850543
47.671079, -122.117850543
47.680079, -122.117850543
47.689079, -122.117850543
47.698079, -122.117850543
47.707079, -122.117850543
47.716079, -122.117850543
47.725079, -122.117850543
47.734079, -122.117850543
47.743079, -122.117850543
47.752079, -122.117850543
47.761079, -122.117850543
47.770079, -122.117850543
47.779079, -122.117850543
47.788079, -122.117850543
47.797079, -122.117850543
47.806079, -122.117850543
47.815079, -122.117850543
47.824079, -122.117850543
47.833079, -122.117850543
47.842079, -122.117850543
47.851079, -122.117850543
47.860079, -122.117850543
47.869079, -122.117850543
47.878079, -122.117850543
47.887079, -122.117850543
47.896079, -122.117850543
47.905079, -122.117850543
47.914079, -122.117850543
47.923079, -122.117850543
47.932079, -122.117850543
47.941079, -122.117850543
47.950079, -122.117850543
47.959079, -122.117850543
47.968079, -122.117850543
47.977079, -122.117850543
47.986079, -122.117850543
47.995079, -122.117850543
48.004079, -122.117850543
48.013079, -122.117850543
48.022079, -122.117850543
48.031079, -122.117850543
48.040079, -122.117850543
48.049079, -122.117850543
48.058079, -122.117850543
48.067079, -122.117850543
48.076079, -122.117850543
48.085079, -122.117850543
48.094079, -122.117850543
48.103079, -122.117850543
48.112079, -122.117850543
48.121079, -122.117850543
48.130079, -122.117850543
48.139079, -122.117850543
48.148079, -122.117850543
48.157079, -122.117850543
48.166079, -122.117850543
48.175079, -122.117850543
48.184079, -122.117850543
48.193079, -122.117850543
48.202079, -122.117850543
48.211079, -122.117850543
48.220079, -122.117850543
48.229079, -122.117850543
48.238079, -122.117850543
48.247079, -122.117850543
48.256079, -122.117850543
48.265079, -122.117850543
48.274079, -122.117850543
48.283079, -122.117850543
48.292079, -122.117850543
48.301079, -122.117850543
48.310079, -122.117850543
48.319079, -122.117850543
48.328079, -122.117850543
48.337079, -122.117850543
48.346079, -122.117850543
48.355079, -122.117850543
48.364079, -122.117850543
48.373079, -122.117850543
48.382079, -122.117850543
48.391079, -122.117850543
48.400079, -122.117850543
48.409079, -122.117850543
48.418079, -122.117850543
48.427079, -122.117850543
48.436079, -122.117850543
48.445079, -122.117850543
48.454079, -122.117850543
48.463079, -122.117850543
48.472079, -122.117850543
48.481079, -122.117850543
48.490079, -122.117850543
48.499079, -122.117850543
48.508079, -122.117850543
48.517079, -122.117850543
48.526079, -122.117850543
48.535079, -122.117850543
48.544079, -122.117850543
48.553079, -122.117850543
48.562079, -122.117850543
48.571079, -122.117850543
48.580079, -122.117850543
48.589079, -122.117850543
48.598079, -122.117850543
48.607079, -122.117850543
48.616079, -122.117850543
48.625079, -122.117850543
48.634079, -122.117850543
48.643079, -122.117850543
48.652079, -122.117850543
48.661079, -122.117850543
48.670079, -122.117850543
48.679079, -122.117850543
48.688079, -122.117850543
48.697079, -122.117850543
48.706079, -122.117850543
48.715079, -122.117850543
48.724079, -122.117850543
48.733079, -122.117850543
48.742079, -122.117850543
48.751079, -122.117850543
48.760079, -122.117850543
48.769079, -122.117850543
48.778079, -122.117850543
48.787079, -122.117850543
48.796079, -122.117850543
48.805079, -122.117850543
48.814079, -122.117850543
48.823079, -122.117850543
48.832079, -122.117850543
48.841079, -122.117850543
48.850079, -122.117850543
48.859079, -122.117850543
48.868079, -122.117850543
48.877079, -122.117850543
48.886079, -122.117850543
48.895079, -122.117850543
48.904079, -122.117850543
48.913079, -122.117850543
48.922079, -122.117850543
48.931079, -122.117850543
48.940079, -122.117850543
48.949079, -122.117850543
46.213079, -122.104143785
46.222079, -122.104143785
46.231079, -122.104143785
46.240079, -122.104143785
46.249079, -122.104143785
46.258079, -122.104143785
46.267079, -122.104143785
46.276079, -122.104143785
46.285079, -122.104143785
46.294079, -122.104143785
46.303079, -122.104143785
46.312079, -122.104143785
46.321079, -122.104143785
46.330079, -122.104143785
46.339079, -122.104143785
46.348079, -122.104143785
46.357079, -122.104143785
46.366079, -122.104143785
46.375079, -122.104143785
46.384079, -122.104143785
46.393079, -122.104143785
46.402079, -122.104143785
46.411079, -122.104143785
46.420079, -122.104143785
46.429079, -122.104143785
46.438079, -122.104143785
46.447079, -122.104143785
46.456079, -122.104143785
46.465079, -122.104143785
46.474079, -122.104143785
46.483079, -122.104143785
46.492079, -122.104143785
46.501079, -122.104143785
46.510079, -122.104143785
46.519079, -122.104143785
46.528079, -122.104143785
46.537079, -122.104143785
46.546079, -122.104143785
46.555079, -122.104143785
46.564079, -122.104143785
46.573079, -122.104143785
46.582079, -122.104143785
46.591079, -122.104143785
46.600079, -122.104143785
46.609079, -122.104143785
46.618079, -122.104143785
46.627079, -122.104143785
46.636079, -122.104143785
46.645079, -122.104143785
46.654079, -122.104143785
46.663079, -122.104143785
46.672079, -122.104143785
46.681079, -122.104143785
46.690079, -122.104143785
46.699079, -122.104143785
46.708079, -122.104143785
46.717079, -122.104143785
46.726079, -122.104143785
46.735079, -122.104143785
46.744079, -122.104143785
46.753079, -122.104143785
46.762079, -122.104143785
46.771079, -122.104143785
46.780079, -122.104143785
46.789079, -122.104143785
46.798079, -122.104143785
46.807079, -122.104143785
46.816079, -122.104143785
46.825079, -122.104143785
46.834079, -122.104143785
46.843079, -122.104143785
46.852079, -122.104143785
46.861079, -122.104143785
46.870079, -122.104143785
46.879079, -122.104143785
46.888079, -122.104143785
46.897079, -122.104143785
46.906079, -122.104143785
46.915079, -122.104143785
46.924079, -122.104143785
46.933079, -122.104143785
46.942079, -122.104143785
46.951079, -122.104143785
46.960079, -122.104143785
46.969079, -122.104143785
46.978079, -122.104143785
46.987079, -122.104143785
46.996079, -122.104143785
47.005079, -122.104143785
47.014079, -122.104143785
47.023079, -122.104143785
47.032079, -122.104143785
47.041079, -122.104143785
47.050079, -122.104143785
47.059079, -122.104143785
47.068079, -122.104143785
47.077079, -122.104143785
47.086079, -122.104143785
47.095079, -122.104143785
47.104079, -122.104143785
47.113079, -122.104143785
47.122079, -122.104143785
47.131079, -122.104143785
47.140079, -122.104143785
47.149079, -122.104143785
47.158079, -122.104143785
47.167079, -122.104143785
47.176079, -122.104143785
47.185079, -122.104143785
47.194079, -122.104143785
47.203079, -122.104143785
47.212079, -122.104143785
47.221079, -122.104143785
47.230079, -122.104143785
47.239079, -122.104143785
47.248079, -122.104143785
47.257079, -122.104143785
47.266079, -122.104143785
47.275079, -122.104143785
47.284079, -122.104143785
47.293079, -122.104143785
47.302079, -122.104143785
47.311079, -122.104143785
47.320079, -122.104143785
47.329079, -122.104143785
47.338079, -122.104143785
47.347079, -122.104143785
47.356079, -122.104143785
47.365079, -122.104143785
47.374079, -122.104143785
47.383079, -122.104143785
47.392079, -122.104143785
47.401079, -122.104143785
47.410079, -122.104143785
47.419079, -122.104143785
47.428079, -122.104143785
47.437079, -122.104143785
47.446079, -122.104143785
47.455079, -122.104143785
47.464079, -122.104143785
47.473079, -122.104143785
47.482079, -122.104143785
47.491079, -122.104143785
47.500079, -122.104143785
47.509079, -122.104143785
47.518079, -122.104143785
47.527079, -122.104143785
47.536079, -122.104143785
47.545079, -122.104143785
47.554079, -122.104143785
47.563079, -122.104143785
47.572079, -122.104143785
47.581079, -122.104143785
47.590079, -122.104143785
47.599079, -122.104143785
47.608079, -122.104143785
47.617079, -122.104143785
47.626079, -122.104143785
47.635079, -122.104143785
47.644079, -122.104143785
47.653079, -122.104143785
47.662079, -122.104143785
47.671079, -122.104143785
47.680079, -122.104143785
47.689079, -122.104143785
47.698079, -122.104143785
47.707079, -122.104143785
47.716079, -122.104143785
47.725079, -122.104143785
47.734079, -122.104143785
47.743079, -122.104143785
47.752079, -122.104143785
47.761079, -122.104143785
47.770079, -122.104143785
47.779079, -122.104143785
47.788079, -122.104143785
47.797079, -122.104143785
47.806079, -122.104143785
47.815079, -122.104143785
47.824079, -122.104143785
47.833079, -122.104143785
47.842079, -122.104143785
47.851079, -122.104143785
47.860079, -122.104143785
47.869079, -122.104143785
47.878079, -122.104143785
47.887079, -122.104143785
47.896079, -122.104143785
47.905079, -122.104143785
47.914079, -122.104143785
47.923079, -122.104143785
47.932079, -122.104143785
47.941079, -122.104143785
47.950079, -122.104143785
47.959079, -122.104143785
47.968079, -122.104143785
47.977079, -122.104143785
47.986079, -122.104143785
47.995079, -122.104143785
48.004079, -122.104143785
48.013079, -122.104143785
48.022079, -122.104143785
48.031079, -122.104143785
48.040079, -122.104143785
48.049079, -122.104143785
48.058079, -122.104143785
48.067079, -122.104143785
48.076079, -122.104143785
48.085079, -122.104143785
48.094079, -122.104143785
48.103079, -122.104143785
48.112079, -122.104143785
48.121079, -122.104143785
48.130079, -122.104143785
48.139079, -122.104143785
48.148079, -122.104143785
48.157079, -122.104143785
48.166079, -122.104143785
48.175079, -122.104143785
48.184079, -122.104143785
48.193079, -122.104143785
48.202079, -122.104143785
48.211079, -122.104143785
48.220079, -122.104143785
48.229079, -122.104143785
48.238079, -122.104143785
48.247079, -122.104143785
48.256079, -122.104143785
48.265079, -122.104143785
48.274079, -122.104143785
48.283079, -122.104143785
48.292079, -122.104143785
48.301079, -122.104143785
48.310079, -122.104143785
48.319079, -122.104143785
48.328079, -122.104143785
48.337079, -122.104143785
48.346079, -122.104143785
48.355079, -122.104143785
48.364079, -122.104143785
48.373079, -122.104143785
48.382079, -122.104143785
48.391079, -122.104143785
48.400079, -122.104143785
48.409079, -122.104143785
48.418079, -122.104143785
48.427079, -122.104143785
48.436079, -122.104143785
48.445079, -122.104143785
48.454079, -122.104143785
48.463079, -122.104143785
48.472079, -122.104143785
48.481079, -122.104143785
48.490079, -122.104143785
48.499079, -122.104143785
48.508079, -122.104143785
48.517079, -122.104143785
48.526079, -122.104143785
48.535079, -122.104143785
48.544079, -122.104143785
48.553079, -122.104143785
48.562079, -122.104143785
48.571079, -122.104143785
48.580079, -122.104143785
48.589079, -122.104143785
48.598079, -122.104143785
48.607079, -122.104143785
48.616079, -122.104143785
48.625079, -122.104143785
48.634079, -122.104143785
48.643079, -122.104143785
48.652079, -122.104143785
48.661079, -122.104143785
48.670079, -122.104143785
48.679079, -122.104143785
48.688079, -122.104143785
48.697079, -122.104143785
48.706079, -122.104143785
48.715079, -122.104143785
48.724079, -122.104143785
48.733079, -122.104143785
48.742079, -122.104143785
48.751079, -122.104143785
48.760079, -122.104143785
48.769079, -122.104143785
48.778079, -122.104143785
48.787079, -122.104143785
48.796079, -122.104143785
48.805079, -122.104143785
48.814079, -122.104143785
48.823079, -122.104143785
48.832079, -122.104143785
48.841079, -122.104143785
48.850079, -122.104143785
48.859079, -122.104143785
48.868079, -122.104143785
48.877079, -122.104143785
48.886079, -122.104143785
48.895079, -122.104143785
48.904079, -122.104143785
48.913079, -122.104143785
48.922079, -122.104143785
48.931079, -122.104143785
48.940079, -122.104143785
48.949079, -122.104143785
46.213079, -122.090437026
46.222079, -122.090437026
46.231079, -122.090437026
46.240079, -122.090437026
46.249079, -122.090437026
46.258079, -122.090437026
46.267079, -122.090437026
46.276079, -122.090437026
46.285079, -122.090437026
46.294079, -122.090437026
46.303079, -122.090437026
46.312079, -122.090437026
46.321079, -122.090437026
46.330079, -122.090437026
46.339079, -122.090437026
46.348079, -122.090437026
46.357079, -122.090437026
46.366079, -122.090437026
46.375079, -122.090437026
46.384079, -122.090437026
46.393079, -122.090437026
46.402079, -122.090437026
46.411079, -122.090437026
46.420079, -122.090437026
46.429079, -122.090437026
46.438079, -122.090437026
46.447079, -122.090437026
46.456079, -122.090437026
46.465079, -122.090437026
46.474079, -122.090437026
46.483079, -122.090437026
46.492079, -122.090437026
46.501079, -122.090437026
46.510079, -122.090437026
46.519079, -122.090437026
46.528079, -122.090437026
46.537079, -122.090437026
46.546079, -122.090437026
46.555079, -122.090437026
46.564079, -122.090437026
46.573079, -122.090437026
46.582079, -122.090437026
46.591079, -122.090437026
46.600079, -122.090437026
46.609079, -122.090437026
46.618079, -122.090437026
46.627079, -122.090437026
46.636079, -122.090437026
46.645079, -122.090437026
46.654079, -122.090437026
46.663079, -122.090437026
46.672079, -122.090437026
46.681079, -122.090437026
46.690079, -122.090437026
46.699079, -122.090437026
46.708079, -122.090437026
46.717079, -122.090437026
46.726079, -122.090437026
46.735079, -122.090437026
46.744079, -122.090437026
46.753079, -122.090437026
46.762079, -122.090437026
46.771079, -122.090437026
46.780079, -122.090437026
46.789079, -122.090437026
46.798079, -122.090437026
46.807079, -122.090437026
46.816079, -122.090437026
46.825079, -122.090437026
46.834079, -122.090437026
46.843079, -122.090437026
46.852079, -122.090437026
46.861079, -122.090437026
46.870079, -122.090437026
46.879079, -122.090437026
46.888079, -122.090437026
46.897079, -122.090437026
46.906079, -122.090437026
46.915079, -122.090437026
46.924079, -122.090437026
46.933079, -122.090437026
46.942079, -122.090437026
46.951079, -122.090437026
46.960079, -122.090437026
46.969079, -122.090437026
46.978079, -122.090437026
46.987079, -122.090437026
46.996079, -122.090437026
47.005079, -122.090437026
47.014079, -122.090437026
47.023079, -122.090437026
47.032079, -122.090437026
47.041079, -122.090437026
47.050079, -122.090437026
47.059079, -122.090437026
47.068079, -122.090437026
47.077079, -122.090437026
47.086079, -122.090437026
47.095079, -122.090437026
47.104079, -122.090437026
47.113079, -122.090437026
47.122079, -122.090437026
47.131079, -122.090437026
47.140079, -122.090437026
47.149079, -122.090437026
47.158079, -122.090437026
47.167079, -122.090437026
47.176079, -122.090437026
47.185079, -122.090437026
47.194079, -122.090437026
47.203079, -122.090437026
47.212079, -122.090437026
47.221079, -122.090437026
47.230079, -122.090437026
47.239079, -122.090437026
47.248079, -122.090437026
47.257079, -122.090437026
47.266079, -122.090437026
47.275079, -122.090437026
47.284079, -122.090437026
47.293079, -122.090437026
47.302079, -122.090437026
47.311079, -122.090437026
47.320079, -122.090437026
47.329079, -122.090437026
47.338079, -122.090437026
47.347079, -122.090437026
47.356079, -122.090437026
47.365079, -122.090437026
47.374079, -122.090437026
47.383079, -122.090437026
47.392079, -122.090437026
47.401079, -122.090437026
47.410079, -122.090437026
47.419079, -122.090437026
47.428079, -122.090437026
47.437079, -122.090437026
47.446079, -122.090437026
47.455079, -122.090437026
47.464079, -122.090437026
47.473079, -122.090437026
47.482079, -122.090437026
47.491079, -122.090437026
47.500079, -122.090437026
47.509079, -122.090437026
47.518079, -122.090437026
47.527079, -122.090437026
47.536079, -122.090437026
47.545079, -122.090437026
47.554079, -122.090437026
47.563079, -122.090437026
47.572079, -122.090437026
47.581079, -122.090437026
47.590079, -122.090437026
47.599079, -122.090437026
47.608079, -122.090437026
47.617079, -122.090437026
47.626079, -122.090437026
47.635079, -122.090437026
47.644079, -122.090437026
47.653079, -122.090437026
47.662079, -122.090437026
47.671079, -122.090437026
47.680079, -122.090437026
47.689079, -122.090437026
47.698079, -122.090437026
47.707079, -122.090437026
47.716079, -122.090437026
47.725079, -122.090437026
47.734079, -122.090437026
47.743079, -122.090437026
47.752079, -122.090437026
47.761079, -122.090437026
47.770079, -122.090437026
47.779079, -122.090437026
47.788079, -122.090437026
47.797079, -122.090437026
47.806079, -122.090437026
47.815079, -122.090437026
47.824079, -122.090437026
47.833079, -122.090437026
47.842079, -122.090437026
47.851079, -122.090437026
47.860079, -122.090437026
47.869079, -122.090437026
47.878079, -122.090437026
47.887079, -122.090437026
47.896079, -122.090437026
47.905079, -122.090437026
47.914079, -122.090437026
47.923079, -122.090437026
47.932079, -122.090437026
47.941079, -122.090437026
47.950079, -122.090437026
47.959079, -122.090437026
47.968079, -122.090437026
47.977079, -122.090437026
47.986079, -122.090437026
47.995079, -122.090437026
48.004079, -122.090437026
48.013079, -122.090437026
48.022079, -122.090437026
48.031079, -122.090437026
48.040079, -122.090437026
48.049079, -122.090437026
48.058079, -122.090437026
48.067079, -122.090437026
48.076079, -122.090437026
48.085079, -122.090437026
48.094079, -122.090437026
48.103079, -122.090437026
48.112079, -122.090437026
48.121079, -122.090437026
48.130079, -122.090437026
48.139079, -122.090437026
48.148079, -122.090437026
48.157079, -122.090437026
48.166079, -122.090437026
48.175079, -122.090437026
48.184079, -122.090437026
48.193079, -122.090437026
48.202079, -122.090437026
48.211079, -122.090437026
48.220079, -122.090437026
48.229079, -122.090437026
48.238079, -122.090437026
48.247079, -122.090437026
48.256079, -122.090437026
48.265079, -122.090437026
48.274079, -122.090437026
48.283079, -122.090437026
48.292079, -122.090437026
48.301079, -122.090437026
48.310079, -122.090437026
48.319079, -122.090437026
48.328079, -122.090437026
48.337079, -122.090437026
48.346079, -122.090437026
48.355079, -122.090437026
48.364079, -122.090437026
48.373079, -122.090437026
48.382079, -122.090437026
48.391079, -122.090437026
48.400079, -122.090437026
48.409079, -122.090437026
48.418079, -122.090437026
48.427079, -122.090437026
48.436079, -122.090437026
48.445079, -122.090437026
48.454079, -122.090437026
48.463079, -122.090437026
48.472079, -122.090437026
48.481079, -122.090437026
48.490079, -122.090437026
48.499079, -122.090437026
48.508079, -122.090437026
48.517079, -122.090437026
48.526079, -122.090437026
48.535079, -122.090437026
48.544079, -122.090437026
48.553079, -122.090437026
48.562079, -122.090437026
48.571079, -122.090437026
48.580079, -122.090437026
48.589079, -122.090437026
48.598079, -122.090437026
48.607079, -122.090437026
48.616079, -122.090437026
48.625079, -122.090437026
48.634079, -122.090437026
48.643079, -122.090437026
48.652079, -122.090437026
48.661079, -122.090437026
48.670079, -122.090437026
48.679079, -122.090437026
48.688079, -122.090437026
48.697079, -122.090437026
48.706079, -122.090437026
48.715079, -122.090437026
48.724079, -122.090437026
48.733079, -122.090437026
48.742079, -122.090437026
48.751079, -122.090437026
48.760079, -122.090437026
48.769079, -122.090437026
48.778079, -122.090437026
48.787079, -122.090437026
48.796079, -122.090437026
48.805079, -122.090437026
48.814079, -122.090437026
48.823079, -122.090437026
48.832079, -122.090437026
48.841079, -122.090437026
48.850079, -122.090437026
48.859079, -122.090437026
48.868079, -122.090437026
48.877079, -122.090437026
48.886079, -122.090437026
48.895079, -122.090437026
48.904079, -122.090437026
48.913079, -122.090437026
48.922079, -122.090437026
48.931079, -122.090437026
48.940079, -122.090437026
48.949079, -122.090437026
46.213079, -122.076730268
46.222079, -122.076730268
46.231079, -122.076730268
46.240079, -122.076730268
46.249079, -122.076730268
46.258079, -122.076730268
46.267079, -122.076730268
46.276079, -122.076730268
46.285079, -122.076730268
46.294079, -122.076730268
46.303079, -122.076730268
46.312079, -122.076730268
46.321079, -122.076730268
46.330079, -122.076730268
46.339079, -122.076730268
46.348079, -122.076730268
46.357079, -122.076730268
46.366079, -122.076730268
46.375079, -122.076730268
46.384079, -122.076730268
46.393079, -122.076730268
46.402079, -122.076730268
46.411079, -122.076730268
46.420079, -122.076730268
46.429079, -122.076730268
46.438079, -122.076730268
46.447079, -122.076730268
46.456079, -122.076730268
46.465079, -122.076730268
46.474079, -122.076730268
46.483079, -122.076730268
46.492079, -122.076730268
46.501079, -122.076730268
46.510079, -122.076730268
46.519079, -122.076730268
46.528079, -122.076730268
46.537079, -122.076730268
46.546079, -122.076730268
46.555079, -122.076730268
46.564079, -122.076730268
46.573079, -122.076730268
46.582079, -122.076730268
46.591079, -122.076730268
46.600079, -122.076730268
46.609079, -122.076730268
46.618079, -122.076730268
46.627079, -122.076730268
46.636079, -122.076730268
46.645079, -122.076730268
46.654079, -122.076730268
46.663079, -122.076730268
46.672079, -122.076730268
46.681079, -122.076730268
46.690079, -122.076730268
46.699079, -122.076730268
46.708079, -122.076730268
46.717079, -122.076730268
46.726079, -122.076730268
46.735079, -122.076730268
46.744079, -122.076730268
46.753079, -122.076730268
46.762079, -122.076730268
46.771079, -122.076730268
46.780079, -122.076730268
46.789079, -122.076730268
46.798079, -122.076730268
46.807079, -122.076730268
46.816079, -122.076730268
46.825079, -122.076730268
46.834079, -122.076730268
46.843079, -122.076730268
46.852079, -122.076730268
46.861079, -122.076730268
46.870079, -122.076730268
46.879079, -122.076730268
46.888079, -122.076730268
46.897079, -122.076730268
46.906079, -122.076730268
46.915079, -122.076730268
46.924079, -122.076730268
46.933079, -122.076730268
46.942079, -122.076730268
46.951079, -122.076730268
46.960079, -122.076730268
46.969079, -122.076730268
46.978079, -122.076730268
46.987079, -122.076730268
46.996079, -122.076730268
47.005079, -122.076730268
47.014079, -122.076730268
47.023079, -122.076730268
47.032079, -122.076730268
47.041079, -122.076730268
47.050079, -122.076730268
47.059079, -122.076730268
47.068079, -122.076730268
47.077079, -122.076730268
47.086079, -122.076730268
47.095079, -122.076730268
47.104079, -122.076730268
47.113079, -122.076730268
47.122079, -122.076730268
47.131079, -122.076730268
47.140079, -122.076730268
47.149079, -122.076730268
47.158079, -122.076730268
47.167079, -122.076730268
47.176079, -122.076730268
47.185079, -122.076730268
47.194079, -122.076730268
47.203079, -122.076730268
47.212079, -122.076730268
47.221079, -122.076730268
47.230079, -122.076730268
47.239079, -122.076730268
47.248079, -122.076730268
47.257079, -122.076730268
47.266079, -122.076730268
47.275079, -122.076730268
47.284079, -122.076730268
47.293079, -122.076730268
47.302079, -122.076730268
47.311079, -122.076730268
47.320079, -122.076730268
47.329079, -122.076730268
47.338079, -122.076730268
47.347079, -122.076730268
47.356079, -122.076730268
47.365079, -122.076730268
47.374079, -122.076730268
47.383079, -122.076730268
47.392079, -122.076730268
47.401079, -122.076730268
47.410079, -122.076730268
47.419079, -122.076730268
47.428079, -122.076730268
47.437079, -122.076730268
47.446079, -122.076730268
47.455079, -122.076730268
47.464079, -122.076730268
47.473079, -122.076730268
47.482079, -122.076730268
47.491079, -122.076730268
47.500079, -122.076730268
47.509079, -122.076730268
47.518079, -122.076730268
47.527079, -122.076730268
47.536079, -122.076730268
47.545079, -122.076730268
47.554079, -122.076730268
47.563079, -122.076730268
47.572079, -122.076730268
47.581079, -122.076730268
47.590079, -122.076730268
47.599079, -122.076730268
47.608079, -122.076730268
47.617079, -122.076730268
47.626079, -122.076730268
47.635079, -122.076730268
47.644079, -122.076730268
47.653079, -122.076730268
47.662079, -122.076730268
47.671079, -122.076730268
47.680079, -122.076730268
47.689079, -122.076730268
47.698079, -122.076730268
47.707079, -122.076730268
47.716079, -122.076730268
47.725079, -122.076730268
47.734079, -122.076730268
47.743079, -122.076730268
47.752079, -122.076730268
47.761079, -122.076730268
47.770079, -122.076730268
47.779079, -122.076730268
47.788079, -122.076730268
47.797079, -122.076730268
47.806079, -122.076730268
47.815079, -122.076730268
47.824079, -122.076730268
47.833079, -122.076730268
47.842079, -122.076730268
47.851079, -122.076730268
47.860079, -122.076730268
47.869079, -122.076730268
47.878079, -122.076730268
47.887079, -122.076730268
47.896079, -122.076730268
47.905079, -122.076730268
47.914079, -122.076730268
47.923079, -122.076730268
47.932079, -122.076730268
47.941079, -122.076730268
47.950079, -122.076730268
47.959079, -122.076730268
47.968079, -122.076730268
47.977079, -122.076730268
47.986079, -122.076730268
47.995079, -122.076730268
48.004079, -122.076730268
48.013079, -122.076730268
48.022079, -122.076730268
48.031079, -122.076730268
48.040079, -122.076730268
48.049079, -122.076730268
48.058079, -122.076730268
48.067079, -122.076730268
48.076079, -122.076730268
48.085079, -122.076730268
48.094079, -122.076730268
48.103079, -122.076730268
48.112079, -122.076730268
48.121079, -122.076730268
48.130079, -122.076730268
48.139079, -122.076730268
48.148079, -122.076730268
48.157079, -122.076730268
48.166079, -122.076730268
48.175079, -122.076730268
48.184079, -122.076730268
48.193079, -122.076730268
48.202079, -122.076730268
48.211079, -122.076730268
48.220079, -122.076730268
48.229079, -122.076730268
48.238079, -122.076730268
48.247079, -122.076730268
48.256079, -122.076730268
48.265079, -122.076730268
48.274079, -122.076730268
48.283079, -122.076730268
48.292079, -122.076730268
48.301079, -122.076730268
48.310079, -122.076730268
48.319079, -122.076730268
48.328079, -122.076730268
48.337079, -122.076730268
48.346079, -122.076730268
48.355079, -122.076730268
48.364079, -122.076730268
48.373079, -122.076730268
48.382079, -122.076730268
48.391079, -122.076730268
48.400079, -122.076730268
48.409079, -122.076730268
48.418079, -122.076730268
48.427079, -122.076730268
48.436079, -122.076730268
48.445079, -122.076730268
48.454079, -122.076730268
48.463079, -122.076730268
48.472079, -122.076730268
48.481079, -122.076730268
48.490079, -122.076730268
48.499079, -122.076730268
48.508079, -122.076730268
48.517079, -122.076730268
48.526079, -122.076730268
48.535079, -122.076730268
48.544079, -122.076730268
48.553079, -122.076730268
48.562079, -122.076730268
48.571079, -122.076730268
48.580079, -122.076730268
48.589079, -122.076730268
48.598079, -122.076730268
48.607079, -122.076730268
48.616079, -122.076730268
48.625079, -122.076730268
48.634079, -122.076730268
48.643079, -122.076730268
48.652079, -122.076730268
48.661079, -122.076730268
48.670079, -122.076730268
48.679079, -122.076730268
48.688079, -122.076730268
48.697079, -122.076730268
48.706079, -122.076730268
48.715079, -122.076730268
48.724079, -122.076730268
48.733079, -122.076730268
48.742079, -122.076730268
48.751079, -122.076730268
48.760079, -122.076730268
48.769079, -122.076730268
48.778079, -122.076730268
48.787079, -122.076730268
48.796079, -122.076730268
48.805079, -122.076730268
48.814079, -122.076730268
48.823079, -122.076730268
48.832079, -122.076730268
48.841079, -122.076730268
48.850079, -122.076730268
48.859079, -122.076730268
48.868079, -122.076730268
48.877079, -122.076730268
48.886079, -122.076730268
48.895079, -122.076730268
48.904079, -122.076730268
48.913079, -122.076730268
48.922079, -122.076730268
48.931079, -122.076730268
48.940079, -122.076730268
48.949079, -122.076730268
46.213079, -122.063023509
46.222079, -122.063023509
46.231079, -122.063023509
46.240079, -122.063023509
46.249079, -122.063023509
46.258079, -122.063023509
46.267079, -122.063023509
46.276079, -122.063023509
46.285079, -122.063023509
46.294079, -122.063023509
46.303079, -122.063023509
46.312079, -122.063023509
46.321079, -122.063023509
46.330079, -122.063023509
46.339079, -122.063023509
46.348079, -122.063023509
46.357079, -122.063023509
46.366079, -122.063023509
46.375079, -122.063023509
46.384079, -122.063023509
46.393079, -122.063023509
46.402079, -122.063023509
46.411079, -122.063023509
46.420079, -122.063023509
46.429079, -122.063023509
46.438079, -122.063023509
46.447079, -122.063023509
46.456079, -122.063023509
46.465079, -122.063023509
46.474079, -122.063023509
46.483079, -122.063023509
46.492079, -122.063023509
46.501079, -122.063023509
46.510079, -122.063023509
46.519079, -122.063023509
46.528079, -122.063023509
46.537079, -122.063023509
46.546079, -122.063023509
46.555079, -122.063023509
46.564079, -122.063023509
46.573079, -122.063023509
46.582079, -122.063023509
46.591079, -122.063023509
46.600079, -122.063023509
46.609079, -122.063023509
46.618079, -122.063023509
46.627079, -122.063023509
46.636079, -122.063023509
46.645079, -122.063023509
46.654079, -122.063023509
46.663079, -122.063023509
46.672079, -122.063023509
46.681079, -122.063023509
46.690079, -122.063023509
46.699079, -122.063023509
46.708079, -122.063023509
46.717079, -122.063023509
46.726079, -122.063023509
46.735079, -122.063023509
46.744079, -122.063023509
46.753079, -122.063023509
46.762079, -122.063023509
46.771079, -122.063023509
46.780079, -122.063023509
46.789079, -122.063023509
46.798079, -122.063023509
46.807079, -122.063023509
46.816079, -122.063023509
46.825079, -122.063023509
46.834079, -122.063023509
46.843079, -122.063023509
46.852079, -122.063023509
46.861079, -122.063023509
46.870079, -122.063023509
46.879079, -122.063023509
46.888079, -122.063023509
46.897079, -122.063023509
46.906079, -122.063023509
46.915079, -122.063023509
46.924079, -122.063023509
46.933079, -122.063023509
46.942079, -122.063023509
46.951079, -122.063023509
46.960079, -122.063023509
46.969079, -122.063023509
46.978079, -122.063023509
46.987079, -122.063023509
46.996079, -122.063023509
47.005079, -122.063023509
47.014079, -122.063023509
47.023079, -122.063023509
47.032079, -122.063023509
47.041079, -122.063023509
47.050079, -122.063023509
47.059079, -122.063023509
47.068079, -122.063023509
47.077079, -122.063023509
47.086079, -122.063023509
47.095079, -122.063023509
47.104079, -122.063023509
47.113079, -122.063023509
47.122079, -122.063023509
47.131079, -122.063023509
47.140079, -122.063023509
47.149079, -122.063023509
47.158079, -122.063023509
47.167079, -122.063023509
47.176079, -122.063023509
47.185079, -122.063023509
47.194079, -122.063023509
47.203079, -122.063023509
47.212079, -122.063023509
47.221079, -122.063023509
47.230079, -122.063023509
47.239079, -122.063023509
47.248079, -122.063023509
47.257079, -122.063023509
47.266079, -122.063023509
47.275079, -122.063023509
47.284079, -122.063023509
47.293079, -122.063023509
47.302079, -122.063023509
47.311079, -122.063023509
47.320079, -122.063023509
47.329079, -122.063023509
47.338079, -122.063023509
47.347079, -122.063023509
47.356079, -122.063023509
47.365079, -122.063023509
47.374079, -122.063023509
47.383079, -122.063023509
47.392079, -122.063023509
47.401079, -122.063023509
47.410079, -122.063023509
47.419079, -122.063023509
47.428079, -122.063023509
47.437079, -122.063023509
47.446079, -122.063023509
47.455079, -122.063023509
47.464079, -122.063023509
47.473079, -122.063023509
47.482079, -122.063023509
47.491079, -122.063023509
47.500079, -122.063023509
47.509079, -122.063023509
47.518079, -122.063023509
47.527079, -122.063023509
47.536079, -122.063023509
47.545079, -122.063023509
47.554079, -122.063023509
47.563079, -122.063023509
47.572079, -122.063023509
47.581079, -122.063023509
47.590079, -122.063023509
47.599079, -122.063023509
47.608079, -122.063023509
47.617079, -122.063023509
47.626079, -122.063023509
47.635079, -122.063023509
47.644079, -122.063023509
47.653079, -122.063023509
47.662079, -122.063023509
47.671079, -122.063023509
47.680079, -122.063023509
47.689079, -122.063023509
47.698079, -122.063023509
47.707079, -122.063023509
47.716079, -122.063023509
47.725079, -122.063023509
47.734079, -122.063023509
47.743079, -122.063023509
47.752079, -122.063023509
47.761079, -122.063023509
47.770079, -122.063023509
47.779079, -122.063023509
47.788079, -122.063023509
47.797079, -122.063023509
47.806079, -122.063023509
47.815079, -122.063023509
47.824079, -122.063023509
47.833079, -122.063023509
47.842079, -122.063023509
47.851079, -122.063023509
47.860079, -122.063023509
47.869079, -122.063023509
47.878079, -122.063023509
47.887079, -122.063023509
47.896079, -122.063023509
47.905079, -122.063023509
47.914079, -122.063023509
47.923079, -122.063023509
47.932079, -122.063023509
47.941079, -122.063023509
47.950079, -122.063023509
47.959079, -122.063023509
47.968079, -122.063023509
47.977079, -122.063023509
47.986079, -122.063023509
47.995079, -122.063023509
48.004079, -122.063023509
48.013079, -122.063023509
48.022079, -122.063023509
48.031079, -122.063023509
48.040079, -122.063023509
48.049079, -122.063023509
48.058079, -122.063023509
48.067079, -122.063023509
48.076079, -122.063023509
48.085079, -122.063023509
48.094079, -122.063023509
48.103079, -122.063023509
48.112079, -122.063023509
48.121079, -122.063023509
48.130079, -122.063023509
48.139079, -122.063023509
48.148079, -122.063023509
48.157079, -122.063023509
48.166079, -122.063023509
48.175079, -122.063023509
48.184079, -122.063023509
48.193079, -122.063023509
48.202079, -122.063023509
48.211079, -122.063023509
48.220079, -122.063023509
48.229079, -122.063023509
48.238079, -122.063023509
48.247079, -122.063023509
48.256079, -122.063023509
48.265079, -122.063023509
48.274079, -122.063023509
48.283079, -122.063023509
48.292079, -122.063023509
48.301079, -122.063023509
48.310079, -122.063023509
48.319079, -122.063023509
48.328079, -122.063023509
48.337079, -122.063023509
48.346079, -122.063023509
48.355079, -122.063023509
48.364079, -122.063023509
48.373079, -122.063023509
48.382079, -122.063023509
48.391079, -122.063023509
48.400079, -122.063023509
48.409079, -122.063023509
48.418079, -122.063023509
48.427079, -122.063023509
48.436079, -122.063023509
48.445079, -122.063023509
48.454079, -122.063023509
48.463079, -122.063023509
48.472079, -122.063023509
48.481079, -122.063023509
48.490079, -122.063023509
48.499079, -122.063023509
48.508079, -122.063023509
48.517079, -122.063023509
48.526079, -122.063023509
48.535079, -122.063023509
48.544079, -122.063023509
48.553079, -122.063023509
48.562079, -122.063023509
48.571079, -122.063023509
48.580079, -122.063023509
48.589079, -122.063023509
48.598079, -122.063023509
48.607079, -122.063023509
48.616079, -122.063023509
48.625079, -122.063023509
48.634079, -122.063023509
48.643079, -122.063023509
48.652079, -122.063023509
48.661079, -122.063023509
48.670079, -122.063023509
48.679079, -122.063023509
48.688079, -122.063023509
48.697079, -122.063023509
48.706079, -122.063023509
48.715079, -122.063023509
48.724079, -122.063023509
48.733079, -122.063023509
48.742079, -122.063023509
48.751079, -122.063023509
48.760079, -122.063023509
48.769079, -122.063023509
48.778079, -122.063023509
48.787079, -122.063023509
48.796079, -122.063023509
48.805079, -122.063023509
48.814079, -122.063023509
48.823079, -122.063023509
48.832079, -122.063023509
48.841079, -122.063023509
48.850079, -122.063023509
48.859079, -122.063023509
48.868079, -122.063023509
48.877079, -122.063023509
48.886079, -122.063023509
48.895079, -122.063023509
48.904079, -122.063023509
48.913079, -122.063023509
48.922079, -122.063023509
48.931079, -122.063023509
48.940079, -122.063023509
48.949079, -122.063023509
46.213079, -122.049316751
46.222079, -122.049316751
46.231079, -122.049316751
46.240079, -122.049316751
46.249079, -122.049316751
46.258079, -122.049316751
46.267079, -122.049316751
46.276079, -122.049316751
46.285079, -122.049316751
46.294079, -122.049316751
46.303079, -122.049316751
46.312079, -122.049316751
46.321079, -122.049316751
46.330079, -122.049316751
46.339079, -122.049316751
46.348079, -122.049316751
46.357079, -122.049316751
46.366079, -122.049316751
46.375079, -122.049316751
46.384079, -122.049316751
46.393079, -122.049316751
46.402079, -122.049316751
46.411079, -122.049316751
46.420079, -122.049316751
46.429079, -122.049316751
46.438079, -122.049316751
46.447079, -122.049316751
46.456079, -122.049316751
46.465079, -122.049316751
46.474079, -122.049316751
46.483079, -122.049316751
46.492079, -122.049316751
46.501079, -122.049316751
46.510079, -122.049316751
46.519079, -122.049316751
46.528079, -122.049316751
46.537079, -122.049316751
46.546079, -122.049316751
46.555079, -122.049316751
46.564079, -122.049316751
46.573079, -122.049316751
46.582079, -122.049316751
46.591079, -122.049316751
46.600079, -122.049316751
46.609079, -122.049316751
46.618079, -122.049316751
46.627079, -122.049316751
46.636079, -122.049316751
46.645079, -122.049316751
46.654079, -122.049316751
46.663079, -122.049316751
46.672079, -122.049316751
46.681079, -122.049316751
46.690079, -122.049316751
46.699079, -122.049316751
46.708079, -122.049316751
46.717079, -122.049316751
46.726079, -122.049316751
46.735079, -122.049316751
46.744079, -122.049316751
46.753079, -122.049316751
46.762079, -122.049316751
46.771079, -122.049316751
46.780079, -122.049316751
46.789079, -122.049316751
46.798079, -122.049316751
46.807079, -122.049316751
46.816079, -122.049316751
46.825079, -122.049316751
46.834079, -122.049316751
46.843079, -122.049316751
46.852079, -122.049316751
46.861079, -122.049316751
46.870079, -122.049316751
46.879079, -122.049316751
46.888079, -122.049316751
46.897079, -122.049316751
46.906079, -122.049316751
46.915079, -122.049316751
46.924079, -122.049316751
46.933079, -122.049316751
46.942079, -122.049316751
46.951079, -122.049316751
46.960079, -122.049316751
46.969079, -122.049316751
46.978079, -122.049316751
46.987079, -122.049316751
46.996079, -122.049316751
47.005079, -122.049316751
47.014079, -122.049316751
47.023079, -122.049316751
47.032079, -122.049316751
47.041079, -122.049316751
47.050079, -122.049316751
47.059079, -122.049316751
47.068079, -122.049316751
47.077079, -122.049316751
47.086079, -122.049316751
47.095079, -122.049316751
47.104079, -122.049316751
47.113079, -122.049316751
47.122079, -122.049316751
47.131079, -122.049316751
47.140079, -122.049316751
47.149079, -122.049316751
47.158079, -122.049316751
47.167079, -122.049316751
47.176079, -122.049316751
47.185079, -122.049316751
47.194079, -122.049316751
47.203079, -122.049316751
47.212079, -122.049316751
47.221079, -122.049316751
47.230079, -122.049316751
47.239079, -122.049316751
47.248079, -122.049316751
47.257079, -122.049316751
47.266079, -122.049316751
47.275079, -122.049316751
47.284079, -122.049316751
47.293079, -122.049316751
47.302079, -122.049316751
47.311079, -122.049316751
47.320079, -122.049316751
47.329079, -122.049316751
47.338079, -122.049316751
47.347079, -122.049316751
47.356079, -122.049316751
47.365079, -122.049316751
47.374079, -122.049316751
47.383079, -122.049316751
47.392079, -122.049316751
47.401079, -122.049316751
47.410079, -122.049316751
47.419079, -122.049316751
47.428079, -122.049316751
47.437079, -122.049316751
47.446079, -122.049316751
47.455079, -122.049316751
47.464079, -122.049316751
47.473079, -122.049316751
47.482079, -122.049316751
47.491079, -122.049316751
47.500079, -122.049316751
47.509079, -122.049316751
47.518079, -122.049316751
47.527079, -122.049316751
47.536079, -122.049316751
47.545079, -122.049316751
47.554079, -122.049316751
47.563079, -122.049316751
47.572079, -122.049316751
47.581079, -122.049316751
47.590079, -122.049316751
47.599079, -122.049316751
47.608079, -122.049316751
47.617079, -122.049316751
47.626079, -122.049316751
47.635079, -122.049316751
47.644079, -122.049316751
47.653079, -122.049316751
47.662079, -122.049316751
47.671079, -122.049316751
47.680079, -122.049316751
47.689079, -122.049316751
47.698079, -122.049316751
47.707079, -122.049316751
47.716079, -122.049316751
47.725079, -122.049316751
47.734079, -122.049316751
47.743079, -122.049316751
47.752079, -122.049316751
47.761079, -122.049316751
47.770079, -122.049316751
47.779079, -122.049316751
47.788079, -122.049316751
47.797079, -122.049316751
47.806079, -122.049316751
47.815079, -122.049316751
47.824079, -122.049316751
47.833079, -122.049316751
47.842079, -122.049316751
47.851079, -122.049316751
47.860079, -122.049316751
47.869079, -122.049316751
47.878079, -122.049316751
47.887079, -122.049316751
47.896079, -122.049316751
47.905079, -122.049316751
47.914079, -122.049316751
47.923079, -122.049316751
47.932079, -122.049316751
47.941079, -122.049316751
47.950079, -122.049316751
47.959079, -122.049316751
47.968079, -122.049316751
47.977079, -122.049316751
47.986079, -122.049316751
47.995079, -122.049316751
48.004079, -122.049316751
48.013079, -122.049316751
48.022079, -122.049316751
48.031079, -122.049316751
48.040079, -122.049316751
48.049079, -122.049316751
48.058079, -122.049316751
48.067079, -122.049316751
48.076079, -122.049316751
48.085079, -122.049316751
48.094079, -122.049316751
48.103079, -122.049316751
48.112079, -122.049316751
48.121079, -122.049316751
48.130079, -122.049316751
48.139079, -122.049316751
48.148079, -122.049316751
48.157079, -122.049316751
48.166079, -122.049316751
48.175079, -122.049316751
48.184079, -122.049316751
48.193079, -122.049316751
48.202079, -122.049316751
48.211079, -122.049316751
48.220079, -122.049316751
48.229079, -122.049316751
48.238079, -122.049316751
48.247079, -122.049316751
48.256079, -122.049316751
48.265079, -122.049316751
48.274079, -122.049316751
48.283079, -122.049316751
48.292079, -122.049316751
48.301079, -122.049316751
48.310079, -122.049316751
48.319079, -122.049316751
48.328079, -122.049316751
48.337079, -122.049316751
48.346079, -122.049316751
48.355079, -122.049316751
48.364079, -122.049316751
48.373079, -122.049316751
48.382079, -122.049316751
48.391079, -122.049316751
48.400079, -122.049316751
48.409079, -122.049316751
48.418079, -122.049316751
48.427079, -122.049316751
48.436079, -122.049316751
48.445079, -122.049316751
48.454079, -122.049316751
48.463079, -122.049316751
48.472079, -122.049316751
48.481079, -122.049316751
48.490079, -122.049316751
48.499079, -122.049316751
48.508079, -122.049316751
48.517079, -122.049316751
48.526079, -122.049316751
48.535079, -122.049316751
48.544079, -122.049316751
48.553079, -122.049316751
48.562079, -122.049316751
48.571079, -122.049316751
48.580079, -122.049316751
48.589079, -122.049316751
48.598079, -122.049316751
48.607079, -122.049316751
48.616079, -122.049316751
48.625079, -122.049316751
48.634079, -122.049316751
48.643079, -122.049316751
48.652079, -122.049316751
48.661079, -122.049316751
48.670079, -122.049316751
48.679079, -122.049316751
48.688079, -122.049316751
48.697079, -122.049316751
48.706079, -122.049316751
48.715079, -122.049316751
48.724079, -122.049316751
48.733079, -122.049316751
48.742079, -122.049316751
48.751079, -122.049316751
48.760079, -122.049316751
48.769079, -122.049316751
48.778079, -122.049316751
48.787079, -122.049316751
48.796079, -122.049316751
48.805079, -122.049316751
48.814079, -122.049316751
48.823079, -122.049316751
48.832079, -122.049316751
48.841079, -122.049316751
48.850079, -122.049316751
48.859079, -122.049316751
48.868079, -122.049316751
48.877079, -122.049316751
48.886079, -122.049316751
48.895079, -122.049316751
48.904079, -122.049316751
48.913079, -122.049316751
48.922079, -122.049316751
48.931079, -122.049316751
48.940079, -122.049316751
48.949079, -122.049316751
46.213079, -122.035609992
46.222079, -122.035609992
46.231079, -122.035609992
46.240079, -122.035609992
46.249079, -122.035609992
46.258079, -122.035609992
46.267079, -122.035609992
46.276079, -122.035609992
46.285079, -122.035609992
46.294079, -122.035609992
46.303079, -122.035609992
46.312079, -122.035609992
46.321079, -122.035609992
46.330079, -122.035609992
46.339079, -122.035609992
46.348079, -122.035609992
46.357079, -122.035609992
46.366079, -122.035609992
46.375079, -122.035609992
46.384079, -122.035609992
46.393079, -122.035609992
46.402079, -122.035609992
46.411079, -122.035609992
46.420079, -122.035609992
46.429079, -122.035609992
46.438079, -122.035609992
46.447079, -122.035609992
46.456079, -122.035609992
46.465079, -122.035609992
46.474079, -122.035609992
46.483079, -122.035609992
46.492079, -122.035609992
46.501079, -122.035609992
46.510079, -122.035609992
46.519079, -122.035609992
46.528079, -122.035609992
46.537079, -122.035609992
46.546079, -122.035609992
46.555079, -122.035609992
46.564079, -122.035609992
46.573079, -122.035609992
46.582079, -122.035609992
46.591079, -122.035609992
46.600079, -122.035609992
46.609079, -122.035609992
46.618079, -122.035609992
46.627079, -122.035609992
46.636079, -122.035609992
46.645079, -122.035609992
46.654079, -122.035609992
46.663079, -122.035609992
46.672079, -122.035609992
46.681079, -122.035609992
46.690079, -122.035609992
46.699079, -122.035609992
46.708079, -122.035609992
46.717079, -122.035609992
46.726079, -122.035609992
46.735079, -122.035609992
46.744079, -122.035609992
46.753079, -122.035609992
46.762079, -122.035609992
46.771079, -122.035609992
46.780079, -122.035609992
46.789079, -122.035609992
46.798079, -122.035609992
46.807079, -122.035609992
46.816079, -122.035609992
46.825079, -122.035609992
46.834079, -122.035609992
46.843079, -122.035609992
46.852079, -122.035609992
46.861079, -122.035609992
46.870079, -122.035609992
46.879079, -122.035609992
46.888079, -122.035609992
46.897079, -122.035609992
46.906079, -122.035609992
46.915079, -122.035609992
46.924079, -122.035609992
46.933079, -122.035609992
46.942079, -122.035609992
46.951079, -122.035609992
46.960079, -122.035609992
46.969079, -122.035609992
46.978079, -122.035609992
46.987079, -122.035609992
46.996079, -122.035609992
47.005079, -122.035609992
47.014079, -122.035609992
47.023079, -122.035609992
47.032079, -122.035609992
47.041079, -122.035609992
47.050079, -122.035609992
47.059079, -122.035609992
47.068079, -122.035609992
47.077079, -122.035609992
47.086079, -122.035609992
47.095079, -122.035609992
47.104079, -122.035609992
47.113079, -122.035609992
47.122079, -122.035609992
47.131079, -122.035609992
47.140079, -122.035609992
47.149079, -122.035609992
47.158079, -122.035609992
47.167079, -122.035609992
47.176079, -122.035609992
47.185079, -122.035609992
47.194079, -122.035609992
47.203079, -122.035609992
47.212079, -122.035609992
47.221079, -122.035609992
47.230079, -122.035609992
47.239079, -122.035609992
47.248079, -122.035609992
47.257079, -122.035609992
47.266079, -122.035609992
47.275079, -122.035609992
47.284079, -122.035609992
47.293079, -122.035609992
47.302079, -122.035609992
47.311079, -122.035609992
47.320079, -122.035609992
47.329079, -122.035609992
47.338079, -122.035609992
47.347079, -122.035609992
47.356079, -122.035609992
47.365079, -122.035609992
47.374079, -122.035609992
47.383079, -122.035609992
47.392079, -122.035609992
47.401079, -122.035609992
47.410079, -122.035609992
47.419079, -122.035609992
47.428079, -122.035609992
47.437079, -122.035609992
47.446079, -122.035609992
47.455079, -122.035609992
47.464079, -122.035609992
47.473079, -122.035609992
47.482079, -122.035609992
47.491079, -122.035609992
47.500079, -122.035609992
47.509079, -122.035609992
47.518079, -122.035609992
47.527079, -122.035609992
47.536079, -122.035609992
47.545079, -122.035609992
47.554079, -122.035609992
47.563079, -122.035609992
47.572079, -122.035609992
47.581079, -122.035609992
47.590079, -122.035609992
47.599079, -122.035609992
47.608079, -122.035609992
47.617079, -122.035609992
47.626079, -122.035609992
47.635079, -122.035609992
47.644079, -122.035609992
47.653079, -122.035609992
47.662079, -122.035609992
47.671079, -122.035609992
47.680079, -122.035609992
47.689079, -122.035609992
47.698079, -122.035609992
47.707079, -122.035609992
47.716079, -122.035609992
47.725079, -122.035609992
47.734079, -122.035609992
47.743079, -122.035609992
47.752079, -122.035609992
47.761079, -122.035609992
47.770079, -122.035609992
47.779079, -122.035609992
47.788079, -122.035609992
47.797079, -122.035609992
47.806079, -122.035609992
47.815079, -122.035609992
47.824079, -122.035609992
47.833079, -122.035609992
47.842079, -122.035609992
47.851079, -122.035609992
47.860079, -122.035609992
47.869079, -122.035609992
47.878079, -122.035609992
47.887079, -122.035609992
47.896079, -122.035609992
47.905079, -122.035609992
47.914079, -122.035609992
47.923079, -122.035609992
47.932079, -122.035609992
47.941079, -122.035609992
47.950079, -122.035609992
47.959079, -122.035609992
47.968079, -122.035609992
47.977079, -122.035609992
47.986079, -122.035609992
47.995079, -122.035609992
48.004079, -122.035609992
48.013079, -122.035609992
48.022079, -122.035609992
48.031079, -122.035609992
48.040079, -122.035609992
48.049079, -122.035609992
48.058079, -122.035609992
48.067079, -122.035609992
48.076079, -122.035609992
48.085079, -122.035609992
48.094079, -122.035609992
48.103079, -122.035609992
48.112079, -122.035609992
48.121079, -122.035609992
48.130079, -122.035609992
48.139079, -122.035609992
48.148079, -122.035609992
48.157079, -122.035609992
48.166079, -122.035609992
48.175079, -122.035609992
48.184079, -122.035609992
48.193079, -122.035609992
48.202079, -122.035609992
48.211079, -122.035609992
48.220079, -122.035609992
48.229079, -122.035609992
48.238079, -122.035609992
48.247079, -122.035609992
48.256079, -122.035609992
48.265079, -122.035609992
48.274079, -122.035609992
48.283079, -122.035609992
48.292079, -122.035609992
48.301079, -122.035609992
48.310079, -122.035609992
48.319079, -122.035609992
48.328079, -122.035609992
48.337079, -122.035609992
48.346079, -122.035609992
48.355079, -122.035609992
48.364079, -122.035609992
48.373079, -122.035609992
48.382079, -122.035609992
48.391079, -122.035609992
48.400079, -122.035609992
48.409079, -122.035609992
48.418079, -122.035609992
48.427079, -122.035609992
48.436079, -122.035609992
48.445079, -122.035609992
48.454079, -122.035609992
48.463079, -122.035609992
48.472079, -122.035609992
48.481079, -122.035609992
48.490079, -122.035609992
48.499079, -122.035609992
48.508079, -122.035609992
48.517079, -122.035609992
48.526079, -122.035609992
48.535079, -122.035609992
48.544079, -122.035609992
48.553079, -122.035609992
48.562079, -122.035609992
48.571079, -122.035609992
48.580079, -122.035609992
48.589079, -122.035609992
48.598079, -122.035609992
