48.022079, -122.679827641
48.031079, -122.679827641
48.040079, -122.679827641
48.049079, -122.679827641
48.058079, -122.679827641
48.067079, -122.679827641
48.076079, -122.679827641
48.085079, -122.679827641
48.094079, -122.679827641
48.103079, -122.679827641
48.112079, -122.679827641
48.121079, -122.679827641
48.130079, -122.679827641
48.139079, -122.679827641
48.148079, -122.679827641
48.157079, -122.679827641
48.166079, -122.679827641
48.175079, -122.679827641
48.184079, -122.679827641
48.193079, -122.679827641
48.202079, -122.679827641
48.211079, -122.679827641
48.220079, -122.679827641
48.229079, -122.679827641
48.238079, -122.679827641
48.247079, -122.679827641
48.256079, -122.679827641
48.265079, -122.679827641
48.274079, -122.679827641
48.283079, -122.679827641
48.292079, -122.679827641
48.301079, -122.679827641
48.310079, -122.679827641
48.319079, -122.679827641
48.328079, -122.679827641
48.337079, -122.679827641
48.346079, -122.679827641
48.355079, -122.679827641
48.364079, -122.679827641
48.373079, -122.679827641
48.382079, -122.679827641
48.391079, -122.679827641
48.400079, -122.679827641
48.409079, -122.679827641
48.418079, -122.679827641
48.427079, -122.679827641
48.436079, -122.679827641
48.445079, -122.679827641
48.454079, -122.679827641
48.463079, -122.679827641
48.472079, -122.679827641
48.481079, -122.679827641
48.490079, -122.679827641
48.499079, -122.679827641
48.508079, -122.679827641
48.517079, -122.679827641
48.526079, -122.679827641
48.535079, -122.679827641
48.544079, -122.679827641
48.553079, -122.679827641
48.562079, -122.679827641
48.571079, -122.679827641
48.580079, -122.679827641
48.589079, -122.679827641
48.598079, -122.679827641
48.607079, -122.679827641
48.616079, -122.679827641
48.625079, -122.679827641
48.634079, -122.679827641
48.643079, -122.679827641
48.652079, -122.679827641
48.661079, -122.679827641
48.670079, -122.679827641
48.679079, -122.679827641
48.688079, -122.679827641
48.697079, -122.679827641
48.706079, -122.679827641
48.715079, -122.679827641
48.724079, -122.679827641
48.733079, -122.679827641
48.742079, -122.679827641
48.751079, -122.679827641
48.760079, -122.679827641
48.769079, -122.679827641
48.778079, -122.679827641
48.787079, -122.679827641
48.796079, -122.679827641
48.805079, -122.679827641
48.814079, -122.679827641
48.823079, -122.679827641
48.832079, -122.679827641
48.841079, -122.679827641
48.850079, -122.679827641
48.859079, -122.679827641
48.868079, -122.679827641
48.877079, -122.679827641
48.886079, -122.679827641
48.895079, -122.679827641
48.904079, -122.679827641
48.913079, -122.679827641
48.922079, -122.679827641
48.931079, -122.679827641
48.940079, -122.679827641
48.949079, -122.679827641
46.213079, -122.666120883
46.222079, -122.666120883
46.231079, -122.666120883
46.240079, -122.666120883
46.249079, -122.666120883
46.258079, -122.666120883
46.267079, -122.666120883
46.276079, -122.666120883
46.285079, -122.666120883
46.294079, -122.666120883
46.303079, -122.666120883
46.312079, -122.666120883
46.321079, -122.666120883
46.330079, -122.666120883
46.339079, -122.666120883
46.348079, -122.666120883
46.357079, -122.666120883
46.366079, -122.666120883
46.375079, -122.666120883
46.384079, -122.666120883
46.393079, -122.666120883
46.402079, -122.666120883
46.411079, -122.666120883
46.420079, -122.666120883
46.429079, -122.666120883
46.438079, -122.666120883
46.447079, -122.666120883
46.456079, -122.666120883
46.465079, -122.666120883
46.474079, -122.666120883
46.483079, -122.666120883
46.492079, -122.666120883
46.501079, -122.666120883
46.510079, -122.666120883
46.519079, -122.666120883
46.528079, -122.666120883
46.537079, -122.666120883
46.546079, -122.666120883
46.555079, -122.666120883
46.564079, -122.666120883
46.573079, -122.666120883
46.582079, -122.666120883
46.591079, -122.666120883
46.600079, -122.666120883
46.609079, -122.666120883
46.618079, -122.666120883
46.627079, -122.666120883
46.636079, -122.666120883
46.645079, -122.666120883
46.654079, -122.666120883
46.663079, -122.666120883
46.672079, -122.666120883
46.681079, -122.666120883
46.690079, -122.666120883
46.699079, -122.666120883
46.708079, -122.666120883
46.717079, -122.666120883
46.726079, -122.666120883
46.735079, -122.666120883
46.744079, -122.666120883
46.753079, -122.666120883
46.762079, -122.666120883
46.771079, -122.666120883
46.780079, -122.666120883
46.789079, -122.666120883
46.798079, -122.666120883
46.807079, -122.666120883
46.816079, -122.666120883
46.825079, -122.666120883
46.834079, -122.666120883
46.843079, -122.666120883
46.852079, -122.666120883
46.861079, -122.666120883
46.870079, -122.666120883
46.879079, -122.666120883
46.888079, -122.666120883
46.897079, -122.666120883
46.906079, -122.666120883
46.915079, -122.666120883
46.924079, -122.666120883
46.933079, -122.666120883
46.942079, -122.666120883
46.951079, -122.666120883
46.960079, -122.666120883
46.969079, -122.666120883
46.978079, -122.666120883
46.987079, -122.666120883
46.996079, -122.666120883
47.005079, -122.666120883
47.014079, -122.666120883
47.023079, -122.666120883
47.032079, -122.666120883
47.041079, -122.666120883
47.050079, -122.666120883
47.059079, -122.666120883
47.068079, -122.666120883
47.077079, -122.666120883
47.086079, -122.666120883
47.095079, -122.666120883
47.104079, -122.666120883
47.113079, -122.666120883
47.122079, -122.666120883
47.131079, -122.666120883
47.140079, -122.666120883
47.149079, -122.666120883
47.158079, -122.666120883
47.167079, -122.666120883
47.176079, -122.666120883
47.185079, -122.666120883
47.194079, -122.666120883
47.203079, -122.666120883
47.212079, -122.666120883
47.221079, -122.666120883
47.230079, -122.666120883
47.239079, -122.666120883
47.248079, -122.666120883
47.257079, -122.666120883
47.266079, -122.666120883
47.275079, -122.666120883
47.284079, -122.666120883
47.293079, -122.666120883
47.302079, -122.666120883
47.311079, -122.666120883
47.320079, -122.666120883
47.329079, -122.666120883
47.338079, -122.666120883
47.347079, -122.666120883
47.356079, -122.666120883
47.365079, -122.666120883
47.374079, -122.666120883
47.383079, -122.666120883
47.392079, -122.666120883
47.401079, -122.666120883
47.410079, -122.666120883
47.419079, -122.666120883
47.428079, -122.666120883
47.437079, -122.666120883
47.446079, -122.666120883
47.455079, -122.666120883
47.464079, -122.666120883
47.473079, -122.666120883
47.482079, -122.666120883
47.491079, -122.666120883
47.500079, -122.666120883
47.509079, -122.666120883
47.518079, -122.666120883
47.527079, -122.666120883
47.536079, -122.666120883
47.545079, -122.666120883
47.554079, -122.666120883
47.563079, -122.666120883
47.572079, -122.666120883
47.581079, -122.666120883
47.590079, -122.666120883
47.599079, -122.666120883
47.608079, -122.666120883
47.617079, -122.666120883
47.626079, -122.666120883
47.635079, -122.666120883
47.644079, -122.666120883
47.653079, -122.666120883
47.662079, -122.666120883
47.671079, -122.666120883
47.680079, -122.666120883
47.689079, -122.666120883
47.698079, -122.666120883
47.707079, -122.666120883
47.716079, -122.666120883
47.725079, -122.666120883
47.734079, -122.666120883
47.743079, -122.666120883
47.752079, -122.666120883
47.761079, -122.666120883
47.770079, -122.666120883
47.779079, -122.666120883
47.788079, -122.666120883
47.797079, -122.666120883
47.806079, -122.666120883
47.815079, -122.666120883
47.824079, -122.666120883
47.833079, -122.666120883
47.842079, -122.666120883
47.851079, -122.666120883
47.860079, -122.666120883
47.869079, -122.666120883
47.878079, -122.666120883
47.887079, -122.666120883
47.896079, -122.666120883
47.905079, -122.666120883
47.914079, -122.666120883
47.923079, -122.666120883
47.932079, -122.666120883
47.941079, -122.666120883
47.950079, -122.666120883
47.959079, -122.666120883
47.968079, -122.666120883
47.977079, -122.666120883
47.986079, -122.666120883
47.995079, -122.666120883
48.004079, -122.666120883
48.013079, -122.666120883
48.022079, -122.666120883
48.031079, -122.666120883
48.040079, -122.666120883
48.049079, -122.666120883
48.058079, -122.666120883
48.067079, -122.666120883
48.076079, -122.666120883
48.085079, -122.666120883
48.094079, -122.666120883
48.103079, -122.666120883
48.112079, -122.666120883
48.121079, -122.666120883
48.130079, -122.666120883
48.139079, -122.666120883
48.148079, -122.666120883
48.157079, -122.666120883
48.166079, -122.666120883
48.175079, -122.666120883
48.184079, -122.666120883
48.193079, -122.666120883
48.202079, -122.666120883
48.211079, -122.666120883
48.220079, -122.666120883
48.229079, -122.666120883
48.238079, -122.666120883
48.247079, -122.666120883
48.256079, -122.666120883
48.265079, -122.666120883
48.274079, -122.666120883
48.283079, -122.666120883
48.292079, -122.666120883
48.301079, -122.666120883
48.310079, -122.666120883
48.319079, -122.666120883
48.328079, -122.666120883
48.337079, -122.666120883
48.346079, -122.666120883
48.355079, -122.666120883
48.364079, -122.666120883
48.373079, -122.666120883
48.382079, -122.666120883
48.391079, -122.666120883
48.400079, -122.666120883
48.409079, -122.666120883
48.418079, -122.666120883
48.427079, -122.666120883
48.436079, -122.666120883
48.445079, -122.666120883
48.454079, -122.666120883
48.463079, -122.666120883
48.472079, -122.666120883
48.481079, -122.666120883
48.490079, -122.666120883
48.499079, -122.666120883
48.508079, -122.666120883
48.517079, -122.666120883
48.526079, -122.666120883
48.535079, -122.666120883
48.544079, -122.666120883
48.553079, -122.666120883
48.562079, -122.666120883
48.571079, -122.666120883
48.580079, -122.666120883
48.589079, -122.666120883
48.598079, -122.666120883
48.607079, -122.666120883
48.616079, -122.666120883
48.625079, -122.666120883
48.634079, -122.666120883
48.643079, -122.666120883
48.652079, -122.666120883
48.661079, -122.666120883
48.670079, -122.666120883
48.679079, -122.666120883
48.688079, -122.666120883
48.697079, -122.666120883
48.706079, -122.666120883
48.715079, -122.666120883
48.724079, -122.666120883
48.733079, -122.666120883
48.742079, -122.666120883
48.751079, -122.666120883
48.760079, -122.666120883
48.769079, -122.666120883
48.778079, -122.666120883
48.787079, -122.666120883
48.796079, -122.666120883
48.805079, -122.666120883
48.814079, -122.666120883
48.823079, -122.666120883
48.832079, -122.666120883
48.841079, -122.666120883
48.850079, -122.666120883
48.859079, -122.666120883
48.868079, -122.666120883
48.877079, -122.666120883
48.886079, -122.666120883
48.895079, -122.666120883
48.904079, -122.666120883
48.913079, -122.666120883
48.922079, -122.666120883
48.931079, -122.666120883
48.940079, -122.666120883
48.949079, -122.666120883
46.213079, -122.652414124
46.222079, -122.652414124
46.231079, -122.652414124
46.240079, -122.652414124
46.249079, -122.652414124
46.258079, -122.652414124
46.267079, -122.652414124
46.276079, -122.652414124
46.285079, -122.652414124
46.294079, -122.652414124
46.303079, -122.652414124
46.312079, -122.652414124
46.321079, -122.652414124
46.330079, -122.652414124
46.339079, -122.652414124
46.348079, -122.652414124
46.357079, -122.652414124
46.366079, -122.652414124
46.375079, -122.652414124
46.384079, -122.652414124
46.393079, -122.652414124
46.402079, -122.652414124
46.411079, -122.652414124
46.420079, -122.652414124
46.429079, -122.652414124
46.438079, -122.652414124
46.447079, -122.652414124
46.456079, -122.652414124
46.465079, -122.652414124
46.474079, -122.652414124
46.483079, -122.652414124
46.492079, -122.652414124
46.501079, -122.652414124
46.510079, -122.652414124
46.519079, -122.652414124
46.528079, -122.652414124
46.537079, -122.652414124
46.546079, -122.652414124
46.555079, -122.652414124
46.564079, -122.652414124
46.573079, -122.652414124
46.582079, -122.652414124
46.591079, -122.652414124
46.600079, -122.652414124
46.609079, -122.652414124
46.618079, -122.652414124
46.627079, -122.652414124
46.636079, -122.652414124
46.645079, -122.652414124
46.654079, -122.652414124
46.663079, -122.652414124
46.672079, -122.652414124
46.681079, -122.652414124
46.690079, -122.652414124
46.699079, -122.652414124
46.708079, -122.652414124
46.717079, -122.652414124
46.726079, -122.652414124
46.735079, -122.652414124
46.744079, -122.652414124
46.753079, -122.652414124
46.762079, -122.652414124
46.771079, -122.652414124
46.780079, -122.652414124
46.789079, -122.652414124
46.798079, -122.652414124
46.807079, -122.652414124
46.816079, -122.652414124
46.825079, -122.652414124
46.834079, -122.652414124
46.843079, -122.652414124
46.852079, -122.652414124
46.861079, -122.652414124
46.870079, -122.652414124
46.879079, -122.652414124
46.888079, -122.652414124
46.897079, -122.652414124
46.906079, -122.652414124
46.915079, -122.652414124
46.924079, -122.652414124
46.933079, -122.652414124
46.942079, -122.652414124
46.951079, -122.652414124
46.960079, -122.652414124
46.969079, -122.652414124
46.978079, -122.652414124
46.987079, -122.652414124
46.996079, -122.652414124
47.005079, -122.652414124
47.014079, -122.652414124
47.023079, -122.652414124
47.032079, -122.652414124
47.041079, -122.652414124
47.050079, -122.652414124
47.059079, -122.652414124
47.068079, -122.652414124
47.077079, -122.652414124
47.086079, -122.652414124
47.095079, -122.652414124
47.104079, -122.652414124
47.113079, -122.652414124
47.122079, -122.652414124
47.131079, -122.652414124
47.140079, -122.652414124
47.149079, -122.652414124
47.158079, -122.652414124
47.167079, -122.652414124
47.176079, -122.652414124
47.185079, -122.652414124
47.194079, -122.652414124
47.203079, -122.652414124
47.212079, -122.652414124
47.221079, -122.652414124
47.230079, -122.652414124
47.239079, -122.652414124
47.248079, -122.652414124
47.257079, -122.652414124
47.266079, -122.652414124
47.275079, -122.652414124
47.284079, -122.652414124
47.293079, -122.652414124
47.302079, -122.652414124
47.311079, -122.652414124
47.320079, -122.652414124
47.329079, -122.652414124
47.338079, -122.652414124
47.347079, -122.652414124
47.356079, -122.652414124
47.365079, -122.652414124
47.374079, -122.652414124
47.383079, -122.652414124
47.392079, -122.652414124
47.401079, -122.652414124
47.410079, -122.652414124
47.419079, -122.652414124
47.428079, -122.652414124
47.437079, -122.652414124
47.446079, -122.652414124
47.455079, -122.652414124
47.464079, -122.652414124
47.473079, -122.652414124
47.482079, -122.652414124
47.491079, -122.652414124
47.500079, -122.652414124
47.509079, -122.652414124
47.518079, -122.652414124
47.527079, -122.652414124
47.536079, -122.652414124
47.545079, -122.652414124
47.554079, -122.652414124
47.563079, -122.652414124
47.572079, -122.652414124
47.581079, -122.652414124
47.590079, -122.652414124
47.599079, -122.652414124
47.608079, -122.652414124
47.617079, -122.652414124
47.626079, -122.652414124
47.635079, -122.652414124
47.644079, -122.652414124
47.653079, -122.652414124
47.662079, -122.652414124
47.671079, -122.652414124
47.680079, -122.652414124
47.689079, -122.652414124
47.698079, -122.652414124
47.707079, -122.652414124
47.716079, -122.652414124
47.725079, -122.652414124
47.734079, -122.652414124
47.743079, -122.652414124
47.752079, -122.652414124
47.761079, -122.652414124
47.770079, -122.652414124
47.779079, -122.652414124
47.788079, -122.652414124
47.797079, -122.652414124
47.806079, -122.652414124
47.815079, -122.652414124
47.824079, -122.652414124
47.833079, -122.652414124
47.842079, -122.652414124
47.851079, -122.652414124
47.860079, -122.652414124
47.869079, -122.652414124
47.878079, -122.652414124
47.887079, -122.652414124
47.896079, -122.652414124
47.905079, -122.652414124
47.914079, -122.652414124
47.923079, -122.652414124
47.932079, -122.652414124
47.941079, -122.652414124
47.950079, -122.652414124
47.959079, -122.652414124
47.968079, -122.652414124
47.977079, -122.652414124
47.986079, -122.652414124
47.995079, -122.652414124
48.004079, -122.652414124
48.013079, -122.652414124
48.022079, -122.652414124
48.031079, -122.652414124
48.040079, -122.652414124
48.049079, -122.652414124
48.058079, -122.652414124
48.067079, -122.652414124
48.076079, -122.652414124
48.085079, -122.652414124
48.094079, -122.652414124
48.103079, -122.652414124
48.112079, -122.652414124
48.121079, -122.652414124
48.130079, -122.652414124
48.139079, -122.652414124
48.148079, -122.652414124
48.157079, -122.652414124
48.166079, -122.652414124
48.175079, -122.652414124
48.184079, -122.652414124
48.193079, -122.652414124
48.202079, -122.652414124
48.211079, -122.652414124
48.220079, -122.652414124
48.229079, -122.652414124
48.238079, -122.652414124
48.247079, -122.652414124
48.256079, -122.652414124
48.265079, -122.652414124
48.274079, -122.652414124
48.283079, -122.652414124
48.292079, -122.652414124
48.301079, -122.652414124
48.310079, -122.652414124
48.319079, -122.652414124
48.328079, -122.652414124
48.337079, -122.652414124
48.346079, -122.652414124
48.355079, -122.652414124
48.364079, -122.652414124
48.373079, -122.652414124
48.382079, -122.652414124
48.391079, -122.652414124
48.400079, -122.652414124
48.409079, -122.652414124
48.418079, -122.652414124
48.427079, -122.652414124
48.436079, -122.652414124
48.445079, -122.652414124
48.454079, -122.652414124
48.463079, -122.652414124
48.472079, -122.652414124
48.481079, -122.652414124
48.490079, -122.652414124
48.499079, -122.652414124
48.508079, -122.652414124
48.517079, -122.652414124
48.526079, -122.652414124
48.535079, -122.652414124
48.544079, -122.652414124
48.553079, -122.652414124
48.562079, -122.652414124
48.571079, -122.652414124
48.580079, -122.652414124
48.589079, -122.652414124
48.598079, -122.652414124
48.607079, -122.652414124
48.616079, -122.652414124
48.625079, -122.652414124
48.634079, -122.652414124
48.643079, -122.652414124
48.652079, -122.652414124
48.661079, -122.652414124
48.670079, -122.652414124
48.679079, -122.652414124
48.688079, -122.652414124
48.697079, -122.652414124
48.706079, -122.652414124
48.715079, -122.652414124
48.724079, -122.652414124
48.733079, -122.652414124
48.742079, -122.652414124
48.751079, -122.652414124
48.760079, -122.652414124
48.769079, -122.652414124
48.778079, -122.652414124
48.787079, -122.652414124
48.796079, -122.652414124
48.805079, -122.652414124
48.814079, -122.652414124
48.823079, -122.652414124
48.832079, -122.652414124
48.841079, -122.652414124
48.850079, -122.652414124
48.859079, -122.652414124
48.868079, -122.652414124
48.877079, -122.652414124
48.886079, -122.652414124
48.895079, -122.652414124
48.904079, -122.652414124
48.913079, -122.652414124
48.922079, -122.652414124
48.931079, -122.652414124
48.940079, -122.652414124
48.949079, -122.652414124
46.213079, -122.638707366
46.222079, -122.638707366
46.231079, -122.638707366
46.240079, -122.638707366
46.249079, -122.638707366
46.258079, -122.638707366
46.267079, -122.638707366
46.276079, -122.638707366
46.285079, -122.638707366
46.294079, -122.638707366
46.303079, -122.638707366
46.312079, -122.638707366
46.321079, -122.638707366
46.330079, -122.638707366
46.339079, -122.638707366
46.348079, -122.638707366
46.357079, -122.638707366
46.366079, -122.638707366
46.375079, -122.638707366
46.384079, -122.638707366
46.393079, -122.638707366
46.402079, -122.638707366
46.411079, -122.638707366
46.420079, -122.638707366
46.429079, -122.638707366
46.438079, -122.638707366
46.447079, -122.638707366
46.456079, -122.638707366
46.465079, -122.638707366
46.474079, -122.638707366
46.483079, -122.638707366
46.492079, -122.638707366
46.501079, -122.638707366
46.510079, -122.638707366
46.519079, -122.638707366
46.528079, -122.638707366
46.537079, -122.638707366
46.546079, -122.638707366
46.555079, -122.638707366
46.564079, -122.638707366
46.573079, -122.638707366
46.582079, -122.638707366
46.591079, -122.638707366
46.600079, -122.638707366
46.609079, -122.638707366
46.618079, -122.638707366
46.627079, -122.638707366
46.636079, -122.638707366
46.645079, -122.638707366
46.654079, -122.638707366
46.663079, -122.638707366
46.672079, -122.638707366
46.681079, -122.638707366
46.690079, -122.638707366
46.699079, -122.638707366
46.708079, -122.638707366
46.717079, -122.638707366
46.726079, -122.638707366
46.735079, -122.638707366
46.744079, -122.638707366
46.753079, -122.638707366
46.762079, -122.638707366
46.771079, -122.638707366
46.780079, -122.638707366
46.789079, -122.638707366
46.798079, -122.638707366
46.807079, -122.638707366
46.816079, -122.638707366
46.825079, -122.638707366
46.834079, -122.638707366
46.843079, -122.638707366
46.852079, -122.638707366
46.861079, -122.638707366
46.870079, -122.638707366
46.879079, -122.638707366
46.888079, -122.638707366
46.897079, -122.638707366
46.906079, -122.638707366
46.915079, -122.638707366
46.924079, -122.638707366
46.933079, -122.638707366
46.942079, -122.638707366
46.951079, -122.638707366
46.960079, -122.638707366
46.969079, -122.638707366
46.978079, -122.638707366
46.987079, -122.638707366
46.996079, -122.638707366
47.005079, -122.638707366
47.014079, -122.638707366
47.023079, -122.638707366
47.032079, -122.638707366
47.041079, -122.638707366
47.050079, -122.638707366
47.059079, -122.638707366
47.068079, -122.638707366
47.077079, -122.638707366
47.086079, -122.638707366
47.095079, -122.638707366
47.104079, -122.638707366
47.113079, -122.638707366
47.122079, -122.638707366
47.131079, -122.638707366
47.140079, -122.638707366
47.149079, -122.638707366
47.158079, -122.638707366
47.167079, -122.638707366
47.176079, -122.638707366
47.185079, -122.638707366
47.194079, -122.638707366
47.203079, -122.638707366
47.212079, -122.638707366
47.221079, -122.638707366
47.230079, -122.638707366
47.239079, -122.638707366
47.248079, -122.638707366
47.257079, -122.638707366
47.266079, -122.638707366
47.275079, -122.638707366
47.284079, -122.638707366
47.293079, -122.638707366
47.302079, -122.638707366
47.311079, -122.638707366
47.320079, -122.638707366
47.329079, -122.638707366
47.338079, -122.638707366
47.347079, -122.638707366
47.356079, -122.638707366
47.365079, -122.638707366
47.374079, -122.638707366
47.383079, -122.638707366
47.392079, -122.638707366
47.401079, -122.638707366
47.410079, -122.638707366
47.419079, -122.638707366
47.428079, -122.638707366
47.437079, -122.638707366
47.446079, -122.638707366
47.455079, -122.638707366
47.464079, -122.638707366
47.473079, -122.638707366
47.482079, -122.638707366
47.491079, -122.638707366
47.500079, -122.638707366
47.509079, -122.638707366
47.518079, -122.638707366
47.527079, -122.638707366
47.536079, -122.638707366
47.545079, -122.638707366
47.554079, -122.638707366
47.563079, -122.638707366
47.572079, -122.638707366
47.581079, -122.638707366
47.590079, -122.638707366
47.599079, -122.638707366
47.608079, -122.638707366
47.617079, -122.638707366
47.626079, -122.638707366
47.635079, -122.638707366
47.644079, -122.638707366
47.653079, -122.638707366
47.662079, -122.638707366
47.671079, -122.638707366
47.680079, -122.638707366
47.689079, -122.638707366
47.698079, -122.638707366
47.707079, -122.638707366
47.716079, -122.638707366
47.725079, -122.638707366
47.734079, -122.638707366
47.743079, -122.638707366
47.752079, -122.638707366
47.761079, -122.638707366
47.770079, -122.638707366
47.779079, -122.638707366
47.788079, -122.638707366
47.797079, -122.638707366
47.806079, -122.638707366
47.815079, -122.638707366
47.824079, -122.638707366
47.833079, -122.638707366
47.842079, -122.638707366
47.851079, -122.638707366
47.860079, -122.638707366
47.869079, -122.638707366
47.878079, -122.638707366
47.887079, -122.638707366
47.896079, -122.638707366
47.905079, -122.638707366
47.914079, -122.638707366
47.923079, -122.638707366
47.932079, -122.638707366
47.941079, -122.638707366
47.950079, -122.638707366
47.959079, -122.638707366
47.968079, -122.638707366
47.977079, -122.638707366
47.986079, -122.638707366
47.995079, -122.638707366
48.004079, -122.638707366
48.013079, -122.638707366
48.022079, -122.638707366
48.031079, -122.638707366
48.040079, -122.638707366
48.049079, -122.638707366
48.058079, -122.638707366
48.067079, -122.638707366
48.076079, -122.638707366
48.085079, -122.638707366
48.094079, -122.638707366
48.103079, -122.638707366
48.112079, -122.638707366
48.121079, -122.638707366
48.130079, -122.638707366
48.139079, -122.638707366
48.148079, -122.638707366
48.157079, -122.638707366
48.166079, -122.638707366
48.175079, -122.638707366
48.184079, -122.638707366
48.193079, -122.638707366
48.202079, -122.638707366
48.211079, -122.638707366
48.220079, -122.638707366
48.229079, -122.638707366
48.238079, -122.638707366
48.247079, -122.638707366
48.256079, -122.638707366
48.265079, -122.638707366
48.274079, -122.638707366
48.283079, -122.638707366
48.292079, -122.638707366
48.301079, -122.638707366
48.310079, -122.638707366
48.319079, -122.638707366
48.328079, -122.638707366
48.337079, -122.638707366
48.346079, -122.638707366
48.355079, -122.638707366
48.364079, -122.638707366
48.373079, -122.638707366
48.382079, -122.638707366
48.391079, -122.638707366
48.400079, -122.638707366
48.409079, -122.638707366
48.418079, -122.638707366
48.427079, -122.638707366
48.436079, -122.638707366
48.445079, -122.638707366
48.454079, -122.638707366
48.463079, -122.638707366
48.472079, -122.638707366
48.481079, -122.638707366
48.490079, -122.638707366
48.499079, -122.638707366
48.508079, -122.638707366
48.517079, -122.638707366
48.526079, -122.638707366
48.535079, -122.638707366
48.544079, -122.638707366
48.553079, -122.638707366
48.562079, -122.638707366
48.571079, -122.638707366
48.580079, -122.638707366
48.589079, -122.638707366
48.598079, -122.638707366
48.607079, -122.638707366
48.616079, -122.638707366
48.625079, -122.638707366
48.634079, -122.638707366
48.643079, -122.638707366
48.652079, -122.638707366
48.661079, -122.638707366
48.670079, -122.638707366
48.679079, -122.638707366
48.688079, -122.638707366
48.697079, -122.638707366
48.706079, -122.638707366
48.715079, -122.638707366
48.724079, -122.638707366
48.733079, -122.638707366
48.742079, -122.638707366
48.751079, -122.638707366
48.760079, -122.638707366
48.769079, -122.638707366
48.778079, -122.638707366
48.787079, -122.638707366
48.796079, -122.638707366
48.805079, -122.638707366
48.814079, -122.638707366
48.823079, -122.638707366
48.832079, -122.638707366
48.841079, -122.638707366
48.850079, -122.638707366
48.859079, -122.638707366
48.868079, -122.638707366
48.877079, -122.638707366
48.886079, -122.638707366
48.895079, -122.638707366
48.904079, -122.638707366
48.913079, -122.638707366
48.922079, -122.638707366
48.931079, -122.638707366
48.940079, -122.638707366
48.949079, -122.638707366
46.213079, -122.625000607
46.222079, -122.625000607
46.231079, -122.625000607
46.240079, -122.625000607
46.249079, -122.625000607
46.258079, -122.625000607
46.267079, -122.625000607
46.276079, -122.625000607
46.285079, -122.625000607
46.294079, -122.625000607
46.303079, -122.625000607
46.312079, -122.625000607
46.321079, -122.625000607
46.330079, -122.625000607
46.339079, -122.625000607
46.348079, -122.625000607
46.357079, -122.625000607
46.366079, -122.625000607
46.375079, -122.625000607
46.384079, -122.625000607
46.393079, -122.625000607
46.402079, -122.625000607
46.411079, -122.625000607
46.420079, -122.625000607
46.429079, -122.625000607
46.438079, -122.625000607
46.447079, -122.625000607
46.456079, -122.625000607
46.465079, -122.625000607
46.474079, -122.625000607
46.483079, -122.625000607
46.492079, -122.625000607
46.501079, -122.625000607
46.510079, -122.625000607
46.519079, -122.625000607
46.528079, -122.625000607
46.537079, -122.625000607
46.546079, -122.625000607
46.555079, -122.625000607
46.564079, -122.625000607
46.573079, -122.625000607
46.582079, -122.625000607
46.591079, -122.625000607
46.600079, -122.625000607
46.609079, -122.625000607
46.618079, -122.625000607
46.627079, -122.625000607
46.636079, -122.625000607
46.645079, -122.625000607
46.654079, -122.625000607
46.663079, -122.625000607
46.672079, -122.625000607
46.681079, -122.625000607
46.690079, -122.625000607
46.699079, -122.625000607
46.708079, -122.625000607
46.717079, -122.625000607
46.726079, -122.625000607
46.735079, -122.625000607
46.744079, -122.625000607
46.753079, -122.625000607
46.762079, -122.625000607
46.771079, -122.625000607
46.780079, -122.625000607
46.789079, -122.625000607
46.798079, -122.625000607
46.807079, -122.625000607
46.816079, -122.625000607
46.825079, -122.625000607
46.834079, -122.625000607
46.843079, -122.625000607
46.852079, -122.625000607
46.861079, -122.625000607
46.870079, -122.625000607
46.879079, -122.625000607
46.888079, -122.625000607
46.897079, -122.625000607
46.906079, -122.625000607
46.915079, -122.625000607
46.924079, -122.625000607
46.933079, -122.625000607
46.942079, -122.625000607
46.951079, -122.625000607
46.960079, -122.625000607
46.969079, -122.625000607
46.978079, -122.625000607
46.987079, -122.625000607
46.996079, -122.625000607
47.005079, -122.625000607
47.014079, -122.625000607
47.023079, -122.625000607
47.032079, -122.625000607
47.041079, -122.625000607
47.050079, -122.625000607
47.059079, -122.625000607
47.068079, -122.625000607
47.077079, -122.625000607
47.086079, -122.625000607
47.095079, -122.625000607
47.104079, -122.625000607
47.113079, -122.625000607
47.122079, -122.625000607
47.131079, -122.625000607
47.140079, -122.625000607
47.149079, -122.625000607
47.158079, -122.625000607
47.167079, -122.625000607
47.176079, -122.625000607
47.185079, -122.625000607
47.194079, -122.625000607
47.203079, -122.625000607
47.212079, -122.625000607
47.221079, -122.625000607
47.230079, -122.625000607
47.239079, -122.625000607
47.248079, -122.625000607
47.257079, -122.625000607
47.266079, -122.625000607
47.275079, -122.625000607
47.284079, -122.625000607
47.293079, -122.625000607
47.302079, -122.625000607
47.311079, -122.625000607
47.320079, -122.625000607
47.329079, -122.625000607
47.338079, -122.625000607
47.347079, -122.625000607
47.356079, -122.625000607
47.365079, -122.625000607
47.374079, -122.625000607
47.383079, -122.625000607
47.392079, -122.625000607
47.401079, -122.625000607
47.410079, -122.625000607
47.419079, -122.625000607
47.428079, -122.625000607
47.437079, -122.625000607
47.446079, -122.625000607
47.455079, -122.625000607
47.464079, -122.625000607
47.473079, -122.625000607
47.482079, -122.625000607
47.491079, -122.625000607
47.500079, -122.625000607
47.509079, -122.625000607
47.518079, -122.625000607
47.527079, -122.625000607
47.536079, -122.625000607
47.545079, -122.625000607
47.554079, -122.625000607
47.563079, -122.625000607
47.572079, -122.625000607
47.581079, -122.625000607
47.590079, -122.625000607
47.599079, -122.625000607
47.608079, -122.625000607
47.617079, -122.625000607
47.626079, -122.625000607
47.635079, -122.625000607
47.644079, -122.625000607
47.653079, -122.625000607
47.662079, -122.625000607
47.671079, -122.625000607
47.680079, -122.625000607
47.689079, -122.625000607
47.698079, -122.625000607
47.707079, -122.625000607
47.716079, -122.625000607
47.725079, -122.625000607
47.734079, -122.625000607
47.743079, -122.625000607
47.752079, -122.625000607
47.761079, -122.625000607
47.770079, -122.625000607
47.779079, -122.625000607
47.788079, -122.625000607
47.797079, -122.625000607
47.806079, -122.625000607
47.815079, -122.625000607
47.824079, -122.625000607
47.833079, -122.625000607
47.842079, -122.625000607
47.851079, -122.625000607
47.860079, -122.625000607
47.869079, -122.625000607
47.878079, -122.625000607
47.887079, -122.625000607
47.896079, -122.625000607
47.905079, -122.625000607
47.914079, -122.625000607
47.923079, -122.625000607
47.932079, -122.625000607
47.941079, -122.625000607
47.950079, -122.625000607
47.959079, -122.625000607
47.968079, -122.625000607
47.977079, -122.625000607
47.986079, -122.625000607
47.995079, -122.625000607
48.004079, -122.625000607
48.013079, -122.625000607
48.022079, -122.625000607
48.031079, -122.625000607
48.040079, -122.625000607
48.049079, -122.625000607
48.058079, -122.625000607
48.067079, -122.625000607
48.076079, -122.625000607
48.085079, -122.625000607
48.094079, -122.625000607
48.103079, -122.625000607
48.112079, -122.625000607
48.121079, -122.625000607
48.130079, -122.625000607
48.139079, -122.625000607
48.148079, -122.625000607
48.157079, -122.625000607
48.166079, -122.625000607
48.175079, -122.625000607
48.184079, -122.625000607
48.193079, -122.625000607
48.202079, -122.625000607
48.211079, -122.625000607
48.220079, -122.625000607
48.229079, -122.625000607
48.238079, -122.625000607
48.247079, -122.625000607
48.256079, -122.625000607
48.265079, -122.625000607
48.274079, -122.625000607
48.283079, -122.625000607
48.292079, -122.625000607
48.301079, -122.625000607
48.310079, -122.625000607
48.319079, -122.625000607
48.328079, -122.625000607
48.337079, -122.625000607
48.346079, -122.625000607
48.355079, -122.625000607
48.364079, -122.625000607
48.373079, -122.625000607
48.382079, -122.625000607
48.391079, -122.625000607
48.400079, -122.625000607
48.409079, -122.625000607
48.418079, -122.625000607
48.427079, -122.625000607
48.436079, -122.625000607
48.445079, -122.625000607
48.454079, -122.625000607
48.463079, -122.625000607
48.472079, -122.625000607
48.481079, -122.625000607
48.490079, -122.625000607
48.499079, -122.625000607
48.508079, -122.625000607
48.517079, -122.625000607
48.526079, -122.625000607
48.535079, -122.625000607
48.544079, -122.625000607
48.553079, -122.625000607
48.562079, -122.625000607
48.571079, -122.625000607
48.580079, -122.625000607
48.589079, -122.625000607
48.598079, -122.625000607
48.607079, -122.625000607
48.616079, -122.625000607
48.625079, -122.625000607
48.634079, -122.625000607
48.643079, -122.625000607
48.652079, -122.625000607
48.661079, -122.625000607
48.670079, -122.625000607
48.679079, -122.625000607
48.688079, -122.625000607
48.697079, -122.625000607
48.706079, -122.625000607
48.715079, -122.625000607
48.724079, -122.625000607
48.733079, -122.625000607
48.742079, -122.625000607
48.751079, -122.625000607
48.760079, -122.625000607
48.769079, -122.625000607
48.778079, -122.625000607
48.787079, -122.625000607
48.796079, -122.625000607
48.805079, -122.625000607
48.814079, -122.625000607
48.823079, -122.625000607
48.832079, -122.625000607
48.841079, -122.625000607
48.850079, -122.625000607
48.859079, -122.625000607
48.868079, -122.625000607
48.877079, -122.625000607
48.886079, -122.625000607
48.895079, -122.625000607
48.904079, -122.625000607
48.913079, -122.625000607
48.922079, -122.625000607
48.931079, -122.625000607
48.940079, -122.625000607
48.949079, -122.625000607
46.213079, -122.611293849
46.222079, -122.611293849
46.231079, -122.611293849
46.240079, -122.611293849
46.249079, -122.611293849
46.258079, -122.611293849
46.267079, -122.611293849
46.276079, -122.611293849
46.285079, -122.611293849
46.294079, -122.611293849
46.303079, -122.611293849
46.312079, -122.611293849
46.321079, -122.611293849
46.330079, -122.611293849
46.339079, -122.611293849
46.348079, -122.611293849
46.357079, -122.611293849
46.366079, -122.611293849
46.375079, -122.611293849
46.384079, -122.611293849
46.393079, -122.611293849
46.402079, -122.611293849
46.411079, -122.611293849
46.420079, -122.611293849
46.429079, -122.611293849
46.438079, -122.611293849
46.447079, -122.611293849
46.456079, -122.611293849
46.465079, -122.611293849
46.474079, -122.611293849
46.483079, -122.611293849
46.492079, -122.611293849
46.501079, -122.611293849
46.510079, -122.611293849
46.519079, -122.611293849
46.528079, -122.611293849
46.537079, -122.611293849
46.546079, -122.611293849
46.555079, -122.611293849
46.564079, -122.611293849
46.573079, -122.611293849
46.582079, -122.611293849
46.591079, -122.611293849
46.600079, -122.611293849
46.609079, -122.611293849
46.618079, -122.611293849
46.627079, -122.611293849
46.636079, -122.611293849
46.645079, -122.611293849
46.654079, -122.611293849
46.663079, -122.611293849
46.672079, -122.611293849
46.681079, -122.611293849
46.690079, -122.611293849
46.699079, -122.611293849
46.708079, -122.611293849
46.717079, -122.611293849
46.726079, -122.611293849
46.735079, -122.611293849
46.744079, -122.611293849
46.753079, -122.611293849
46.762079, -122.611293849
46.771079, -122.611293849
46.780079, -122.611293849
46.789079, -122.611293849
46.798079, -122.611293849
46.807079, -122.611293849
46.816079, -122.611293849
46.825079, -122.611293849
46.834079, -122.611293849
46.843079, -122.611293849
46.852079, -122.611293849
46.861079, -122.611293849
46.870079, -122.611293849
46.879079, -122.611293849
46.888079, -122.611293849
46.897079, -122.611293849
46.906079, -122.611293849
46.915079, -122.611293849
46.924079, -122.611293849
46.933079, -122.611293849
46.942079, -122.611293849
46.951079, -122.611293849
46.960079, -122.611293849
46.969079, -122.611293849
46.978079, -122.611293849
46.987079, -122.611293849
46.996079, -122.611293849
47.005079, -122.611293849
47.014079, -122.611293849
47.023079, -122.611293849
47.032079, -122.611293849
47.041079, -122.611293849
47.050079, -122.611293849
47.059079, -122.611293849
47.068079, -122.611293849
47.077079, -122.611293849
47.086079, -122.611293849
47.095079, -122.611293849
47.104079, -122.611293849
47.113079, -122.611293849
47.122079, -122.611293849
47.131079, -122.611293849
47.140079, -122.611293849
47.149079, -122.611293849
47.158079, -122.611293849
47.167079, -122.611293849
47.176079, -122.611293849
47.185079, -122.611293849
47.194079, -122.611293849
47.203079, -122.611293849
47.212079, -122.611293849
47.221079, -122.611293849
47.230079, -122.611293849
47.239079, -122.611293849
47.248079, -122.611293849
47.257079, -122.611293849
47.266079, -122.611293849
47.275079, -122.611293849
47.284079, -122.611293849
47.293079, -122.611293849
47.302079, -122.611293849
47.311079, -122.611293849
47.320079, -122.611293849
47.329079, -122.611293849
47.338079, -122.611293849
47.347079, -122.611293849
47.356079, -122.611293849
47.365079, -122.611293849
47.374079, -122.611293849
47.383079, -122.611293849
47.392079, -122.611293849
47.401079, -122.611293849
47.410079, -122.611293849
47.419079, -122.611293849
47.428079, -122.611293849
47.437079, -122.611293849
47.446079, -122.611293849
47.455079, -122.611293849
47.464079, -122.611293849
47.473079, -122.611293849
47.482079, -122.611293849
47.491079, -122.611293849
47.500079, -122.611293849
47.509079, -122.611293849
47.518079, -122.611293849
47.527079, -122.611293849
47.536079, -122.611293849
47.545079, -122.611293849
47.554079, -122.611293849
47.563079, -122.611293849
47.572079, -122.611293849
47.581079, -122.611293849
47.590079, -122.611293849
47.599079, -122.611293849
47.608079, -122.611293849
47.617079, -122.611293849
47.626079, -122.611293849
47.635079, -122.611293849
47.644079, -122.611293849
47.653079, -122.611293849
47.662079, -122.611293849
47.671079, -122.611293849
47.680079, -122.611293849
47.689079, -122.611293849
47.698079, -122.611293849
47.707079, -122.611293849
47.716079, -122.611293849
47.725079, -122.611293849
47.734079, -122.611293849
47.743079, -122.611293849
47.752079, -122.611293849
47.761079, -122.611293849
47.770079, -122.611293849
47.779079, -122.611293849
47.788079, -122.611293849
47.797079, -122.611293849
47.806079, -122.611293849
47.815079, -122.611293849
47.824079, -122.611293849
47.833079, -122.611293849
47.842079, -122.611293849
47.851079, -122.611293849
47.860079, -122.611293849
47.869079, -122.611293849
47.878079, -122.611293849
47.887079, -122.611293849
47.896079, -122.611293849
47.905079, -122.611293849
47.914079, -122.611293849
47.923079, -122.611293849
47.932079, -122.611293849
47.941079, -122.611293849
47.950079, -122.611293849
47.959079, -122.611293849
47.968079, -122.611293849
47.977079, -122.611293849
47.986079, -122.611293849
47.995079, -122.611293849
48.004079, -122.611293849
48.013079, -122.611293849
48.022079, -122.611293849
48.031079, -122.611293849
48.040079, -122.611293849
48.049079, -122.611293849
48.058079, -122.611293849
48.067079, -122.611293849
48.076079, -122.611293849
48.085079, -122.611293849
48.094079, -122.611293849
48.103079, -122.611293849
48.112079, -122.611293849
48.121079, -122.611293849
48.130079, -122.611293849
48.139079, -122.611293849
48.148079, -122.611293849
48.157079, -122.611293849
48.166079, -122.611293849
48.175079, -122.611293849
48.184079, -122.611293849
48.193079, -122.611293849
48.202079, -122.611293849
48.211079, -122.611293849
48.220079, -122.611293849
48.229079, -122.611293849
48.238079, -122.611293849
48.247079, -122.611293849
48.256079, -122.611293849
48.265079, -122.611293849
48.274079, -122.611293849
48.283079, -122.611293849
48.292079, -122.611293849
48.301079, -122.611293849
48.310079, -122.611293849
48.319079, -122.611293849
48.328079, -122.611293849
48.337079, -122.611293849
48.346079, -122.611293849
48.355079, -122.611293849
48.364079, -122.611293849
48.373079, -122.611293849
48.382079, -122.611293849
48.391079, -122.611293849
48.400079, -122.611293849
48.409079, -122.611293849
48.418079, -122.611293849
48.427079, -122.611293849
48.436079, -122.611293849
48.445079, -122.611293849
48.454079, -122.611293849
48.463079, -122.611293849
48.472079, -122.611293849
48.481079, -122.611293849
48.490079, -122.611293849
48.499079, -122.611293849
48.508079, -122.611293849
48.517079, -122.611293849
48.526079, -122.611293849
48.535079, -122.611293849
48.544079, -122.611293849
48.553079, -122.611293849
48.562079, -122.611293849
48.571079, -122.611293849
48.580079, -122.611293849
48.589079, -122.611293849
48.598079, -122.611293849
48.607079, -122.611293849
48.616079, -122.611293849
48.625079, -122.611293849
48.634079, -122.611293849
48.643079, -122.611293849
48.652079, -122.611293849
48.661079, -122.611293849
48.670079, -122.611293849
48.679079, -122.611293849
48.688079, -122.611293849
48.697079, -122.611293849
48.706079, -122.611293849
48.715079, -122.611293849
48.724079, -122.611293849
48.733079, -122.611293849
48.742079, -122.611293849
48.751079, -122.611293849
48.760079, -122.611293849
48.769079, -122.611293849
48.778079, -122.611293849
48.787079, -122.611293849
48.796079, -122.611293849
48.805079, -122.611293849
48.814079, -122.611293849
48.823079, -122.611293849
48.832079, -122.611293849
48.841079, -122.611293849
48.850079, -122.611293849
48.859079, -122.611293849
48.868079, -122.611293849
48.877079, -122.611293849
48.886079, -122.611293849
48.895079, -122.611293849
48.904079, -122.611293849
48.913079, -122.611293849
48.922079, -122.611293849
48.931079, -122.611293849
48.940079, -122.611293849
48.949079, -122.611293849
46.213079, -122.59758709
46.222079, -122.59758709
46.231079, -122.59758709
46.240079, -122.59758709
46.249079, -122.59758709
46.258079, -122.59758709
46.267079, -122.59758709
46.276079, -122.59758709
46.285079, -122.59758709
46.294079, -122.59758709
46.303079, -122.59758709
46.312079, -122.59758709
46.321079, -122.59758709
46.330079, -122.59758709
46.339079, -122.59758709
46.348079, -122.59758709
46.357079, -122.59758709
46.366079, -122.59758709
46.375079, -122.59758709
46.384079, -122.59758709
46.393079, -122.59758709
46.402079, -122.59758709
46.411079, -122.59758709
46.420079, -122.59758709
46.429079, -122.59758709
46.438079, -122.59758709
46.447079, -122.59758709
46.456079, -122.59758709
46.465079, -122.59758709
46.474079, -122.59758709
46.483079, -122.59758709
46.492079, -122.59758709
46.501079, -122.59758709
46.510079, -122.59758709
46.519079, -122.59758709
46.528079, -122.59758709
46.537079, -122.59758709
46.546079, -122.59758709
46.555079, -122.59758709
46.564079, -122.59758709
46.573079, -122.59758709
46.582079, -122.59758709
46.591079, -122.59758709
46.600079, -122.59758709
46.609079, -122.59758709
46.618079, -122.59758709
46.627079, -122.59758709
46.636079, -122.59758709
46.645079, -122.59758709
46.654079, -122.59758709
46.663079, -122.59758709
46.672079, -122.59758709
46.681079, -122.59758709
46.690079, -122.59758709
46.699079, -122.59758709
46.708079, -122.59758709
46.717079, -122.59758709
46.726079, -122.59758709
46.735079, -122.59758709
46.744079, -122.59758709
46.753079, -122.59758709
46.762079, -122.59758709
46.771079, -122.59758709
46.780079, -122.59758709
46.789079, -122.59758709
46.798079, -122.59758709
46.807079, -122.59758709
46.816079, -122.59758709
46.825079, -122.59758709
46.834079, -122.59758709
46.843079, -122.59758709
46.852079, -122.59758709
46.861079, -122.59758709
46.870079, -122.59758709
46.879079, -122.59758709
46.888079, -122.59758709
46.897079, -122.59758709
46.906079, -122.59758709
46.915079, -122.59758709
46.924079, -122.59758709
46.933079, -122.59758709
46.942079, -122.59758709
46.951079, -122.59758709
46.960079, -122.59758709
46.969079, -122.59758709
46.978079, -122.59758709
46.987079, -122.59758709
46.996079, -122.59758709
47.005079, -122.59758709
47.014079, -122.59758709
47.023079, -122.59758709
47.032079, -122.59758709
47.041079, -122.59758709
47.050079, -122.59758709
47.059079, -122.59758709
47.068079, -122.59758709
47.077079, -122.59758709
47.086079, -122.59758709
47.095079, -122.59758709
47.104079, -122.59758709
47.113079, -122.59758709
47.122079, -122.59758709
47.131079, -122.59758709
47.140079, -122.59758709
47.149079, -122.59758709
47.158079, -122.59758709
47.167079, -122.59758709
47.176079, -122.59758709
47.185079, -122.59758709
47.194079, -122.59758709
47.203079, -122.59758709
47.212079, -122.59758709
47.221079, -122.59758709
47.230079, -122.59758709
47.239079, -122.59758709
47.248079, -122.59758709
47.257079, -122.59758709
47.266079, -122.59758709
47.275079, -122.59758709
47.284079, -122.59758709
47.293079, -122.59758709
47.302079, -122.59758709
47.311079, -122.59758709
47.320079, -122.59758709
47.329079, -122.59758709
47.338079, -122.59758709
47.347079, -122.59758709
47.356079, -122.59758709
47.365079, -122.59758709
47.374079, -122.59758709
47.383079, -122.59758709
47.392079, -122.59758709
47.401079, -122.59758709
47.410079, -122.59758709
47.419079, -122.59758709
47.428079, -122.59758709
47.437079, -122.59758709
47.446079, -122.59758709
47.455079, -122.59758709
47.464079, -122.59758709
47.473079, -122.59758709
47.482079, -122.59758709
47.491079, -122.59758709
47.500079, -122.59758709
47.509079, -122.59758709
47.518079, -122.59758709
47.527079, -122.59758709
47.536079, -122.59758709
47.545079, -122.59758709
47.554079, -122.59758709
47.563079, -122.59758709
47.572079, -122.59758709
47.581079, -122.59758709
47.590079, -122.59758709
47.599079, -122.59758709
47.608079, -122.59758709
47.617079, -122.59758709
47.626079, -122.59758709
47.635079, -122.59758709
47.644079, -122.59758709
47.653079, -122.59758709
47.662079, -122.59758709
47.671079, -122.59758709
47.680079, -122.59758709
47.689079, -122.59758709
47.698079, -122.59758709
47.707079, -122.59758709
47.716079, -122.59758709
47.725079, -122.59758709
47.734079, -122.59758709
47.743079, -122.59758709
47.752079, -122.59758709
47.761079, -122.59758709
47.770079, -122.59758709
47.779079, -122.59758709
47.788079, -122.59758709
47.797079, -122.59758709
47.806079, -122.59758709
47.815079, -122.59758709
47.824079, -122.59758709
47.833079, -122.59758709
47.842079, -122.59758709
47.851079, -122.59758709
47.860079, -122.59758709
47.869079, -122.59758709
47.878079, -122.59758709
47.887079, -122.59758709
47.896079, -122.59758709
47.905079, -122.59758709
47.914079, -122.59758709
47.923079, -122.59758709
47.932079, -122.59758709
47.941079, -122.59758709
47.950079, -122.59758709
47.959079, -122.59758709
47.968079, -122.59758709
47.977079, -122.59758709
47.986079, -122.59758709
47.995079, -122.59758709
48.004079, -122.59758709
48.013079, -122.59758709
48.022079, -122.59758709
48.031079, -122.59758709
48.040079, -122.59758709
48.049079, -122.59758709
48.058079, -122.59758709
48.067079, -122.59758709
48.076079, -122.59758709
48.085079, -122.59758709
48.094079, -122.59758709
48.103079, -122.59758709
48.112079, -122.59758709
48.121079, -122.59758709
48.130079, -122.59758709
48.139079, -122.59758709
48.148079, -122.59758709
48.157079, -122.59758709
48.166079, -122.59758709
48.175079, -122.59758709
48.184079, -122.59758709
48.193079, -122.59758709
48.202079, -122.59758709
48.211079, -122.59758709
48.220079, -122.59758709
48.229079, -122.59758709
48.238079, -122.59758709
48.247079, -122.59758709
48.256079, -122.59758709
48.265079, -122.59758709
48.274079, -122.59758709
48.283079, -122.59758709
48.292079, -122.59758709
48.301079, -122.59758709
48.310079, -122.59758709
48.319079, -122.59758709
48.328079, -122.59758709
48.337079, -122.59758709
48.346079, -122.59758709
48.355079, -122.59758709
48.364079, -122.59758709
48.373079, -122.59758709
48.382079, -122.59758709
48.391079, -122.59758709
48.400079, -122.59758709
48.409079, -122.59758709
48.418079, -122.59758709
48.427079, -122.59758709
48.436079, -122.59758709
48.445079, -122.59758709
48.454079, -122.59758709
48.463079, -122.59758709
48.472079, -122.59758709
48.481079, -122.59758709
48.490079, -122.59758709
48.499079, -122.59758709
48.508079, -122.59758709
48.517079, -122.59758709
48.526079, -122.59758709
48.535079, -122.59758709
48.544079, -122.59758709
48.553079, -122.59758709
48.562079, -122.59758709
48.571079, -122.59758709
48.580079, -122.59758709
48.589079, -122.59758709
48.598079, -122.59758709
48.607079, -122.59758709
48.616079, -122.59758709
48.625079, -122.59758709
48.634079, -122.59758709
48.643079, -122.59758709
48.652079, -122.59758709
48.661079, -122.59758709
48.670079, -122.59758709
48.679079, -122.59758709
48.688079, -122.59758709
48.697079, -122.59758709
48.706079, -122.59758709
48.715079, -122.59758709
48.724079, -122.59758709
48.733079, -122.59758709
48.742079, -122.59758709
48.751079, -122.59758709
48.760079, -122.59758709
48.769079, -122.59758709
48.778079, -122.59758709
48.787079, -122.59758709
48.796079, -122.59758709
48.805079, -122.59758709
48.814079, -122.59758709
48.823079, -122.59758709
48.832079, -122.59758709
48.841079, -122.59758709
48.850079, -122.59758709
48.859079, -122.59758709
48.868079, -122.59758709
48.877079, -122.59758709
48.886079, -122.59758709
48.895079, -122.59758709
48.904079, -122.59758709
48.913079, -122.59758709
48.922079, -122.59758709
48.931079, -122.59758709
48.940079, -122.59758709
48.949079, -122.59758709
46.213079, -122.583880332
46.222079, -122.583880332
46.231079, -122.583880332
46.240079, -122.583880332
46.249079, -122.583880332
46.258079, -122.583880332
46.267079, -122.583880332
46.276079, -122.583880332
46.285079, -122.583880332
46.294079, -122.583880332
46.303079, -122.583880332
46.312079, -122.583880332
46.321079, -122.583880332
46.330079, -122.583880332
46.339079, -122.583880332
46.348079, -122.583880332
46.357079, -122.583880332
46.366079, -122.583880332
46.375079, -122.583880332
46.384079, -122.583880332
46.393079, -122.583880332
46.402079, -122.583880332
46.411079, -122.583880332
46.420079, -122.583880332
46.429079, -122.583880332
46.438079, -122.583880332
46.447079, -122.583880332
46.456079, -122.583880332
46.465079, -122.583880332
46.474079, -122.583880332
46.483079, -122.583880332
46.492079, -122.583880332
46.501079, -122.583880332
46.510079, -122.583880332
46.519079, -122.583880332
46.528079, -122.583880332
46.537079, -122.583880332
46.546079, -122.583880332
46.555079, -122.583880332
46.564079, -122.583880332
46.573079, -122.583880332
46.582079, -122.583880332
46.591079, -122.583880332
46.600079, -122.583880332
46.609079, -122.583880332
46.618079, -122.583880332
46.627079, -122.583880332
46.636079, -122.583880332
46.645079, -122.583880332
46.654079, -122.583880332
46.663079, -122.583880332
46.672079, -122.583880332
46.681079, -122.583880332
46.690079, -122.583880332
46.699079, -122.583880332
46.708079, -122.583880332
46.717079, -122.583880332
46.726079, -122.583880332
46.735079, -122.583880332
46.744079, -122.583880332
46.753079, -122.583880332
46.762079, -122.583880332
46.771079, -122.583880332
46.780079, -122.583880332
46.789079, -122.583880332
46.798079, -122.583880332
46.807079, -122.583880332
46.816079, -122.583880332
46.825079, -122.583880332
46.834079, -122.583880332
46.843079, -122.583880332
46.852079, -122.583880332
46.861079, -122.583880332
46.870079, -122.583880332
46.879079, -122.583880332
46.888079, -122.583880332
46.897079, -122.583880332
46.906079, -122.583880332
46.915079, -122.583880332
46.924079, -122.583880332
46.933079, -122.583880332
46.942079, -122.583880332
46.951079, -122.583880332
46.960079, -122.583880332
46.969079, -122.583880332
46.978079, -122.583880332
46.987079, -122.583880332
46.996079, -122.583880332
47.005079, -122.583880332
47.014079, -122.583880332
47.023079, -122.583880332
47.032079, -122.583880332
47.041079, -122.583880332
47.050079, -122.583880332
47.059079, -122.583880332
47.068079, -122.583880332
47.077079, -122.583880332
47.086079, -122.583880332
47.095079, -122.583880332
47.104079, -122.583880332
47.113079, -122.583880332
47.122079, -122.583880332
47.131079, -122.583880332
47.140079, -122.583880332
47.149079, -122.583880332
47.158079, -122.583880332
47.167079, -122.583880332
47.176079, -122.583880332
47.185079, -122.583880332
47.194079, -122.583880332
47.203079, -122.583880332
47.212079, -122.583880332
47.221079, -122.583880332
47.230079, -122.583880332
47.239079, -122.583880332
47.248079, -122.583880332
47.257079, -122.583880332
47.266079, -122.583880332
47.275079, -122.583880332
47.284079, -122.583880332
47.293079, -122.583880332
47.302079, -122.583880332
47.311079, -122.583880332
47.320079, -122.583880332
47.329079, -122.583880332
47.338079, -122.583880332
47.347079, -122.583880332
47.356079, -122.583880332
47.365079, -122.583880332
47.374079, -122.583880332
47.383079, -122.583880332
47.392079, -122.583880332
47.401079, -122.583880332
47.410079, -122.583880332
47.419079, -122.583880332
47.428079, -122.583880332
47.437079, -122.583880332
47.446079, -122.583880332
47.455079, -122.583880332
47.464079, -122.583880332
47.473079, -122.583880332
47.482079, -122.583880332
47.491079, -122.583880332
47.500079, -122.583880332
47.509079, -122.583880332
47.518079, -122.583880332
47.527079, -122.583880332
47.536079, -122.583880332
47.545079, -122.583880332
47.554079, -122.583880332
47.563079, -122.583880332
47.572079, -122.583880332
47.581079, -122.583880332
47.590079, -122.583880332
47.599079, -122.583880332
47.608079, -122.583880332
47.617079, -122.583880332
47.626079, -122.583880332
47.635079, -122.583880332
47.644079, -122.583880332
47.653079, -122.583880332
47.662079, -122.583880332
47.671079, -122.583880332
47.680079, -122.583880332
47.689079, -122.583880332
47.698079, -122.583880332
47.707079, -122.583880332
47.716079, -122.583880332
47.725079, -122.583880332
47.734079, -122.583880332
47.743079, -122.583880332
47.752079, -122.583880332
47.761079, -122.583880332
47.770079, -122.583880332
47.779079, -122.583880332
47.788079, -122.583880332
47.797079, -122.583880332
47.806079, -122.583880332
47.815079, -122.583880332
47.824079, -122.583880332
47.833079, -122.583880332
47.842079, -122.583880332
47.851079, -122.583880332
47.860079, -122.583880332
47.869079, -122.583880332
47.878079, -122.583880332
47.887079, -122.583880332
47.896079, -122.583880332
47.905079, -122.583880332
47.914079, -122.583880332
47.923079, -122.583880332
47.932079, -122.583880332
47.941079, -122.583880332
47.950079, -122.583880332
47.959079, -122.583880332
47.968079, -122.583880332
47.977079, -122.583880332
47.986079, -122.583880332
47.995079, -122.583880332
48.004079, -122.583880332
48.013079, -122.583880332
48.022079, -122.583880332
48.031079, -122.583880332
48.040079, -122.583880332
48.049079, -122.583880332
48.058079, -122.583880332
48.067079, -122.583880332
48.076079, -122.583880332
48.085079, -122.583880332
48.094079, -122.583880332
48.103079, -122.583880332
48.112079, -122.583880332
48.121079, -122.583880332
48.130079, -122.583880332
48.139079, -122.583880332
48.148079, -122.583880332
48.157079, -122.583880332
48.166079, -122.583880332
48.175079, -122.583880332
48.184079, -122.583880332
48.193079, -122.583880332
48.202079, -122.583880332
48.211079, -122.583880332
48.220079, -122.583880332
48.229079, -122.583880332
48.238079, -122.583880332
48.247079, -122.583880332
48.256079, -122.583880332
48.265079, -122.583880332
48.274079, -122.583880332
48.283079, -122.583880332
48.292079, -122.583880332
48.301079, -122.583880332
48.310079, -122.583880332
48.319079, -122.583880332
48.328079, -122.583880332
48.337079, -122.583880332
48.346079, -122.583880332
48.355079, -122.583880332
48.364079, -122.583880332
48.373079, -122.583880332
48.382079, -122.583880332
48.391079, -122.583880332
48.400079, -122.583880332
48.409079, -122.583880332
48.418079, -122.583880332
48.427079, -122.583880332
48.436079, -122.583880332
48.445079, -122.583880332
48.454079, -122.583880332
48.463079, -122.583880332
48.472079, -122.583880332
48.481079, -122.583880332
48.490079, -122.583880332
48.499079, -122.583880332
48.508079, -122.583880332
48.517079, -122.583880332
48.526079, -122.583880332
48.535079, -122.583880332
48.544079, -122.583880332
48.553079, -122.583880332
48.562079, -122.583880332
48.571079, -122.583880332
48.580079, -122.583880332
48.589079, -122.583880332
48.598079, -122.583880332
48.607079, -122.583880332
48.616079, -122.583880332
48.625079, -122.583880332
48.634079, -122.583880332
48.643079, -122.583880332
48.652079, -122.583880332
48.661079, -122.583880332
48.670079, -122.583880332
48.679079, -122.583880332
48.688079, -122.583880332
48.697079, -122.583880332
48.706079, -122.583880332
48.715079, -122.583880332
48.724079, -122.583880332
48.733079, -122.583880332
48.742079, -122.583880332
48.751079, -122.583880332
48.760079, -122.583880332
48.769079, -122.583880332
48.778079, -122.583880332
48.787079, -122.583880332
48.796079, -122.583880332
48.805079, -122.583880332
48.814079, -122.583880332
48.823079, -122.583880332
48.832079, -122.583880332
48.841079, -122.583880332
48.850079, -122.583880332
48.859079, -122.583880332
48.868079, -122.583880332
48.877079, -122.583880332
48.886079, -122.583880332
48.895079, -122.583880332
48.904079, -122.583880332
48.913079, -122.583880332
48.922079, -122.583880332
48.931079, -122.583880332
48.940079, -122.583880332
48.949079, -122.583880332
46.213079, -122.570173573
46.222079, -122.570173573
46.231079, -122.570173573
46.240079, -122.570173573
46.249079, -122.570173573
46.258079, -122.570173573
46.267079, -122.570173573
46.276079, -122.570173573
46.285079, -122.570173573
46.294079, -122.570173573
46.303079, -122.570173573
46.312079, -122.570173573
46.321079, -122.570173573
46.330079, -122.570173573
46.339079, -122.570173573
46.348079, -122.570173573
46.357079, -122.570173573
46.366079, -122.570173573
46.375079, -122.570173573
46.384079, -122.570173573
46.393079, -122.570173573
46.402079, -122.570173573
46.411079, -122.570173573
46.420079, -122.570173573
46.429079, -122.570173573
46.438079, -122.570173573
46.447079, -122.570173573
46.456079, -122.570173573
46.465079, -122.570173573
46.474079, -122.570173573
46.483079, -122.570173573
46.492079, -122.570173573
46.501079, -122.570173573
46.510079, -122.570173573
46.519079, -122.570173573
46.528079, -122.570173573
46.537079, -122.570173573
46.546079, -122.570173573
46.555079, -122.570173573
46.564079, -122.570173573
46.573079, -122.570173573
46.582079, -122.570173573
46.591079, -122.570173573
46.600079, -122.570173573
46.609079, -122.570173573
46.618079, -122.570173573
46.627079, -122.570173573
46.636079, -122.570173573
46.645079, -122.570173573
46.654079, -122.570173573
46.663079, -122.570173573
46.672079, -122.570173573
46.681079, -122.570173573
46.690079, -122.570173573
46.699079, -122.570173573
46.708079, -122.570173573
46.717079, -122.570173573
46.726079, -122.570173573
46.735079, -122.570173573
46.744079, -122.570173573
46.753079, -122.570173573
46.762079, -122.570173573
46.771079, -122.570173573
46.780079, -122.570173573
46.789079, -122.570173573
46.798079, -122.570173573
46.807079, -122.570173573
46.816079, -122.570173573
46.825079, -122.570173573
46.834079, -122.570173573
46.843079, -122.570173573
46.852079, -122.570173573
46.861079, -122.570173573
46.870079, -122.570173573
46.879079, -122.570173573
46.888079, -122.570173573
46.897079, -122.570173573
46.906079, -122.570173573
46.915079, -122.570173573
46.924079, -122.570173573
46.933079, -122.570173573
46.942079, -122.570173573
46.951079, -122.570173573
46.960079, -122.570173573
46.969079, -122.570173573
46.978079, -122.570173573
46.987079, -122.570173573
46.996079, -122.570173573
47.005079, -122.570173573
47.014079, -122.570173573
47.023079, -122.570173573
47.032079, -122.570173573
47.041079, -122.570173573
47.050079, -122.570173573
47.059079, -122.570173573
47.068079, -122.570173573
47.077079, -122.570173573
47.086079, -122.570173573
47.095079, -122.570173573
47.104079, -122.570173573
47.113079, -122.570173573
47.122079, -122.570173573
47.131079, -122.570173573
47.140079, -122.570173573
47.149079, -122.570173573
47.158079, -122.570173573
47.167079, -122.570173573
47.176079, -122.570173573
47.185079, -122.570173573
47.194079, -122.570173573
47.203079, -122.570173573
47.212079, -122.570173573
47.221079, -122.570173573
47.230079, -122.570173573
47.239079, -122.570173573
47.248079, -122.570173573
47.257079, -122.570173573
47.266079, -122.570173573
47.275079, -122.570173573
47.284079, -122.570173573
47.293079, -122.570173573
47.302079, -122.570173573
47.311079, -122.570173573
47.320079, -122.570173573
47.329079, -122.570173573
47.338079, -122.570173573
47.347079, -122.570173573
47.356079, -122.570173573
47.365079, -122.570173573
47.374079, -122.570173573
47.383079, -122.570173573
47.392079, -122.570173573
47.401079, -122.570173573
47.410079, -122.570173573
47.419079, -122.570173573
47.428079, -122.570173573
47.437079, -122.570173573
47.446079, -122.570173573
47.455079, -122.570173573
47.464079, -122.570173573
47.473079, -122.570173573
47.482079, -122.570173573
47.491079, -122.570173573
47.500079, -122.570173573
47.509079, -122.570173573
47.518079, -122.570173573
47.527079, -122.570173573
47.536079, -122.570173573
47.545079, -122.570173573
47.554079, -122.570173573
47.563079, -122.570173573
47.572079, -122.570173573
47.581079, -122.570173573
47.590079, -122.570173573
47.599079, -122.570173573
47.608079, -122.570173573
47.617079, -122.570173573
47.626079, -122.570173573
47.635079, -122.570173573
47.644079, -122.570173573
47.653079, -122.570173573
