47.518079, -124.447999487
47.527079, -124.447999487
47.536079, -124.447999487
47.545079, -124.447999487
47.554079, -124.447999487
47.563079, -124.447999487
47.572079, -124.447999487
47.581079, -124.447999487
47.590079, -124.447999487
47.599079, -124.447999487
47.608079, -124.447999487
47.617079, -124.447999487
47.626079, -124.447999487
47.635079, -124.447999487
47.644079, -124.447999487
47.653079, -124.447999487
47.662079, -124.447999487
47.671079, -124.447999487
47.680079, -124.447999487
47.689079, -124.447999487
47.698079, -124.447999487
47.707079, -124.447999487
47.716079, -124.447999487
47.725079, -124.447999487
47.734079, -124.447999487
47.743079, -124.447999487
47.752079, -124.447999487
47.761079, -124.447999487
47.770079, -124.447999487
47.779079, -124.447999487
47.788079, -124.447999487
47.797079, -124.447999487
47.806079, -124.447999487
47.815079, -124.447999487
47.824079, -124.447999487
47.833079, -124.447999487
47.842079, -124.447999487
47.851079, -124.447999487
47.860079, -124.447999487
47.869079, -124.447999487
47.878079, -124.447999487
47.887079, -124.447999487
47.896079, -124.447999487
47.905079, -124.447999487
47.914079, -124.447999487
47.923079, -124.447999487
47.932079, -124.447999487
47.941079, -124.447999487
47.950079, -124.447999487
47.959079, -124.447999487
47.968079, -124.447999487
47.977079, -124.447999487
47.986079, -124.447999487
47.995079, -124.447999487
48.004079, -124.447999487
48.013079, -124.447999487
48.022079, -124.447999487
48.031079, -124.447999487
48.040079, -124.447999487
48.049079, -124.447999487
48.058079, -124.447999487
48.067079, -124.447999487
48.076079, -124.447999487
48.085079, -124.447999487
48.094079, -124.447999487
48.103079, -124.447999487
48.112079, -124.447999487
48.121079, -124.447999487
48.130079, -124.447999487
48.139079, -124.447999487
48.148079, -124.447999487
48.157079, -124.447999487
48.166079, -124.447999487
48.175079, -124.447999487
48.184079, -124.447999487
48.193079, -124.447999487
48.202079, -124.447999487
48.211079, -124.447999487
48.220079, -124.447999487
48.229079, -124.447999487
48.238079, -124.447999487
48.247079, -124.447999487
48.256079, -124.447999487
48.265079, -124.447999487
48.274079, -124.447999487
48.283079, -124.447999487
48.292079, -124.447999487
48.301079, -124.447999487
48.310079, -124.447999487
48.319079, -124.447999487
48.328079, -124.447999487
48.337079, -124.447999487
48.346079, -124.447999487
48.355079, -124.447999487
48.364079, -124.447999487
48.373079, -124.447999487
48.382079, -124.447999487
48.391079, -124.447999487
48.400079, -124.447999487
48.409079, -124.447999487
48.418079, -124.447999487
48.427079, -124.447999487
48.436079, -124.447999487
48.445079, -124.447999487
48.454079, -124.447999487
48.463079, -124.447999487
48.472079, -124.447999487
48.481079, -124.447999487
48.490079, -124.447999487
48.499079, -124.447999487
48.508079, -124.447999487
48.517079, -124.447999487
48.526079, -124.447999487
48.535079, -124.447999487
48.544079, -124.447999487
48.553079, -124.447999487
48.562079, -124.447999487
48.571079, -124.447999487
48.580079, -124.447999487
48.589079, -124.447999487
48.598079, -124.447999487
48.607079, -124.447999487
48.616079, -124.447999487
48.625079, -124.447999487
48.634079, -124.447999487
48.643079, -124.447999487
48.652079, -124.447999487
48.661079, -124.447999487
48.670079, -124.447999487
48.679079, -124.447999487
48.688079, -124.447999487
48.697079, -124.447999487
48.706079, -124.447999487
48.715079, -124.447999487
48.724079, -124.447999487
48.733079, -124.447999487
48.742079, -124.447999487
48.751079, -124.447999487
48.760079, -124.447999487
48.769079, -124.447999487
48.778079, -124.447999487
48.787079, -124.447999487
48.796079, -124.447999487
48.805079, -124.447999487
48.814079, -124.447999487
48.823079, -124.447999487
48.832079, -124.447999487
48.841079, -124.447999487
48.850079, -124.447999487
48.859079, -124.447999487
48.868079, -124.447999487
48.877079, -124.447999487
48.886079, -124.447999487
48.895079, -124.447999487
48.904079, -124.447999487
48.913079, -124.447999487
48.922079, -124.447999487
48.931079, -124.447999487
48.940079, -124.447999487
48.949079, -124.447999487
46.213079, -124.434292728
46.222079, -124.434292728
46.231079, -124.434292728
46.240079, -124.434292728
46.249079, -124.434292728
46.258079, -124.434292728
46.267079, -124.434292728
46.276079, -124.434292728
46.285079, -124.434292728
46.294079, -124.434292728
46.303079, -124.434292728
46.312079, -124.434292728
46.321079, -124.434292728
46.330079, -124.434292728
46.339079, -124.434292728
46.348079, -124.434292728
46.357079, -124.434292728
46.366079, -124.434292728
46.375079, -124.434292728
46.384079, -124.434292728
46.393079, -124.434292728
46.402079, -124.434292728
46.411079, -124.434292728
46.420079, -124.434292728
46.429079, -124.434292728
46.438079, -124.434292728
46.447079, -124.434292728
46.456079, -124.434292728
46.465079, -124.434292728
46.474079, -124.434292728
46.483079, -124.434292728
46.492079, -124.434292728
46.501079, -124.434292728
46.510079, -124.434292728
46.519079, -124.434292728
46.528079, -124.434292728
46.537079, -124.434292728
46.546079, -124.434292728
46.555079, -124.434292728
46.564079, -124.434292728
46.573079, -124.434292728
46.582079, -124.434292728
46.591079, -124.434292728
46.600079, -124.434292728
46.609079, -124.434292728
46.618079, -124.434292728
46.627079, -124.434292728
46.636079, -124.434292728
46.645079, -124.434292728
46.654079, -124.434292728
46.663079, -124.434292728
46.672079, -124.434292728
46.681079, -124.434292728
46.690079, -124.434292728
46.699079, -124.434292728
46.708079, -124.434292728
46.717079, -124.434292728
46.726079, -124.434292728
46.735079, -124.434292728
46.744079, -124.434292728
46.753079, -124.434292728
46.762079, -124.434292728
46.771079, -124.434292728
46.780079, -124.434292728
46.789079, -124.434292728
46.798079, -124.434292728
46.807079, -124.434292728
46.816079, -124.434292728
46.825079, -124.434292728
46.834079, -124.434292728
46.843079, -124.434292728
46.852079, -124.434292728
46.861079, -124.434292728
46.870079, -124.434292728
46.879079, -124.434292728
46.888079, -124.434292728
46.897079, -124.434292728
46.906079, -124.434292728
46.915079, -124.434292728
46.924079, -124.434292728
46.933079, -124.434292728
46.942079, -124.434292728
46.951079, -124.434292728
46.960079, -124.434292728
46.969079, -124.434292728
46.978079, -124.434292728
46.987079, -124.434292728
46.996079, -124.434292728
47.005079, -124.434292728
47.014079, -124.434292728
47.023079, -124.434292728
47.032079, -124.434292728
47.041079, -124.434292728
47.050079, -124.434292728
47.059079, -124.434292728
47.068079, -124.434292728
47.077079, -124.434292728
47.086079, -124.434292728
47.095079, -124.434292728
47.104079, -124.434292728
47.113079, -124.434292728
47.122079, -124.434292728
47.131079, -124.434292728
47.140079, -124.434292728
47.149079, -124.434292728
47.158079, -124.434292728
47.167079, -124.434292728
47.176079, -124.434292728
47.185079, -124.434292728
47.194079, -124.434292728
47.203079, -124.434292728
47.212079, -124.434292728
47.221079, -124.434292728
47.230079, -124.434292728
47.239079, -124.434292728
47.248079, -124.434292728
47.257079, -124.434292728
47.266079, -124.434292728
47.275079, -124.434292728
47.284079, -124.434292728
47.293079, -124.434292728
47.302079, -124.434292728
47.311079, -124.434292728
47.320079, -124.434292728
47.329079, -124.434292728
47.338079, -124.434292728
47.347079, -124.434292728
47.356079, -124.434292728
47.365079, -124.434292728
47.374079, -124.434292728
47.383079, -124.434292728
47.392079, -124.434292728
47.401079, -124.434292728
47.410079, -124.434292728
47.419079, -124.434292728
47.428079, -124.434292728
47.437079, -124.434292728
47.446079, -124.434292728
47.455079, -124.434292728
47.464079, -124.434292728
47.473079, -124.434292728
47.482079, -124.434292728
47.491079, -124.434292728
47.500079, -124.434292728
47.509079, -124.434292728
47.518079, -124.434292728
47.527079, -124.434292728
47.536079, -124.434292728
47.545079, -124.434292728
47.554079, -124.434292728
47.563079, -124.434292728
47.572079, -124.434292728
47.581079, -124.434292728
47.590079, -124.434292728
47.599079, -124.434292728
47.608079, -124.434292728
47.617079, -124.434292728
47.626079, -124.434292728
47.635079, -124.434292728
47.644079, -124.434292728
47.653079, -124.434292728
47.662079, -124.434292728
47.671079, -124.434292728
47.680079, -124.434292728
47.689079, -124.434292728
47.698079, -124.434292728
47.707079, -124.434292728
47.716079, -124.434292728
47.725079, -124.434292728
47.734079, -124.434292728
47.743079, -124.434292728
47.752079, -124.434292728
47.761079, -124.434292728
47.770079, -124.434292728
47.779079, -124.434292728
47.788079, -124.434292728
47.797079, -124.434292728
47.806079, -124.434292728
47.815079, -124.434292728
47.824079, -124.434292728
47.833079, -124.434292728
47.842079, -124.434292728
47.851079, -124.434292728
47.860079, -124.434292728
47.869079, -124.434292728
47.878079, -124.434292728
47.887079, -124.434292728
47.896079, -124.434292728
47.905079, -124.434292728
47.914079, -124.434292728
47.923079, -124.434292728
47.932079, -124.434292728
47.941079, -124.434292728
47.950079, -124.434292728
47.959079, -124.434292728
47.968079, -124.434292728
47.977079, -124.434292728
47.986079, -124.434292728
47.995079, -124.434292728
48.004079, -124.434292728
48.013079, -124.434292728
48.022079, -124.434292728
48.031079, -124.434292728
48.040079, -124.434292728
48.049079, -124.434292728
48.058079, -124.434292728
48.067079, -124.434292728
48.076079, -124.434292728
48.085079, -124.434292728
48.094079, -124.434292728
48.103079, -124.434292728
48.112079, -124.434292728
48.121079, -124.434292728
48.130079, -124.434292728
48.139079, -124.434292728
48.148079, -124.434292728
48.157079, -124.434292728
48.166079, -124.434292728
48.175079, -124.434292728
48.184079, -124.434292728
48.193079, -124.434292728
48.202079, -124.434292728
48.211079, -124.434292728
48.220079, -124.434292728
48.229079, -124.434292728
48.238079, -124.434292728
48.247079, -124.434292728
48.256079, -124.434292728
48.265079, -124.434292728
48.274079, -124.434292728
48.283079, -124.434292728
48.292079, -124.434292728
48.301079, -124.434292728
48.310079, -124.434292728
48.319079, -124.434292728
48.328079, -124.434292728
48.337079, -124.434292728
48.346079, -124.434292728
48.355079, -124.434292728
48.364079, -124.434292728
48.373079, -124.434292728
48.382079, -124.434292728
48.391079, -124.434292728
48.400079, -124.434292728
48.409079, -124.434292728
48.418079, -124.434292728
48.427079, -124.434292728
48.436079, -124.434292728
48.445079, -124.434292728
48.454079, -124.434292728
48.463079, -124.434292728
48.472079, -124.434292728
48.481079, -124.434292728
48.490079, -124.434292728
48.499079, -124.434292728
48.508079, -124.434292728
48.517079, -124.434292728
48.526079, -124.434292728
48.535079, -124.434292728
48.544079, -124.434292728
48.553079, -124.434292728
48.562079, -124.434292728
48.571079, -124.434292728
48.580079, -124.434292728
48.589079, -124.434292728
48.598079, -124.434292728
48.607079, -124.434292728
48.616079, -124.434292728
48.625079, -124.434292728
48.634079, -124.434292728
48.643079, -124.434292728
48.652079, -124.434292728
48.661079, -124.434292728
48.670079, -124.434292728
48.679079, -124.434292728
48.688079, -124.434292728
48.697079, -124.434292728
48.706079, -124.434292728
48.715079, -124.434292728
48.724079, -124.434292728
48.733079, -124.434292728
48.742079, -124.434292728
48.751079, -124.434292728
48.760079, -124.434292728
48.769079, -124.434292728
48.778079, -124.434292728
48.787079, -124.434292728
48.796079, -124.434292728
48.805079, -124.434292728
48.814079, -124.434292728
48.823079, -124.434292728
48.832079, -124.434292728
48.841079, -124.434292728
48.850079, -124.434292728
48.859079, -124.434292728
48.868079, -124.434292728
48.877079, -124.434292728
48.886079, -124.434292728
48.895079, -124.434292728
48.904079, -124.434292728
48.913079, -124.434292728
48.922079, -124.434292728
48.931079, -124.434292728
48.940079, -124.434292728
48.949079, -124.434292728
46.213079, -124.42058597
46.222079, -124.42058597
46.231079, -124.42058597
46.240079, -124.42058597
46.249079, -124.42058597
46.258079, -124.42058597
46.267079, -124.42058597
46.276079, -124.42058597
46.285079, -124.42058597
46.294079, -124.42058597
46.303079, -124.42058597
46.312079, -124.42058597
46.321079, -124.42058597
46.330079, -124.42058597
46.339079, -124.42058597
46.348079, -124.42058597
46.357079, -124.42058597
46.366079, -124.42058597
46.375079, -124.42058597
46.384079, -124.42058597
46.393079, -124.42058597
46.402079, -124.42058597
46.411079, -124.42058597
46.420079, -124.42058597
46.429079, -124.42058597
46.438079, -124.42058597
46.447079, -124.42058597
46.456079, -124.42058597
46.465079, -124.42058597
46.474079, -124.42058597
46.483079, -124.42058597
46.492079, -124.42058597
46.501079, -124.42058597
46.510079, -124.42058597
46.519079, -124.42058597
46.528079, -124.42058597
46.537079, -124.42058597
46.546079, -124.42058597
46.555079, -124.42058597
46.564079, -124.42058597
46.573079, -124.42058597
46.582079, -124.42058597
46.591079, -124.42058597
46.600079, -124.42058597
46.609079, -124.42058597
46.618079, -124.42058597
46.627079, -124.42058597
46.636079, -124.42058597
46.645079, -124.42058597
46.654079, -124.42058597
46.663079, -124.42058597
46.672079, -124.42058597
46.681079, -124.42058597
46.690079, -124.42058597
46.699079, -124.42058597
46.708079, -124.42058597
46.717079, -124.42058597
46.726079, -124.42058597
46.735079, -124.42058597
46.744079, -124.42058597
46.753079, -124.42058597
46.762079, -124.42058597
46.771079, -124.42058597
46.780079, -124.42058597
46.789079, -124.42058597
46.798079, -124.42058597
46.807079, -124.42058597
46.816079, -124.42058597
46.825079, -124.42058597
46.834079, -124.42058597
46.843079, -124.42058597
46.852079, -124.42058597
46.861079, -124.42058597
46.870079, -124.42058597
46.879079, -124.42058597
46.888079, -124.42058597
46.897079, -124.42058597
46.906079, -124.42058597
46.915079, -124.42058597
46.924079, -124.42058597
46.933079, -124.42058597
46.942079, -124.42058597
46.951079, -124.42058597
46.960079, -124.42058597
46.969079, -124.42058597
46.978079, -124.42058597
46.987079, -124.42058597
46.996079, -124.42058597
47.005079, -124.42058597
47.014079, -124.42058597
47.023079, -124.42058597
47.032079, -124.42058597
47.041079, -124.42058597
47.050079, -124.42058597
47.059079, -124.42058597
47.068079, -124.42058597
47.077079, -124.42058597
47.086079, -124.42058597
47.095079, -124.42058597
47.104079, -124.42058597
47.113079, -124.42058597
47.122079, -124.42058597
47.131079, -124.42058597
47.140079, -124.42058597
47.149079, -124.42058597
47.158079, -124.42058597
47.167079, -124.42058597
47.176079, -124.42058597
47.185079, -124.42058597
47.194079, -124.42058597
47.203079, -124.42058597
47.212079, -124.42058597
47.221079, -124.42058597
47.230079, -124.42058597
47.239079, -124.42058597
47.248079, -124.42058597
47.257079, -124.42058597
47.266079, -124.42058597
47.275079, -124.42058597
47.284079, -124.42058597
47.293079, -124.42058597
47.302079, -124.42058597
47.311079, -124.42058597
47.320079, -124.42058597
47.329079, -124.42058597
47.338079, -124.42058597
47.347079, -124.42058597
47.356079, -124.42058597
47.365079, -124.42058597
47.374079, -124.42058597
47.383079, -124.42058597
47.392079, -124.42058597
47.401079, -124.42058597
47.410079, -124.42058597
47.419079, -124.42058597
47.428079, -124.42058597
47.437079, -124.42058597
47.446079, -124.42058597
47.455079, -124.42058597
47.464079, -124.42058597
47.473079, -124.42058597
47.482079, -124.42058597
47.491079, -124.42058597
47.500079, -124.42058597
47.509079, -124.42058597
47.518079, -124.42058597
47.527079, -124.42058597
47.536079, -124.42058597
47.545079, -124.42058597
47.554079, -124.42058597
47.563079, -124.42058597
47.572079, -124.42058597
47.581079, -124.42058597
47.590079, -124.42058597
47.599079, -124.42058597
47.608079, -124.42058597
47.617079, -124.42058597
47.626079, -124.42058597
47.635079, -124.42058597
47.644079, -124.42058597
47.653079, -124.42058597
47.662079, -124.42058597
47.671079, -124.42058597
47.680079, -124.42058597
47.689079, -124.42058597
47.698079, -124.42058597
47.707079, -124.42058597
47.716079, -124.42058597
47.725079, -124.42058597
47.734079, -124.42058597
47.743079, -124.42058597
47.752079, -124.42058597
47.761079, -124.42058597
47.770079, -124.42058597
47.779079, -124.42058597
47.788079, -124.42058597
47.797079, -124.42058597
47.806079, -124.42058597
47.815079, -124.42058597
47.824079, -124.42058597
47.833079, -124.42058597
47.842079, -124.42058597
47.851079, -124.42058597
47.860079, -124.42058597
47.869079, -124.42058597
47.878079, -124.42058597
47.887079, -124.42058597
47.896079, -124.42058597
47.905079, -124.42058597
47.914079, -124.42058597
47.923079, -124.42058597
47.932079, -124.42058597
47.941079, -124.42058597
47.950079, -124.42058597
47.959079, -124.42058597
47.968079, -124.42058597
47.977079, -124.42058597
47.986079, -124.42058597
47.995079, -124.42058597
48.004079, -124.42058597
48.013079, -124.42058597
48.022079, -124.42058597
48.031079, -124.42058597
48.040079, -124.42058597
48.049079, -124.42058597
48.058079, -124.42058597
48.067079, -124.42058597
48.076079, -124.42058597
48.085079, -124.42058597
48.094079, -124.42058597
48.103079, -124.42058597
48.112079, -124.42058597
48.121079, -124.42058597
48.130079, -124.42058597
48.139079, -124.42058597
48.148079, -124.42058597
48.157079, -124.42058597
48.166079, -124.42058597
48.175079, -124.42058597
48.184079, -124.42058597
48.193079, -124.42058597
48.202079, -124.42058597
48.211079, -124.42058597
48.220079, -124.42058597
48.229079, -124.42058597
48.238079, -124.42058597
48.247079, -124.42058597
48.256079, -124.42058597
48.265079, -124.42058597
48.274079, -124.42058597
48.283079, -124.42058597
48.292079, -124.42058597
48.301079, -124.42058597
48.310079, -124.42058597
48.319079, -124.42058597
48.328079, -124.42058597
48.337079, -124.42058597
48.346079, -124.42058597
48.355079, -124.42058597
48.364079, -124.42058597
48.373079, -124.42058597
48.382079, -124.42058597
48.391079, -124.42058597
48.400079, -124.42058597
48.409079, -124.42058597
48.418079, -124.42058597
48.427079, -124.42058597
48.436079, -124.42058597
48.445079, -124.42058597
48.454079, -124.42058597
48.463079, -124.42058597
48.472079, -124.42058597
48.481079, -124.42058597
48.490079, -124.42058597
48.499079, -124.42058597
48.508079, -124.42058597
48.517079, -124.42058597
48.526079, -124.42058597
48.535079, -124.42058597
48.544079, -124.42058597
48.553079, -124.42058597
48.562079, -124.42058597
48.571079, -124.42058597
48.580079, -124.42058597
48.589079, -124.42058597
48.598079, -124.42058597
48.607079, -124.42058597
48.616079, -124.42058597
48.625079, -124.42058597
48.634079, -124.42058597
48.643079, -124.42058597
48.652079, -124.42058597
48.661079, -124.42058597
48.670079, -124.42058597
48.679079, -124.42058597
48.688079, -124.42058597
48.697079, -124.42058597
48.706079, -124.42058597
48.715079, -124.42058597
48.724079, -124.42058597
48.733079, -124.42058597
48.742079, -124.42058597
48.751079, -124.42058597
48.760079, -124.42058597
48.769079, -124.42058597
48.778079, -124.42058597
48.787079, -124.42058597
48.796079, -124.42058597
48.805079, -124.42058597
48.814079, -124.42058597
48.823079, -124.42058597
48.832079, -124.42058597
48.841079, -124.42058597
48.850079, -124.42058597
48.859079, -124.42058597
48.868079, -124.42058597
48.877079, -124.42058597
48.886079, -124.42058597
48.895079, -124.42058597
48.904079, -124.42058597
48.913079, -124.42058597
48.922079, -124.42058597
48.931079, -124.42058597
48.940079, -124.42058597
48.949079, -124.42058597
46.213079, -124.406879211
46.222079, -124.406879211
46.231079, -124.406879211
46.240079, -124.406879211
46.249079, -124.406879211
46.258079, -124.406879211
46.267079, -124.406879211
46.276079, -124.406879211
46.285079, -124.406879211
46.294079, -124.406879211
46.303079, -124.406879211
46.312079, -124.406879211
46.321079, -124.406879211
46.330079, -124.406879211
46.339079, -124.406879211
46.348079, -124.406879211
46.357079, -124.406879211
46.366079, -124.406879211
46.375079, -124.406879211
46.384079, -124.406879211
46.393079, -124.406879211
46.402079, -124.406879211
46.411079, -124.406879211
46.420079, -124.406879211
46.429079, -124.406879211
46.438079, -124.406879211
46.447079, -124.406879211
46.456079, -124.406879211
46.465079, -124.406879211
46.474079, -124.406879211
46.483079, -124.406879211
46.492079, -124.406879211
46.501079, -124.406879211
46.510079, -124.406879211
46.519079, -124.406879211
46.528079, -124.406879211
46.537079, -124.406879211
46.546079, -124.406879211
46.555079, -124.406879211
46.564079, -124.406879211
46.573079, -124.406879211
46.582079, -124.406879211
46.591079, -124.406879211
46.600079, -124.406879211
46.609079, -124.406879211
46.618079, -124.406879211
46.627079, -124.406879211
46.636079, -124.406879211
46.645079, -124.406879211
46.654079, -124.406879211
46.663079, -124.406879211
46.672079, -124.406879211
46.681079, -124.406879211
46.690079, -124.406879211
46.699079, -124.406879211
46.708079, -124.406879211
46.717079, -124.406879211
46.726079, -124.406879211
46.735079, -124.406879211
46.744079, -124.406879211
46.753079, -124.406879211
46.762079, -124.406879211
46.771079, -124.406879211
46.780079, -124.406879211
46.789079, -124.406879211
46.798079, -124.406879211
46.807079, -124.406879211
46.816079, -124.406879211
46.825079, -124.406879211
46.834079, -124.406879211
46.843079, -124.406879211
46.852079, -124.406879211
46.861079, -124.406879211
46.870079, -124.406879211
46.879079, -124.406879211
46.888079, -124.406879211
46.897079, -124.406879211
46.906079, -124.406879211
46.915079, -124.406879211
46.924079, -124.406879211
46.933079, -124.406879211
46.942079, -124.406879211
46.951079, -124.406879211
46.960079, -124.406879211
46.969079, -124.406879211
46.978079, -124.406879211
46.987079, -124.406879211
46.996079, -124.406879211
47.005079, -124.406879211
47.014079, -124.406879211
47.023079, -124.406879211
47.032079, -124.406879211
47.041079, -124.406879211
47.050079, -124.406879211
47.059079, -124.406879211
47.068079, -124.406879211
47.077079, -124.406879211
47.086079, -124.406879211
47.095079, -124.406879211
47.104079, -124.406879211
47.113079, -124.406879211
47.122079, -124.406879211
47.131079, -124.406879211
47.140079, -124.406879211
47.149079, -124.406879211
47.158079, -124.406879211
47.167079, -124.406879211
47.176079, -124.406879211
47.185079, -124.406879211
47.194079, -124.406879211
47.203079, -124.406879211
47.212079, -124.406879211
47.221079, -124.406879211
47.230079, -124.406879211
47.239079, -124.406879211
47.248079, -124.406879211
47.257079, -124.406879211
47.266079, -124.406879211
47.275079, -124.406879211
47.284079, -124.406879211
47.293079, -124.406879211
47.302079, -124.406879211
47.311079, -124.406879211
47.320079, -124.406879211
47.329079, -124.406879211
47.338079, -124.406879211
47.347079, -124.406879211
47.356079, -124.406879211
47.365079, -124.406879211
47.374079, -124.406879211
47.383079, -124.406879211
47.392079, -124.406879211
47.401079, -124.406879211
47.410079, -124.406879211
47.419079, -124.406879211
47.428079, -124.406879211
47.437079, -124.406879211
47.446079, -124.406879211
47.455079, -124.406879211
47.464079, -124.406879211
47.473079, -124.406879211
47.482079, -124.406879211
47.491079, -124.406879211
47.500079, -124.406879211
47.509079, -124.406879211
47.518079, -124.406879211
47.527079, -124.406879211
47.536079, -124.406879211
47.545079, -124.406879211
47.554079, -124.406879211
47.563079, -124.406879211
47.572079, -124.406879211
47.581079, -124.406879211
47.590079, -124.406879211
47.599079, -124.406879211
47.608079, -124.406879211
47.617079, -124.406879211
47.626079, -124.406879211
47.635079, -124.406879211
47.644079, -124.406879211
47.653079, -124.406879211
47.662079, -124.406879211
47.671079, -124.406879211
47.680079, -124.406879211
47.689079, -124.406879211
47.698079, -124.406879211
47.707079, -124.406879211
47.716079, -124.406879211
47.725079, -124.406879211
47.734079, -124.406879211
47.743079, -124.406879211
47.752079, -124.406879211
47.761079, -124.406879211
47.770079, -124.406879211
47.779079, -124.406879211
47.788079, -124.406879211
47.797079, -124.406879211
47.806079, -124.406879211
47.815079, -124.406879211
47.824079, -124.406879211
47.833079, -124.406879211
47.842079, -124.406879211
47.851079, -124.406879211
47.860079, -124.406879211
47.869079, -124.406879211
47.878079, -124.406879211
47.887079, -124.406879211
47.896079, -124.406879211
47.905079, -124.406879211
47.914079, -124.406879211
47.923079, -124.406879211
47.932079, -124.406879211
47.941079, -124.406879211
47.950079, -124.406879211
47.959079, -124.406879211
47.968079, -124.406879211
47.977079, -124.406879211
47.986079, -124.406879211
47.995079, -124.406879211
48.004079, -124.406879211
48.013079, -124.406879211
48.022079, -124.406879211
48.031079, -124.406879211
48.040079, -124.406879211
48.049079, -124.406879211
48.058079, -124.406879211
48.067079, -124.406879211
48.076079, -124.406879211
48.085079, -124.406879211
48.094079, -124.406879211
48.103079, -124.406879211
48.112079, -124.406879211
48.121079, -124.406879211
48.130079, -124.406879211
48.139079, -124.406879211
48.148079, -124.406879211
48.157079, -124.406879211
48.166079, -124.406879211
48.175079, -124.406879211
48.184079, -124.406879211
48.193079, -124.406879211
48.202079, -124.406879211
48.211079, -124.406879211
48.220079, -124.406879211
48.229079, -124.406879211
48.238079, -124.406879211
48.247079, -124.406879211
48.256079, -124.406879211
48.265079, -124.406879211
48.274079, -124.406879211
48.283079, -124.406879211
48.292079, -124.406879211
48.301079, -124.406879211
48.310079, -124.406879211
48.319079, -124.406879211
48.328079, -124.406879211
48.337079, -124.406879211
48.346079, -124.406879211
48.355079, -124.406879211
48.364079, -124.406879211
48.373079, -124.406879211
48.382079, -124.406879211
48.391079, -124.406879211
48.400079, -124.406879211
48.409079, -124.406879211
48.418079, -124.406879211
48.427079, -124.406879211
48.436079, -124.406879211
48.445079, -124.406879211
48.454079, -124.406879211
48.463079, -124.406879211
48.472079, -124.406879211
48.481079, -124.406879211
48.490079, -124.406879211
48.499079, -124.406879211
48.508079, -124.406879211
48.517079, -124.406879211
48.526079, -124.406879211
48.535079, -124.406879211
48.544079, -124.406879211
48.553079, -124.406879211
48.562079, -124.406879211
48.571079, -124.406879211
48.580079, -124.406879211
48.589079, -124.406879211
48.598079, -124.406879211
48.607079, -124.406879211
48.616079, -124.406879211
48.625079, -124.406879211
48.634079, -124.406879211
48.643079, -124.406879211
48.652079, -124.406879211
48.661079, -124.406879211
48.670079, -124.406879211
48.679079, -124.406879211
48.688079, -124.406879211
48.697079, -124.406879211
48.706079, -124.406879211
48.715079, -124.406879211
48.724079, -124.406879211
48.733079, -124.406879211
48.742079, -124.406879211
48.751079, -124.406879211
48.760079, -124.406879211
48.769079, -124.406879211
48.778079, -124.406879211
48.787079, -124.406879211
48.796079, -124.406879211
48.805079, -124.406879211
48.814079, -124.406879211
48.823079, -124.406879211
48.832079, -124.406879211
48.841079, -124.406879211
48.850079, -124.406879211
48.859079, -124.406879211
48.868079, -124.406879211
48.877079, -124.406879211
48.886079, -124.406879211
48.895079, -124.406879211
48.904079, -124.406879211
48.913079, -124.406879211
48.922079, -124.406879211
48.931079, -124.406879211
48.940079, -124.406879211
48.949079, -124.406879211
46.213079, -124.393172453
46.222079, -124.393172453
46.231079, -124.393172453
46.240079, -124.393172453
46.249079, -124.393172453
46.258079, -124.393172453
46.267079, -124.393172453
46.276079, -124.393172453
46.285079, -124.393172453
46.294079, -124.393172453
46.303079, -124.393172453
46.312079, -124.393172453
46.321079, -124.393172453
46.330079, -124.393172453
46.339079, -124.393172453
46.348079, -124.393172453
46.357079, -124.393172453
46.366079, -124.393172453
46.375079, -124.393172453
46.384079, -124.393172453
46.393079, -124.393172453
46.402079, -124.393172453
46.411079, -124.393172453
46.420079, -124.393172453
46.429079, -124.393172453
46.438079, -124.393172453
46.447079, -124.393172453
46.456079, -124.393172453
46.465079, -124.393172453
46.474079, -124.393172453
46.483079, -124.393172453
46.492079, -124.393172453
46.501079, -124.393172453
46.510079, -124.393172453
46.519079, -124.393172453
46.528079, -124.393172453
46.537079, -124.393172453
46.546079, -124.393172453
46.555079, -124.393172453
46.564079, -124.393172453
46.573079, -124.393172453
46.582079, -124.393172453
46.591079, -124.393172453
46.600079, -124.393172453
46.609079, -124.393172453
46.618079, -124.393172453
46.627079, -124.393172453
46.636079, -124.393172453
46.645079, -124.393172453
46.654079, -124.393172453
46.663079, -124.393172453
46.672079, -124.393172453
46.681079, -124.393172453
46.690079, -124.393172453
46.699079, -124.393172453
46.708079, -124.393172453
46.717079, -124.393172453
46.726079, -124.393172453
46.735079, -124.393172453
46.744079, -124.393172453
46.753079, -124.393172453
46.762079, -124.393172453
46.771079, -124.393172453
46.780079, -124.393172453
46.789079, -124.393172453
46.798079, -124.393172453
46.807079, -124.393172453
46.816079, -124.393172453
46.825079, -124.393172453
46.834079, -124.393172453
46.843079, -124.393172453
46.852079, -124.393172453
46.861079, -124.393172453
46.870079, -124.393172453
46.879079, -124.393172453
46.888079, -124.393172453
46.897079, -124.393172453
46.906079, -124.393172453
46.915079, -124.393172453
46.924079, -124.393172453
46.933079, -124.393172453
46.942079, -124.393172453
46.951079, -124.393172453
46.960079, -124.393172453
46.969079, -124.393172453
46.978079, -124.393172453
46.987079, -124.393172453
46.996079, -124.393172453
47.005079, -124.393172453
47.014079, -124.393172453
47.023079, -124.393172453
47.032079, -124.393172453
47.041079, -124.393172453
47.050079, -124.393172453
47.059079, -124.393172453
47.068079, -124.393172453
47.077079, -124.393172453
47.086079, -124.393172453
47.095079, -124.393172453
47.104079, -124.393172453
47.113079, -124.393172453
47.122079, -124.393172453
47.131079, -124.393172453
47.140079, -124.393172453
47.149079, -124.393172453
47.158079, -124.393172453
47.167079, -124.393172453
47.176079, -124.393172453
47.185079, -124.393172453
47.194079, -124.393172453
47.203079, -124.393172453
47.212079, -124.393172453
47.221079, -124.393172453
47.230079, -124.393172453
47.239079, -124.393172453
47.248079, -124.393172453
47.257079, -124.393172453
47.266079, -124.393172453
47.275079, -124.393172453
47.284079, -124.393172453
47.293079, -124.393172453
47.302079, -124.393172453
47.311079, -124.393172453
47.320079, -124.393172453
47.329079, -124.393172453
47.338079, -124.393172453
47.347079, -124.393172453
47.356079, -124.393172453
47.365079, -124.393172453
47.374079, -124.393172453
47.383079, -124.393172453
47.392079, -124.393172453
47.401079, -124.393172453
47.410079, -124.393172453
47.419079, -124.393172453
47.428079, -124.393172453
47.437079, -124.393172453
47.446079, -124.393172453
47.455079, -124.393172453
47.464079, -124.393172453
47.473079, -124.393172453
47.482079, -124.393172453
47.491079, -124.393172453
47.500079, -124.393172453
47.509079, -124.393172453
47.518079, -124.393172453
47.527079, -124.393172453
47.536079, -124.393172453
47.545079, -124.393172453
47.554079, -124.393172453
47.563079, -124.393172453
47.572079, -124.393172453
47.581079, -124.393172453
47.590079, -124.393172453
47.599079, -124.393172453
47.608079, -124.393172453
47.617079, -124.393172453
47.626079, -124.393172453
47.635079, -124.393172453
47.644079, -124.393172453
47.653079, -124.393172453
47.662079, -124.393172453
47.671079, -124.393172453
47.680079, -124.393172453
47.689079, -124.393172453
47.698079, -124.393172453
47.707079, -124.393172453
47.716079, -124.393172453
47.725079, -124.393172453
47.734079, -124.393172453
47.743079, -124.393172453
47.752079, -124.393172453
47.761079, -124.393172453
47.770079, -124.393172453
47.779079, -124.393172453
47.788079, -124.393172453
47.797079, -124.393172453
47.806079, -124.393172453
47.815079, -124.393172453
47.824079, -124.393172453
47.833079, -124.393172453
47.842079, -124.393172453
47.851079, -124.393172453
47.860079, -124.393172453
47.869079, -124.393172453
47.878079, -124.393172453
47.887079, -124.393172453
47.896079, -124.393172453
47.905079, -124.393172453
47.914079, -124.393172453
47.923079, -124.393172453
47.932079, -124.393172453
47.941079, -124.393172453
47.950079, -124.393172453
47.959079, -124.393172453
47.968079, -124.393172453
47.977079, -124.393172453
47.986079, -124.393172453
47.995079, -124.393172453
48.004079, -124.393172453
48.013079, -124.393172453
48.022079, -124.393172453
48.031079, -124.393172453
48.040079, -124.393172453
48.049079, -124.393172453
48.058079, -124.393172453
48.067079, -124.393172453
48.076079, -124.393172453
48.085079, -124.393172453
48.094079, -124.393172453
48.103079, -124.393172453
48.112079, -124.393172453
48.121079, -124.393172453
48.130079, -124.393172453
48.139079, -124.393172453
48.148079, -124.393172453
48.157079, -124.393172453
48.166079, -124.393172453
48.175079, -124.393172453
48.184079, -124.393172453
48.193079, -124.393172453
48.202079, -124.393172453
48.211079, -124.393172453
48.220079, -124.393172453
48.229079, -124.393172453
48.238079, -124.393172453
48.247079, -124.393172453
48.256079, -124.393172453
48.265079, -124.393172453
48.274079, -124.393172453
48.283079, -124.393172453
48.292079, -124.393172453
48.301079, -124.393172453
48.310079, -124.393172453
48.319079, -124.393172453
48.328079, -124.393172453
48.337079, -124.393172453
48.346079, -124.393172453
48.355079, -124.393172453
48.364079, -124.393172453
48.373079, -124.393172453
48.382079, -124.393172453
48.391079, -124.393172453
48.400079, -124.393172453
48.409079, -124.393172453
48.418079, -124.393172453
48.427079, -124.393172453
48.436079, -124.393172453
48.445079, -124.393172453
48.454079, -124.393172453
48.463079, -124.393172453
48.472079, -124.393172453
48.481079, -124.393172453
48.490079, -124.393172453
48.499079, -124.393172453
48.508079, -124.393172453
48.517079, -124.393172453
48.526079, -124.393172453
48.535079, -124.393172453
48.544079, -124.393172453
48.553079, -124.393172453
48.562079, -124.393172453
48.571079, -124.393172453
48.580079, -124.393172453
48.589079, -124.393172453
48.598079, -124.393172453
48.607079, -124.393172453
48.616079, -124.393172453
48.625079, -124.393172453
48.634079, -124.393172453
48.643079, -124.393172453
48.652079, -124.393172453
48.661079, -124.393172453
48.670079, -124.393172453
48.679079, -124.393172453
48.688079, -124.393172453
48.697079, -124.393172453
48.706079, -124.393172453
48.715079, -124.393172453
48.724079, -124.393172453
48.733079, -124.393172453
48.742079, -124.393172453
48.751079, -124.393172453
48.760079, -124.393172453
48.769079, -124.393172453
48.778079, -124.393172453
48.787079, -124.393172453
48.796079, -124.393172453
48.805079, -124.393172453
48.814079, -124.393172453
48.823079, -124.393172453
48.832079, -124.393172453
48.841079, -124.393172453
48.850079, -124.393172453
48.859079, -124.393172453
48.868079, -124.393172453
48.877079, -124.393172453
48.886079, -124.393172453
48.895079, -124.393172453
48.904079, -124.393172453
48.913079, -124.393172453
48.922079, -124.393172453
48.931079, -124.393172453
48.940079, -124.393172453
48.949079, -124.393172453
46.213079, -124.379465694
46.222079, -124.379465694
46.231079, -124.379465694
46.240079, -124.379465694
46.249079, -124.379465694
46.258079, -124.379465694
46.267079, -124.379465694
46.276079, -124.379465694
46.285079, -124.379465694
46.294079, -124.379465694
46.303079, -124.379465694
46.312079, -124.379465694
46.321079, -124.379465694
46.330079, -124.379465694
46.339079, -124.379465694
46.348079, -124.379465694
46.357079, -124.379465694
46.366079, -124.379465694
46.375079, -124.379465694
46.384079, -124.379465694
46.393079, -124.379465694
46.402079, -124.379465694
46.411079, -124.379465694
46.420079, -124.379465694
46.429079, -124.379465694
46.438079, -124.379465694
46.447079, -124.379465694
46.456079, -124.379465694
46.465079, -124.379465694
46.474079, -124.379465694
46.483079, -124.379465694
46.492079, -124.379465694
46.501079, -124.379465694
46.510079, -124.379465694
46.519079, -124.379465694
46.528079, -124.379465694
46.537079, -124.379465694
46.546079, -124.379465694
46.555079, -124.379465694
46.564079, -124.379465694
46.573079, -124.379465694
46.582079, -124.379465694
46.591079, -124.379465694
46.600079, -124.379465694
46.609079, -124.379465694
46.618079, -124.379465694
46.627079, -124.379465694
46.636079, -124.379465694
46.645079, -124.379465694
46.654079, -124.379465694
46.663079, -124.379465694
46.672079, -124.379465694
46.681079, -124.379465694
46.690079, -124.379465694
46.699079, -124.379465694
46.708079, -124.379465694
46.717079, -124.379465694
46.726079, -124.379465694
46.735079, -124.379465694
46.744079, -124.379465694
46.753079, -124.379465694
46.762079, -124.379465694
46.771079, -124.379465694
46.780079, -124.379465694
46.789079, -124.379465694
46.798079, -124.379465694
46.807079, -124.379465694
46.816079, -124.379465694
46.825079, -124.379465694
46.834079, -124.379465694
46.843079, -124.379465694
46.852079, -124.379465694
46.861079, -124.379465694
46.870079, -124.379465694
46.879079, -124.379465694
46.888079, -124.379465694
46.897079, -124.379465694
46.906079, -124.379465694
46.915079, -124.379465694
46.924079, -124.379465694
46.933079, -124.379465694
46.942079, -124.379465694
46.951079, -124.379465694
46.960079, -124.379465694
46.969079, -124.379465694
46.978079, -124.379465694
46.987079, -124.379465694
46.996079, -124.379465694
47.005079, -124.379465694
47.014079, -124.379465694
47.023079, -124.379465694
47.032079, -124.379465694
47.041079, -124.379465694
47.050079, -124.379465694
47.059079, -124.379465694
47.068079, -124.379465694
47.077079, -124.379465694
47.086079, -124.379465694
47.095079, -124.379465694
47.104079, -124.379465694
47.113079, -124.379465694
47.122079, -124.379465694
47.131079, -124.379465694
47.140079, -124.379465694
47.149079, -124.379465694
47.158079, -124.379465694
47.167079, -124.379465694
47.176079, -124.379465694
47.185079, -124.379465694
47.194079, -124.379465694
47.203079, -124.379465694
47.212079, -124.379465694
47.221079, -124.379465694
47.230079, -124.379465694
47.239079, -124.379465694
47.248079, -124.379465694
47.257079, -124.379465694
47.266079, -124.379465694
47.275079, -124.379465694
47.284079, -124.379465694
47.293079, -124.379465694
47.302079, -124.379465694
47.311079, -124.379465694
47.320079, -124.379465694
47.329079, -124.379465694
47.338079, -124.379465694
47.347079, -124.379465694
47.356079, -124.379465694
47.365079, -124.379465694
47.374079, -124.379465694
47.383079, -124.379465694
47.392079, -124.379465694
47.401079, -124.379465694
47.410079, -124.379465694
47.419079, -124.379465694
47.428079, -124.379465694
47.437079, -124.379465694
47.446079, -124.379465694
47.455079, -124.379465694
47.464079, -124.379465694
47.473079, -124.379465694
47.482079, -124.379465694
47.491079, -124.379465694
47.500079, -124.379465694
47.509079, -124.379465694
47.518079, -124.379465694
47.527079, -124.379465694
47.536079, -124.379465694
47.545079, -124.379465694
47.554079, -124.379465694
47.563079, -124.379465694
47.572079, -124.379465694
47.581079, -124.379465694
47.590079, -124.379465694
47.599079, -124.379465694
47.608079, -124.379465694
47.617079, -124.379465694
47.626079, -124.379465694
47.635079, -124.379465694
47.644079, -124.379465694
47.653079, -124.379465694
47.662079, -124.379465694
47.671079, -124.379465694
47.680079, -124.379465694
47.689079, -124.379465694
47.698079, -124.379465694
47.707079, -124.379465694
47.716079, -124.379465694
47.725079, -124.379465694
47.734079, -124.379465694
47.743079, -124.379465694
47.752079, -124.379465694
47.761079, -124.379465694
47.770079, -124.379465694
47.779079, -124.379465694
47.788079, -124.379465694
47.797079, -124.379465694
47.806079, -124.379465694
47.815079, -124.379465694
47.824079, -124.379465694
47.833079, -124.379465694
47.842079, -124.379465694
47.851079, -124.379465694
47.860079, -124.379465694
47.869079, -124.379465694
47.878079, -124.379465694
47.887079, -124.379465694
47.896079, -124.379465694
47.905079, -124.379465694
47.914079, -124.379465694
47.923079, -124.379465694
47.932079, -124.379465694
47.941079, -124.379465694
47.950079, -124.379465694
47.959079, -124.379465694
47.968079, -124.379465694
47.977079, -124.379465694
47.986079, -124.379465694
47.995079, -124.379465694
48.004079, -124.379465694
48.013079, -124.379465694
48.022079, -124.379465694
48.031079, -124.379465694
48.040079, -124.379465694
48.049079, -124.379465694
48.058079, -124.379465694
48.067079, -124.379465694
48.076079, -124.379465694
48.085079, -124.379465694
48.094079, -124.379465694
48.103079, -124.379465694
48.112079, -124.379465694
48.121079, -124.379465694
48.130079, -124.379465694
48.139079, -124.379465694
48.148079, -124.379465694
48.157079, -124.379465694
48.166079, -124.379465694
48.175079, -124.379465694
48.184079, -124.379465694
48.193079, -124.379465694
48.202079, -124.379465694
48.211079, -124.379465694
48.220079, -124.379465694
48.229079, -124.379465694
48.238079, -124.379465694
48.247079, -124.379465694
48.256079, -124.379465694
48.265079, -124.379465694
48.274079, -124.379465694
48.283079, -124.379465694
48.292079, -124.379465694
48.301079, -124.379465694
48.310079, -124.379465694
48.319079, -124.379465694
48.328079, -124.379465694
48.337079, -124.379465694
48.346079, -124.379465694
48.355079, -124.379465694
48.364079, -124.379465694
48.373079, -124.379465694
48.382079, -124.379465694
48.391079, -124.379465694
48.400079, -124.379465694
48.409079, -124.379465694
48.418079, -124.379465694
48.427079, -124.379465694
48.436079, -124.379465694
48.445079, -124.379465694
48.454079, -124.379465694
48.463079, -124.379465694
48.472079, -124.379465694
48.481079, -124.379465694
48.490079, -124.379465694
48.499079, -124.379465694
48.508079, -124.379465694
48.517079, -124.379465694
48.526079, -124.379465694
48.535079, -124.379465694
48.544079, -124.379465694
48.553079, -124.379465694
48.562079, -124.379465694
48.571079, -124.379465694
48.580079, -124.379465694
48.589079, -124.379465694
48.598079, -124.379465694
48.607079, -124.379465694
48.616079, -124.379465694
48.625079, -124.379465694
48.634079, -124.379465694
48.643079, -124.379465694
48.652079, -124.379465694
48.661079, -124.379465694
48.670079, -124.379465694
48.679079, -124.379465694
48.688079, -124.379465694
48.697079, -124.379465694
48.706079, -124.379465694
48.715079, -124.379465694
48.724079, -124.379465694
48.733079, -124.379465694
48.742079, -124.379465694
48.751079, -124.379465694
48.760079, -124.379465694
48.769079, -124.379465694
48.778079, -124.379465694
48.787079, -124.379465694
48.796079, -124.379465694
48.805079, -124.379465694
48.814079, -124.379465694
48.823079, -124.379465694
48.832079, -124.379465694
48.841079, -124.379465694
48.850079, -124.379465694
48.859079, -124.379465694
48.868079, -124.379465694
48.877079, -124.379465694
48.886079, -124.379465694
48.895079, -124.379465694
48.904079, -124.379465694
48.913079, -124.379465694
48.922079, -124.379465694
48.931079, -124.379465694
48.940079, -124.379465694
48.949079, -124.379465694
46.213079, -124.365758936
46.222079, -124.365758936
46.231079, -124.365758936
46.240079, -124.365758936
46.249079, -124.365758936
46.258079, -124.365758936
46.267079, -124.365758936
46.276079, -124.365758936
46.285079, -124.365758936
46.294079, -124.365758936
46.303079, -124.365758936
46.312079, -124.365758936
46.321079, -124.365758936
46.330079, -124.365758936
46.339079, -124.365758936
46.348079, -124.365758936
46.357079, -124.365758936
46.366079, -124.365758936
46.375079, -124.365758936
46.384079, -124.365758936
46.393079, -124.365758936
46.402079, -124.365758936
46.411079, -124.365758936
46.420079, -124.365758936
46.429079, -124.365758936
46.438079, -124.365758936
46.447079, -124.365758936
46.456079, -124.365758936
46.465079, -124.365758936
46.474079, -124.365758936
46.483079, -124.365758936
46.492079, -124.365758936
46.501079, -124.365758936
46.510079, -124.365758936
46.519079, -124.365758936
46.528079, -124.365758936
46.537079, -124.365758936
46.546079, -124.365758936
46.555079, -124.365758936
46.564079, -124.365758936
46.573079, -124.365758936
46.582079, -124.365758936
46.591079, -124.365758936
46.600079, -124.365758936
46.609079, -124.365758936
46.618079, -124.365758936
46.627079, -124.365758936
46.636079, -124.365758936
46.645079, -124.365758936
46.654079, -124.365758936
46.663079, -124.365758936
46.672079, -124.365758936
46.681079, -124.365758936
46.690079, -124.365758936
46.699079, -124.365758936
46.708079, -124.365758936
46.717079, -124.365758936
46.726079, -124.365758936
46.735079, -124.365758936
46.744079, -124.365758936
46.753079, -124.365758936
46.762079, -124.365758936
46.771079, -124.365758936
46.780079, -124.365758936
46.789079, -124.365758936
46.798079, -124.365758936
46.807079, -124.365758936
46.816079, -124.365758936
46.825079, -124.365758936
46.834079, -124.365758936
46.843079, -124.365758936
46.852079, -124.365758936
46.861079, -124.365758936
46.870079, -124.365758936
46.879079, -124.365758936
46.888079, -124.365758936
46.897079, -124.365758936
46.906079, -124.365758936
46.915079, -124.365758936
46.924079, -124.365758936
46.933079, -124.365758936
46.942079, -124.365758936
46.951079, -124.365758936
46.960079, -124.365758936
46.969079, -124.365758936
46.978079, -124.365758936
46.987079, -124.365758936
46.996079, -124.365758936
47.005079, -124.365758936
47.014079, -124.365758936
47.023079, -124.365758936
47.032079, -124.365758936
47.041079, -124.365758936
47.050079, -124.365758936
47.059079, -124.365758936
47.068079, -124.365758936
47.077079, -124.365758936
47.086079, -124.365758936
47.095079, -124.365758936
47.104079, -124.365758936
47.113079, -124.365758936
47.122079, -124.365758936
47.131079, -124.365758936
47.140079, -124.365758936
47.149079, -124.365758936
47.158079, -124.365758936
47.167079, -124.365758936
47.176079, -124.365758936
47.185079, -124.365758936
47.194079, -124.365758936
47.203079, -124.365758936
47.212079, -124.365758936
47.221079, -124.365758936
47.230079, -124.365758936
47.239079, -124.365758936
47.248079, -124.365758936
47.257079, -124.365758936
47.266079, -124.365758936
47.275079, -124.365758936
47.284079, -124.365758936
47.293079, -124.365758936
47.302079, -124.365758936
47.311079, -124.365758936
47.320079, -124.365758936
47.329079, -124.365758936
47.338079, -124.365758936
47.347079, -124.365758936
47.356079, -124.365758936
47.365079, -124.365758936
47.374079, -124.365758936
47.383079, -124.365758936
47.392079, -124.365758936
47.401079, -124.365758936
47.410079, -124.365758936
47.419079, -124.365758936
47.428079, -124.365758936
47.437079, -124.365758936
47.446079, -124.365758936
47.455079, -124.365758936
47.464079, -124.365758936
47.473079, -124.365758936
47.482079, -124.365758936
47.491079, -124.365758936
47.500079, -124.365758936
47.509079, -124.365758936
47.518079, -124.365758936
47.527079, -124.365758936
47.536079, -124.365758936
47.545079, -124.365758936
47.554079, -124.365758936
47.563079, -124.365758936
47.572079, -124.365758936
47.581079, -124.365758936
47.590079, -124.365758936
47.599079, -124.365758936
47.608079, -124.365758936
47.617079, -124.365758936
47.626079, -124.365758936
47.635079, -124.365758936
47.644079, -124.365758936
47.653079, -124.365758936
47.662079, -124.365758936
47.671079, -124.365758936
47.680079, -124.365758936
47.689079, -124.365758936
47.698079, -124.365758936
47.707079, -124.365758936
47.716079, -124.365758936
47.725079, -124.365758936
47.734079, -124.365758936
47.743079, -124.365758936
47.752079, -124.365758936
47.761079, -124.365758936
47.770079, -124.365758936
47.779079, -124.365758936
47.788079, -124.365758936
47.797079, -124.365758936
47.806079, -124.365758936
47.815079, -124.365758936
47.824079, -124.365758936
47.833079, -124.365758936
47.842079, -124.365758936
47.851079, -124.365758936
47.860079, -124.365758936
47.869079, -124.365758936
47.878079, -124.365758936
47.887079, -124.365758936
47.896079, -124.365758936
47.905079, -124.365758936
47.914079, -124.365758936
47.923079, -124.365758936
47.932079, -124.365758936
47.941079, -124.365758936
47.950079, -124.365758936
47.959079, -124.365758936
47.968079, -124.365758936
47.977079, -124.365758936
47.986079, -124.365758936
47.995079, -124.365758936
48.004079, -124.365758936
48.013079, -124.365758936
48.022079, -124.365758936
48.031079, -124.365758936
48.040079, -124.365758936
48.049079, -124.365758936
48.058079, -124.365758936
48.067079, -124.365758936
48.076079, -124.365758936
48.085079, -124.365758936
48.094079, -124.365758936
48.103079, -124.365758936
48.112079, -124.365758936
48.121079, -124.365758936
48.130079, -124.365758936
48.139079, -124.365758936
48.148079, -124.365758936
48.157079, -124.365758936
48.166079, -124.365758936
48.175079, -124.365758936
48.184079, -124.365758936
48.193079, -124.365758936
48.202079, -124.365758936
48.211079, -124.365758936
48.220079, -124.365758936
48.229079, -124.365758936
48.238079, -124.365758936
48.247079, -124.365758936
48.256079, -124.365758936
48.265079, -124.365758936
48.274079, -124.365758936
48.283079, -124.365758936
48.292079, -124.365758936
48.301079, -124.365758936
48.310079, -124.365758936
48.319079, -124.365758936
48.328079, -124.365758936
48.337079, -124.365758936
48.346079, -124.365758936
48.355079, -124.365758936
48.364079, -124.365758936
48.373079, -124.365758936
48.382079, -124.365758936
48.391079, -124.365758936
48.400079, -124.365758936
48.409079, -124.365758936
48.418079, -124.365758936
48.427079, -124.365758936
48.436079, -124.365758936
48.445079, -124.365758936
48.454079, -124.365758936
48.463079, -124.365758936
48.472079, -124.365758936
48.481079, -124.365758936
48.490079, -124.365758936
48.499079, -124.365758936
48.508079, -124.365758936
48.517079, -124.365758936
48.526079, -124.365758936
48.535079, -124.365758936
48.544079, -124.365758936
48.553079, -124.365758936
48.562079, -124.365758936
48.571079, -124.365758936
48.580079, -124.365758936
48.589079, -124.365758936
48.598079, -124.365758936
48.607079, -124.365758936
48.616079, -124.365758936
48.625079, -124.365758936
48.634079, -124.365758936
48.643079, -124.365758936
48.652079, -124.365758936
48.661079, -124.365758936
48.670079, -124.365758936
48.679079, -124.365758936
48.688079, -124.365758936
48.697079, -124.365758936
48.706079, -124.365758936
48.715079, -124.365758936
48.724079, -124.365758936
48.733079, -124.365758936
48.742079, -124.365758936
48.751079, -124.365758936
48.760079, -124.365758936
48.769079, -124.365758936
48.778079, -124.365758936
48.787079, -124.365758936
48.796079, -124.365758936
48.805079, -124.365758936
48.814079, -124.365758936
48.823079, -124.365758936
48.832079, -124.365758936
48.841079, -124.365758936
48.850079, -124.365758936
48.859079, -124.365758936
48.868079, -124.365758936
48.877079, -124.365758936
48.886079, -124.365758936
48.895079, -124.365758936
48.904079, -124.365758936
48.913079, -124.365758936
48.922079, -124.365758936
48.931079, -124.365758936
48.940079, -124.365758936
48.949079, -124.365758936
46.213079, -124.352052177
46.222079, -124.352052177
46.231079, -124.352052177
46.240079, -124.352052177
46.249079, -124.352052177
46.258079, -124.352052177
46.267079, -124.352052177
46.276079, -124.352052177
46.285079, -124.352052177
46.294079, -124.352052177
46.303079, -124.352052177
46.312079, -124.352052177
46.321079, -124.352052177
46.330079, -124.352052177
46.339079, -124.352052177
46.348079, -124.352052177
46.357079, -124.352052177
46.366079, -124.352052177
46.375079, -124.352052177
46.384079, -124.352052177
46.393079, -124.352052177
46.402079, -124.352052177
46.411079, -124.352052177
46.420079, -124.352052177
46.429079, -124.352052177
46.438079, -124.352052177
46.447079, -124.352052177
46.456079, -124.352052177
46.465079, -124.352052177
46.474079, -124.352052177
46.483079, -124.352052177
46.492079, -124.352052177
46.501079, -124.352052177
46.510079, -124.352052177
46.519079, -124.352052177
46.528079, -124.352052177
46.537079, -124.352052177
46.546079, -124.352052177
46.555079, -124.352052177
46.564079, -124.352052177
46.573079, -124.352052177
46.582079, -124.352052177
46.591079, -124.352052177
46.600079, -124.352052177
46.609079, -124.352052177
46.618079, -124.352052177
46.627079, -124.352052177
46.636079, -124.352052177
46.645079, -124.352052177
46.654079, -124.352052177
46.663079, -124.352052177
46.672079, -124.352052177
46.681079, -124.352052177
46.690079, -124.352052177
46.699079, -124.352052177
46.708079, -124.352052177
46.717079, -124.352052177
46.726079, -124.352052177
46.735079, -124.352052177
46.744079, -124.352052177
46.753079, -124.352052177
46.762079, -124.352052177
46.771079, -124.352052177
46.780079, -124.352052177
46.789079, -124.352052177
46.798079, -124.352052177
46.807079, -124.352052177
46.816079, -124.352052177
46.825079, -124.352052177
46.834079, -124.352052177
46.843079, -124.352052177
46.852079, -124.352052177
46.861079, -124.352052177
46.870079, -124.352052177
46.879079, -124.352052177
46.888079, -124.352052177
46.897079, -124.352052177
46.906079, -124.352052177
46.915079, -124.352052177
46.924079, -124.352052177
46.933079, -124.352052177
46.942079, -124.352052177
46.951079, -124.352052177
46.960079, -124.352052177
46.969079, -124.352052177
46.978079, -124.352052177
46.987079, -124.352052177
46.996079, -124.352052177
47.005079, -124.352052177
47.014079, -124.352052177
47.023079, -124.352052177
47.032079, -124.352052177
47.041079, -124.352052177
47.050079, -124.352052177
47.059079, -124.352052177
47.068079, -124.352052177
47.077079, -124.352052177
47.086079, -124.352052177
47.095079, -124.352052177
47.104079, -124.352052177
47.113079, -124.352052177
47.122079, -124.352052177
47.131079, -124.352052177
47.140079, -124.352052177
47.149079, -124.352052177
47.158079, -124.352052177
47.167079, -124.352052177
47.176079, -124.352052177
47.185079, -124.352052177
47.194079, -124.352052177
47.203079, -124.352052177
47.212079, -124.352052177
47.221079, -124.352052177
47.230079, -124.352052177
47.239079, -124.352052177
47.248079, -124.352052177
47.257079, -124.352052177
47.266079, -124.352052177
47.275079, -124.352052177
47.284079, -124.352052177
47.293079, -124.352052177
47.302079, -124.352052177
47.311079, -124.352052177
47.320079, -124.352052177
47.329079, -124.352052177
47.338079, -124.352052177
47.347079, -124.352052177
47.356079, -124.352052177
47.365079, -124.352052177
47.374079, -124.352052177
47.383079, -124.352052177
47.392079, -124.352052177
47.401079, -124.352052177
47.410079, -124.352052177
47.419079, -124.352052177
47.428079, -124.352052177
47.437079, -124.352052177
47.446079, -124.352052177
47.455079, -124.352052177
47.464079, -124.352052177
47.473079, -124.352052177
47.482079, -124.352052177
47.491079, -124.352052177
47.500079, -124.352052177
47.509079, -124.352052177
47.518079, -124.352052177
47.527079, -124.352052177
47.536079, -124.352052177
47.545079, -124.352052177
47.554079, -124.352052177
47.563079, -124.352052177
47.572079, -124.352052177
47.581079, -124.352052177
47.590079, -124.352052177
47.599079, -124.352052177
47.608079, -124.352052177
47.617079, -124.352052177
47.626079, -124.352052177
47.635079, -124.352052177
47.644079, -124.352052177
47.653079, -124.352052177
47.662079, -124.352052177
47.671079, -124.352052177
47.680079, -124.352052177
47.689079, -124.352052177
47.698079, -124.352052177
47.707079, -124.352052177
47.716079, -124.352052177
47.725079, -124.352052177
47.734079, -124.352052177
47.743079, -124.352052177
47.752079, -124.352052177
47.761079, -124.352052177
47.770079, -124.352052177
47.779079, -124.352052177
47.788079, -124.352052177
47.797079, -124.352052177
47.806079, -124.352052177
47.815079, -124.352052177
47.824079, -124.352052177
47.833079, -124.352052177
47.842079, -124.352052177
47.851079, -124.352052177
47.860079, -124.352052177
47.869079, -124.352052177
47.878079, -124.352052177
47.887079, -124.352052177
47.896079, -124.352052177
47.905079, -124.352052177
47.914079, -124.352052177
47.923079, -124.352052177
47.932079, -124.352052177
47.941079, -124.352052177
47.950079, -124.352052177
47.959079, -124.352052177
47.968079, -124.352052177
47.977079, -124.352052177
47.986079, -124.352052177
47.995079, -124.352052177
48.004079, -124.352052177
48.013079, -124.352052177
48.022079, -124.352052177
48.031079, -124.352052177
48.040079, -124.352052177
48.049079, -124.352052177
48.058079, -124.352052177
48.067079, -124.352052177
48.076079, -124.352052177
48.085079, -124.352052177
48.094079, -124.352052177
48.103079, -124.352052177
48.112079, -124.352052177
48.121079, -124.352052177
48.130079, -124.352052177
48.139079, -124.352052177
48.148079, -124.352052177
48.157079, -124.352052177
48.166079, -124.352052177
48.175079, -124.352052177
48.184079, -124.352052177
48.193079, -124.352052177
48.202079, -124.352052177
48.211079, -124.352052177
48.220079, -124.352052177
48.229079, -124.352052177
48.238079, -124.352052177
48.247079, -124.352052177
48.256079, -124.352052177
48.265079, -124.352052177
48.274079, -124.352052177
48.283079, -124.352052177
48.292079, -124.352052177
48.301079, -124.352052177
48.310079, -124.352052177
48.319079, -124.352052177
48.328079, -124.352052177
48.337079, -124.352052177
48.346079, -124.352052177
48.355079, -124.352052177
48.364079, -124.352052177
48.373079, -124.352052177
48.382079, -124.352052177
48.391079, -124.352052177
48.400079, -124.352052177
48.409079, -124.352052177
48.418079, -124.352052177
48.427079, -124.352052177
48.436079, -124.352052177
48.445079, -124.352052177
48.454079, -124.352052177
48.463079, -124.352052177
48.472079, -124.352052177
48.481079, -124.352052177
48.490079, -124.352052177
48.499079, -124.352052177
48.508079, -124.352052177
48.517079, -124.352052177
48.526079, -124.352052177
48.535079, -124.352052177
48.544079, -124.352052177
48.553079, -124.352052177
48.562079, -124.352052177
48.571079, -124.352052177
48.580079, -124.352052177
48.589079, -124.352052177
48.598079, -124.352052177
48.607079, -124.352052177
48.616079, -124.352052177
48.625079, -124.352052177
48.634079, -124.352052177
48.643079, -124.352052177
48.652079, -124.352052177
48.661079, -124.352052177
48.670079, -124.352052177
48.679079, -124.352052177
48.688079, -124.352052177
48.697079, -124.352052177
48.706079, -124.352052177
48.715079, -124.352052177
48.724079, -124.352052177
48.733079, -124.352052177
48.742079, -124.352052177
48.751079, -124.352052177
48.760079, -124.352052177
48.769079, -124.352052177
48.778079, -124.352052177
48.787079, -124.352052177
48.796079, -124.352052177
48.805079, -124.352052177
48.814079, -124.352052177
48.823079, -124.352052177
48.832079, -124.352052177
48.841079, -124.352052177
48.850079, -124.352052177
48.859079, -124.352052177
48.868079, -124.352052177
48.877079, -124.352052177
48.886079, -124.352052177
48.895079, -124.352052177
48.904079, -124.352052177
48.913079, -124.352052177
48.922079, -124.352052177
48.931079, -124.352052177
48.940079, -124.352052177
48.949079, -124.352052177
46.213079, -124.338345419
46.222079, -124.338345419
46.231079, -124.338345419
46.240079, -124.338345419
46.249079, -124.338345419
46.258079, -124.338345419
46.267079, -124.338345419
46.276079, -124.338345419
46.285079, -124.338345419
46.294079, -124.338345419
46.303079, -124.338345419
46.312079, -124.338345419
46.321079, -124.338345419
46.330079, -124.338345419
46.339079, -124.338345419
46.348079, -124.338345419
46.357079, -124.338345419
46.366079, -124.338345419
46.375079, -124.338345419
46.384079, -124.338345419
46.393079, -124.338345419
46.402079, -124.338345419
46.411079, -124.338345419
46.420079, -124.338345419
46.429079, -124.338345419
46.438079, -124.338345419
46.447079, -124.338345419
46.456079, -124.338345419
46.465079, -124.338345419
46.474079, -124.338345419
46.483079, -124.338345419
46.492079, -124.338345419
46.501079, -124.338345419
46.510079, -124.338345419
46.519079, -124.338345419
46.528079, -124.338345419
46.537079, -124.338345419
46.546079, -124.338345419
46.555079, -124.338345419
46.564079, -124.338345419
46.573079, -124.338345419
46.582079, -124.338345419
46.591079, -124.338345419
46.600079, -124.338345419
46.609079, -124.338345419
46.618079, -124.338345419
46.627079, -124.338345419
46.636079, -124.338345419
46.645079, -124.338345419
46.654079, -124.338345419
46.663079, -124.338345419
46.672079, -124.338345419
46.681079, -124.338345419
46.690079, -124.338345419
46.699079, -124.338345419
46.708079, -124.338345419
46.717079, -124.338345419
46.726079, -124.338345419
46.735079, -124.338345419
46.744079, -124.338345419
46.753079, -124.338345419
46.762079, -124.338345419
46.771079, -124.338345419
46.780079, -124.338345419
46.789079, -124.338345419
46.798079, -124.338345419
46.807079, -124.338345419
46.816079, -124.338345419
46.825079, -124.338345419
46.834079, -124.338345419
46.843079, -124.338345419
46.852079, -124.338345419
46.861079, -124.338345419
46.870079, -124.338345419
46.879079, -124.338345419
46.888079, -124.338345419
46.897079, -124.338345419
46.906079, -124.338345419
46.915079, -124.338345419
46.924079, -124.338345419
46.933079, -124.338345419
46.942079, -124.338345419
46.951079, -124.338345419
46.960079, -124.338345419
46.969079, -124.338345419
46.978079, -124.338345419
46.987079, -124.338345419
46.996079, -124.338345419
47.005079, -124.338345419
47.014079, -124.338345419
47.023079, -124.338345419
47.032079, -124.338345419
47.041079, -124.338345419
47.050079, -124.338345419
47.059079, -124.338345419
47.068079, -124.338345419
47.077079, -124.338345419
47.086079, -124.338345419
47.095079, -124.338345419
47.104079, -124.338345419
47.113079, -124.338345419
47.122079, -124.338345419
47.131079, -124.338345419
47.140079, -124.338345419
47.149079, -124.338345419
