46.627079, -118.14289058
46.636079, -118.14289058
46.645079, -118.14289058
46.654079, -118.14289058
46.663079, -118.14289058
46.672079, -118.14289058
46.681079, -118.14289058
46.690079, -118.14289058
46.699079, -118.14289058
46.708079, -118.14289058
46.717079, -118.14289058
46.726079, -118.14289058
46.735079, -118.14289058
46.744079, -118.14289058
46.753079, -118.14289058
46.762079, -118.14289058
46.771079, -118.14289058
46.780079, -118.14289058
46.789079, -118.14289058
46.798079, -118.14289058
46.807079, -118.14289058
46.816079, -118.14289058
46.825079, -118.14289058
46.834079, -118.14289058
46.843079, -118.14289058
46.852079, -118.14289058
46.861079, -118.14289058
46.870079, -118.14289058
46.879079, -118.14289058
46.888079, -118.14289058
46.897079, -118.14289058
46.906079, -118.14289058
46.915079, -118.14289058
46.924079, -118.14289058
46.933079, -118.14289058
46.942079, -118.14289058
46.951079, -118.14289058
46.960079, -118.14289058
46.969079, -118.14289058
46.978079, -118.14289058
46.987079, -118.14289058
46.996079, -118.14289058
47.005079, -118.14289058
47.014079, -118.14289058
47.023079, -118.14289058
47.032079, -118.14289058
47.041079, -118.14289058
47.050079, -118.14289058
47.059079, -118.14289058
47.068079, -118.14289058
47.077079, -118.14289058
47.086079, -118.14289058
47.095079, -118.14289058
47.104079, -118.14289058
47.113079, -118.14289058
47.122079, -118.14289058
47.131079, -118.14289058
47.140079, -118.14289058
47.149079, -118.14289058
47.158079, -118.14289058
47.167079, -118.14289058
47.176079, -118.14289058
47.185079, -118.14289058
47.194079, -118.14289058
47.203079, -118.14289058
47.212079, -118.14289058
47.221079, -118.14289058
47.230079, -118.14289058
47.239079, -118.14289058
47.248079, -118.14289058
47.257079, -118.14289058
47.266079, -118.14289058
47.275079, -118.14289058
47.284079, -118.14289058
47.293079, -118.14289058
47.302079, -118.14289058
47.311079, -118.14289058
47.320079, -118.14289058
47.329079, -118.14289058
47.338079, -118.14289058
47.347079, -118.14289058
47.356079, -118.14289058
47.365079, -118.14289058
47.374079, -118.14289058
47.383079, -118.14289058
47.392079, -118.14289058
47.401079, -118.14289058
47.410079, -118.14289058
47.419079, -118.14289058
47.428079, -118.14289058
47.437079, -118.14289058
47.446079, -118.14289058
47.455079, -118.14289058
47.464079, -118.14289058
47.473079, -118.14289058
47.482079, -118.14289058
47.491079, -118.14289058
47.500079, -118.14289058
47.509079, -118.14289058
47.518079, -118.14289058
47.527079, -118.14289058
47.536079, -118.14289058
47.545079, -118.14289058
47.554079, -118.14289058
47.563079, -118.14289058
47.572079, -118.14289058
47.581079, -118.14289058
47.590079, -118.14289058
47.599079, -118.14289058
47.608079, -118.14289058
47.617079, -118.14289058
47.626079, -118.14289058
47.635079, -118.14289058
47.644079, -118.14289058
47.653079, -118.14289058
47.662079, -118.14289058
47.671079, -118.14289058
47.680079, -118.14289058
47.689079, -118.14289058
47.698079, -118.14289058
47.707079, -118.14289058
47.716079, -118.14289058
47.725079, -118.14289058
47.734079, -118.14289058
47.743079, -118.14289058
47.752079, -118.14289058
47.761079, -118.14289058
47.770079, -118.14289058
47.779079, -118.14289058
47.788079, -118.14289058
47.797079, -118.14289058
47.806079, -118.14289058
47.815079, -118.14289058
47.824079, -118.14289058
47.833079, -118.14289058
47.842079, -118.14289058
47.851079, -118.14289058
47.860079, -118.14289058
47.869079, -118.14289058
47.878079, -118.14289058
47.887079, -118.14289058
47.896079, -118.14289058
47.905079, -118.14289058
47.914079, -118.14289058
47.923079, -118.14289058
47.932079, -118.14289058
47.941079, -118.14289058
47.950079, -118.14289058
47.959079, -118.14289058
47.968079, -118.14289058
47.977079, -118.14289058
47.986079, -118.14289058
47.995079, -118.14289058
48.004079, -118.14289058
48.013079, -118.14289058
48.022079, -118.14289058
48.031079, -118.14289058
48.040079, -118.14289058
48.049079, -118.14289058
48.058079, -118.14289058
48.067079, -118.14289058
48.076079, -118.14289058
48.085079, -118.14289058
48.094079, -118.14289058
48.103079, -118.14289058
48.112079, -118.14289058
48.121079, -118.14289058
48.130079, -118.14289058
48.139079, -118.14289058
48.148079, -118.14289058
48.157079, -118.14289058
48.166079, -118.14289058
48.175079, -118.14289058
48.184079, -118.14289058
48.193079, -118.14289058
48.202079, -118.14289058
48.211079, -118.14289058
48.220079, -118.14289058
48.229079, -118.14289058
48.238079, -118.14289058
48.247079, -118.14289058
48.256079, -118.14289058
48.265079, -118.14289058
48.274079, -118.14289058
48.283079, -118.14289058
48.292079, -118.14289058
48.301079, -118.14289058
48.310079, -118.14289058
48.319079, -118.14289058
48.328079, -118.14289058
48.337079, -118.14289058
48.346079, -118.14289058
48.355079, -118.14289058
48.364079, -118.14289058
48.373079, -118.14289058
48.382079, -118.14289058
48.391079, -118.14289058
48.400079, -118.14289058
48.409079, -118.14289058
48.418079, -118.14289058
48.427079, -118.14289058
48.436079, -118.14289058
48.445079, -118.14289058
48.454079, -118.14289058
48.463079, -118.14289058
48.472079, -118.14289058
48.481079, -118.14289058
48.490079, -118.14289058
48.499079, -118.14289058
48.508079, -118.14289058
48.517079, -118.14289058
48.526079, -118.14289058
48.535079, -118.14289058
48.544079, -118.14289058
48.553079, -118.14289058
48.562079, -118.14289058
48.571079, -118.14289058
48.580079, -118.14289058
48.589079, -118.14289058
48.598079, -118.14289058
48.607079, -118.14289058
48.616079, -118.14289058
48.625079, -118.14289058
48.634079, -118.14289058
48.643079, -118.14289058
48.652079, -118.14289058
48.661079, -118.14289058
48.670079, -118.14289058
48.679079, -118.14289058
48.688079, -118.14289058
48.697079, -118.14289058
48.706079, -118.14289058
48.715079, -118.14289058
48.724079, -118.14289058
48.733079, -118.14289058
48.742079, -118.14289058
48.751079, -118.14289058
48.760079, -118.14289058
48.769079, -118.14289058
48.778079, -118.14289058
48.787079, -118.14289058
48.796079, -118.14289058
48.805079, -118.14289058
48.814079, -118.14289058
48.823079, -118.14289058
48.832079, -118.14289058
48.841079, -118.14289058
48.850079, -118.14289058
48.859079, -118.14289058
48.868079, -118.14289058
48.877079, -118.14289058
48.886079, -118.14289058
48.895079, -118.14289058
48.904079, -118.14289058
48.913079, -118.14289058
48.922079, -118.14289058
48.931079, -118.14289058
48.940079, -118.14289058
48.949079, -118.14289058
46.213079, -118.129183822
46.222079, -118.129183822
46.231079, -118.129183822
46.240079, -118.129183822
46.249079, -118.129183822
46.258079, -118.129183822
46.267079, -118.129183822
46.276079, -118.129183822
46.285079, -118.129183822
46.294079, -118.129183822
46.303079, -118.129183822
46.312079, -118.129183822
46.321079, -118.129183822
46.330079, -118.129183822
46.339079, -118.129183822
46.348079, -118.129183822
46.357079, -118.129183822
46.366079, -118.129183822
46.375079, -118.129183822
46.384079, -118.129183822
46.393079, -118.129183822
46.402079, -118.129183822
46.411079, -118.129183822
46.420079, -118.129183822
46.429079, -118.129183822
46.438079, -118.129183822
46.447079, -118.129183822
46.456079, -118.129183822
46.465079, -118.129183822
46.474079, -118.129183822
46.483079, -118.129183822
46.492079, -118.129183822
46.501079, -118.129183822
46.510079, -118.129183822
46.519079, -118.129183822
46.528079, -118.129183822
46.537079, -118.129183822
46.546079, -118.129183822
46.555079, -118.129183822
46.564079, -118.129183822
46.573079, -118.129183822
46.582079, -118.129183822
46.591079, -118.129183822
46.600079, -118.129183822
46.609079, -118.129183822
46.618079, -118.129183822
46.627079, -118.129183822
46.636079, -118.129183822
46.645079, -118.129183822
46.654079, -118.129183822
46.663079, -118.129183822
46.672079, -118.129183822
46.681079, -118.129183822
46.690079, -118.129183822
46.699079, -118.129183822
46.708079, -118.129183822
46.717079, -118.129183822
46.726079, -118.129183822
46.735079, -118.129183822
46.744079, -118.129183822
46.753079, -118.129183822
46.762079, -118.129183822
46.771079, -118.129183822
46.780079, -118.129183822
46.789079, -118.129183822
46.798079, -118.129183822
46.807079, -118.129183822
46.816079, -118.129183822
46.825079, -118.129183822
46.834079, -118.129183822
46.843079, -118.129183822
46.852079, -118.129183822
46.861079, -118.129183822
46.870079, -118.129183822
46.879079, -118.129183822
46.888079, -118.129183822
46.897079, -118.129183822
46.906079, -118.129183822
46.915079, -118.129183822
46.924079, -118.129183822
46.933079, -118.129183822
46.942079, -118.129183822
46.951079, -118.129183822
46.960079, -118.129183822
46.969079, -118.129183822
46.978079, -118.129183822
46.987079, -118.129183822
46.996079, -118.129183822
47.005079, -118.129183822
47.014079, -118.129183822
47.023079, -118.129183822
47.032079, -118.129183822
47.041079, -118.129183822
47.050079, -118.129183822
47.059079, -118.129183822
47.068079, -118.129183822
47.077079, -118.129183822
47.086079, -118.129183822
47.095079, -118.129183822
47.104079, -118.129183822
47.113079, -118.129183822
47.122079, -118.129183822
47.131079, -118.129183822
47.140079, -118.129183822
47.149079, -118.129183822
47.158079, -118.129183822
47.167079, -118.129183822
47.176079, -118.129183822
47.185079, -118.129183822
47.194079, -118.129183822
47.203079, -118.129183822
47.212079, -118.129183822
47.221079, -118.129183822
47.230079, -118.129183822
47.239079, -118.129183822
47.248079, -118.129183822
47.257079, -118.129183822
47.266079, -118.129183822
47.275079, -118.129183822
47.284079, -118.129183822
47.293079, -118.129183822
47.302079, -118.129183822
47.311079, -118.129183822
47.320079, -118.129183822
47.329079, -118.129183822
47.338079, -118.129183822
47.347079, -118.129183822
47.356079, -118.129183822
47.365079, -118.129183822
47.374079, -118.129183822
47.383079, -118.129183822
47.392079, -118.129183822
47.401079, -118.129183822
47.410079, -118.129183822
47.419079, -118.129183822
47.428079, -118.129183822
47.437079, -118.129183822
47.446079, -118.129183822
47.455079, -118.129183822
47.464079, -118.129183822
47.473079, -118.129183822
47.482079, -118.129183822
47.491079, -118.129183822
47.500079, -118.129183822
47.509079, -118.129183822
47.518079, -118.129183822
47.527079, -118.129183822
47.536079, -118.129183822
47.545079, -118.129183822
47.554079, -118.129183822
47.563079, -118.129183822
47.572079, -118.129183822
47.581079, -118.129183822
47.590079, -118.129183822
47.599079, -118.129183822
47.608079, -118.129183822
47.617079, -118.129183822
47.626079, -118.129183822
47.635079, -118.129183822
47.644079, -118.129183822
47.653079, -118.129183822
47.662079, -118.129183822
47.671079, -118.129183822
47.680079, -118.129183822
47.689079, -118.129183822
47.698079, -118.129183822
47.707079, -118.129183822
47.716079, -118.129183822
47.725079, -118.129183822
47.734079, -118.129183822
47.743079, -118.129183822
47.752079, -118.129183822
47.761079, -118.129183822
47.770079, -118.129183822
47.779079, -118.129183822
47.788079, -118.129183822
47.797079, -118.129183822
47.806079, -118.129183822
47.815079, -118.129183822
47.824079, -118.129183822
47.833079, -118.129183822
47.842079, -118.129183822
47.851079, -118.129183822
47.860079, -118.129183822
47.869079, -118.129183822
47.878079, -118.129183822
47.887079, -118.129183822
47.896079, -118.129183822
47.905079, -118.129183822
47.914079, -118.129183822
47.923079, -118.129183822
47.932079, -118.129183822
47.941079, -118.129183822
47.950079, -118.129183822
47.959079, -118.129183822
47.968079, -118.129183822
47.977079, -118.129183822
47.986079, -118.129183822
47.995079, -118.129183822
48.004079, -118.129183822
48.013079, -118.129183822
48.022079, -118.129183822
48.031079, -118.129183822
48.040079, -118.129183822
48.049079, -118.129183822
48.058079, -118.129183822
48.067079, -118.129183822
48.076079, -118.129183822
48.085079, -118.129183822
48.094079, -118.129183822
48.103079, -118.129183822
48.112079, -118.129183822
48.121079, -118.129183822
48.130079, -118.129183822
48.139079, -118.129183822
48.148079, -118.129183822
48.157079, -118.129183822
48.166079, -118.129183822
48.175079, -118.129183822
48.184079, -118.129183822
48.193079, -118.129183822
48.202079, -118.129183822
48.211079, -118.129183822
48.220079, -118.129183822
48.229079, -118.129183822
48.238079, -118.129183822
48.247079, -118.129183822
48.256079, -118.129183822
48.265079, -118.129183822
48.274079, -118.129183822
48.283079, -118.129183822
48.292079, -118.129183822
48.301079, -118.129183822
48.310079, -118.129183822
48.319079, -118.129183822
48.328079, -118.129183822
48.337079, -118.129183822
48.346079, -118.129183822
48.355079, -118.129183822
48.364079, -118.129183822
48.373079, -118.129183822
48.382079, -118.129183822
48.391079, -118.129183822
48.400079, -118.129183822
48.409079, -118.129183822
48.418079, -118.129183822
48.427079, -118.129183822
48.436079, -118.129183822
48.445079, -118.129183822
48.454079, -118.129183822
48.463079, -118.129183822
48.472079, -118.129183822
48.481079, -118.129183822
48.490079, -118.129183822
48.499079, -118.129183822
48.508079, -118.129183822
48.517079, -118.129183822
48.526079, -118.129183822
48.535079, -118.129183822
48.544079, -118.129183822
48.553079, -118.129183822
48.562079, -118.129183822
48.571079, -118.129183822
48.580079, -118.129183822
48.589079, -118.129183822
48.598079, -118.129183822
48.607079, -118.129183822
48.616079, -118.129183822
48.625079, -118.129183822
48.634079, -118.129183822
48.643079, -118.129183822
48.652079, -118.129183822
48.661079, -118.129183822
48.670079, -118.129183822
48.679079, -118.129183822
48.688079, -118.129183822
48.697079, -118.129183822
48.706079, -118.129183822
48.715079, -118.129183822
48.724079, -118.129183822
48.733079, -118.129183822
48.742079, -118.129183822
48.751079, -118.129183822
48.760079, -118.129183822
48.769079, -118.129183822
48.778079, -118.129183822
48.787079, -118.129183822
48.796079, -118.129183822
48.805079, -118.129183822
48.814079, -118.129183822
48.823079, -118.129183822
48.832079, -118.129183822
48.841079, -118.129183822
48.850079, -118.129183822
48.859079, -118.129183822
48.868079, -118.129183822
48.877079, -118.129183822
48.886079, -118.129183822
48.895079, -118.129183822
48.904079, -118.129183822
48.913079, -118.129183822
48.922079, -118.129183822
48.931079, -118.129183822
48.940079, -118.129183822
48.949079, -118.129183822
46.213079, -118.115477063
46.222079, -118.115477063
46.231079, -118.115477063
46.240079, -118.115477063
46.249079, -118.115477063
46.258079, -118.115477063
46.267079, -118.115477063
46.276079, -118.115477063
46.285079, -118.115477063
46.294079, -118.115477063
46.303079, -118.115477063
46.312079, -118.115477063
46.321079, -118.115477063
46.330079, -118.115477063
46.339079, -118.115477063
46.348079, -118.115477063
46.357079, -118.115477063
46.366079, -118.115477063
46.375079, -118.115477063
46.384079, -118.115477063
46.393079, -118.115477063
46.402079, -118.115477063
46.411079, -118.115477063
46.420079, -118.115477063
46.429079, -118.115477063
46.438079, -118.115477063
46.447079, -118.115477063
46.456079, -118.115477063
46.465079, -118.115477063
46.474079, -118.115477063
46.483079, -118.115477063
46.492079, -118.115477063
46.501079, -118.115477063
46.510079, -118.115477063
46.519079, -118.115477063
46.528079, -118.115477063
46.537079, -118.115477063
46.546079, -118.115477063
46.555079, -118.115477063
46.564079, -118.115477063
46.573079, -118.115477063
46.582079, -118.115477063
46.591079, -118.115477063
46.600079, -118.115477063
46.609079, -118.115477063
46.618079, -118.115477063
46.627079, -118.115477063
46.636079, -118.115477063
46.645079, -118.115477063
46.654079, -118.115477063
46.663079, -118.115477063
46.672079, -118.115477063
46.681079, -118.115477063
46.690079, -118.115477063
46.699079, -118.115477063
46.708079, -118.115477063
46.717079, -118.115477063
46.726079, -118.115477063
46.735079, -118.115477063
46.744079, -118.115477063
46.753079, -118.115477063
46.762079, -118.115477063
46.771079, -118.115477063
46.780079, -118.115477063
46.789079, -118.115477063
46.798079, -118.115477063
46.807079, -118.115477063
46.816079, -118.115477063
46.825079, -118.115477063
46.834079, -118.115477063
46.843079, -118.115477063
46.852079, -118.115477063
46.861079, -118.115477063
46.870079, -118.115477063
46.879079, -118.115477063
46.888079, -118.115477063
46.897079, -118.115477063
46.906079, -118.115477063
46.915079, -118.115477063
46.924079, -118.115477063
46.933079, -118.115477063
46.942079, -118.115477063
46.951079, -118.115477063
46.960079, -118.115477063
46.969079, -118.115477063
46.978079, -118.115477063
46.987079, -118.115477063
46.996079, -118.115477063
47.005079, -118.115477063
47.014079, -118.115477063
47.023079, -118.115477063
47.032079, -118.115477063
47.041079, -118.115477063
47.050079, -118.115477063
47.059079, -118.115477063
47.068079, -118.115477063
47.077079, -118.115477063
47.086079, -118.115477063
47.095079, -118.115477063
47.104079, -118.115477063
47.113079, -118.115477063
47.122079, -118.115477063
47.131079, -118.115477063
47.140079, -118.115477063
47.149079, -118.115477063
47.158079, -118.115477063
47.167079, -118.115477063
47.176079, -118.115477063
47.185079, -118.115477063
47.194079, -118.115477063
47.203079, -118.115477063
47.212079, -118.115477063
47.221079, -118.115477063
47.230079, -118.115477063
47.239079, -118.115477063
47.248079, -118.115477063
47.257079, -118.115477063
47.266079, -118.115477063
47.275079, -118.115477063
47.284079, -118.115477063
47.293079, -118.115477063
47.302079, -118.115477063
47.311079, -118.115477063
47.320079, -118.115477063
47.329079, -118.115477063
47.338079, -118.115477063
47.347079, -118.115477063
47.356079, -118.115477063
47.365079, -118.115477063
47.374079, -118.115477063
47.383079, -118.115477063
47.392079, -118.115477063
47.401079, -118.115477063
47.410079, -118.115477063
47.419079, -118.115477063
47.428079, -118.115477063
47.437079, -118.115477063
47.446079, -118.115477063
47.455079, -118.115477063
47.464079, -118.115477063
47.473079, -118.115477063
47.482079, -118.115477063
47.491079, -118.115477063
47.500079, -118.115477063
47.509079, -118.115477063
47.518079, -118.115477063
47.527079, -118.115477063
47.536079, -118.115477063
47.545079, -118.115477063
47.554079, -118.115477063
47.563079, -118.115477063
47.572079, -118.115477063
47.581079, -118.115477063
47.590079, -118.115477063
47.599079, -118.115477063
47.608079, -118.115477063
47.617079, -118.115477063
47.626079, -118.115477063
47.635079, -118.115477063
47.644079, -118.115477063
47.653079, -118.115477063
47.662079, -118.115477063
47.671079, -118.115477063
47.680079, -118.115477063
47.689079, -118.115477063
47.698079, -118.115477063
47.707079, -118.115477063
47.716079, -118.115477063
47.725079, -118.115477063
47.734079, -118.115477063
47.743079, -118.115477063
47.752079, -118.115477063
47.761079, -118.115477063
47.770079, -118.115477063
47.779079, -118.115477063
47.788079, -118.115477063
47.797079, -118.115477063
47.806079, -118.115477063
47.815079, -118.115477063
47.824079, -118.115477063
47.833079, -118.115477063
47.842079, -118.115477063
47.851079, -118.115477063
47.860079, -118.115477063
47.869079, -118.115477063
47.878079, -118.115477063
47.887079, -118.115477063
47.896079, -118.115477063
47.905079, -118.115477063
47.914079, -118.115477063
47.923079, -118.115477063
47.932079, -118.115477063
47.941079, -118.115477063
47.950079, -118.115477063
47.959079, -118.115477063
47.968079, -118.115477063
47.977079, -118.115477063
47.986079, -118.115477063
47.995079, -118.115477063
48.004079, -118.115477063
48.013079, -118.115477063
48.022079, -118.115477063
48.031079, -118.115477063
48.040079, -118.115477063
48.049079, -118.115477063
48.058079, -118.115477063
48.067079, -118.115477063
48.076079, -118.115477063
48.085079, -118.115477063
48.094079, -118.115477063
48.103079, -118.115477063
48.112079, -118.115477063
48.121079, -118.115477063
48.130079, -118.115477063
48.139079, -118.115477063
48.148079, -118.115477063
48.157079, -118.115477063
48.166079, -118.115477063
48.175079, -118.115477063
48.184079, -118.115477063
48.193079, -118.115477063
48.202079, -118.115477063
48.211079, -118.115477063
48.220079, -118.115477063
48.229079, -118.115477063
48.238079, -118.115477063
48.247079, -118.115477063
48.256079, -118.115477063
48.265079, -118.115477063
48.274079, -118.115477063
48.283079, -118.115477063
48.292079, -118.115477063
48.301079, -118.115477063
48.310079, -118.115477063
48.319079, -118.115477063
48.328079, -118.115477063
48.337079, -118.115477063
48.346079, -118.115477063
48.355079, -118.115477063
48.364079, -118.115477063
48.373079, -118.115477063
48.382079, -118.115477063
48.391079, -118.115477063
48.400079, -118.115477063
48.409079, -118.115477063
48.418079, -118.115477063
48.427079, -118.115477063
48.436079, -118.115477063
48.445079, -118.115477063
48.454079, -118.115477063
48.463079, -118.115477063
48.472079, -118.115477063
48.481079, -118.115477063
48.490079, -118.115477063
48.499079, -118.115477063
48.508079, -118.115477063
48.517079, -118.115477063
48.526079, -118.115477063
48.535079, -118.115477063
48.544079, -118.115477063
48.553079, -118.115477063
48.562079, -118.115477063
48.571079, -118.115477063
48.580079, -118.115477063
48.589079, -118.115477063
48.598079, -118.115477063
48.607079, -118.115477063
48.616079, -118.115477063
48.625079, -118.115477063
48.634079, -118.115477063
48.643079, -118.115477063
48.652079, -118.115477063
48.661079, -118.115477063
48.670079, -118.115477063
48.679079, -118.115477063
48.688079, -118.115477063
48.697079, -118.115477063
48.706079, -118.115477063
48.715079, -118.115477063
48.724079, -118.115477063
48.733079, -118.115477063
48.742079, -118.115477063
48.751079, -118.115477063
48.760079, -118.115477063
48.769079, -118.115477063
48.778079, -118.115477063
48.787079, -118.115477063
48.796079, -118.115477063
48.805079, -118.115477063
48.814079, -118.115477063
48.823079, -118.115477063
48.832079, -118.115477063
48.841079, -118.115477063
48.850079, -118.115477063
48.859079, -118.115477063
48.868079, -118.115477063
48.877079, -118.115477063
48.886079, -118.115477063
48.895079, -118.115477063
48.904079, -118.115477063
48.913079, -118.115477063
48.922079, -118.115477063
48.931079, -118.115477063
48.940079, -118.115477063
48.949079, -118.115477063
46.213079, -118.101770305
46.222079, -118.101770305
46.231079, -118.101770305
46.240079, -118.101770305
46.249079, -118.101770305
46.258079, -118.101770305
46.267079, -118.101770305
46.276079, -118.101770305
46.285079, -118.101770305
46.294079, -118.101770305
46.303079, -118.101770305
46.312079, -118.101770305
46.321079, -118.101770305
46.330079, -118.101770305
46.339079, -118.101770305
46.348079, -118.101770305
46.357079, -118.101770305
46.366079, -118.101770305
46.375079, -118.101770305
46.384079, -118.101770305
46.393079, -118.101770305
46.402079, -118.101770305
46.411079, -118.101770305
46.420079, -118.101770305
46.429079, -118.101770305
46.438079, -118.101770305
46.447079, -118.101770305
46.456079, -118.101770305
46.465079, -118.101770305
46.474079, -118.101770305
46.483079, -118.101770305
46.492079, -118.101770305
46.501079, -118.101770305
46.510079, -118.101770305
46.519079, -118.101770305
46.528079, -118.101770305
46.537079, -118.101770305
46.546079, -118.101770305
46.555079, -118.101770305
46.564079, -118.101770305
46.573079, -118.101770305
46.582079, -118.101770305
46.591079, -118.101770305
46.600079, -118.101770305
46.609079, -118.101770305
46.618079, -118.101770305
46.627079, -118.101770305
46.636079, -118.101770305
46.645079, -118.101770305
46.654079, -118.101770305
46.663079, -118.101770305
46.672079, -118.101770305
46.681079, -118.101770305
46.690079, -118.101770305
46.699079, -118.101770305
46.708079, -118.101770305
46.717079, -118.101770305
46.726079, -118.101770305
46.735079, -118.101770305
46.744079, -118.101770305
46.753079, -118.101770305
46.762079, -118.101770305
46.771079, -118.101770305
46.780079, -118.101770305
46.789079, -118.101770305
46.798079, -118.101770305
46.807079, -118.101770305
46.816079, -118.101770305
46.825079, -118.101770305
46.834079, -118.101770305
46.843079, -118.101770305
46.852079, -118.101770305
46.861079, -118.101770305
46.870079, -118.101770305
46.879079, -118.101770305
46.888079, -118.101770305
46.897079, -118.101770305
46.906079, -118.101770305
46.915079, -118.101770305
46.924079, -118.101770305
46.933079, -118.101770305
46.942079, -118.101770305
46.951079, -118.101770305
46.960079, -118.101770305
46.969079, -118.101770305
46.978079, -118.101770305
46.987079, -118.101770305
46.996079, -118.101770305
47.005079, -118.101770305
47.014079, -118.101770305
47.023079, -118.101770305
47.032079, -118.101770305
47.041079, -118.101770305
47.050079, -118.101770305
47.059079, -118.101770305
47.068079, -118.101770305
47.077079, -118.101770305
47.086079, -118.101770305
47.095079, -118.101770305
47.104079, -118.101770305
47.113079, -118.101770305
47.122079, -118.101770305
47.131079, -118.101770305
47.140079, -118.101770305
47.149079, -118.101770305
47.158079, -118.101770305
47.167079, -118.101770305
47.176079, -118.101770305
47.185079, -118.101770305
47.194079, -118.101770305
47.203079, -118.101770305
47.212079, -118.101770305
47.221079, -118.101770305
47.230079, -118.101770305
47.239079, -118.101770305
47.248079, -118.101770305
47.257079, -118.101770305
47.266079, -118.101770305
47.275079, -118.101770305
47.284079, -118.101770305
47.293079, -118.101770305
47.302079, -118.101770305
47.311079, -118.101770305
47.320079, -118.101770305
47.329079, -118.101770305
47.338079, -118.101770305
47.347079, -118.101770305
47.356079, -118.101770305
47.365079, -118.101770305
47.374079, -118.101770305
47.383079, -118.101770305
47.392079, -118.101770305
47.401079, -118.101770305
47.410079, -118.101770305
47.419079, -118.101770305
47.428079, -118.101770305
47.437079, -118.101770305
47.446079, -118.101770305
47.455079, -118.101770305
47.464079, -118.101770305
47.473079, -118.101770305
47.482079, -118.101770305
47.491079, -118.101770305
47.500079, -118.101770305
47.509079, -118.101770305
47.518079, -118.101770305
47.527079, -118.101770305
47.536079, -118.101770305
47.545079, -118.101770305
47.554079, -118.101770305
47.563079, -118.101770305
47.572079, -118.101770305
47.581079, -118.101770305
47.590079, -118.101770305
47.599079, -118.101770305
47.608079, -118.101770305
47.617079, -118.101770305
47.626079, -118.101770305
47.635079, -118.101770305
47.644079, -118.101770305
47.653079, -118.101770305
47.662079, -118.101770305
47.671079, -118.101770305
47.680079, -118.101770305
47.689079, -118.101770305
47.698079, -118.101770305
47.707079, -118.101770305
47.716079, -118.101770305
47.725079, -118.101770305
47.734079, -118.101770305
47.743079, -118.101770305
47.752079, -118.101770305
47.761079, -118.101770305
47.770079, -118.101770305
47.779079, -118.101770305
47.788079, -118.101770305
47.797079, -118.101770305
47.806079, -118.101770305
47.815079, -118.101770305
47.824079, -118.101770305
47.833079, -118.101770305
47.842079, -118.101770305
47.851079, -118.101770305
47.860079, -118.101770305
47.869079, -118.101770305
47.878079, -118.101770305
47.887079, -118.101770305
47.896079, -118.101770305
47.905079, -118.101770305
47.914079, -118.101770305
47.923079, -118.101770305
47.932079, -118.101770305
47.941079, -118.101770305
47.950079, -118.101770305
47.959079, -118.101770305
47.968079, -118.101770305
47.977079, -118.101770305
47.986079, -118.101770305
47.995079, -118.101770305
48.004079, -118.101770305
48.013079, -118.101770305
48.022079, -118.101770305
48.031079, -118.101770305
48.040079, -118.101770305
48.049079, -118.101770305
48.058079, -118.101770305
48.067079, -118.101770305
48.076079, -118.101770305
48.085079, -118.101770305
48.094079, -118.101770305
48.103079, -118.101770305
48.112079, -118.101770305
48.121079, -118.101770305
48.130079, -118.101770305
48.139079, -118.101770305
48.148079, -118.101770305
48.157079, -118.101770305
48.166079, -118.101770305
48.175079, -118.101770305
48.184079, -118.101770305
48.193079, -118.101770305
48.202079, -118.101770305
48.211079, -118.101770305
48.220079, -118.101770305
48.229079, -118.101770305
48.238079, -118.101770305
48.247079, -118.101770305
48.256079, -118.101770305
48.265079, -118.101770305
48.274079, -118.101770305
48.283079, -118.101770305
48.292079, -118.101770305
48.301079, -118.101770305
48.310079, -118.101770305
48.319079, -118.101770305
48.328079, -118.101770305
48.337079, -118.101770305
48.346079, -118.101770305
48.355079, -118.101770305
48.364079, -118.101770305
48.373079, -118.101770305
48.382079, -118.101770305
48.391079, -118.101770305
48.400079, -118.101770305
48.409079, -118.101770305
48.418079, -118.101770305
48.427079, -118.101770305
48.436079, -118.101770305
48.445079, -118.101770305
48.454079, -118.101770305
48.463079, -118.101770305
48.472079, -118.101770305
48.481079, -118.101770305
48.490079, -118.101770305
48.499079, -118.101770305
48.508079, -118.101770305
48.517079, -118.101770305
48.526079, -118.101770305
48.535079, -118.101770305
48.544079, -118.101770305
48.553079, -118.101770305
48.562079, -118.101770305
48.571079, -118.101770305
48.580079, -118.101770305
48.589079, -118.101770305
48.598079, -118.101770305
48.607079, -118.101770305
48.616079, -118.101770305
48.625079, -118.101770305
48.634079, -118.101770305
48.643079, -118.101770305
48.652079, -118.101770305
48.661079, -118.101770305
48.670079, -118.101770305
48.679079, -118.101770305
48.688079, -118.101770305
48.697079, -118.101770305
48.706079, -118.101770305
48.715079, -118.101770305
48.724079, -118.101770305
48.733079, -118.101770305
48.742079, -118.101770305
48.751079, -118.101770305
48.760079, -118.101770305
48.769079, -118.101770305
48.778079, -118.101770305
48.787079, -118.101770305
48.796079, -118.101770305
48.805079, -118.101770305
48.814079, -118.101770305
48.823079, -118.101770305
48.832079, -118.101770305
48.841079, -118.101770305
48.850079, -118.101770305
48.859079, -118.101770305
48.868079, -118.101770305
48.877079, -118.101770305
48.886079, -118.101770305
48.895079, -118.101770305
48.904079, -118.101770305
48.913079, -118.101770305
48.922079, -118.101770305
48.931079, -118.101770305
48.940079, -118.101770305
48.949079, -118.101770305
46.213079, -118.088063546
46.222079, -118.088063546
46.231079, -118.088063546
46.240079, -118.088063546
46.249079, -118.088063546
46.258079, -118.088063546
46.267079, -118.088063546
46.276079, -118.088063546
46.285079, -118.088063546
46.294079, -118.088063546
46.303079, -118.088063546
46.312079, -118.088063546
46.321079, -118.088063546
46.330079, -118.088063546
46.339079, -118.088063546
46.348079, -118.088063546
46.357079, -118.088063546
46.366079, -118.088063546
46.375079, -118.088063546
46.384079, -118.088063546
46.393079, -118.088063546
46.402079, -118.088063546
46.411079, -118.088063546
46.420079, -118.088063546
46.429079, -118.088063546
46.438079, -118.088063546
46.447079, -118.088063546
46.456079, -118.088063546
46.465079, -118.088063546
46.474079, -118.088063546
46.483079, -118.088063546
46.492079, -118.088063546
46.501079, -118.088063546
46.510079, -118.088063546
46.519079, -118.088063546
46.528079, -118.088063546
46.537079, -118.088063546
46.546079, -118.088063546
46.555079, -118.088063546
46.564079, -118.088063546
46.573079, -118.088063546
46.582079, -118.088063546
46.591079, -118.088063546
46.600079, -118.088063546
46.609079, -118.088063546
46.618079, -118.088063546
46.627079, -118.088063546
46.636079, -118.088063546
46.645079, -118.088063546
46.654079, -118.088063546
46.663079, -118.088063546
46.672079, -118.088063546
46.681079, -118.088063546
46.690079, -118.088063546
46.699079, -118.088063546
46.708079, -118.088063546
46.717079, -118.088063546
46.726079, -118.088063546
46.735079, -118.088063546
46.744079, -118.088063546
46.753079, -118.088063546
46.762079, -118.088063546
46.771079, -118.088063546
46.780079, -118.088063546
46.789079, -118.088063546
46.798079, -118.088063546
46.807079, -118.088063546
46.816079, -118.088063546
46.825079, -118.088063546
46.834079, -118.088063546
46.843079, -118.088063546
46.852079, -118.088063546
46.861079, -118.088063546
46.870079, -118.088063546
46.879079, -118.088063546
46.888079, -118.088063546
46.897079, -118.088063546
46.906079, -118.088063546
46.915079, -118.088063546
46.924079, -118.088063546
46.933079, -118.088063546
46.942079, -118.088063546
46.951079, -118.088063546
46.960079, -118.088063546
46.969079, -118.088063546
46.978079, -118.088063546
46.987079, -118.088063546
46.996079, -118.088063546
47.005079, -118.088063546
47.014079, -118.088063546
47.023079, -118.088063546
47.032079, -118.088063546
47.041079, -118.088063546
47.050079, -118.088063546
47.059079, -118.088063546
47.068079, -118.088063546
47.077079, -118.088063546
47.086079, -118.088063546
47.095079, -118.088063546
47.104079, -118.088063546
47.113079, -118.088063546
47.122079, -118.088063546
47.131079, -118.088063546
47.140079, -118.088063546
47.149079, -118.088063546
47.158079, -118.088063546
47.167079, -118.088063546
47.176079, -118.088063546
47.185079, -118.088063546
47.194079, -118.088063546
47.203079, -118.088063546
47.212079, -118.088063546
47.221079, -118.088063546
47.230079, -118.088063546
47.239079, -118.088063546
47.248079, -118.088063546
47.257079, -118.088063546
47.266079, -118.088063546
47.275079, -118.088063546
47.284079, -118.088063546
47.293079, -118.088063546
47.302079, -118.088063546
47.311079, -118.088063546
47.320079, -118.088063546
47.329079, -118.088063546
47.338079, -118.088063546
47.347079, -118.088063546
47.356079, -118.088063546
47.365079, -118.088063546
47.374079, -118.088063546
47.383079, -118.088063546
47.392079, -118.088063546
47.401079, -118.088063546
47.410079, -118.088063546
47.419079, -118.088063546
47.428079, -118.088063546
47.437079, -118.088063546
47.446079, -118.088063546
47.455079, -118.088063546
47.464079, -118.088063546
47.473079, -118.088063546
47.482079, -118.088063546
47.491079, -118.088063546
47.500079, -118.088063546
47.509079, -118.088063546
47.518079, -118.088063546
47.527079, -118.088063546
47.536079, -118.088063546
47.545079, -118.088063546
47.554079, -118.088063546
47.563079, -118.088063546
47.572079, -118.088063546
47.581079, -118.088063546
47.590079, -118.088063546
47.599079, -118.088063546
47.608079, -118.088063546
47.617079, -118.088063546
47.626079, -118.088063546
47.635079, -118.088063546
47.644079, -118.088063546
47.653079, -118.088063546
47.662079, -118.088063546
47.671079, -118.088063546
47.680079, -118.088063546
47.689079, -118.088063546
47.698079, -118.088063546
47.707079, -118.088063546
47.716079, -118.088063546
47.725079, -118.088063546
47.734079, -118.088063546
47.743079, -118.088063546
47.752079, -118.088063546
47.761079, -118.088063546
47.770079, -118.088063546
47.779079, -118.088063546
47.788079, -118.088063546
47.797079, -118.088063546
47.806079, -118.088063546
47.815079, -118.088063546
47.824079, -118.088063546
47.833079, -118.088063546
47.842079, -118.088063546
47.851079, -118.088063546
47.860079, -118.088063546
47.869079, -118.088063546
47.878079, -118.088063546
47.887079, -118.088063546
47.896079, -118.088063546
47.905079, -118.088063546
47.914079, -118.088063546
47.923079, -118.088063546
47.932079, -118.088063546
47.941079, -118.088063546
47.950079, -118.088063546
47.959079, -118.088063546
47.968079, -118.088063546
47.977079, -118.088063546
47.986079, -118.088063546
47.995079, -118.088063546
48.004079, -118.088063546
48.013079, -118.088063546
48.022079, -118.088063546
48.031079, -118.088063546
48.040079, -118.088063546
48.049079, -118.088063546
48.058079, -118.088063546
48.067079, -118.088063546
48.076079, -118.088063546
48.085079, -118.088063546
48.094079, -118.088063546
48.103079, -118.088063546
48.112079, -118.088063546
48.121079, -118.088063546
48.130079, -118.088063546
48.139079, -118.088063546
48.148079, -118.088063546
48.157079, -118.088063546
48.166079, -118.088063546
48.175079, -118.088063546
48.184079, -118.088063546
48.193079, -118.088063546
48.202079, -118.088063546
48.211079, -118.088063546
48.220079, -118.088063546
48.229079, -118.088063546
48.238079, -118.088063546
48.247079, -118.088063546
48.256079, -118.088063546
48.265079, -118.088063546
48.274079, -118.088063546
48.283079, -118.088063546
48.292079, -118.088063546
48.301079, -118.088063546
48.310079, -118.088063546
48.319079, -118.088063546
48.328079, -118.088063546
48.337079, -118.088063546
48.346079, -118.088063546
48.355079, -118.088063546
48.364079, -118.088063546
48.373079, -118.088063546
48.382079, -118.088063546
48.391079, -118.088063546
48.400079, -118.088063546
48.409079, -118.088063546
48.418079, -118.088063546
48.427079, -118.088063546
48.436079, -118.088063546
48.445079, -118.088063546
48.454079, -118.088063546
48.463079, -118.088063546
48.472079, -118.088063546
48.481079, -118.088063546
48.490079, -118.088063546
48.499079, -118.088063546
48.508079, -118.088063546
48.517079, -118.088063546
48.526079, -118.088063546
48.535079, -118.088063546
48.544079, -118.088063546
48.553079, -118.088063546
48.562079, -118.088063546
48.571079, -118.088063546
48.580079, -118.088063546
48.589079, -118.088063546
48.598079, -118.088063546
48.607079, -118.088063546
48.616079, -118.088063546
48.625079, -118.088063546
48.634079, -118.088063546
48.643079, -118.088063546
48.652079, -118.088063546
48.661079, -118.088063546
48.670079, -118.088063546
48.679079, -118.088063546
48.688079, -118.088063546
48.697079, -118.088063546
48.706079, -118.088063546
48.715079, -118.088063546
48.724079, -118.088063546
48.733079, -118.088063546
48.742079, -118.088063546
48.751079, -118.088063546
48.760079, -118.088063546
48.769079, -118.088063546
48.778079, -118.088063546
48.787079, -118.088063546
48.796079, -118.088063546
48.805079, -118.088063546
48.814079, -118.088063546
48.823079, -118.088063546
48.832079, -118.088063546
48.841079, -118.088063546
48.850079, -118.088063546
48.859079, -118.088063546
48.868079, -118.088063546
48.877079, -118.088063546
48.886079, -118.088063546
48.895079, -118.088063546
48.904079, -118.088063546
48.913079, -118.088063546
48.922079, -118.088063546
48.931079, -118.088063546
48.940079, -118.088063546
48.949079, -118.088063546
46.213079, -118.074356788
46.222079, -118.074356788
46.231079, -118.074356788
46.240079, -118.074356788
46.249079, -118.074356788
46.258079, -118.074356788
46.267079, -118.074356788
46.276079, -118.074356788
46.285079, -118.074356788
46.294079, -118.074356788
46.303079, -118.074356788
46.312079, -118.074356788
46.321079, -118.074356788
46.330079, -118.074356788
46.339079, -118.074356788
46.348079, -118.074356788
46.357079, -118.074356788
46.366079, -118.074356788
46.375079, -118.074356788
46.384079, -118.074356788
46.393079, -118.074356788
46.402079, -118.074356788
46.411079, -118.074356788
46.420079, -118.074356788
46.429079, -118.074356788
46.438079, -118.074356788
46.447079, -118.074356788
46.456079, -118.074356788
46.465079, -118.074356788
46.474079, -118.074356788
46.483079, -118.074356788
46.492079, -118.074356788
46.501079, -118.074356788
46.510079, -118.074356788
46.519079, -118.074356788
46.528079, -118.074356788
46.537079, -118.074356788
46.546079, -118.074356788
46.555079, -118.074356788
46.564079, -118.074356788
46.573079, -118.074356788
46.582079, -118.074356788
46.591079, -118.074356788
46.600079, -118.074356788
46.609079, -118.074356788
46.618079, -118.074356788
46.627079, -118.074356788
46.636079, -118.074356788
46.645079, -118.074356788
46.654079, -118.074356788
46.663079, -118.074356788
46.672079, -118.074356788
46.681079, -118.074356788
46.690079, -118.074356788
46.699079, -118.074356788
46.708079, -118.074356788
46.717079, -118.074356788
46.726079, -118.074356788
46.735079, -118.074356788
46.744079, -118.074356788
46.753079, -118.074356788
46.762079, -118.074356788
46.771079, -118.074356788
46.780079, -118.074356788
46.789079, -118.074356788
46.798079, -118.074356788
46.807079, -118.074356788
46.816079, -118.074356788
46.825079, -118.074356788
46.834079, -118.074356788
46.843079, -118.074356788
46.852079, -118.074356788
46.861079, -118.074356788
46.870079, -118.074356788
46.879079, -118.074356788
46.888079, -118.074356788
46.897079, -118.074356788
46.906079, -118.074356788
46.915079, -118.074356788
46.924079, -118.074356788
46.933079, -118.074356788
46.942079, -118.074356788
46.951079, -118.074356788
46.960079, -118.074356788
46.969079, -118.074356788
46.978079, -118.074356788
46.987079, -118.074356788
46.996079, -118.074356788
47.005079, -118.074356788
47.014079, -118.074356788
47.023079, -118.074356788
47.032079, -118.074356788
47.041079, -118.074356788
47.050079, -118.074356788
47.059079, -118.074356788
47.068079, -118.074356788
47.077079, -118.074356788
47.086079, -118.074356788
47.095079, -118.074356788
47.104079, -118.074356788
47.113079, -118.074356788
47.122079, -118.074356788
47.131079, -118.074356788
47.140079, -118.074356788
47.149079, -118.074356788
47.158079, -118.074356788
47.167079, -118.074356788
47.176079, -118.074356788
47.185079, -118.074356788
47.194079, -118.074356788
47.203079, -118.074356788
47.212079, -118.074356788
47.221079, -118.074356788
47.230079, -118.074356788
47.239079, -118.074356788
47.248079, -118.074356788
47.257079, -118.074356788
47.266079, -118.074356788
47.275079, -118.074356788
47.284079, -118.074356788
47.293079, -118.074356788
47.302079, -118.074356788
47.311079, -118.074356788
47.320079, -118.074356788
47.329079, -118.074356788
47.338079, -118.074356788
47.347079, -118.074356788
47.356079, -118.074356788
47.365079, -118.074356788
47.374079, -118.074356788
47.383079, -118.074356788
47.392079, -118.074356788
47.401079, -118.074356788
47.410079, -118.074356788
47.419079, -118.074356788
47.428079, -118.074356788
47.437079, -118.074356788
47.446079, -118.074356788
47.455079, -118.074356788
47.464079, -118.074356788
47.473079, -118.074356788
47.482079, -118.074356788
47.491079, -118.074356788
47.500079, -118.074356788
47.509079, -118.074356788
47.518079, -118.074356788
47.527079, -118.074356788
47.536079, -118.074356788
47.545079, -118.074356788
47.554079, -118.074356788
47.563079, -118.074356788
47.572079, -118.074356788
47.581079, -118.074356788
47.590079, -118.074356788
47.599079, -118.074356788
47.608079, -118.074356788
47.617079, -118.074356788
47.626079, -118.074356788
47.635079, -118.074356788
47.644079, -118.074356788
47.653079, -118.074356788
47.662079, -118.074356788
47.671079, -118.074356788
47.680079, -118.074356788
47.689079, -118.074356788
47.698079, -118.074356788
47.707079, -118.074356788
47.716079, -118.074356788
47.725079, -118.074356788
47.734079, -118.074356788
47.743079, -118.074356788
47.752079, -118.074356788
47.761079, -118.074356788
47.770079, -118.074356788
47.779079, -118.074356788
47.788079, -118.074356788
47.797079, -118.074356788
47.806079, -118.074356788
47.815079, -118.074356788
47.824079, -118.074356788
47.833079, -118.074356788
47.842079, -118.074356788
47.851079, -118.074356788
47.860079, -118.074356788
47.869079, -118.074356788
47.878079, -118.074356788
47.887079, -118.074356788
47.896079, -118.074356788
47.905079, -118.074356788
47.914079, -118.074356788
47.923079, -118.074356788
47.932079, -118.074356788
47.941079, -118.074356788
47.950079, -118.074356788
47.959079, -118.074356788
47.968079, -118.074356788
47.977079, -118.074356788
47.986079, -118.074356788
47.995079, -118.074356788
48.004079, -118.074356788
48.013079, -118.074356788
48.022079, -118.074356788
48.031079, -118.074356788
48.040079, -118.074356788
48.049079, -118.074356788
48.058079, -118.074356788
48.067079, -118.074356788
48.076079, -118.074356788
48.085079, -118.074356788
48.094079, -118.074356788
48.103079, -118.074356788
48.112079, -118.074356788
48.121079, -118.074356788
48.130079, -118.074356788
48.139079, -118.074356788
48.148079, -118.074356788
48.157079, -118.074356788
48.166079, -118.074356788
48.175079, -118.074356788
48.184079, -118.074356788
48.193079, -118.074356788
48.202079, -118.074356788
48.211079, -118.074356788
48.220079, -118.074356788
48.229079, -118.074356788
48.238079, -118.074356788
48.247079, -118.074356788
48.256079, -118.074356788
48.265079, -118.074356788
48.274079, -118.074356788
48.283079, -118.074356788
48.292079, -118.074356788
48.301079, -118.074356788
48.310079, -118.074356788
48.319079, -118.074356788
48.328079, -118.074356788
48.337079, -118.074356788
48.346079, -118.074356788
48.355079, -118.074356788
48.364079, -118.074356788
48.373079, -118.074356788
48.382079, -118.074356788
48.391079, -118.074356788
48.400079, -118.074356788
48.409079, -118.074356788
48.418079, -118.074356788
48.427079, -118.074356788
48.436079, -118.074356788
48.445079, -118.074356788
48.454079, -118.074356788
48.463079, -118.074356788
48.472079, -118.074356788
48.481079, -118.074356788
48.490079, -118.074356788
48.499079, -118.074356788
48.508079, -118.074356788
48.517079, -118.074356788
48.526079, -118.074356788
48.535079, -118.074356788
48.544079, -118.074356788
48.553079, -118.074356788
48.562079, -118.074356788
48.571079, -118.074356788
48.580079, -118.074356788
48.589079, -118.074356788
48.598079, -118.074356788
48.607079, -118.074356788
48.616079, -118.074356788
48.625079, -118.074356788
48.634079, -118.074356788
48.643079, -118.074356788
48.652079, -118.074356788
48.661079, -118.074356788
48.670079, -118.074356788
48.679079, -118.074356788
48.688079, -118.074356788
48.697079, -118.074356788
48.706079, -118.074356788
48.715079, -118.074356788
48.724079, -118.074356788
48.733079, -118.074356788
48.742079, -118.074356788
48.751079, -118.074356788
48.760079, -118.074356788
48.769079, -118.074356788
48.778079, -118.074356788
48.787079, -118.074356788
48.796079, -118.074356788
48.805079, -118.074356788
48.814079, -118.074356788
48.823079, -118.074356788
48.832079, -118.074356788
48.841079, -118.074356788
48.850079, -118.074356788
48.859079, -118.074356788
48.868079, -118.074356788
48.877079, -118.074356788
48.886079, -118.074356788
48.895079, -118.074356788
48.904079, -118.074356788
48.913079, -118.074356788
48.922079, -118.074356788
48.931079, -118.074356788
48.940079, -118.074356788
48.949079, -118.074356788
46.213079, -118.060650029
46.222079, -118.060650029
46.231079, -118.060650029
46.240079, -118.060650029
46.249079, -118.060650029
46.258079, -118.060650029
46.267079, -118.060650029
46.276079, -118.060650029
46.285079, -118.060650029
46.294079, -118.060650029
46.303079, -118.060650029
46.312079, -118.060650029
46.321079, -118.060650029
46.330079, -118.060650029
46.339079, -118.060650029
46.348079, -118.060650029
46.357079, -118.060650029
46.366079, -118.060650029
46.375079, -118.060650029
46.384079, -118.060650029
46.393079, -118.060650029
46.402079, -118.060650029
46.411079, -118.060650029
46.420079, -118.060650029
46.429079, -118.060650029
46.438079, -118.060650029
46.447079, -118.060650029
46.456079, -118.060650029
46.465079, -118.060650029
46.474079, -118.060650029
46.483079, -118.060650029
46.492079, -118.060650029
46.501079, -118.060650029
46.510079, -118.060650029
46.519079, -118.060650029
46.528079, -118.060650029
46.537079, -118.060650029
46.546079, -118.060650029
46.555079, -118.060650029
46.564079, -118.060650029
46.573079, -118.060650029
46.582079, -118.060650029
46.591079, -118.060650029
46.600079, -118.060650029
46.609079, -118.060650029
46.618079, -118.060650029
46.627079, -118.060650029
46.636079, -118.060650029
46.645079, -118.060650029
46.654079, -118.060650029
46.663079, -118.060650029
46.672079, -118.060650029
46.681079, -118.060650029
46.690079, -118.060650029
46.699079, -118.060650029
46.708079, -118.060650029
46.717079, -118.060650029
46.726079, -118.060650029
46.735079, -118.060650029
46.744079, -118.060650029
46.753079, -118.060650029
46.762079, -118.060650029
46.771079, -118.060650029
46.780079, -118.060650029
46.789079, -118.060650029
46.798079, -118.060650029
46.807079, -118.060650029
46.816079, -118.060650029
46.825079, -118.060650029
46.834079, -118.060650029
46.843079, -118.060650029
46.852079, -118.060650029
46.861079, -118.060650029
46.870079, -118.060650029
46.879079, -118.060650029
46.888079, -118.060650029
46.897079, -118.060650029
46.906079, -118.060650029
46.915079, -118.060650029
46.924079, -118.060650029
46.933079, -118.060650029
46.942079, -118.060650029
46.951079, -118.060650029
46.960079, -118.060650029
46.969079, -118.060650029
46.978079, -118.060650029
46.987079, -118.060650029
46.996079, -118.060650029
47.005079, -118.060650029
47.014079, -118.060650029
47.023079, -118.060650029
47.032079, -118.060650029
47.041079, -118.060650029
47.050079, -118.060650029
47.059079, -118.060650029
47.068079, -118.060650029
47.077079, -118.060650029
47.086079, -118.060650029
47.095079, -118.060650029
47.104079, -118.060650029
47.113079, -118.060650029
47.122079, -118.060650029
47.131079, -118.060650029
47.140079, -118.060650029
47.149079, -118.060650029
47.158079, -118.060650029
47.167079, -118.060650029
47.176079, -118.060650029
47.185079, -118.060650029
47.194079, -118.060650029
47.203079, -118.060650029
47.212079, -118.060650029
47.221079, -118.060650029
47.230079, -118.060650029
47.239079, -118.060650029
47.248079, -118.060650029
47.257079, -118.060650029
47.266079, -118.060650029
47.275079, -118.060650029
47.284079, -118.060650029
47.293079, -118.060650029
47.302079, -118.060650029
47.311079, -118.060650029
47.320079, -118.060650029
47.329079, -118.060650029
47.338079, -118.060650029
47.347079, -118.060650029
47.356079, -118.060650029
47.365079, -118.060650029
47.374079, -118.060650029
47.383079, -118.060650029
47.392079, -118.060650029
47.401079, -118.060650029
47.410079, -118.060650029
47.419079, -118.060650029
47.428079, -118.060650029
47.437079, -118.060650029
47.446079, -118.060650029
47.455079, -118.060650029
47.464079, -118.060650029
47.473079, -118.060650029
47.482079, -118.060650029
47.491079, -118.060650029
47.500079, -118.060650029
47.509079, -118.060650029
47.518079, -118.060650029
47.527079, -118.060650029
47.536079, -118.060650029
47.545079, -118.060650029
47.554079, -118.060650029
47.563079, -118.060650029
47.572079, -118.060650029
47.581079, -118.060650029
47.590079, -118.060650029
47.599079, -118.060650029
47.608079, -118.060650029
47.617079, -118.060650029
47.626079, -118.060650029
47.635079, -118.060650029
47.644079, -118.060650029
47.653079, -118.060650029
47.662079, -118.060650029
47.671079, -118.060650029
47.680079, -118.060650029
47.689079, -118.060650029
47.698079, -118.060650029
47.707079, -118.060650029
47.716079, -118.060650029
47.725079, -118.060650029
47.734079, -118.060650029
47.743079, -118.060650029
47.752079, -118.060650029
47.761079, -118.060650029
47.770079, -118.060650029
47.779079, -118.060650029
47.788079, -118.060650029
47.797079, -118.060650029
47.806079, -118.060650029
47.815079, -118.060650029
47.824079, -118.060650029
47.833079, -118.060650029
47.842079, -118.060650029
47.851079, -118.060650029
47.860079, -118.060650029
47.869079, -118.060650029
47.878079, -118.060650029
47.887079, -118.060650029
47.896079, -118.060650029
47.905079, -118.060650029
47.914079, -118.060650029
47.923079, -118.060650029
47.932079, -118.060650029
47.941079, -118.060650029
47.950079, -118.060650029
47.959079, -118.060650029
47.968079, -118.060650029
47.977079, -118.060650029
47.986079, -118.060650029
47.995079, -118.060650029
48.004079, -118.060650029
48.013079, -118.060650029
48.022079, -118.060650029
48.031079, -118.060650029
48.040079, -118.060650029
48.049079, -118.060650029
48.058079, -118.060650029
48.067079, -118.060650029
48.076079, -118.060650029
48.085079, -118.060650029
48.094079, -118.060650029
48.103079, -118.060650029
48.112079, -118.060650029
48.121079, -118.060650029
48.130079, -118.060650029
48.139079, -118.060650029
48.148079, -118.060650029
48.157079, -118.060650029
48.166079, -118.060650029
48.175079, -118.060650029
48.184079, -118.060650029
48.193079, -118.060650029
48.202079, -118.060650029
48.211079, -118.060650029
48.220079, -118.060650029
48.229079, -118.060650029
48.238079, -118.060650029
48.247079, -118.060650029
48.256079, -118.060650029
48.265079, -118.060650029
48.274079, -118.060650029
48.283079, -118.060650029
48.292079, -118.060650029
48.301079, -118.060650029
48.310079, -118.060650029
48.319079, -118.060650029
48.328079, -118.060650029
48.337079, -118.060650029
48.346079, -118.060650029
48.355079, -118.060650029
48.364079, -118.060650029
48.373079, -118.060650029
48.382079, -118.060650029
48.391079, -118.060650029
48.400079, -118.060650029
48.409079, -118.060650029
48.418079, -118.060650029
48.427079, -118.060650029
48.436079, -118.060650029
48.445079, -118.060650029
48.454079, -118.060650029
48.463079, -118.060650029
48.472079, -118.060650029
48.481079, -118.060650029
48.490079, -118.060650029
48.499079, -118.060650029
48.508079, -118.060650029
48.517079, -118.060650029
48.526079, -118.060650029
48.535079, -118.060650029
48.544079, -118.060650029
48.553079, -118.060650029
48.562079, -118.060650029
48.571079, -118.060650029
48.580079, -118.060650029
48.589079, -118.060650029
48.598079, -118.060650029
48.607079, -118.060650029
48.616079, -118.060650029
48.625079, -118.060650029
48.634079, -118.060650029
48.643079, -118.060650029
48.652079, -118.060650029
48.661079, -118.060650029
48.670079, -118.060650029
48.679079, -118.060650029
48.688079, -118.060650029
48.697079, -118.060650029
48.706079, -118.060650029
48.715079, -118.060650029
48.724079, -118.060650029
48.733079, -118.060650029
48.742079, -118.060650029
48.751079, -118.060650029
48.760079, -118.060650029
48.769079, -118.060650029
48.778079, -118.060650029
48.787079, -118.060650029
48.796079, -118.060650029
48.805079, -118.060650029
48.814079, -118.060650029
48.823079, -118.060650029
48.832079, -118.060650029
48.841079, -118.060650029
48.850079, -118.060650029
48.859079, -118.060650029
48.868079, -118.060650029
48.877079, -118.060650029
48.886079, -118.060650029
48.895079, -118.060650029
48.904079, -118.060650029
48.913079, -118.060650029
48.922079, -118.060650029
48.931079, -118.060650029
48.940079, -118.060650029
48.949079, -118.060650029
46.213079, -118.046943271
46.222079, -118.046943271
46.231079, -118.046943271
46.240079, -118.046943271
46.249079, -118.046943271
46.258079, -118.046943271
46.267079, -118.046943271
46.276079, -118.046943271
46.285079, -118.046943271
46.294079, -118.046943271
46.303079, -118.046943271
46.312079, -118.046943271
46.321079, -118.046943271
46.330079, -118.046943271
46.339079, -118.046943271
46.348079, -118.046943271
46.357079, -118.046943271
46.366079, -118.046943271
46.375079, -118.046943271
46.384079, -118.046943271
46.393079, -118.046943271
46.402079, -118.046943271
46.411079, -118.046943271
46.420079, -118.046943271
46.429079, -118.046943271
46.438079, -118.046943271
46.447079, -118.046943271
46.456079, -118.046943271
46.465079, -118.046943271
46.474079, -118.046943271
46.483079, -118.046943271
46.492079, -118.046943271
46.501079, -118.046943271
46.510079, -118.046943271
46.519079, -118.046943271
46.528079, -118.046943271
46.537079, -118.046943271
46.546079, -118.046943271
46.555079, -118.046943271
46.564079, -118.046943271
46.573079, -118.046943271
46.582079, -118.046943271
46.591079, -118.046943271
46.600079, -118.046943271
46.609079, -118.046943271
46.618079, -118.046943271
46.627079, -118.046943271
46.636079, -118.046943271
46.645079, -118.046943271
46.654079, -118.046943271
46.663079, -118.046943271
46.672079, -118.046943271
46.681079, -118.046943271
46.690079, -118.046943271
46.699079, -118.046943271
46.708079, -118.046943271
46.717079, -118.046943271
46.726079, -118.046943271
46.735079, -118.046943271
46.744079, -118.046943271
46.753079, -118.046943271
46.762079, -118.046943271
46.771079, -118.046943271
46.780079, -118.046943271
46.789079, -118.046943271
46.798079, -118.046943271
46.807079, -118.046943271
46.816079, -118.046943271
46.825079, -118.046943271
46.834079, -118.046943271
46.843079, -118.046943271
46.852079, -118.046943271
46.861079, -118.046943271
46.870079, -118.046943271
46.879079, -118.046943271
46.888079, -118.046943271
46.897079, -118.046943271
46.906079, -118.046943271
46.915079, -118.046943271
46.924079, -118.046943271
46.933079, -118.046943271
46.942079, -118.046943271
46.951079, -118.046943271
46.960079, -118.046943271
46.969079, -118.046943271
46.978079, -118.046943271
46.987079, -118.046943271
46.996079, -118.046943271
47.005079, -118.046943271
47.014079, -118.046943271
47.023079, -118.046943271
47.032079, -118.046943271
47.041079, -118.046943271
47.050079, -118.046943271
47.059079, -118.046943271
47.068079, -118.046943271
47.077079, -118.046943271
47.086079, -118.046943271
47.095079, -118.046943271
47.104079, -118.046943271
47.113079, -118.046943271
47.122079, -118.046943271
47.131079, -118.046943271
47.140079, -118.046943271
47.149079, -118.046943271
47.158079, -118.046943271
47.167079, -118.046943271
47.176079, -118.046943271
47.185079, -118.046943271
47.194079, -118.046943271
47.203079, -118.046943271
47.212079, -118.046943271
47.221079, -118.046943271
47.230079, -118.046943271
47.239079, -118.046943271
47.248079, -118.046943271
47.257079, -118.046943271
47.266079, -118.046943271
47.275079, -118.046943271
47.284079, -118.046943271
47.293079, -118.046943271
47.302079, -118.046943271
47.311079, -118.046943271
47.320079, -118.046943271
47.329079, -118.046943271
47.338079, -118.046943271
47.347079, -118.046943271
47.356079, -118.046943271
47.365079, -118.046943271
47.374079, -118.046943271
47.383079, -118.046943271
47.392079, -118.046943271
47.401079, -118.046943271
47.410079, -118.046943271
47.419079, -118.046943271
47.428079, -118.046943271
47.437079, -118.046943271
47.446079, -118.046943271
47.455079, -118.046943271
47.464079, -118.046943271
47.473079, -118.046943271
47.482079, -118.046943271
47.491079, -118.046943271
47.500079, -118.046943271
47.509079, -118.046943271
47.518079, -118.046943271
47.527079, -118.046943271
47.536079, -118.046943271
47.545079, -118.046943271
47.554079, -118.046943271
47.563079, -118.046943271
47.572079, -118.046943271
47.581079, -118.046943271
47.590079, -118.046943271
47.599079, -118.046943271
47.608079, -118.046943271
47.617079, -118.046943271
47.626079, -118.046943271
47.635079, -118.046943271
47.644079, -118.046943271
47.653079, -118.046943271
47.662079, -118.046943271
47.671079, -118.046943271
47.680079, -118.046943271
47.689079, -118.046943271
47.698079, -118.046943271
47.707079, -118.046943271
47.716079, -118.046943271
47.725079, -118.046943271
47.734079, -118.046943271
47.743079, -118.046943271
47.752079, -118.046943271
47.761079, -118.046943271
47.770079, -118.046943271
47.779079, -118.046943271
47.788079, -118.046943271
47.797079, -118.046943271
47.806079, -118.046943271
47.815079, -118.046943271
47.824079, -118.046943271
47.833079, -118.046943271
47.842079, -118.046943271
47.851079, -118.046943271
47.860079, -118.046943271
47.869079, -118.046943271
47.878079, -118.046943271
47.887079, -118.046943271
47.896079, -118.046943271
47.905079, -118.046943271
47.914079, -118.046943271
47.923079, -118.046943271
47.932079, -118.046943271
47.941079, -118.046943271
47.950079, -118.046943271
47.959079, -118.046943271
47.968079, -118.046943271
47.977079, -118.046943271
47.986079, -118.046943271
47.995079, -118.046943271
48.004079, -118.046943271
48.013079, -118.046943271
48.022079, -118.046943271
48.031079, -118.046943271
48.040079, -118.046943271
48.049079, -118.046943271
48.058079, -118.046943271
48.067079, -118.046943271
48.076079, -118.046943271
48.085079, -118.046943271
48.094079, -118.046943271
48.103079, -118.046943271
48.112079, -118.046943271
48.121079, -118.046943271
48.130079, -118.046943271
48.139079, -118.046943271
48.148079, -118.046943271
48.157079, -118.046943271
48.166079, -118.046943271
48.175079, -118.046943271
48.184079, -118.046943271
48.193079, -118.046943271
48.202079, -118.046943271
48.211079, -118.046943271
48.220079, -118.046943271
48.229079, -118.046943271
48.238079, -118.046943271
48.247079, -118.046943271
48.256079, -118.046943271
48.265079, -118.046943271
48.274079, -118.046943271
48.283079, -118.046943271
48.292079, -118.046943271
48.301079, -118.046943271
48.310079, -118.046943271
48.319079, -118.046943271
48.328079, -118.046943271
48.337079, -118.046943271
48.346079, -118.046943271
48.355079, -118.046943271
48.364079, -118.046943271
48.373079, -118.046943271
48.382079, -118.046943271
48.391079, -118.046943271
48.400079, -118.046943271
48.409079, -118.046943271
48.418079, -118.046943271
48.427079, -118.046943271
48.436079, -118.046943271
48.445079, -118.046943271
48.454079, -118.046943271
48.463079, -118.046943271
48.472079, -118.046943271
48.481079, -118.046943271
48.490079, -118.046943271
48.499079, -118.046943271
48.508079, -118.046943271
48.517079, -118.046943271
48.526079, -118.046943271
48.535079, -118.046943271
48.544079, -118.046943271
48.553079, -118.046943271
48.562079, -118.046943271
48.571079, -118.046943271
48.580079, -118.046943271
48.589079, -118.046943271
48.598079, -118.046943271
48.607079, -118.046943271
48.616079, -118.046943271
48.625079, -118.046943271
48.634079, -118.046943271
48.643079, -118.046943271
48.652079, -118.046943271
48.661079, -118.046943271
48.670079, -118.046943271
48.679079, -118.046943271
48.688079, -118.046943271
48.697079, -118.046943271
48.706079, -118.046943271
48.715079, -118.046943271
48.724079, -118.046943271
48.733079, -118.046943271
48.742079, -118.046943271
48.751079, -118.046943271
48.760079, -118.046943271
48.769079, -118.046943271
48.778079, -118.046943271
48.787079, -118.046943271
48.796079, -118.046943271
48.805079, -118.046943271
48.814079, -118.046943271
48.823079, -118.046943271
48.832079, -118.046943271
48.841079, -118.046943271
48.850079, -118.046943271
48.859079, -118.046943271
48.868079, -118.046943271
48.877079, -118.046943271
48.886079, -118.046943271
48.895079, -118.046943271
48.904079, -118.046943271
48.913079, -118.046943271
48.922079, -118.046943271
48.931079, -118.046943271
48.940079, -118.046943271
48.949079, -118.046943271
46.213079, -118.033236512
46.222079, -118.033236512
46.231079, -118.033236512
46.240079, -118.033236512
46.249079, -118.033236512
46.258079, -118.033236512
