48.238079, -124.667307623
48.247079, -124.667307623
48.256079, -124.667307623
48.265079, -124.667307623
48.274079, -124.667307623
48.283079, -124.667307623
48.292079, -124.667307623
48.301079, -124.667307623
48.310079, -124.667307623
48.319079, -124.667307623
48.328079, -124.667307623
48.337079, -124.667307623
48.346079, -124.667307623
48.355079, -124.667307623
48.364079, -124.667307623
48.373079, -124.667307623
48.382079, -124.667307623
48.391079, -124.667307623
48.400079, -124.667307623
48.409079, -124.667307623
48.418079, -124.667307623
48.427079, -124.667307623
48.436079, -124.667307623
48.445079, -124.667307623
48.454079, -124.667307623
48.463079, -124.667307623
48.472079, -124.667307623
48.481079, -124.667307623
48.490079, -124.667307623
48.499079, -124.667307623
48.508079, -124.667307623
48.517079, -124.667307623
48.526079, -124.667307623
48.535079, -124.667307623
48.544079, -124.667307623
48.553079, -124.667307623
48.562079, -124.667307623
48.571079, -124.667307623
48.580079, -124.667307623
48.589079, -124.667307623
48.598079, -124.667307623
48.607079, -124.667307623
48.616079, -124.667307623
48.625079, -124.667307623
48.634079, -124.667307623
48.643079, -124.667307623
48.652079, -124.667307623
48.661079, -124.667307623
48.670079, -124.667307623
48.679079, -124.667307623
48.688079, -124.667307623
48.697079, -124.667307623
48.706079, -124.667307623
48.715079, -124.667307623
48.724079, -124.667307623
48.733079, -124.667307623
48.742079, -124.667307623
48.751079, -124.667307623
48.760079, -124.667307623
48.769079, -124.667307623
48.778079, -124.667307623
48.787079, -124.667307623
48.796079, -124.667307623
48.805079, -124.667307623
48.814079, -124.667307623
48.823079, -124.667307623
48.832079, -124.667307623
48.841079, -124.667307623
48.850079, -124.667307623
48.859079, -124.667307623
48.868079, -124.667307623
48.877079, -124.667307623
48.886079, -124.667307623
48.895079, -124.667307623
48.904079, -124.667307623
48.913079, -124.667307623
48.922079, -124.667307623
48.931079, -124.667307623
48.940079, -124.667307623
48.949079, -124.667307623
46.213079, -124.653600864
46.222079, -124.653600864
46.231079, -124.653600864
46.240079, -124.653600864
46.249079, -124.653600864
46.258079, -124.653600864
46.267079, -124.653600864
46.276079, -124.653600864
46.285079, -124.653600864
46.294079, -124.653600864
46.303079, -124.653600864
46.312079, -124.653600864
46.321079, -124.653600864
46.330079, -124.653600864
46.339079, -124.653600864
46.348079, -124.653600864
46.357079, -124.653600864
46.366079, -124.653600864
46.375079, -124.653600864
46.384079, -124.653600864
46.393079, -124.653600864
46.402079, -124.653600864
46.411079, -124.653600864
46.420079, -124.653600864
46.429079, -124.653600864
46.438079, -124.653600864
46.447079, -124.653600864
46.456079, -124.653600864
46.465079, -124.653600864
46.474079, -124.653600864
46.483079, -124.653600864
46.492079, -124.653600864
46.501079, -124.653600864
46.510079, -124.653600864
46.519079, -124.653600864
46.528079, -124.653600864
46.537079, -124.653600864
46.546079, -124.653600864
46.555079, -124.653600864
46.564079, -124.653600864
46.573079, -124.653600864
46.582079, -124.653600864
46.591079, -124.653600864
46.600079, -124.653600864
46.609079, -124.653600864
46.618079, -124.653600864
46.627079, -124.653600864
46.636079, -124.653600864
46.645079, -124.653600864
46.654079, -124.653600864
46.663079, -124.653600864
46.672079, -124.653600864
46.681079, -124.653600864
46.690079, -124.653600864
46.699079, -124.653600864
46.708079, -124.653600864
46.717079, -124.653600864
46.726079, -124.653600864
46.735079, -124.653600864
46.744079, -124.653600864
46.753079, -124.653600864
46.762079, -124.653600864
46.771079, -124.653600864
46.780079, -124.653600864
46.789079, -124.653600864
46.798079, -124.653600864
46.807079, -124.653600864
46.816079, -124.653600864
46.825079, -124.653600864
46.834079, -124.653600864
46.843079, -124.653600864
46.852079, -124.653600864
46.861079, -124.653600864
46.870079, -124.653600864
46.879079, -124.653600864
46.888079, -124.653600864
46.897079, -124.653600864
46.906079, -124.653600864
46.915079, -124.653600864
46.924079, -124.653600864
46.933079, -124.653600864
46.942079, -124.653600864
46.951079, -124.653600864
46.960079, -124.653600864
46.969079, -124.653600864
46.978079, -124.653600864
46.987079, -124.653600864
46.996079, -124.653600864
47.005079, -124.653600864
47.014079, -124.653600864
47.023079, -124.653600864
47.032079, -124.653600864
47.041079, -124.653600864
47.050079, -124.653600864
47.059079, -124.653600864
47.068079, -124.653600864
47.077079, -124.653600864
47.086079, -124.653600864
47.095079, -124.653600864
47.104079, -124.653600864
47.113079, -124.653600864
47.122079, -124.653600864
47.131079, -124.653600864
47.140079, -124.653600864
47.149079, -124.653600864
47.158079, -124.653600864
47.167079, -124.653600864
47.176079, -124.653600864
47.185079, -124.653600864
47.194079, -124.653600864
47.203079, -124.653600864
47.212079, -124.653600864
47.221079, -124.653600864
47.230079, -124.653600864
47.239079, -124.653600864
47.248079, -124.653600864
47.257079, -124.653600864
47.266079, -124.653600864
47.275079, -124.653600864
47.284079, -124.653600864
47.293079, -124.653600864
47.302079, -124.653600864
47.311079, -124.653600864
47.320079, -124.653600864
47.329079, -124.653600864
47.338079, -124.653600864
47.347079, -124.653600864
47.356079, -124.653600864
47.365079, -124.653600864
47.374079, -124.653600864
47.383079, -124.653600864
47.392079, -124.653600864
47.401079, -124.653600864
47.410079, -124.653600864
47.419079, -124.653600864
47.428079, -124.653600864
47.437079, -124.653600864
47.446079, -124.653600864
47.455079, -124.653600864
47.464079, -124.653600864
47.473079, -124.653600864
47.482079, -124.653600864
47.491079, -124.653600864
47.500079, -124.653600864
47.509079, -124.653600864
47.518079, -124.653600864
47.527079, -124.653600864
47.536079, -124.653600864
47.545079, -124.653600864
47.554079, -124.653600864
47.563079, -124.653600864
47.572079, -124.653600864
47.581079, -124.653600864
47.590079, -124.653600864
47.599079, -124.653600864
47.608079, -124.653600864
47.617079, -124.653600864
47.626079, -124.653600864
47.635079, -124.653600864
47.644079, -124.653600864
47.653079, -124.653600864
47.662079, -124.653600864
47.671079, -124.653600864
47.680079, -124.653600864
47.689079, -124.653600864
47.698079, -124.653600864
47.707079, -124.653600864
47.716079, -124.653600864
47.725079, -124.653600864
47.734079, -124.653600864
47.743079, -124.653600864
47.752079, -124.653600864
47.761079, -124.653600864
47.770079, -124.653600864
47.779079, -124.653600864
47.788079, -124.653600864
47.797079, -124.653600864
47.806079, -124.653600864
47.815079, -124.653600864
47.824079, -124.653600864
47.833079, -124.653600864
47.842079, -124.653600864
47.851079, -124.653600864
47.860079, -124.653600864
47.869079, -124.653600864
47.878079, -124.653600864
47.887079, -124.653600864
47.896079, -124.653600864
47.905079, -124.653600864
47.914079, -124.653600864
47.923079, -124.653600864
47.932079, -124.653600864
47.941079, -124.653600864
47.950079, -124.653600864
47.959079, -124.653600864
47.968079, -124.653600864
47.977079, -124.653600864
47.986079, -124.653600864
47.995079, -124.653600864
48.004079, -124.653600864
48.013079, -124.653600864
48.022079, -124.653600864
48.031079, -124.653600864
48.040079, -124.653600864
48.049079, -124.653600864
48.058079, -124.653600864
48.067079, -124.653600864
48.076079, -124.653600864
48.085079, -124.653600864
48.094079, -124.653600864
48.103079, -124.653600864
48.112079, -124.653600864
48.121079, -124.653600864
48.130079, -124.653600864
48.139079, -124.653600864
48.148079, -124.653600864
48.157079, -124.653600864
48.166079, -124.653600864
48.175079, -124.653600864
48.184079, -124.653600864
48.193079, -124.653600864
48.202079, -124.653600864
48.211079, -124.653600864
48.220079, -124.653600864
48.229079, -124.653600864
48.238079, -124.653600864
48.247079, -124.653600864
48.256079, -124.653600864
48.265079, -124.653600864
48.274079, -124.653600864
48.283079, -124.653600864
48.292079, -124.653600864
48.301079, -124.653600864
48.310079, -124.653600864
48.319079, -124.653600864
48.328079, -124.653600864
48.337079, -124.653600864
48.346079, -124.653600864
48.355079, -124.653600864
48.364079, -124.653600864
48.373079, -124.653600864
48.382079, -124.653600864
48.391079, -124.653600864
48.400079, -124.653600864
48.409079, -124.653600864
48.418079, -124.653600864
48.427079, -124.653600864
48.436079, -124.653600864
48.445079, -124.653600864
48.454079, -124.653600864
48.463079, -124.653600864
48.472079, -124.653600864
48.481079, -124.653600864
48.490079, -124.653600864
48.499079, -124.653600864
48.508079, -124.653600864
48.517079, -124.653600864
48.526079, -124.653600864
48.535079, -124.653600864
48.544079, -124.653600864
48.553079, -124.653600864
48.562079, -124.653600864
48.571079, -124.653600864
48.580079, -124.653600864
48.589079, -124.653600864
48.598079, -124.653600864
48.607079, -124.653600864
48.616079, -124.653600864
48.625079, -124.653600864
48.634079, -124.653600864
48.643079, -124.653600864
48.652079, -124.653600864
48.661079, -124.653600864
48.670079, -124.653600864
48.679079, -124.653600864
48.688079, -124.653600864
48.697079, -124.653600864
48.706079, -124.653600864
48.715079, -124.653600864
48.724079, -124.653600864
48.733079, -124.653600864
48.742079, -124.653600864
48.751079, -124.653600864
48.760079, -124.653600864
48.769079, -124.653600864
48.778079, -124.653600864
48.787079, -124.653600864
48.796079, -124.653600864
48.805079, -124.653600864
48.814079, -124.653600864
48.823079, -124.653600864
48.832079, -124.653600864
48.841079, -124.653600864
48.850079, -124.653600864
48.859079, -124.653600864
48.868079, -124.653600864
48.877079, -124.653600864
48.886079, -124.653600864
48.895079, -124.653600864
48.904079, -124.653600864
48.913079, -124.653600864
48.922079, -124.653600864
48.931079, -124.653600864
48.940079, -124.653600864
48.949079, -124.653600864
46.213079, -124.639894106
46.222079, -124.639894106
46.231079, -124.639894106
46.240079, -124.639894106
46.249079, -124.639894106
46.258079, -124.639894106
46.267079, -124.639894106
46.276079, -124.639894106
46.285079, -124.639894106
46.294079, -124.639894106
46.303079, -124.639894106
46.312079, -124.639894106
46.321079, -124.639894106
46.330079, -124.639894106
46.339079, -124.639894106
46.348079, -124.639894106
46.357079, -124.639894106
46.366079, -124.639894106
46.375079, -124.639894106
46.384079, -124.639894106
46.393079, -124.639894106
46.402079, -124.639894106
46.411079, -124.639894106
46.420079, -124.639894106
46.429079, -124.639894106
46.438079, -124.639894106
46.447079, -124.639894106
46.456079, -124.639894106
46.465079, -124.639894106
46.474079, -124.639894106
46.483079, -124.639894106
46.492079, -124.639894106
46.501079, -124.639894106
46.510079, -124.639894106
46.519079, -124.639894106
46.528079, -124.639894106
46.537079, -124.639894106
46.546079, -124.639894106
46.555079, -124.639894106
46.564079, -124.639894106
46.573079, -124.639894106
46.582079, -124.639894106
46.591079, -124.639894106
46.600079, -124.639894106
46.609079, -124.639894106
46.618079, -124.639894106
46.627079, -124.639894106
46.636079, -124.639894106
46.645079, -124.639894106
46.654079, -124.639894106
46.663079, -124.639894106
46.672079, -124.639894106
46.681079, -124.639894106
46.690079, -124.639894106
46.699079, -124.639894106
46.708079, -124.639894106
46.717079, -124.639894106
46.726079, -124.639894106
46.735079, -124.639894106
46.744079, -124.639894106
46.753079, -124.639894106
46.762079, -124.639894106
46.771079, -124.639894106
46.780079, -124.639894106
46.789079, -124.639894106
46.798079, -124.639894106
46.807079, -124.639894106
46.816079, -124.639894106
46.825079, -124.639894106
46.834079, -124.639894106
46.843079, -124.639894106
46.852079, -124.639894106
46.861079, -124.639894106
46.870079, -124.639894106
46.879079, -124.639894106
46.888079, -124.639894106
46.897079, -124.639894106
46.906079, -124.639894106
46.915079, -124.639894106
46.924079, -124.639894106
46.933079, -124.639894106
46.942079, -124.639894106
46.951079, -124.639894106
46.960079, -124.639894106
46.969079, -124.639894106
46.978079, -124.639894106
46.987079, -124.639894106
46.996079, -124.639894106
47.005079, -124.639894106
47.014079, -124.639894106
47.023079, -124.639894106
47.032079, -124.639894106
47.041079, -124.639894106
47.050079, -124.639894106
47.059079, -124.639894106
47.068079, -124.639894106
47.077079, -124.639894106
47.086079, -124.639894106
47.095079, -124.639894106
47.104079, -124.639894106
47.113079, -124.639894106
47.122079, -124.639894106
47.131079, -124.639894106
47.140079, -124.639894106
47.149079, -124.639894106
47.158079, -124.639894106
47.167079, -124.639894106
47.176079, -124.639894106
47.185079, -124.639894106
47.194079, -124.639894106
47.203079, -124.639894106
47.212079, -124.639894106
47.221079, -124.639894106
47.230079, -124.639894106
47.239079, -124.639894106
47.248079, -124.639894106
47.257079, -124.639894106
47.266079, -124.639894106
47.275079, -124.639894106
47.284079, -124.639894106
47.293079, -124.639894106
47.302079, -124.639894106
47.311079, -124.639894106
47.320079, -124.639894106
47.329079, -124.639894106
47.338079, -124.639894106
47.347079, -124.639894106
47.356079, -124.639894106
47.365079, -124.639894106
47.374079, -124.639894106
47.383079, -124.639894106
47.392079, -124.639894106
47.401079, -124.639894106
47.410079, -124.639894106
47.419079, -124.639894106
47.428079, -124.639894106
47.437079, -124.639894106
47.446079, -124.639894106
47.455079, -124.639894106
47.464079, -124.639894106
47.473079, -124.639894106
47.482079, -124.639894106
47.491079, -124.639894106
47.500079, -124.639894106
47.509079, -124.639894106
47.518079, -124.639894106
47.527079, -124.639894106
47.536079, -124.639894106
47.545079, -124.639894106
47.554079, -124.639894106
47.563079, -124.639894106
47.572079, -124.639894106
47.581079, -124.639894106
47.590079, -124.639894106
47.599079, -124.639894106
47.608079, -124.639894106
47.617079, -124.639894106
47.626079, -124.639894106
47.635079, -124.639894106
47.644079, -124.639894106
47.653079, -124.639894106
47.662079, -124.639894106
47.671079, -124.639894106
47.680079, -124.639894106
47.689079, -124.639894106
47.698079, -124.639894106
47.707079, -124.639894106
47.716079, -124.639894106
47.725079, -124.639894106
47.734079, -124.639894106
47.743079, -124.639894106
47.752079, -124.639894106
47.761079, -124.639894106
47.770079, -124.639894106
47.779079, -124.639894106
47.788079, -124.639894106
47.797079, -124.639894106
47.806079, -124.639894106
47.815079, -124.639894106
47.824079, -124.639894106
47.833079, -124.639894106
47.842079, -124.639894106
47.851079, -124.639894106
47.860079, -124.639894106
47.869079, -124.639894106
47.878079, -124.639894106
47.887079, -124.639894106
47.896079, -124.639894106
47.905079, -124.639894106
47.914079, -124.639894106
47.923079, -124.639894106
47.932079, -124.639894106
47.941079, -124.639894106
47.950079, -124.639894106
47.959079, -124.639894106
47.968079, -124.639894106
47.977079, -124.639894106
47.986079, -124.639894106
47.995079, -124.639894106
48.004079, -124.639894106
48.013079, -124.639894106
48.022079, -124.639894106
48.031079, -124.639894106
48.040079, -124.639894106
48.049079, -124.639894106
48.058079, -124.639894106
48.067079, -124.639894106
48.076079, -124.639894106
48.085079, -124.639894106
48.094079, -124.639894106
48.103079, -124.639894106
48.112079, -124.639894106
48.121079, -124.639894106
48.130079, -124.639894106
48.139079, -124.639894106
48.148079, -124.639894106
48.157079, -124.639894106
48.166079, -124.639894106
48.175079, -124.639894106
48.184079, -124.639894106
48.193079, -124.639894106
48.202079, -124.639894106
48.211079, -124.639894106
48.220079, -124.639894106
48.229079, -124.639894106
48.238079, -124.639894106
48.247079, -124.639894106
48.256079, -124.639894106
48.265079, -124.639894106
48.274079, -124.639894106
48.283079, -124.639894106
48.292079, -124.639894106
48.301079, -124.639894106
48.310079, -124.639894106
48.319079, -124.639894106
48.328079, -124.639894106
48.337079, -124.639894106
48.346079, -124.639894106
48.355079, -124.639894106
48.364079, -124.639894106
48.373079, -124.639894106
48.382079, -124.639894106
48.391079, -124.639894106
48.400079, -124.639894106
48.409079, -124.639894106
48.418079, -124.639894106
48.427079, -124.639894106
48.436079, -124.639894106
48.445079, -124.639894106
48.454079, -124.639894106
48.463079, -124.639894106
48.472079, -124.639894106
48.481079, -124.639894106
48.490079, -124.639894106
48.499079, -124.639894106
48.508079, -124.639894106
48.517079, -124.639894106
48.526079, -124.639894106
48.535079, -124.639894106
48.544079, -124.639894106
48.553079, -124.639894106
48.562079, -124.639894106
48.571079, -124.639894106
48.580079, -124.639894106
48.589079, -124.639894106
48.598079, -124.639894106
48.607079, -124.639894106
48.616079, -124.639894106
48.625079, -124.639894106
48.634079, -124.639894106
48.643079, -124.639894106
48.652079, -124.639894106
48.661079, -124.639894106
48.670079, -124.639894106
48.679079, -124.639894106
48.688079, -124.639894106
48.697079, -124.639894106
48.706079, -124.639894106
48.715079, -124.639894106
48.724079, -124.639894106
48.733079, -124.639894106
48.742079, -124.639894106
48.751079, -124.639894106
48.760079, -124.639894106
48.769079, -124.639894106
48.778079, -124.639894106
48.787079, -124.639894106
48.796079, -124.639894106
48.805079, -124.639894106
48.814079, -124.639894106
48.823079, -124.639894106
48.832079, -124.639894106
48.841079, -124.639894106
48.850079, -124.639894106
48.859079, -124.639894106
48.868079, -124.639894106
48.877079, -124.639894106
48.886079, -124.639894106
48.895079, -124.639894106
48.904079, -124.639894106
48.913079, -124.639894106
48.922079, -124.639894106
48.931079, -124.639894106
48.940079, -124.639894106
48.949079, -124.639894106
46.213079, -124.626187347
46.222079, -124.626187347
46.231079, -124.626187347
46.240079, -124.626187347
46.249079, -124.626187347
46.258079, -124.626187347
46.267079, -124.626187347
46.276079, -124.626187347
46.285079, -124.626187347
46.294079, -124.626187347
46.303079, -124.626187347
46.312079, -124.626187347
46.321079, -124.626187347
46.330079, -124.626187347
46.339079, -124.626187347
46.348079, -124.626187347
46.357079, -124.626187347
46.366079, -124.626187347
46.375079, -124.626187347
46.384079, -124.626187347
46.393079, -124.626187347
46.402079, -124.626187347
46.411079, -124.626187347
46.420079, -124.626187347
46.429079, -124.626187347
46.438079, -124.626187347
46.447079, -124.626187347
46.456079, -124.626187347
46.465079, -124.626187347
46.474079, -124.626187347
46.483079, -124.626187347
46.492079, -124.626187347
46.501079, -124.626187347
46.510079, -124.626187347
46.519079, -124.626187347
46.528079, -124.626187347
46.537079, -124.626187347
46.546079, -124.626187347
46.555079, -124.626187347
46.564079, -124.626187347
46.573079, -124.626187347
46.582079, -124.626187347
46.591079, -124.626187347
46.600079, -124.626187347
46.609079, -124.626187347
46.618079, -124.626187347
46.627079, -124.626187347
46.636079, -124.626187347
46.645079, -124.626187347
46.654079, -124.626187347
46.663079, -124.626187347
46.672079, -124.626187347
46.681079, -124.626187347
46.690079, -124.626187347
46.699079, -124.626187347
46.708079, -124.626187347
46.717079, -124.626187347
46.726079, -124.626187347
46.735079, -124.626187347
46.744079, -124.626187347
46.753079, -124.626187347
46.762079, -124.626187347
46.771079, -124.626187347
46.780079, -124.626187347
46.789079, -124.626187347
46.798079, -124.626187347
46.807079, -124.626187347
46.816079, -124.626187347
46.825079, -124.626187347
46.834079, -124.626187347
46.843079, -124.626187347
46.852079, -124.626187347
46.861079, -124.626187347
46.870079, -124.626187347
46.879079, -124.626187347
46.888079, -124.626187347
46.897079, -124.626187347
46.906079, -124.626187347
46.915079, -124.626187347
46.924079, -124.626187347
46.933079, -124.626187347
46.942079, -124.626187347
46.951079, -124.626187347
46.960079, -124.626187347
46.969079, -124.626187347
46.978079, -124.626187347
46.987079, -124.626187347
46.996079, -124.626187347
47.005079, -124.626187347
47.014079, -124.626187347
47.023079, -124.626187347
47.032079, -124.626187347
47.041079, -124.626187347
47.050079, -124.626187347
47.059079, -124.626187347
47.068079, -124.626187347
47.077079, -124.626187347
47.086079, -124.626187347
47.095079, -124.626187347
47.104079, -124.626187347
47.113079, -124.626187347
47.122079, -124.626187347
47.131079, -124.626187347
47.140079, -124.626187347
47.149079, -124.626187347
47.158079, -124.626187347
47.167079, -124.626187347
47.176079, -124.626187347
47.185079, -124.626187347
47.194079, -124.626187347
47.203079, -124.626187347
47.212079, -124.626187347
47.221079, -124.626187347
47.230079, -124.626187347
47.239079, -124.626187347
47.248079, -124.626187347
47.257079, -124.626187347
47.266079, -124.626187347
47.275079, -124.626187347
47.284079, -124.626187347
47.293079, -124.626187347
47.302079, -124.626187347
47.311079, -124.626187347
47.320079, -124.626187347
47.329079, -124.626187347
47.338079, -124.626187347
47.347079, -124.626187347
47.356079, -124.626187347
47.365079, -124.626187347
47.374079, -124.626187347
47.383079, -124.626187347
47.392079, -124.626187347
47.401079, -124.626187347
47.410079, -124.626187347
47.419079, -124.626187347
47.428079, -124.626187347
47.437079, -124.626187347
47.446079, -124.626187347
47.455079, -124.626187347
47.464079, -124.626187347
47.473079, -124.626187347
47.482079, -124.626187347
47.491079, -124.626187347
47.500079, -124.626187347
47.509079, -124.626187347
47.518079, -124.626187347
47.527079, -124.626187347
47.536079, -124.626187347
47.545079, -124.626187347
47.554079, -124.626187347
47.563079, -124.626187347
47.572079, -124.626187347
47.581079, -124.626187347
47.590079, -124.626187347
47.599079, -124.626187347
47.608079, -124.626187347
47.617079, -124.626187347
47.626079, -124.626187347
47.635079, -124.626187347
47.644079, -124.626187347
47.653079, -124.626187347
47.662079, -124.626187347
47.671079, -124.626187347
47.680079, -124.626187347
47.689079, -124.626187347
47.698079, -124.626187347
47.707079, -124.626187347
47.716079, -124.626187347
47.725079, -124.626187347
47.734079, -124.626187347
47.743079, -124.626187347
47.752079, -124.626187347
47.761079, -124.626187347
47.770079, -124.626187347
47.779079, -124.626187347
47.788079, -124.626187347
47.797079, -124.626187347
47.806079, -124.626187347
47.815079, -124.626187347
47.824079, -124.626187347
47.833079, -124.626187347
47.842079, -124.626187347
47.851079, -124.626187347
47.860079, -124.626187347
47.869079, -124.626187347
47.878079, -124.626187347
47.887079, -124.626187347
47.896079, -124.626187347
47.905079, -124.626187347
47.914079, -124.626187347
47.923079, -124.626187347
47.932079, -124.626187347
47.941079, -124.626187347
47.950079, -124.626187347
47.959079, -124.626187347
47.968079, -124.626187347
47.977079, -124.626187347
47.986079, -124.626187347
47.995079, -124.626187347
48.004079, -124.626187347
48.013079, -124.626187347
48.022079, -124.626187347
48.031079, -124.626187347
48.040079, -124.626187347
48.049079, -124.626187347
48.058079, -124.626187347
48.067079, -124.626187347
48.076079, -124.626187347
48.085079, -124.626187347
48.094079, -124.626187347
48.103079, -124.626187347
48.112079, -124.626187347
48.121079, -124.626187347
48.130079, -124.626187347
48.139079, -124.626187347
48.148079, -124.626187347
48.157079, -124.626187347
48.166079, -124.626187347
48.175079, -124.626187347
48.184079, -124.626187347
48.193079, -124.626187347
48.202079, -124.626187347
48.211079, -124.626187347
48.220079, -124.626187347
48.229079, -124.626187347
48.238079, -124.626187347
48.247079, -124.626187347
48.256079, -124.626187347
48.265079, -124.626187347
48.274079, -124.626187347
48.283079, -124.626187347
48.292079, -124.626187347
48.301079, -124.626187347
48.310079, -124.626187347
48.319079, -124.626187347
48.328079, -124.626187347
48.337079, -124.626187347
48.346079, -124.626187347
48.355079, -124.626187347
48.364079, -124.626187347
48.373079, -124.626187347
48.382079, -124.626187347
48.391079, -124.626187347
48.400079, -124.626187347
48.409079, -124.626187347
48.418079, -124.626187347
48.427079, -124.626187347
48.436079, -124.626187347
48.445079, -124.626187347
48.454079, -124.626187347
48.463079, -124.626187347
48.472079, -124.626187347
48.481079, -124.626187347
48.490079, -124.626187347
48.499079, -124.626187347
48.508079, -124.626187347
48.517079, -124.626187347
48.526079, -124.626187347
48.535079, -124.626187347
48.544079, -124.626187347
48.553079, -124.626187347
48.562079, -124.626187347
48.571079, -124.626187347
48.580079, -124.626187347
48.589079, -124.626187347
48.598079, -124.626187347
48.607079, -124.626187347
48.616079, -124.626187347
48.625079, -124.626187347
48.634079, -124.626187347
48.643079, -124.626187347
48.652079, -124.626187347
48.661079, -124.626187347
48.670079, -124.626187347
48.679079, -124.626187347
48.688079, -124.626187347
48.697079, -124.626187347
48.706079, -124.626187347
48.715079, -124.626187347
48.724079, -124.626187347
48.733079, -124.626187347
48.742079, -124.626187347
48.751079, -124.626187347
48.760079, -124.626187347
48.769079, -124.626187347
48.778079, -124.626187347
48.787079, -124.626187347
48.796079, -124.626187347
48.805079, -124.626187347
48.814079, -124.626187347
48.823079, -124.626187347
48.832079, -124.626187347
48.841079, -124.626187347
48.850079, -124.626187347
48.859079, -124.626187347
48.868079, -124.626187347
48.877079, -124.626187347
48.886079, -124.626187347
48.895079, -124.626187347
48.904079, -124.626187347
48.913079, -124.626187347
48.922079, -124.626187347
48.931079, -124.626187347
48.940079, -124.626187347
48.949079, -124.626187347
46.213079, -124.612480589
46.222079, -124.612480589
46.231079, -124.612480589
46.240079, -124.612480589
46.249079, -124.612480589
46.258079, -124.612480589
46.267079, -124.612480589
46.276079, -124.612480589
46.285079, -124.612480589
46.294079, -124.612480589
46.303079, -124.612480589
46.312079, -124.612480589
46.321079, -124.612480589
46.330079, -124.612480589
46.339079, -124.612480589
46.348079, -124.612480589
46.357079, -124.612480589
46.366079, -124.612480589
46.375079, -124.612480589
46.384079, -124.612480589
46.393079, -124.612480589
46.402079, -124.612480589
46.411079, -124.612480589
46.420079, -124.612480589
46.429079, -124.612480589
46.438079, -124.612480589
46.447079, -124.612480589
46.456079, -124.612480589
46.465079, -124.612480589
46.474079, -124.612480589
46.483079, -124.612480589
46.492079, -124.612480589
46.501079, -124.612480589
46.510079, -124.612480589
46.519079, -124.612480589
46.528079, -124.612480589
46.537079, -124.612480589
46.546079, -124.612480589
46.555079, -124.612480589
46.564079, -124.612480589
46.573079, -124.612480589
46.582079, -124.612480589
46.591079, -124.612480589
46.600079, -124.612480589
46.609079, -124.612480589
46.618079, -124.612480589
46.627079, -124.612480589
46.636079, -124.612480589
46.645079, -124.612480589
46.654079, -124.612480589
46.663079, -124.612480589
46.672079, -124.612480589
46.681079, -124.612480589
46.690079, -124.612480589
46.699079, -124.612480589
46.708079, -124.612480589
46.717079, -124.612480589
46.726079, -124.612480589
46.735079, -124.612480589
46.744079, -124.612480589
46.753079, -124.612480589
46.762079, -124.612480589
46.771079, -124.612480589
46.780079, -124.612480589
46.789079, -124.612480589
46.798079, -124.612480589
46.807079, -124.612480589
46.816079, -124.612480589
46.825079, -124.612480589
46.834079, -124.612480589
46.843079, -124.612480589
46.852079, -124.612480589
46.861079, -124.612480589
46.870079, -124.612480589
46.879079, -124.612480589
46.888079, -124.612480589
46.897079, -124.612480589
46.906079, -124.612480589
46.915079, -124.612480589
46.924079, -124.612480589
46.933079, -124.612480589
46.942079, -124.612480589
46.951079, -124.612480589
46.960079, -124.612480589
46.969079, -124.612480589
46.978079, -124.612480589
46.987079, -124.612480589
46.996079, -124.612480589
47.005079, -124.612480589
47.014079, -124.612480589
47.023079, -124.612480589
47.032079, -124.612480589
47.041079, -124.612480589
47.050079, -124.612480589
47.059079, -124.612480589
47.068079, -124.612480589
47.077079, -124.612480589
47.086079, -124.612480589
47.095079, -124.612480589
47.104079, -124.612480589
47.113079, -124.612480589
47.122079, -124.612480589
47.131079, -124.612480589
47.140079, -124.612480589
47.149079, -124.612480589
47.158079, -124.612480589
47.167079, -124.612480589
47.176079, -124.612480589
47.185079, -124.612480589
47.194079, -124.612480589
47.203079, -124.612480589
47.212079, -124.612480589
47.221079, -124.612480589
47.230079, -124.612480589
47.239079, -124.612480589
47.248079, -124.612480589
47.257079, -124.612480589
47.266079, -124.612480589
47.275079, -124.612480589
47.284079, -124.612480589
47.293079, -124.612480589
47.302079, -124.612480589
47.311079, -124.612480589
47.320079, -124.612480589
47.329079, -124.612480589
47.338079, -124.612480589
47.347079, -124.612480589
47.356079, -124.612480589
47.365079, -124.612480589
47.374079, -124.612480589
47.383079, -124.612480589
47.392079, -124.612480589
47.401079, -124.612480589
47.410079, -124.612480589
47.419079, -124.612480589
47.428079, -124.612480589
47.437079, -124.612480589
47.446079, -124.612480589
47.455079, -124.612480589
47.464079, -124.612480589
47.473079, -124.612480589
47.482079, -124.612480589
47.491079, -124.612480589
47.500079, -124.612480589
47.509079, -124.612480589
47.518079, -124.612480589
47.527079, -124.612480589
47.536079, -124.612480589
47.545079, -124.612480589
47.554079, -124.612480589
47.563079, -124.612480589
47.572079, -124.612480589
47.581079, -124.612480589
47.590079, -124.612480589
47.599079, -124.612480589
47.608079, -124.612480589
47.617079, -124.612480589
47.626079, -124.612480589
47.635079, -124.612480589
47.644079, -124.612480589
47.653079, -124.612480589
47.662079, -124.612480589
47.671079, -124.612480589
47.680079, -124.612480589
47.689079, -124.612480589
47.698079, -124.612480589
47.707079, -124.612480589
47.716079, -124.612480589
47.725079, -124.612480589
47.734079, -124.612480589
47.743079, -124.612480589
47.752079, -124.612480589
47.761079, -124.612480589
47.770079, -124.612480589
47.779079, -124.612480589
47.788079, -124.612480589
47.797079, -124.612480589
47.806079, -124.612480589
47.815079, -124.612480589
47.824079, -124.612480589
47.833079, -124.612480589
47.842079, -124.612480589
47.851079, -124.612480589
47.860079, -124.612480589
47.869079, -124.612480589
47.878079, -124.612480589
47.887079, -124.612480589
47.896079, -124.612480589
47.905079, -124.612480589
47.914079, -124.612480589
47.923079, -124.612480589
47.932079, -124.612480589
47.941079, -124.612480589
47.950079, -124.612480589
47.959079, -124.612480589
47.968079, -124.612480589
47.977079, -124.612480589
47.986079, -124.612480589
47.995079, -124.612480589
48.004079, -124.612480589
48.013079, -124.612480589
48.022079, -124.612480589
48.031079, -124.612480589
48.040079, -124.612480589
48.049079, -124.612480589
48.058079, -124.612480589
48.067079, -124.612480589
48.076079, -124.612480589
48.085079, -124.612480589
48.094079, -124.612480589
48.103079, -124.612480589
48.112079, -124.612480589
48.121079, -124.612480589
48.130079, -124.612480589
48.139079, -124.612480589
48.148079, -124.612480589
48.157079, -124.612480589
48.166079, -124.612480589
48.175079, -124.612480589
48.184079, -124.612480589
48.193079, -124.612480589
48.202079, -124.612480589
48.211079, -124.612480589
48.220079, -124.612480589
48.229079, -124.612480589
48.238079, -124.612480589
48.247079, -124.612480589
48.256079, -124.612480589
48.265079, -124.612480589
48.274079, -124.612480589
48.283079, -124.612480589
48.292079, -124.612480589
48.301079, -124.612480589
48.310079, -124.612480589
48.319079, -124.612480589
48.328079, -124.612480589
48.337079, -124.612480589
48.346079, -124.612480589
48.355079, -124.612480589
48.364079, -124.612480589
48.373079, -124.612480589
48.382079, -124.612480589
48.391079, -124.612480589
48.400079, -124.612480589
48.409079, -124.612480589
48.418079, -124.612480589
48.427079, -124.612480589
48.436079, -124.612480589
48.445079, -124.612480589
48.454079, -124.612480589
48.463079, -124.612480589
48.472079, -124.612480589
48.481079, -124.612480589
48.490079, -124.612480589
48.499079, -124.612480589
48.508079, -124.612480589
48.517079, -124.612480589
48.526079, -124.612480589
48.535079, -124.612480589
48.544079, -124.612480589
48.553079, -124.612480589
48.562079, -124.612480589
48.571079, -124.612480589
48.580079, -124.612480589
48.589079, -124.612480589
48.598079, -124.612480589
48.607079, -124.612480589
48.616079, -124.612480589
48.625079, -124.612480589
48.634079, -124.612480589
48.643079, -124.612480589
48.652079, -124.612480589
48.661079, -124.612480589
48.670079, -124.612480589
48.679079, -124.612480589
48.688079, -124.612480589
48.697079, -124.612480589
48.706079, -124.612480589
48.715079, -124.612480589
48.724079, -124.612480589
48.733079, -124.612480589
48.742079, -124.612480589
48.751079, -124.612480589
48.760079, -124.612480589
48.769079, -124.612480589
48.778079, -124.612480589
48.787079, -124.612480589
48.796079, -124.612480589
48.805079, -124.612480589
48.814079, -124.612480589
48.823079, -124.612480589
48.832079, -124.612480589
48.841079, -124.612480589
48.850079, -124.612480589
48.859079, -124.612480589
48.868079, -124.612480589
48.877079, -124.612480589
48.886079, -124.612480589
48.895079, -124.612480589
48.904079, -124.612480589
48.913079, -124.612480589
48.922079, -124.612480589
48.931079, -124.612480589
48.940079, -124.612480589
48.949079, -124.612480589
46.213079, -124.59877383
46.222079, -124.59877383
46.231079, -124.59877383
46.240079, -124.59877383
46.249079, -124.59877383
46.258079, -124.59877383
46.267079, -124.59877383
46.276079, -124.59877383
46.285079, -124.59877383
46.294079, -124.59877383
46.303079, -124.59877383
46.312079, -124.59877383
46.321079, -124.59877383
46.330079, -124.59877383
46.339079, -124.59877383
46.348079, -124.59877383
46.357079, -124.59877383
46.366079, -124.59877383
46.375079, -124.59877383
46.384079, -124.59877383
46.393079, -124.59877383
46.402079, -124.59877383
46.411079, -124.59877383
46.420079, -124.59877383
46.429079, -124.59877383
46.438079, -124.59877383
46.447079, -124.59877383
46.456079, -124.59877383
46.465079, -124.59877383
46.474079, -124.59877383
46.483079, -124.59877383
46.492079, -124.59877383
46.501079, -124.59877383
46.510079, -124.59877383
46.519079, -124.59877383
46.528079, -124.59877383
46.537079, -124.59877383
46.546079, -124.59877383
46.555079, -124.59877383
46.564079, -124.59877383
46.573079, -124.59877383
46.582079, -124.59877383
46.591079, -124.59877383
46.600079, -124.59877383
46.609079, -124.59877383
46.618079, -124.59877383
46.627079, -124.59877383
46.636079, -124.59877383
46.645079, -124.59877383
46.654079, -124.59877383
46.663079, -124.59877383
46.672079, -124.59877383
46.681079, -124.59877383
46.690079, -124.59877383
46.699079, -124.59877383
46.708079, -124.59877383
46.717079, -124.59877383
46.726079, -124.59877383
46.735079, -124.59877383
46.744079, -124.59877383
46.753079, -124.59877383
46.762079, -124.59877383
46.771079, -124.59877383
46.780079, -124.59877383
46.789079, -124.59877383
46.798079, -124.59877383
46.807079, -124.59877383
46.816079, -124.59877383
46.825079, -124.59877383
46.834079, -124.59877383
46.843079, -124.59877383
46.852079, -124.59877383
46.861079, -124.59877383
46.870079, -124.59877383
46.879079, -124.59877383
46.888079, -124.59877383
46.897079, -124.59877383
46.906079, -124.59877383
46.915079, -124.59877383
46.924079, -124.59877383
46.933079, -124.59877383
46.942079, -124.59877383
46.951079, -124.59877383
46.960079, -124.59877383
46.969079, -124.59877383
46.978079, -124.59877383
46.987079, -124.59877383
46.996079, -124.59877383
47.005079, -124.59877383
47.014079, -124.59877383
47.023079, -124.59877383
47.032079, -124.59877383
47.041079, -124.59877383
47.050079, -124.59877383
47.059079, -124.59877383
47.068079, -124.59877383
47.077079, -124.59877383
47.086079, -124.59877383
47.095079, -124.59877383
47.104079, -124.59877383
47.113079, -124.59877383
47.122079, -124.59877383
47.131079, -124.59877383
47.140079, -124.59877383
47.149079, -124.59877383
47.158079, -124.59877383
47.167079, -124.59877383
47.176079, -124.59877383
47.185079, -124.59877383
47.194079, -124.59877383
47.203079, -124.59877383
47.212079, -124.59877383
47.221079, -124.59877383
47.230079, -124.59877383
47.239079, -124.59877383
47.248079, -124.59877383
47.257079, -124.59877383
47.266079, -124.59877383
47.275079, -124.59877383
47.284079, -124.59877383
47.293079, -124.59877383
47.302079, -124.59877383
47.311079, -124.59877383
47.320079, -124.59877383
47.329079, -124.59877383
47.338079, -124.59877383
47.347079, -124.59877383
47.356079, -124.59877383
47.365079, -124.59877383
47.374079, -124.59877383
47.383079, -124.59877383
47.392079, -124.59877383
47.401079, -124.59877383
47.410079, -124.59877383
47.419079, -124.59877383
47.428079, -124.59877383
47.437079, -124.59877383
47.446079, -124.59877383
47.455079, -124.59877383
47.464079, -124.59877383
47.473079, -124.59877383
47.482079, -124.59877383
47.491079, -124.59877383
47.500079, -124.59877383
47.509079, -124.59877383
47.518079, -124.59877383
47.527079, -124.59877383
47.536079, -124.59877383
47.545079, -124.59877383
47.554079, -124.59877383
47.563079, -124.59877383
47.572079, -124.59877383
47.581079, -124.59877383
47.590079, -124.59877383
47.599079, -124.59877383
47.608079, -124.59877383
47.617079, -124.59877383
47.626079, -124.59877383
47.635079, -124.59877383
47.644079, -124.59877383
47.653079, -124.59877383
47.662079, -124.59877383
47.671079, -124.59877383
47.680079, -124.59877383
47.689079, -124.59877383
47.698079, -124.59877383
47.707079, -124.59877383
47.716079, -124.59877383
47.725079, -124.59877383
47.734079, -124.59877383
47.743079, -124.59877383
47.752079, -124.59877383
47.761079, -124.59877383
47.770079, -124.59877383
47.779079, -124.59877383
47.788079, -124.59877383
47.797079, -124.59877383
47.806079, -124.59877383
47.815079, -124.59877383
47.824079, -124.59877383
47.833079, -124.59877383
47.842079, -124.59877383
47.851079, -124.59877383
47.860079, -124.59877383
47.869079, -124.59877383
47.878079, -124.59877383
47.887079, -124.59877383
47.896079, -124.59877383
47.905079, -124.59877383
47.914079, -124.59877383
47.923079, -124.59877383
47.932079, -124.59877383
47.941079, -124.59877383
47.950079, -124.59877383
47.959079, -124.59877383
47.968079, -124.59877383
47.977079, -124.59877383
47.986079, -124.59877383
47.995079, -124.59877383
48.004079, -124.59877383
48.013079, -124.59877383
48.022079, -124.59877383
48.031079, -124.59877383
48.040079, -124.59877383
48.049079, -124.59877383
48.058079, -124.59877383
48.067079, -124.59877383
48.076079, -124.59877383
48.085079, -124.59877383
48.094079, -124.59877383
48.103079, -124.59877383
48.112079, -124.59877383
48.121079, -124.59877383
48.130079, -124.59877383
48.139079, -124.59877383
48.148079, -124.59877383
48.157079, -124.59877383
48.166079, -124.59877383
48.175079, -124.59877383
48.184079, -124.59877383
48.193079, -124.59877383
48.202079, -124.59877383
48.211079, -124.59877383
48.220079, -124.59877383
48.229079, -124.59877383
48.238079, -124.59877383
48.247079, -124.59877383
48.256079, -124.59877383
48.265079, -124.59877383
48.274079, -124.59877383
48.283079, -124.59877383
48.292079, -124.59877383
48.301079, -124.59877383
48.310079, -124.59877383
48.319079, -124.59877383
48.328079, -124.59877383
48.337079, -124.59877383
48.346079, -124.59877383
48.355079, -124.59877383
48.364079, -124.59877383
48.373079, -124.59877383
48.382079, -124.59877383
48.391079, -124.59877383
48.400079, -124.59877383
48.409079, -124.59877383
48.418079, -124.59877383
48.427079, -124.59877383
48.436079, -124.59877383
48.445079, -124.59877383
48.454079, -124.59877383
48.463079, -124.59877383
48.472079, -124.59877383
48.481079, -124.59877383
48.490079, -124.59877383
48.499079, -124.59877383
48.508079, -124.59877383
48.517079, -124.59877383
48.526079, -124.59877383
48.535079, -124.59877383
48.544079, -124.59877383
48.553079, -124.59877383
48.562079, -124.59877383
48.571079, -124.59877383
48.580079, -124.59877383
48.589079, -124.59877383
48.598079, -124.59877383
48.607079, -124.59877383
48.616079, -124.59877383
48.625079, -124.59877383
48.634079, -124.59877383
48.643079, -124.59877383
48.652079, -124.59877383
48.661079, -124.59877383
48.670079, -124.59877383
48.679079, -124.59877383
48.688079, -124.59877383
48.697079, -124.59877383
48.706079, -124.59877383
48.715079, -124.59877383
48.724079, -124.59877383
48.733079, -124.59877383
48.742079, -124.59877383
48.751079, -124.59877383
48.760079, -124.59877383
48.769079, -124.59877383
48.778079, -124.59877383
48.787079, -124.59877383
48.796079, -124.59877383
48.805079, -124.59877383
48.814079, -124.59877383
48.823079, -124.59877383
48.832079, -124.59877383
48.841079, -124.59877383
48.850079, -124.59877383
48.859079, -124.59877383
48.868079, -124.59877383
48.877079, -124.59877383
48.886079, -124.59877383
48.895079, -124.59877383
48.904079, -124.59877383
48.913079, -124.59877383
48.922079, -124.59877383
48.931079, -124.59877383
48.940079, -124.59877383
48.949079, -124.59877383
46.213079, -124.585067072
46.222079, -124.585067072
46.231079, -124.585067072
46.240079, -124.585067072
46.249079, -124.585067072
46.258079, -124.585067072
46.267079, -124.585067072
46.276079, -124.585067072
46.285079, -124.585067072
46.294079, -124.585067072
46.303079, -124.585067072
46.312079, -124.585067072
46.321079, -124.585067072
46.330079, -124.585067072
46.339079, -124.585067072
46.348079, -124.585067072
46.357079, -124.585067072
46.366079, -124.585067072
46.375079, -124.585067072
46.384079, -124.585067072
46.393079, -124.585067072
46.402079, -124.585067072
46.411079, -124.585067072
46.420079, -124.585067072
46.429079, -124.585067072
46.438079, -124.585067072
46.447079, -124.585067072
46.456079, -124.585067072
46.465079, -124.585067072
46.474079, -124.585067072
46.483079, -124.585067072
46.492079, -124.585067072
46.501079, -124.585067072
46.510079, -124.585067072
46.519079, -124.585067072
46.528079, -124.585067072
46.537079, -124.585067072
46.546079, -124.585067072
46.555079, -124.585067072
46.564079, -124.585067072
46.573079, -124.585067072
46.582079, -124.585067072
46.591079, -124.585067072
46.600079, -124.585067072
46.609079, -124.585067072
46.618079, -124.585067072
46.627079, -124.585067072
46.636079, -124.585067072
46.645079, -124.585067072
46.654079, -124.585067072
46.663079, -124.585067072
46.672079, -124.585067072
46.681079, -124.585067072
46.690079, -124.585067072
46.699079, -124.585067072
46.708079, -124.585067072
46.717079, -124.585067072
46.726079, -124.585067072
46.735079, -124.585067072
46.744079, -124.585067072
46.753079, -124.585067072
46.762079, -124.585067072
46.771079, -124.585067072
46.780079, -124.585067072
46.789079, -124.585067072
46.798079, -124.585067072
46.807079, -124.585067072
46.816079, -124.585067072
46.825079, -124.585067072
46.834079, -124.585067072
46.843079, -124.585067072
46.852079, -124.585067072
46.861079, -124.585067072
46.870079, -124.585067072
46.879079, -124.585067072
46.888079, -124.585067072
46.897079, -124.585067072
46.906079, -124.585067072
46.915079, -124.585067072
46.924079, -124.585067072
46.933079, -124.585067072
46.942079, -124.585067072
46.951079, -124.585067072
46.960079, -124.585067072
46.969079, -124.585067072
46.978079, -124.585067072
46.987079, -124.585067072
46.996079, -124.585067072
47.005079, -124.585067072
47.014079, -124.585067072
47.023079, -124.585067072
47.032079, -124.585067072
47.041079, -124.585067072
47.050079, -124.585067072
47.059079, -124.585067072
47.068079, -124.585067072
47.077079, -124.585067072
47.086079, -124.585067072
47.095079, -124.585067072
47.104079, -124.585067072
47.113079, -124.585067072
47.122079, -124.585067072
47.131079, -124.585067072
47.140079, -124.585067072
47.149079, -124.585067072
47.158079, -124.585067072
47.167079, -124.585067072
47.176079, -124.585067072
47.185079, -124.585067072
47.194079, -124.585067072
47.203079, -124.585067072
47.212079, -124.585067072
47.221079, -124.585067072
47.230079, -124.585067072
47.239079, -124.585067072
47.248079, -124.585067072
47.257079, -124.585067072
47.266079, -124.585067072
47.275079, -124.585067072
47.284079, -124.585067072
47.293079, -124.585067072
47.302079, -124.585067072
47.311079, -124.585067072
47.320079, -124.585067072
47.329079, -124.585067072
47.338079, -124.585067072
47.347079, -124.585067072
47.356079, -124.585067072
47.365079, -124.585067072
47.374079, -124.585067072
47.383079, -124.585067072
47.392079, -124.585067072
47.401079, -124.585067072
47.410079, -124.585067072
47.419079, -124.585067072
47.428079, -124.585067072
47.437079, -124.585067072
47.446079, -124.585067072
47.455079, -124.585067072
47.464079, -124.585067072
47.473079, -124.585067072
47.482079, -124.585067072
47.491079, -124.585067072
47.500079, -124.585067072
47.509079, -124.585067072
47.518079, -124.585067072
47.527079, -124.585067072
47.536079, -124.585067072
47.545079, -124.585067072
47.554079, -124.585067072
47.563079, -124.585067072
47.572079, -124.585067072
47.581079, -124.585067072
47.590079, -124.585067072
47.599079, -124.585067072
47.608079, -124.585067072
47.617079, -124.585067072
47.626079, -124.585067072
47.635079, -124.585067072
47.644079, -124.585067072
47.653079, -124.585067072
47.662079, -124.585067072
47.671079, -124.585067072
47.680079, -124.585067072
47.689079, -124.585067072
47.698079, -124.585067072
47.707079, -124.585067072
47.716079, -124.585067072
47.725079, -124.585067072
47.734079, -124.585067072
47.743079, -124.585067072
47.752079, -124.585067072
47.761079, -124.585067072
47.770079, -124.585067072
47.779079, -124.585067072
47.788079, -124.585067072
47.797079, -124.585067072
47.806079, -124.585067072
47.815079, -124.585067072
47.824079, -124.585067072
47.833079, -124.585067072
47.842079, -124.585067072
47.851079, -124.585067072
47.860079, -124.585067072
47.869079, -124.585067072
47.878079, -124.585067072
47.887079, -124.585067072
47.896079, -124.585067072
47.905079, -124.585067072
47.914079, -124.585067072
47.923079, -124.585067072
47.932079, -124.585067072
47.941079, -124.585067072
47.950079, -124.585067072
47.959079, -124.585067072
47.968079, -124.585067072
47.977079, -124.585067072
47.986079, -124.585067072
47.995079, -124.585067072
48.004079, -124.585067072
48.013079, -124.585067072
48.022079, -124.585067072
48.031079, -124.585067072
48.040079, -124.585067072
48.049079, -124.585067072
48.058079, -124.585067072
48.067079, -124.585067072
48.076079, -124.585067072
48.085079, -124.585067072
48.094079, -124.585067072
48.103079, -124.585067072
48.112079, -124.585067072
48.121079, -124.585067072
48.130079, -124.585067072
48.139079, -124.585067072
48.148079, -124.585067072
48.157079, -124.585067072
48.166079, -124.585067072
48.175079, -124.585067072
48.184079, -124.585067072
48.193079, -124.585067072
48.202079, -124.585067072
48.211079, -124.585067072
48.220079, -124.585067072
48.229079, -124.585067072
48.238079, -124.585067072
48.247079, -124.585067072
48.256079, -124.585067072
48.265079, -124.585067072
48.274079, -124.585067072
48.283079, -124.585067072
48.292079, -124.585067072
48.301079, -124.585067072
48.310079, -124.585067072
48.319079, -124.585067072
48.328079, -124.585067072
48.337079, -124.585067072
48.346079, -124.585067072
48.355079, -124.585067072
48.364079, -124.585067072
48.373079, -124.585067072
48.382079, -124.585067072
48.391079, -124.585067072
48.400079, -124.585067072
48.409079, -124.585067072
48.418079, -124.585067072
48.427079, -124.585067072
48.436079, -124.585067072
48.445079, -124.585067072
48.454079, -124.585067072
48.463079, -124.585067072
48.472079, -124.585067072
48.481079, -124.585067072
48.490079, -124.585067072
48.499079, -124.585067072
48.508079, -124.585067072
48.517079, -124.585067072
48.526079, -124.585067072
48.535079, -124.585067072
48.544079, -124.585067072
48.553079, -124.585067072
48.562079, -124.585067072
48.571079, -124.585067072
48.580079, -124.585067072
48.589079, -124.585067072
48.598079, -124.585067072
48.607079, -124.585067072
48.616079, -124.585067072
48.625079, -124.585067072
48.634079, -124.585067072
48.643079, -124.585067072
48.652079, -124.585067072
48.661079, -124.585067072
48.670079, -124.585067072
48.679079, -124.585067072
48.688079, -124.585067072
48.697079, -124.585067072
48.706079, -124.585067072
48.715079, -124.585067072
48.724079, -124.585067072
48.733079, -124.585067072
48.742079, -124.585067072
48.751079, -124.585067072
48.760079, -124.585067072
48.769079, -124.585067072
48.778079, -124.585067072
48.787079, -124.585067072
48.796079, -124.585067072
48.805079, -124.585067072
48.814079, -124.585067072
48.823079, -124.585067072
48.832079, -124.585067072
48.841079, -124.585067072
48.850079, -124.585067072
48.859079, -124.585067072
48.868079, -124.585067072
48.877079, -124.585067072
48.886079, -124.585067072
48.895079, -124.585067072
48.904079, -124.585067072
48.913079, -124.585067072
48.922079, -124.585067072
48.931079, -124.585067072
48.940079, -124.585067072
48.949079, -124.585067072
46.213079, -124.571360313
46.222079, -124.571360313
46.231079, -124.571360313
46.240079, -124.571360313
46.249079, -124.571360313
46.258079, -124.571360313
46.267079, -124.571360313
46.276079, -124.571360313
46.285079, -124.571360313
46.294079, -124.571360313
46.303079, -124.571360313
46.312079, -124.571360313
46.321079, -124.571360313
46.330079, -124.571360313
46.339079, -124.571360313
46.348079, -124.571360313
46.357079, -124.571360313
46.366079, -124.571360313
46.375079, -124.571360313
46.384079, -124.571360313
46.393079, -124.571360313
46.402079, -124.571360313
46.411079, -124.571360313
46.420079, -124.571360313
46.429079, -124.571360313
46.438079, -124.571360313
46.447079, -124.571360313
46.456079, -124.571360313
46.465079, -124.571360313
46.474079, -124.571360313
46.483079, -124.571360313
46.492079, -124.571360313
46.501079, -124.571360313
46.510079, -124.571360313
46.519079, -124.571360313
46.528079, -124.571360313
46.537079, -124.571360313
46.546079, -124.571360313
46.555079, -124.571360313
46.564079, -124.571360313
46.573079, -124.571360313
46.582079, -124.571360313
46.591079, -124.571360313
46.600079, -124.571360313
46.609079, -124.571360313
46.618079, -124.571360313
46.627079, -124.571360313
46.636079, -124.571360313
46.645079, -124.571360313
46.654079, -124.571360313
46.663079, -124.571360313
46.672079, -124.571360313
46.681079, -124.571360313
46.690079, -124.571360313
46.699079, -124.571360313
46.708079, -124.571360313
46.717079, -124.571360313
46.726079, -124.571360313
46.735079, -124.571360313
46.744079, -124.571360313
46.753079, -124.571360313
46.762079, -124.571360313
46.771079, -124.571360313
46.780079, -124.571360313
46.789079, -124.571360313
46.798079, -124.571360313
46.807079, -124.571360313
46.816079, -124.571360313
46.825079, -124.571360313
46.834079, -124.571360313
46.843079, -124.571360313
46.852079, -124.571360313
46.861079, -124.571360313
46.870079, -124.571360313
46.879079, -124.571360313
46.888079, -124.571360313
46.897079, -124.571360313
46.906079, -124.571360313
46.915079, -124.571360313
46.924079, -124.571360313
46.933079, -124.571360313
46.942079, -124.571360313
46.951079, -124.571360313
46.960079, -124.571360313
46.969079, -124.571360313
46.978079, -124.571360313
46.987079, -124.571360313
46.996079, -124.571360313
47.005079, -124.571360313
47.014079, -124.571360313
47.023079, -124.571360313
47.032079, -124.571360313
47.041079, -124.571360313
47.050079, -124.571360313
47.059079, -124.571360313
47.068079, -124.571360313
47.077079, -124.571360313
47.086079, -124.571360313
47.095079, -124.571360313
47.104079, -124.571360313
47.113079, -124.571360313
47.122079, -124.571360313
47.131079, -124.571360313
47.140079, -124.571360313
47.149079, -124.571360313
47.158079, -124.571360313
47.167079, -124.571360313
47.176079, -124.571360313
47.185079, -124.571360313
47.194079, -124.571360313
47.203079, -124.571360313
47.212079, -124.571360313
47.221079, -124.571360313
47.230079, -124.571360313
47.239079, -124.571360313
47.248079, -124.571360313
47.257079, -124.571360313
47.266079, -124.571360313
47.275079, -124.571360313
47.284079, -124.571360313
47.293079, -124.571360313
47.302079, -124.571360313
47.311079, -124.571360313
47.320079, -124.571360313
47.329079, -124.571360313
47.338079, -124.571360313
47.347079, -124.571360313
47.356079, -124.571360313
47.365079, -124.571360313
47.374079, -124.571360313
47.383079, -124.571360313
47.392079, -124.571360313
47.401079, -124.571360313
47.410079, -124.571360313
47.419079, -124.571360313
47.428079, -124.571360313
47.437079, -124.571360313
47.446079, -124.571360313
47.455079, -124.571360313
47.464079, -124.571360313
47.473079, -124.571360313
47.482079, -124.571360313
47.491079, -124.571360313
47.500079, -124.571360313
47.509079, -124.571360313
47.518079, -124.571360313
47.527079, -124.571360313
47.536079, -124.571360313
47.545079, -124.571360313
47.554079, -124.571360313
47.563079, -124.571360313
47.572079, -124.571360313
47.581079, -124.571360313
47.590079, -124.571360313
47.599079, -124.571360313
47.608079, -124.571360313
47.617079, -124.571360313
47.626079, -124.571360313
47.635079, -124.571360313
47.644079, -124.571360313
47.653079, -124.571360313
47.662079, -124.571360313
47.671079, -124.571360313
47.680079, -124.571360313
47.689079, -124.571360313
47.698079, -124.571360313
47.707079, -124.571360313
47.716079, -124.571360313
47.725079, -124.571360313
47.734079, -124.571360313
47.743079, -124.571360313
47.752079, -124.571360313
47.761079, -124.571360313
47.770079, -124.571360313
47.779079, -124.571360313
47.788079, -124.571360313
47.797079, -124.571360313
47.806079, -124.571360313
47.815079, -124.571360313
47.824079, -124.571360313
47.833079, -124.571360313
47.842079, -124.571360313
47.851079, -124.571360313
47.860079, -124.571360313
47.869079, -124.571360313
47.878079, -124.571360313
47.887079, -124.571360313
47.896079, -124.571360313
47.905079, -124.571360313
47.914079, -124.571360313
47.923079, -124.571360313
47.932079, -124.571360313
47.941079, -124.571360313
47.950079, -124.571360313
47.959079, -124.571360313
47.968079, -124.571360313
47.977079, -124.571360313
47.986079, -124.571360313
47.995079, -124.571360313
48.004079, -124.571360313
48.013079, -124.571360313
48.022079, -124.571360313
48.031079, -124.571360313
48.040079, -124.571360313
48.049079, -124.571360313
48.058079, -124.571360313
48.067079, -124.571360313
48.076079, -124.571360313
48.085079, -124.571360313
48.094079, -124.571360313
48.103079, -124.571360313
48.112079, -124.571360313
48.121079, -124.571360313
48.130079, -124.571360313
48.139079, -124.571360313
48.148079, -124.571360313
48.157079, -124.571360313
48.166079, -124.571360313
48.175079, -124.571360313
48.184079, -124.571360313
48.193079, -124.571360313
48.202079, -124.571360313
48.211079, -124.571360313
48.220079, -124.571360313
48.229079, -124.571360313
48.238079, -124.571360313
48.247079, -124.571360313
48.256079, -124.571360313
48.265079, -124.571360313
48.274079, -124.571360313
48.283079, -124.571360313
48.292079, -124.571360313
48.301079, -124.571360313
48.310079, -124.571360313
48.319079, -124.571360313
48.328079, -124.571360313
48.337079, -124.571360313
48.346079, -124.571360313
48.355079, -124.571360313
48.364079, -124.571360313
48.373079, -124.571360313
48.382079, -124.571360313
48.391079, -124.571360313
48.400079, -124.571360313
48.409079, -124.571360313
48.418079, -124.571360313
48.427079, -124.571360313
48.436079, -124.571360313
48.445079, -124.571360313
48.454079, -124.571360313
48.463079, -124.571360313
48.472079, -124.571360313
48.481079, -124.571360313
48.490079, -124.571360313
48.499079, -124.571360313
48.508079, -124.571360313
48.517079, -124.571360313
48.526079, -124.571360313
48.535079, -124.571360313
48.544079, -124.571360313
48.553079, -124.571360313
48.562079, -124.571360313
48.571079, -124.571360313
48.580079, -124.571360313
48.589079, -124.571360313
48.598079, -124.571360313
48.607079, -124.571360313
48.616079, -124.571360313
48.625079, -124.571360313
48.634079, -124.571360313
48.643079, -124.571360313
48.652079, -124.571360313
48.661079, -124.571360313
48.670079, -124.571360313
48.679079, -124.571360313
48.688079, -124.571360313
48.697079, -124.571360313
48.706079, -124.571360313
48.715079, -124.571360313
48.724079, -124.571360313
48.733079, -124.571360313
48.742079, -124.571360313
48.751079, -124.571360313
48.760079, -124.571360313
48.769079, -124.571360313
48.778079, -124.571360313
48.787079, -124.571360313
48.796079, -124.571360313
48.805079, -124.571360313
48.814079, -124.571360313
48.823079, -124.571360313
48.832079, -124.571360313
48.841079, -124.571360313
48.850079, -124.571360313
48.859079, -124.571360313
48.868079, -124.571360313
48.877079, -124.571360313
48.886079, -124.571360313
48.895079, -124.571360313
48.904079, -124.571360313
48.913079, -124.571360313
48.922079, -124.571360313
48.931079, -124.571360313
48.940079, -124.571360313
48.949079, -124.571360313
46.213079, -124.557653555
46.222079, -124.557653555
46.231079, -124.557653555
46.240079, -124.557653555
46.249079, -124.557653555
46.258079, -124.557653555
46.267079, -124.557653555
46.276079, -124.557653555
46.285079, -124.557653555
46.294079, -124.557653555
46.303079, -124.557653555
46.312079, -124.557653555
46.321079, -124.557653555
46.330079, -124.557653555
46.339079, -124.557653555
46.348079, -124.557653555
46.357079, -124.557653555
46.366079, -124.557653555
46.375079, -124.557653555
46.384079, -124.557653555
46.393079, -124.557653555
46.402079, -124.557653555
46.411079, -124.557653555
46.420079, -124.557653555
46.429079, -124.557653555
46.438079, -124.557653555
46.447079, -124.557653555
46.456079, -124.557653555
46.465079, -124.557653555
46.474079, -124.557653555
46.483079, -124.557653555
46.492079, -124.557653555
46.501079, -124.557653555
46.510079, -124.557653555
46.519079, -124.557653555
46.528079, -124.557653555
46.537079, -124.557653555
46.546079, -124.557653555
46.555079, -124.557653555
46.564079, -124.557653555
46.573079, -124.557653555
46.582079, -124.557653555
46.591079, -124.557653555
46.600079, -124.557653555
46.609079, -124.557653555
46.618079, -124.557653555
46.627079, -124.557653555
46.636079, -124.557653555
46.645079, -124.557653555
46.654079, -124.557653555
46.663079, -124.557653555
46.672079, -124.557653555
46.681079, -124.557653555
46.690079, -124.557653555
46.699079, -124.557653555
46.708079, -124.557653555
46.717079, -124.557653555
46.726079, -124.557653555
46.735079, -124.557653555
46.744079, -124.557653555
46.753079, -124.557653555
46.762079, -124.557653555
46.771079, -124.557653555
46.780079, -124.557653555
46.789079, -124.557653555
46.798079, -124.557653555
46.807079, -124.557653555
46.816079, -124.557653555
46.825079, -124.557653555
46.834079, -124.557653555
46.843079, -124.557653555
46.852079, -124.557653555
46.861079, -124.557653555
46.870079, -124.557653555
46.879079, -124.557653555
46.888079, -124.557653555
46.897079, -124.557653555
46.906079, -124.557653555
46.915079, -124.557653555
46.924079, -124.557653555
46.933079, -124.557653555
46.942079, -124.557653555
46.951079, -124.557653555
46.960079, -124.557653555
46.969079, -124.557653555
46.978079, -124.557653555
46.987079, -124.557653555
46.996079, -124.557653555
47.005079, -124.557653555
47.014079, -124.557653555
47.023079, -124.557653555
47.032079, -124.557653555
47.041079, -124.557653555
47.050079, -124.557653555
47.059079, -124.557653555
47.068079, -124.557653555
47.077079, -124.557653555
47.086079, -124.557653555
47.095079, -124.557653555
47.104079, -124.557653555
47.113079, -124.557653555
47.122079, -124.557653555
47.131079, -124.557653555
47.140079, -124.557653555
47.149079, -124.557653555
47.158079, -124.557653555
47.167079, -124.557653555
47.176079, -124.557653555
47.185079, -124.557653555
47.194079, -124.557653555
47.203079, -124.557653555
47.212079, -124.557653555
47.221079, -124.557653555
47.230079, -124.557653555
47.239079, -124.557653555
47.248079, -124.557653555
47.257079, -124.557653555
47.266079, -124.557653555
47.275079, -124.557653555
47.284079, -124.557653555
47.293079, -124.557653555
47.302079, -124.557653555
47.311079, -124.557653555
47.320079, -124.557653555
47.329079, -124.557653555
47.338079, -124.557653555
47.347079, -124.557653555
47.356079, -124.557653555
47.365079, -124.557653555
47.374079, -124.557653555
47.383079, -124.557653555
47.392079, -124.557653555
47.401079, -124.557653555
47.410079, -124.557653555
47.419079, -124.557653555
47.428079, -124.557653555
47.437079, -124.557653555
47.446079, -124.557653555
47.455079, -124.557653555
47.464079, -124.557653555
47.473079, -124.557653555
47.482079, -124.557653555
47.491079, -124.557653555
47.500079, -124.557653555
47.509079, -124.557653555
47.518079, -124.557653555
47.527079, -124.557653555
47.536079, -124.557653555
47.545079, -124.557653555
47.554079, -124.557653555
47.563079, -124.557653555
47.572079, -124.557653555
47.581079, -124.557653555
47.590079, -124.557653555
47.599079, -124.557653555
47.608079, -124.557653555
47.617079, -124.557653555
47.626079, -124.557653555
47.635079, -124.557653555
47.644079, -124.557653555
47.653079, -124.557653555
47.662079, -124.557653555
47.671079, -124.557653555
47.680079, -124.557653555
47.689079, -124.557653555
47.698079, -124.557653555
47.707079, -124.557653555
47.716079, -124.557653555
47.725079, -124.557653555
47.734079, -124.557653555
47.743079, -124.557653555
47.752079, -124.557653555
47.761079, -124.557653555
47.770079, -124.557653555
47.779079, -124.557653555
47.788079, -124.557653555
47.797079, -124.557653555
47.806079, -124.557653555
47.815079, -124.557653555
47.824079, -124.557653555
47.833079, -124.557653555
47.842079, -124.557653555
47.851079, -124.557653555
47.860079, -124.557653555
47.869079, -124.557653555
