46.717079, -123.104737155
46.726079, -123.104737155
46.735079, -123.104737155
46.744079, -123.104737155
46.753079, -123.104737155
46.762079, -123.104737155
46.771079, -123.104737155
46.780079, -123.104737155
46.789079, -123.104737155
46.798079, -123.104737155
46.807079, -123.104737155
46.816079, -123.104737155
46.825079, -123.104737155
46.834079, -123.104737155
46.843079, -123.104737155
46.852079, -123.104737155
46.861079, -123.104737155
46.870079, -123.104737155
46.879079, -123.104737155
46.888079, -123.104737155
46.897079, -123.104737155
46.906079, -123.104737155
46.915079, -123.104737155
46.924079, -123.104737155
46.933079, -123.104737155
46.942079, -123.104737155
46.951079, -123.104737155
46.960079, -123.104737155
46.969079, -123.104737155
46.978079, -123.104737155
46.987079, -123.104737155
46.996079, -123.104737155
47.005079, -123.104737155
47.014079, -123.104737155
47.023079, -123.104737155
47.032079, -123.104737155
47.041079, -123.104737155
47.050079, -123.104737155
47.059079, -123.104737155
47.068079, -123.104737155
47.077079, -123.104737155
47.086079, -123.104737155
47.095079, -123.104737155
47.104079, -123.104737155
47.113079, -123.104737155
47.122079, -123.104737155
47.131079, -123.104737155
47.140079, -123.104737155
47.149079, -123.104737155
47.158079, -123.104737155
47.167079, -123.104737155
47.176079, -123.104737155
47.185079, -123.104737155
47.194079, -123.104737155
47.203079, -123.104737155
47.212079, -123.104737155
47.221079, -123.104737155
47.230079, -123.104737155
47.239079, -123.104737155
47.248079, -123.104737155
47.257079, -123.104737155
47.266079, -123.104737155
47.275079, -123.104737155
47.284079, -123.104737155
47.293079, -123.104737155
47.302079, -123.104737155
47.311079, -123.104737155
47.320079, -123.104737155
47.329079, -123.104737155
47.338079, -123.104737155
47.347079, -123.104737155
47.356079, -123.104737155
47.365079, -123.104737155
47.374079, -123.104737155
47.383079, -123.104737155
47.392079, -123.104737155
47.401079, -123.104737155
47.410079, -123.104737155
47.419079, -123.104737155
47.428079, -123.104737155
47.437079, -123.104737155
47.446079, -123.104737155
47.455079, -123.104737155
47.464079, -123.104737155
47.473079, -123.104737155
47.482079, -123.104737155
47.491079, -123.104737155
47.500079, -123.104737155
47.509079, -123.104737155
47.518079, -123.104737155
47.527079, -123.104737155
47.536079, -123.104737155
47.545079, -123.104737155
47.554079, -123.104737155
47.563079, -123.104737155
47.572079, -123.104737155
47.581079, -123.104737155
47.590079, -123.104737155
47.599079, -123.104737155
47.608079, -123.104737155
47.617079, -123.104737155
47.626079, -123.104737155
47.635079, -123.104737155
47.644079, -123.104737155
47.653079, -123.104737155
47.662079, -123.104737155
47.671079, -123.104737155
47.680079, -123.104737155
47.689079, -123.104737155
47.698079, -123.104737155
47.707079, -123.104737155
47.716079, -123.104737155
47.725079, -123.104737155
47.734079, -123.104737155
47.743079, -123.104737155
47.752079, -123.104737155
47.761079, -123.104737155
47.770079, -123.104737155
47.779079, -123.104737155
47.788079, -123.104737155
47.797079, -123.104737155
47.806079, -123.104737155
47.815079, -123.104737155
47.824079, -123.104737155
47.833079, -123.104737155
47.842079, -123.104737155
47.851079, -123.104737155
47.860079, -123.104737155
47.869079, -123.104737155
47.878079, -123.104737155
47.887079, -123.104737155
47.896079, -123.104737155
47.905079, -123.104737155
47.914079, -123.104737155
47.923079, -123.104737155
47.932079, -123.104737155
47.941079, -123.104737155
47.950079, -123.104737155
47.959079, -123.104737155
47.968079, -123.104737155
47.977079, -123.104737155
47.986079, -123.104737155
47.995079, -123.104737155
48.004079, -123.104737155
48.013079, -123.104737155
48.022079, -123.104737155
48.031079, -123.104737155
48.040079, -123.104737155
48.049079, -123.104737155
48.058079, -123.104737155
48.067079, -123.104737155
48.076079, -123.104737155
48.085079, -123.104737155
48.094079, -123.104737155
48.103079, -123.104737155
48.112079, -123.104737155
48.121079, -123.104737155
48.130079, -123.104737155
48.139079, -123.104737155
48.148079, -123.104737155
48.157079, -123.104737155
48.166079, -123.104737155
48.175079, -123.104737155
48.184079, -123.104737155
48.193079, -123.104737155
48.202079, -123.104737155
48.211079, -123.104737155
48.220079, -123.104737155
48.229079, -123.104737155
48.238079, -123.104737155
48.247079, -123.104737155
48.256079, -123.104737155
48.265079, -123.104737155
48.274079, -123.104737155
48.283079, -123.104737155
48.292079, -123.104737155
48.301079, -123.104737155
48.310079, -123.104737155
48.319079, -123.104737155
48.328079, -123.104737155
48.337079, -123.104737155
48.346079, -123.104737155
48.355079, -123.104737155
48.364079, -123.104737155
48.373079, -123.104737155
48.382079, -123.104737155
48.391079, -123.104737155
48.400079, -123.104737155
48.409079, -123.104737155
48.418079, -123.104737155
48.427079, -123.104737155
48.436079, -123.104737155
48.445079, -123.104737155
48.454079, -123.104737155
48.463079, -123.104737155
48.472079, -123.104737155
48.481079, -123.104737155
48.490079, -123.104737155
48.499079, -123.104737155
48.508079, -123.104737155
48.517079, -123.104737155
48.526079, -123.104737155
48.535079, -123.104737155
48.544079, -123.104737155
48.553079, -123.104737155
48.562079, -123.104737155
48.571079, -123.104737155
48.580079, -123.104737155
48.589079, -123.104737155
48.598079, -123.104737155
48.607079, -123.104737155
48.616079, -123.104737155
48.625079, -123.104737155
48.634079, -123.104737155
48.643079, -123.104737155
48.652079, -123.104737155
48.661079, -123.104737155
48.670079, -123.104737155
48.679079, -123.104737155
48.688079, -123.104737155
48.697079, -123.104737155
48.706079, -123.104737155
48.715079, -123.104737155
48.724079, -123.104737155
48.733079, -123.104737155
48.742079, -123.104737155
48.751079, -123.104737155
48.760079, -123.104737155
48.769079, -123.104737155
48.778079, -123.104737155
48.787079, -123.104737155
48.796079, -123.104737155
48.805079, -123.104737155
48.814079, -123.104737155
48.823079, -123.104737155
48.832079, -123.104737155
48.841079, -123.104737155
48.850079, -123.104737155
48.859079, -123.104737155
48.868079, -123.104737155
48.877079, -123.104737155
48.886079, -123.104737155
48.895079, -123.104737155
48.904079, -123.104737155
48.913079, -123.104737155
48.922079, -123.104737155
48.931079, -123.104737155
48.940079, -123.104737155
48.949079, -123.104737155
46.213079, -123.091030396
46.222079, -123.091030396
46.231079, -123.091030396
46.240079, -123.091030396
46.249079, -123.091030396
46.258079, -123.091030396
46.267079, -123.091030396
46.276079, -123.091030396
46.285079, -123.091030396
46.294079, -123.091030396
46.303079, -123.091030396
46.312079, -123.091030396
46.321079, -123.091030396
46.330079, -123.091030396
46.339079, -123.091030396
46.348079, -123.091030396
46.357079, -123.091030396
46.366079, -123.091030396
46.375079, -123.091030396
46.384079, -123.091030396
46.393079, -123.091030396
46.402079, -123.091030396
46.411079, -123.091030396
46.420079, -123.091030396
46.429079, -123.091030396
46.438079, -123.091030396
46.447079, -123.091030396
46.456079, -123.091030396
46.465079, -123.091030396
46.474079, -123.091030396
46.483079, -123.091030396
46.492079, -123.091030396
46.501079, -123.091030396
46.510079, -123.091030396
46.519079, -123.091030396
46.528079, -123.091030396
46.537079, -123.091030396
46.546079, -123.091030396
46.555079, -123.091030396
46.564079, -123.091030396
46.573079, -123.091030396
46.582079, -123.091030396
46.591079, -123.091030396
46.600079, -123.091030396
46.609079, -123.091030396
46.618079, -123.091030396
46.627079, -123.091030396
46.636079, -123.091030396
46.645079, -123.091030396
46.654079, -123.091030396
46.663079, -123.091030396
46.672079, -123.091030396
46.681079, -123.091030396
46.690079, -123.091030396
46.699079, -123.091030396
46.708079, -123.091030396
46.717079, -123.091030396
46.726079, -123.091030396
46.735079, -123.091030396
46.744079, -123.091030396
46.753079, -123.091030396
46.762079, -123.091030396
46.771079, -123.091030396
46.780079, -123.091030396
46.789079, -123.091030396
46.798079, -123.091030396
46.807079, -123.091030396
46.816079, -123.091030396
46.825079, -123.091030396
46.834079, -123.091030396
46.843079, -123.091030396
46.852079, -123.091030396
46.861079, -123.091030396
46.870079, -123.091030396
46.879079, -123.091030396
46.888079, -123.091030396
46.897079, -123.091030396
46.906079, -123.091030396
46.915079, -123.091030396
46.924079, -123.091030396
46.933079, -123.091030396
46.942079, -123.091030396
46.951079, -123.091030396
46.960079, -123.091030396
46.969079, -123.091030396
46.978079, -123.091030396
46.987079, -123.091030396
46.996079, -123.091030396
47.005079, -123.091030396
47.014079, -123.091030396
47.023079, -123.091030396
47.032079, -123.091030396
47.041079, -123.091030396
47.050079, -123.091030396
47.059079, -123.091030396
47.068079, -123.091030396
47.077079, -123.091030396
47.086079, -123.091030396
47.095079, -123.091030396
47.104079, -123.091030396
47.113079, -123.091030396
47.122079, -123.091030396
47.131079, -123.091030396
47.140079, -123.091030396
47.149079, -123.091030396
47.158079, -123.091030396
47.167079, -123.091030396
47.176079, -123.091030396
47.185079, -123.091030396
47.194079, -123.091030396
47.203079, -123.091030396
47.212079, -123.091030396
47.221079, -123.091030396
47.230079, -123.091030396
47.239079, -123.091030396
47.248079, -123.091030396
47.257079, -123.091030396
47.266079, -123.091030396
47.275079, -123.091030396
47.284079, -123.091030396
47.293079, -123.091030396
47.302079, -123.091030396
47.311079, -123.091030396
47.320079, -123.091030396
47.329079, -123.091030396
47.338079, -123.091030396
47.347079, -123.091030396
47.356079, -123.091030396
47.365079, -123.091030396
47.374079, -123.091030396
47.383079, -123.091030396
47.392079, -123.091030396
47.401079, -123.091030396
47.410079, -123.091030396
47.419079, -123.091030396
47.428079, -123.091030396
47.437079, -123.091030396
47.446079, -123.091030396
47.455079, -123.091030396
47.464079, -123.091030396
47.473079, -123.091030396
47.482079, -123.091030396
47.491079, -123.091030396
47.500079, -123.091030396
47.509079, -123.091030396
47.518079, -123.091030396
47.527079, -123.091030396
47.536079, -123.091030396
47.545079, -123.091030396
47.554079, -123.091030396
47.563079, -123.091030396
47.572079, -123.091030396
47.581079, -123.091030396
47.590079, -123.091030396
47.599079, -123.091030396
47.608079, -123.091030396
47.617079, -123.091030396
47.626079, -123.091030396
47.635079, -123.091030396
47.644079, -123.091030396
47.653079, -123.091030396
47.662079, -123.091030396
47.671079, -123.091030396
47.680079, -123.091030396
47.689079, -123.091030396
47.698079, -123.091030396
47.707079, -123.091030396
47.716079, -123.091030396
47.725079, -123.091030396
47.734079, -123.091030396
47.743079, -123.091030396
47.752079, -123.091030396
47.761079, -123.091030396
47.770079, -123.091030396
47.779079, -123.091030396
47.788079, -123.091030396
47.797079, -123.091030396
47.806079, -123.091030396
47.815079, -123.091030396
47.824079, -123.091030396
47.833079, -123.091030396
47.842079, -123.091030396
47.851079, -123.091030396
47.860079, -123.091030396
47.869079, -123.091030396
47.878079, -123.091030396
47.887079, -123.091030396
47.896079, -123.091030396
47.905079, -123.091030396
47.914079, -123.091030396
47.923079, -123.091030396
47.932079, -123.091030396
47.941079, -123.091030396
47.950079, -123.091030396
47.959079, -123.091030396
47.968079, -123.091030396
47.977079, -123.091030396
47.986079, -123.091030396
47.995079, -123.091030396
48.004079, -123.091030396
48.013079, -123.091030396
48.022079, -123.091030396
48.031079, -123.091030396
48.040079, -123.091030396
48.049079, -123.091030396
48.058079, -123.091030396
48.067079, -123.091030396
48.076079, -123.091030396
48.085079, -123.091030396
48.094079, -123.091030396
48.103079, -123.091030396
48.112079, -123.091030396
48.121079, -123.091030396
48.130079, -123.091030396
48.139079, -123.091030396
48.148079, -123.091030396
48.157079, -123.091030396
48.166079, -123.091030396
48.175079, -123.091030396
48.184079, -123.091030396
48.193079, -123.091030396
48.202079, -123.091030396
48.211079, -123.091030396
48.220079, -123.091030396
48.229079, -123.091030396
48.238079, -123.091030396
48.247079, -123.091030396
48.256079, -123.091030396
48.265079, -123.091030396
48.274079, -123.091030396
48.283079, -123.091030396
48.292079, -123.091030396
48.301079, -123.091030396
48.310079, -123.091030396
48.319079, -123.091030396
48.328079, -123.091030396
48.337079, -123.091030396
48.346079, -123.091030396
48.355079, -123.091030396
48.364079, -123.091030396
48.373079, -123.091030396
48.382079, -123.091030396
48.391079, -123.091030396
48.400079, -123.091030396
48.409079, -123.091030396
48.418079, -123.091030396
48.427079, -123.091030396
48.436079, -123.091030396
48.445079, -123.091030396
48.454079, -123.091030396
48.463079, -123.091030396
48.472079, -123.091030396
48.481079, -123.091030396
48.490079, -123.091030396
48.499079, -123.091030396
48.508079, -123.091030396
48.517079, -123.091030396
48.526079, -123.091030396
48.535079, -123.091030396
48.544079, -123.091030396
48.553079, -123.091030396
48.562079, -123.091030396
48.571079, -123.091030396
48.580079, -123.091030396
48.589079, -123.091030396
48.598079, -123.091030396
48.607079, -123.091030396
48.616079, -123.091030396
48.625079, -123.091030396
48.634079, -123.091030396
48.643079, -123.091030396
48.652079, -123.091030396
48.661079, -123.091030396
48.670079, -123.091030396
48.679079, -123.091030396
48.688079, -123.091030396
48.697079, -123.091030396
48.706079, -123.091030396
48.715079, -123.091030396
48.724079, -123.091030396
48.733079, -123.091030396
48.742079, -123.091030396
48.751079, -123.091030396
48.760079, -123.091030396
48.769079, -123.091030396
48.778079, -123.091030396
48.787079, -123.091030396
48.796079, -123.091030396
48.805079, -123.091030396
48.814079, -123.091030396
48.823079, -123.091030396
48.832079, -123.091030396
48.841079, -123.091030396
48.850079, -123.091030396
48.859079, -123.091030396
48.868079, -123.091030396
48.877079, -123.091030396
48.886079, -123.091030396
48.895079, -123.091030396
48.904079, -123.091030396
48.913079, -123.091030396
48.922079, -123.091030396
48.931079, -123.091030396
48.940079, -123.091030396
48.949079, -123.091030396
46.213079, -123.077323638
46.222079, -123.077323638
46.231079, -123.077323638
46.240079, -123.077323638
46.249079, -123.077323638
46.258079, -123.077323638
46.267079, -123.077323638
46.276079, -123.077323638
46.285079, -123.077323638
46.294079, -123.077323638
46.303079, -123.077323638
46.312079, -123.077323638
46.321079, -123.077323638
46.330079, -123.077323638
46.339079, -123.077323638
46.348079, -123.077323638
46.357079, -123.077323638
46.366079, -123.077323638
46.375079, -123.077323638
46.384079, -123.077323638
46.393079, -123.077323638
46.402079, -123.077323638
46.411079, -123.077323638
46.420079, -123.077323638
46.429079, -123.077323638
46.438079, -123.077323638
46.447079, -123.077323638
46.456079, -123.077323638
46.465079, -123.077323638
46.474079, -123.077323638
46.483079, -123.077323638
46.492079, -123.077323638
46.501079, -123.077323638
46.510079, -123.077323638
46.519079, -123.077323638
46.528079, -123.077323638
46.537079, -123.077323638
46.546079, -123.077323638
46.555079, -123.077323638
46.564079, -123.077323638
46.573079, -123.077323638
46.582079, -123.077323638
46.591079, -123.077323638
46.600079, -123.077323638
46.609079, -123.077323638
46.618079, -123.077323638
46.627079, -123.077323638
46.636079, -123.077323638
46.645079, -123.077323638
46.654079, -123.077323638
46.663079, -123.077323638
46.672079, -123.077323638
46.681079, -123.077323638
46.690079, -123.077323638
46.699079, -123.077323638
46.708079, -123.077323638
46.717079, -123.077323638
46.726079, -123.077323638
46.735079, -123.077323638
46.744079, -123.077323638
46.753079, -123.077323638
46.762079, -123.077323638
46.771079, -123.077323638
46.780079, -123.077323638
46.789079, -123.077323638
46.798079, -123.077323638
46.807079, -123.077323638
46.816079, -123.077323638
46.825079, -123.077323638
46.834079, -123.077323638
46.843079, -123.077323638
46.852079, -123.077323638
46.861079, -123.077323638
46.870079, -123.077323638
46.879079, -123.077323638
46.888079, -123.077323638
46.897079, -123.077323638
46.906079, -123.077323638
46.915079, -123.077323638
46.924079, -123.077323638
46.933079, -123.077323638
46.942079, -123.077323638
46.951079, -123.077323638
46.960079, -123.077323638
46.969079, -123.077323638
46.978079, -123.077323638
46.987079, -123.077323638
46.996079, -123.077323638
47.005079, -123.077323638
47.014079, -123.077323638
47.023079, -123.077323638
47.032079, -123.077323638
47.041079, -123.077323638
47.050079, -123.077323638
47.059079, -123.077323638
47.068079, -123.077323638
47.077079, -123.077323638
47.086079, -123.077323638
47.095079, -123.077323638
47.104079, -123.077323638
47.113079, -123.077323638
47.122079, -123.077323638
47.131079, -123.077323638
47.140079, -123.077323638
47.149079, -123.077323638
47.158079, -123.077323638
47.167079, -123.077323638
47.176079, -123.077323638
47.185079, -123.077323638
47.194079, -123.077323638
47.203079, -123.077323638
47.212079, -123.077323638
47.221079, -123.077323638
47.230079, -123.077323638
47.239079, -123.077323638
47.248079, -123.077323638
47.257079, -123.077323638
47.266079, -123.077323638
47.275079, -123.077323638
47.284079, -123.077323638
47.293079, -123.077323638
47.302079, -123.077323638
47.311079, -123.077323638
47.320079, -123.077323638
47.329079, -123.077323638
47.338079, -123.077323638
47.347079, -123.077323638
47.356079, -123.077323638
47.365079, -123.077323638
47.374079, -123.077323638
47.383079, -123.077323638
47.392079, -123.077323638
47.401079, -123.077323638
47.410079, -123.077323638
47.419079, -123.077323638
47.428079, -123.077323638
47.437079, -123.077323638
47.446079, -123.077323638
47.455079, -123.077323638
47.464079, -123.077323638
47.473079, -123.077323638
47.482079, -123.077323638
47.491079, -123.077323638
47.500079, -123.077323638
47.509079, -123.077323638
47.518079, -123.077323638
47.527079, -123.077323638
47.536079, -123.077323638
47.545079, -123.077323638
47.554079, -123.077323638
47.563079, -123.077323638
47.572079, -123.077323638
47.581079, -123.077323638
47.590079, -123.077323638
47.599079, -123.077323638
47.608079, -123.077323638
47.617079, -123.077323638
47.626079, -123.077323638
47.635079, -123.077323638
47.644079, -123.077323638
47.653079, -123.077323638
47.662079, -123.077323638
47.671079, -123.077323638
47.680079, -123.077323638
47.689079, -123.077323638
47.698079, -123.077323638
47.707079, -123.077323638
47.716079, -123.077323638
47.725079, -123.077323638
47.734079, -123.077323638
47.743079, -123.077323638
47.752079, -123.077323638
47.761079, -123.077323638
47.770079, -123.077323638
47.779079, -123.077323638
47.788079, -123.077323638
47.797079, -123.077323638
47.806079, -123.077323638
47.815079, -123.077323638
47.824079, -123.077323638
47.833079, -123.077323638
47.842079, -123.077323638
47.851079, -123.077323638
47.860079, -123.077323638
47.869079, -123.077323638
47.878079, -123.077323638
47.887079, -123.077323638
47.896079, -123.077323638
47.905079, -123.077323638
47.914079, -123.077323638
47.923079, -123.077323638
47.932079, -123.077323638
47.941079, -123.077323638
47.950079, -123.077323638
47.959079, -123.077323638
47.968079, -123.077323638
47.977079, -123.077323638
47.986079, -123.077323638
47.995079, -123.077323638
48.004079, -123.077323638
48.013079, -123.077323638
48.022079, -123.077323638
48.031079, -123.077323638
48.040079, -123.077323638
48.049079, -123.077323638
48.058079, -123.077323638
48.067079, -123.077323638
48.076079, -123.077323638
48.085079, -123.077323638
48.094079, -123.077323638
48.103079, -123.077323638
48.112079, -123.077323638
48.121079, -123.077323638
48.130079, -123.077323638
48.139079, -123.077323638
48.148079, -123.077323638
48.157079, -123.077323638
48.166079, -123.077323638
48.175079, -123.077323638
48.184079, -123.077323638
48.193079, -123.077323638
48.202079, -123.077323638
48.211079, -123.077323638
48.220079, -123.077323638
48.229079, -123.077323638
48.238079, -123.077323638
48.247079, -123.077323638
48.256079, -123.077323638
48.265079, -123.077323638
48.274079, -123.077323638
48.283079, -123.077323638
48.292079, -123.077323638
48.301079, -123.077323638
48.310079, -123.077323638
48.319079, -123.077323638
48.328079, -123.077323638
48.337079, -123.077323638
48.346079, -123.077323638
48.355079, -123.077323638
48.364079, -123.077323638
48.373079, -123.077323638
48.382079, -123.077323638
48.391079, -123.077323638
48.400079, -123.077323638
48.409079, -123.077323638
48.418079, -123.077323638
48.427079, -123.077323638
48.436079, -123.077323638
48.445079, -123.077323638
48.454079, -123.077323638
48.463079, -123.077323638
48.472079, -123.077323638
48.481079, -123.077323638
48.490079, -123.077323638
48.499079, -123.077323638
48.508079, -123.077323638
48.517079, -123.077323638
48.526079, -123.077323638
48.535079, -123.077323638
48.544079, -123.077323638
48.553079, -123.077323638
48.562079, -123.077323638
48.571079, -123.077323638
48.580079, -123.077323638
48.589079, -123.077323638
48.598079, -123.077323638
48.607079, -123.077323638
48.616079, -123.077323638
48.625079, -123.077323638
48.634079, -123.077323638
48.643079, -123.077323638
48.652079, -123.077323638
48.661079, -123.077323638
48.670079, -123.077323638
48.679079, -123.077323638
48.688079, -123.077323638
48.697079, -123.077323638
48.706079, -123.077323638
48.715079, -123.077323638
48.724079, -123.077323638
48.733079, -123.077323638
48.742079, -123.077323638
48.751079, -123.077323638
48.760079, -123.077323638
48.769079, -123.077323638
48.778079, -123.077323638
48.787079, -123.077323638
48.796079, -123.077323638
48.805079, -123.077323638
48.814079, -123.077323638
48.823079, -123.077323638
48.832079, -123.077323638
48.841079, -123.077323638
48.850079, -123.077323638
48.859079, -123.077323638
48.868079, -123.077323638
48.877079, -123.077323638
48.886079, -123.077323638
48.895079, -123.077323638
48.904079, -123.077323638
48.913079, -123.077323638
48.922079, -123.077323638
48.931079, -123.077323638
48.940079, -123.077323638
48.949079, -123.077323638
46.213079, -123.063616879
46.222079, -123.063616879
46.231079, -123.063616879
46.240079, -123.063616879
46.249079, -123.063616879
46.258079, -123.063616879
46.267079, -123.063616879
46.276079, -123.063616879
46.285079, -123.063616879
46.294079, -123.063616879
46.303079, -123.063616879
46.312079, -123.063616879
46.321079, -123.063616879
46.330079, -123.063616879
46.339079, -123.063616879
46.348079, -123.063616879
46.357079, -123.063616879
46.366079, -123.063616879
46.375079, -123.063616879
46.384079, -123.063616879
46.393079, -123.063616879
46.402079, -123.063616879
46.411079, -123.063616879
46.420079, -123.063616879
46.429079, -123.063616879
46.438079, -123.063616879
46.447079, -123.063616879
46.456079, -123.063616879
46.465079, -123.063616879
46.474079, -123.063616879
46.483079, -123.063616879
46.492079, -123.063616879
46.501079, -123.063616879
46.510079, -123.063616879
46.519079, -123.063616879
46.528079, -123.063616879
46.537079, -123.063616879
46.546079, -123.063616879
46.555079, -123.063616879
46.564079, -123.063616879
46.573079, -123.063616879
46.582079, -123.063616879
46.591079, -123.063616879
46.600079, -123.063616879
46.609079, -123.063616879
46.618079, -123.063616879
46.627079, -123.063616879
46.636079, -123.063616879
46.645079, -123.063616879
46.654079, -123.063616879
46.663079, -123.063616879
46.672079, -123.063616879
46.681079, -123.063616879
46.690079, -123.063616879
46.699079, -123.063616879
46.708079, -123.063616879
46.717079, -123.063616879
46.726079, -123.063616879
46.735079, -123.063616879
46.744079, -123.063616879
46.753079, -123.063616879
46.762079, -123.063616879
46.771079, -123.063616879
46.780079, -123.063616879
46.789079, -123.063616879
46.798079, -123.063616879
46.807079, -123.063616879
46.816079, -123.063616879
46.825079, -123.063616879
46.834079, -123.063616879
46.843079, -123.063616879
46.852079, -123.063616879
46.861079, -123.063616879
46.870079, -123.063616879
46.879079, -123.063616879
46.888079, -123.063616879
46.897079, -123.063616879
46.906079, -123.063616879
46.915079, -123.063616879
46.924079, -123.063616879
46.933079, -123.063616879
46.942079, -123.063616879
46.951079, -123.063616879
46.960079, -123.063616879
46.969079, -123.063616879
46.978079, -123.063616879
46.987079, -123.063616879
46.996079, -123.063616879
47.005079, -123.063616879
47.014079, -123.063616879
47.023079, -123.063616879
47.032079, -123.063616879
47.041079, -123.063616879
47.050079, -123.063616879
47.059079, -123.063616879
47.068079, -123.063616879
47.077079, -123.063616879
47.086079, -123.063616879
47.095079, -123.063616879
47.104079, -123.063616879
47.113079, -123.063616879
47.122079, -123.063616879
47.131079, -123.063616879
47.140079, -123.063616879
47.149079, -123.063616879
47.158079, -123.063616879
47.167079, -123.063616879
47.176079, -123.063616879
47.185079, -123.063616879
47.194079, -123.063616879
47.203079, -123.063616879
47.212079, -123.063616879
47.221079, -123.063616879
47.230079, -123.063616879
47.239079, -123.063616879
47.248079, -123.063616879
47.257079, -123.063616879
47.266079, -123.063616879
47.275079, -123.063616879
47.284079, -123.063616879
47.293079, -123.063616879
47.302079, -123.063616879
47.311079, -123.063616879
47.320079, -123.063616879
47.329079, -123.063616879
47.338079, -123.063616879
47.347079, -123.063616879
47.356079, -123.063616879
47.365079, -123.063616879
47.374079, -123.063616879
47.383079, -123.063616879
47.392079, -123.063616879
47.401079, -123.063616879
47.410079, -123.063616879
47.419079, -123.063616879
47.428079, -123.063616879
47.437079, -123.063616879
47.446079, -123.063616879
47.455079, -123.063616879
47.464079, -123.063616879
47.473079, -123.063616879
47.482079, -123.063616879
47.491079, -123.063616879
47.500079, -123.063616879
47.509079, -123.063616879
47.518079, -123.063616879
47.527079, -123.063616879
47.536079, -123.063616879
47.545079, -123.063616879
47.554079, -123.063616879
47.563079, -123.063616879
47.572079, -123.063616879
47.581079, -123.063616879
47.590079, -123.063616879
47.599079, -123.063616879
47.608079, -123.063616879
47.617079, -123.063616879
47.626079, -123.063616879
47.635079, -123.063616879
47.644079, -123.063616879
47.653079, -123.063616879
47.662079, -123.063616879
47.671079, -123.063616879
47.680079, -123.063616879
47.689079, -123.063616879
47.698079, -123.063616879
47.707079, -123.063616879
47.716079, -123.063616879
47.725079, -123.063616879
47.734079, -123.063616879
47.743079, -123.063616879
47.752079, -123.063616879
47.761079, -123.063616879
47.770079, -123.063616879
47.779079, -123.063616879
47.788079, -123.063616879
47.797079, -123.063616879
47.806079, -123.063616879
47.815079, -123.063616879
47.824079, -123.063616879
47.833079, -123.063616879
47.842079, -123.063616879
47.851079, -123.063616879
47.860079, -123.063616879
47.869079, -123.063616879
47.878079, -123.063616879
47.887079, -123.063616879
47.896079, -123.063616879
47.905079, -123.063616879
47.914079, -123.063616879
47.923079, -123.063616879
47.932079, -123.063616879
47.941079, -123.063616879
47.950079, -123.063616879
47.959079, -123.063616879
47.968079, -123.063616879
47.977079, -123.063616879
47.986079, -123.063616879
47.995079, -123.063616879
48.004079, -123.063616879
48.013079, -123.063616879
48.022079, -123.063616879
48.031079, -123.063616879
48.040079, -123.063616879
48.049079, -123.063616879
48.058079, -123.063616879
48.067079, -123.063616879
48.076079, -123.063616879
48.085079, -123.063616879
48.094079, -123.063616879
48.103079, -123.063616879
48.112079, -123.063616879
48.121079, -123.063616879
48.130079, -123.063616879
48.139079, -123.063616879
48.148079, -123.063616879
48.157079, -123.063616879
48.166079, -123.063616879
48.175079, -123.063616879
48.184079, -123.063616879
48.193079, -123.063616879
48.202079, -123.063616879
48.211079, -123.063616879
48.220079, -123.063616879
48.229079, -123.063616879
48.238079, -123.063616879
48.247079, -123.063616879
48.256079, -123.063616879
48.265079, -123.063616879
48.274079, -123.063616879
48.283079, -123.063616879
48.292079, -123.063616879
48.301079, -123.063616879
48.310079, -123.063616879
48.319079, -123.063616879
48.328079, -123.063616879
48.337079, -123.063616879
48.346079, -123.063616879
48.355079, -123.063616879
48.364079, -123.063616879
48.373079, -123.063616879
48.382079, -123.063616879
48.391079, -123.063616879
48.400079, -123.063616879
48.409079, -123.063616879
48.418079, -123.063616879
48.427079, -123.063616879
48.436079, -123.063616879
48.445079, -123.063616879
48.454079, -123.063616879
48.463079, -123.063616879
48.472079, -123.063616879
48.481079, -123.063616879
48.490079, -123.063616879
48.499079, -123.063616879
48.508079, -123.063616879
48.517079, -123.063616879
48.526079, -123.063616879
48.535079, -123.063616879
48.544079, -123.063616879
48.553079, -123.063616879
48.562079, -123.063616879
48.571079, -123.063616879
48.580079, -123.063616879
48.589079, -123.063616879
48.598079, -123.063616879
48.607079, -123.063616879
48.616079, -123.063616879
48.625079, -123.063616879
48.634079, -123.063616879
48.643079, -123.063616879
48.652079, -123.063616879
48.661079, -123.063616879
48.670079, -123.063616879
48.679079, -123.063616879
48.688079, -123.063616879
48.697079, -123.063616879
48.706079, -123.063616879
48.715079, -123.063616879
48.724079, -123.063616879
48.733079, -123.063616879
48.742079, -123.063616879
48.751079, -123.063616879
48.760079, -123.063616879
48.769079, -123.063616879
48.778079, -123.063616879
48.787079, -123.063616879
48.796079, -123.063616879
48.805079, -123.063616879
48.814079, -123.063616879
48.823079, -123.063616879
48.832079, -123.063616879
48.841079, -123.063616879
48.850079, -123.063616879
48.859079, -123.063616879
48.868079, -123.063616879
48.877079, -123.063616879
48.886079, -123.063616879
48.895079, -123.063616879
48.904079, -123.063616879
48.913079, -123.063616879
48.922079, -123.063616879
48.931079, -123.063616879
48.940079, -123.063616879
48.949079, -123.063616879
46.213079, -123.049910121
46.222079, -123.049910121
46.231079, -123.049910121
46.240079, -123.049910121
46.249079, -123.049910121
46.258079, -123.049910121
46.267079, -123.049910121
46.276079, -123.049910121
46.285079, -123.049910121
46.294079, -123.049910121
46.303079, -123.049910121
46.312079, -123.049910121
46.321079, -123.049910121
46.330079, -123.049910121
46.339079, -123.049910121
46.348079, -123.049910121
46.357079, -123.049910121
46.366079, -123.049910121
46.375079, -123.049910121
46.384079, -123.049910121
46.393079, -123.049910121
46.402079, -123.049910121
46.411079, -123.049910121
46.420079, -123.049910121
46.429079, -123.049910121
46.438079, -123.049910121
46.447079, -123.049910121
46.456079, -123.049910121
46.465079, -123.049910121
46.474079, -123.049910121
46.483079, -123.049910121
46.492079, -123.049910121
46.501079, -123.049910121
46.510079, -123.049910121
46.519079, -123.049910121
46.528079, -123.049910121
46.537079, -123.049910121
46.546079, -123.049910121
46.555079, -123.049910121
46.564079, -123.049910121
46.573079, -123.049910121
46.582079, -123.049910121
46.591079, -123.049910121
46.600079, -123.049910121
46.609079, -123.049910121
46.618079, -123.049910121
46.627079, -123.049910121
46.636079, -123.049910121
46.645079, -123.049910121
46.654079, -123.049910121
46.663079, -123.049910121
46.672079, -123.049910121
46.681079, -123.049910121
46.690079, -123.049910121
46.699079, -123.049910121
46.708079, -123.049910121
46.717079, -123.049910121
46.726079, -123.049910121
46.735079, -123.049910121
46.744079, -123.049910121
46.753079, -123.049910121
46.762079, -123.049910121
46.771079, -123.049910121
46.780079, -123.049910121
46.789079, -123.049910121
46.798079, -123.049910121
46.807079, -123.049910121
46.816079, -123.049910121
46.825079, -123.049910121
46.834079, -123.049910121
46.843079, -123.049910121
46.852079, -123.049910121
46.861079, -123.049910121
46.870079, -123.049910121
46.879079, -123.049910121
46.888079, -123.049910121
46.897079, -123.049910121
46.906079, -123.049910121
46.915079, -123.049910121
46.924079, -123.049910121
46.933079, -123.049910121
46.942079, -123.049910121
46.951079, -123.049910121
46.960079, -123.049910121
46.969079, -123.049910121
46.978079, -123.049910121
46.987079, -123.049910121
46.996079, -123.049910121
47.005079, -123.049910121
47.014079, -123.049910121
47.023079, -123.049910121
47.032079, -123.049910121
47.041079, -123.049910121
47.050079, -123.049910121
47.059079, -123.049910121
47.068079, -123.049910121
47.077079, -123.049910121
47.086079, -123.049910121
47.095079, -123.049910121
47.104079, -123.049910121
47.113079, -123.049910121
47.122079, -123.049910121
47.131079, -123.049910121
47.140079, -123.049910121
47.149079, -123.049910121
47.158079, -123.049910121
47.167079, -123.049910121
47.176079, -123.049910121
47.185079, -123.049910121
47.194079, -123.049910121
47.203079, -123.049910121
47.212079, -123.049910121
47.221079, -123.049910121
47.230079, -123.049910121
47.239079, -123.049910121
47.248079, -123.049910121
47.257079, -123.049910121
47.266079, -123.049910121
47.275079, -123.049910121
47.284079, -123.049910121
47.293079, -123.049910121
47.302079, -123.049910121
47.311079, -123.049910121
47.320079, -123.049910121
47.329079, -123.049910121
47.338079, -123.049910121
47.347079, -123.049910121
47.356079, -123.049910121
47.365079, -123.049910121
47.374079, -123.049910121
47.383079, -123.049910121
47.392079, -123.049910121
47.401079, -123.049910121
47.410079, -123.049910121
47.419079, -123.049910121
47.428079, -123.049910121
47.437079, -123.049910121
47.446079, -123.049910121
47.455079, -123.049910121
47.464079, -123.049910121
47.473079, -123.049910121
47.482079, -123.049910121
47.491079, -123.049910121
47.500079, -123.049910121
47.509079, -123.049910121
47.518079, -123.049910121
47.527079, -123.049910121
47.536079, -123.049910121
47.545079, -123.049910121
47.554079, -123.049910121
47.563079, -123.049910121
47.572079, -123.049910121
47.581079, -123.049910121
47.590079, -123.049910121
47.599079, -123.049910121
47.608079, -123.049910121
47.617079, -123.049910121
47.626079, -123.049910121
47.635079, -123.049910121
47.644079, -123.049910121
47.653079, -123.049910121
47.662079, -123.049910121
47.671079, -123.049910121
47.680079, -123.049910121
47.689079, -123.049910121
47.698079, -123.049910121
47.707079, -123.049910121
47.716079, -123.049910121
47.725079, -123.049910121
47.734079, -123.049910121
47.743079, -123.049910121
47.752079, -123.049910121
47.761079, -123.049910121
47.770079, -123.049910121
47.779079, -123.049910121
47.788079, -123.049910121
47.797079, -123.049910121
47.806079, -123.049910121
47.815079, -123.049910121
47.824079, -123.049910121
47.833079, -123.049910121
47.842079, -123.049910121
47.851079, -123.049910121
47.860079, -123.049910121
47.869079, -123.049910121
47.878079, -123.049910121
47.887079, -123.049910121
47.896079, -123.049910121
47.905079, -123.049910121
47.914079, -123.049910121
47.923079, -123.049910121
47.932079, -123.049910121
47.941079, -123.049910121
47.950079, -123.049910121
47.959079, -123.049910121
47.968079, -123.049910121
47.977079, -123.049910121
47.986079, -123.049910121
47.995079, -123.049910121
48.004079, -123.049910121
48.013079, -123.049910121
48.022079, -123.049910121
48.031079, -123.049910121
48.040079, -123.049910121
48.049079, -123.049910121
48.058079, -123.049910121
48.067079, -123.049910121
48.076079, -123.049910121
48.085079, -123.049910121
48.094079, -123.049910121
48.103079, -123.049910121
48.112079, -123.049910121
48.121079, -123.049910121
48.130079, -123.049910121
48.139079, -123.049910121
48.148079, -123.049910121
48.157079, -123.049910121
48.166079, -123.049910121
48.175079, -123.049910121
48.184079, -123.049910121
48.193079, -123.049910121
48.202079, -123.049910121
48.211079, -123.049910121
48.220079, -123.049910121
48.229079, -123.049910121
48.238079, -123.049910121
48.247079, -123.049910121
48.256079, -123.049910121
48.265079, -123.049910121
48.274079, -123.049910121
48.283079, -123.049910121
48.292079, -123.049910121
48.301079, -123.049910121
48.310079, -123.049910121
48.319079, -123.049910121
48.328079, -123.049910121
48.337079, -123.049910121
48.346079, -123.049910121
48.355079, -123.049910121
48.364079, -123.049910121
48.373079, -123.049910121
48.382079, -123.049910121
48.391079, -123.049910121
48.400079, -123.049910121
48.409079, -123.049910121
48.418079, -123.049910121
48.427079, -123.049910121
48.436079, -123.049910121
48.445079, -123.049910121
48.454079, -123.049910121
48.463079, -123.049910121
48.472079, -123.049910121
48.481079, -123.049910121
48.490079, -123.049910121
48.499079, -123.049910121
48.508079, -123.049910121
48.517079, -123.049910121
48.526079, -123.049910121
48.535079, -123.049910121
48.544079, -123.049910121
48.553079, -123.049910121
48.562079, -123.049910121
48.571079, -123.049910121
48.580079, -123.049910121
48.589079, -123.049910121
48.598079, -123.049910121
48.607079, -123.049910121
48.616079, -123.049910121
48.625079, -123.049910121
48.634079, -123.049910121
48.643079, -123.049910121
48.652079, -123.049910121
48.661079, -123.049910121
48.670079, -123.049910121
48.679079, -123.049910121
48.688079, -123.049910121
48.697079, -123.049910121
48.706079, -123.049910121
48.715079, -123.049910121
48.724079, -123.049910121
48.733079, -123.049910121
48.742079, -123.049910121
48.751079, -123.049910121
48.760079, -123.049910121
48.769079, -123.049910121
48.778079, -123.049910121
48.787079, -123.049910121
48.796079, -123.049910121
48.805079, -123.049910121
48.814079, -123.049910121
48.823079, -123.049910121
48.832079, -123.049910121
48.841079, -123.049910121
48.850079, -123.049910121
48.859079, -123.049910121
48.868079, -123.049910121
48.877079, -123.049910121
48.886079, -123.049910121
48.895079, -123.049910121
48.904079, -123.049910121
48.913079, -123.049910121
48.922079, -123.049910121
48.931079, -123.049910121
48.940079, -123.049910121
48.949079, -123.049910121
46.213079, -123.036203362
46.222079, -123.036203362
46.231079, -123.036203362
46.240079, -123.036203362
46.249079, -123.036203362
46.258079, -123.036203362
46.267079, -123.036203362
46.276079, -123.036203362
46.285079, -123.036203362
46.294079, -123.036203362
46.303079, -123.036203362
46.312079, -123.036203362
46.321079, -123.036203362
46.330079, -123.036203362
46.339079, -123.036203362
46.348079, -123.036203362
46.357079, -123.036203362
46.366079, -123.036203362
46.375079, -123.036203362
46.384079, -123.036203362
46.393079, -123.036203362
46.402079, -123.036203362
46.411079, -123.036203362
46.420079, -123.036203362
46.429079, -123.036203362
46.438079, -123.036203362
46.447079, -123.036203362
46.456079, -123.036203362
46.465079, -123.036203362
46.474079, -123.036203362
46.483079, -123.036203362
46.492079, -123.036203362
46.501079, -123.036203362
46.510079, -123.036203362
46.519079, -123.036203362
46.528079, -123.036203362
46.537079, -123.036203362
46.546079, -123.036203362
46.555079, -123.036203362
46.564079, -123.036203362
46.573079, -123.036203362
46.582079, -123.036203362
46.591079, -123.036203362
46.600079, -123.036203362
46.609079, -123.036203362
46.618079, -123.036203362
46.627079, -123.036203362
46.636079, -123.036203362
46.645079, -123.036203362
46.654079, -123.036203362
46.663079, -123.036203362
46.672079, -123.036203362
46.681079, -123.036203362
46.690079, -123.036203362
46.699079, -123.036203362
46.708079, -123.036203362
46.717079, -123.036203362
46.726079, -123.036203362
46.735079, -123.036203362
46.744079, -123.036203362
46.753079, -123.036203362
46.762079, -123.036203362
46.771079, -123.036203362
46.780079, -123.036203362
46.789079, -123.036203362
46.798079, -123.036203362
46.807079, -123.036203362
46.816079, -123.036203362
46.825079, -123.036203362
46.834079, -123.036203362
46.843079, -123.036203362
46.852079, -123.036203362
46.861079, -123.036203362
46.870079, -123.036203362
46.879079, -123.036203362
46.888079, -123.036203362
46.897079, -123.036203362
46.906079, -123.036203362
46.915079, -123.036203362
46.924079, -123.036203362
46.933079, -123.036203362
46.942079, -123.036203362
46.951079, -123.036203362
46.960079, -123.036203362
46.969079, -123.036203362
46.978079, -123.036203362
46.987079, -123.036203362
46.996079, -123.036203362
47.005079, -123.036203362
47.014079, -123.036203362
47.023079, -123.036203362
47.032079, -123.036203362
47.041079, -123.036203362
47.050079, -123.036203362
47.059079, -123.036203362
47.068079, -123.036203362
47.077079, -123.036203362
47.086079, -123.036203362
47.095079, -123.036203362
47.104079, -123.036203362
47.113079, -123.036203362
47.122079, -123.036203362
47.131079, -123.036203362
47.140079, -123.036203362
47.149079, -123.036203362
47.158079, -123.036203362
47.167079, -123.036203362
47.176079, -123.036203362
47.185079, -123.036203362
47.194079, -123.036203362
47.203079, -123.036203362
47.212079, -123.036203362
47.221079, -123.036203362
47.230079, -123.036203362
47.239079, -123.036203362
47.248079, -123.036203362
47.257079, -123.036203362
47.266079, -123.036203362
47.275079, -123.036203362
47.284079, -123.036203362
47.293079, -123.036203362
47.302079, -123.036203362
47.311079, -123.036203362
47.320079, -123.036203362
47.329079, -123.036203362
47.338079, -123.036203362
47.347079, -123.036203362
47.356079, -123.036203362
47.365079, -123.036203362
47.374079, -123.036203362
47.383079, -123.036203362
47.392079, -123.036203362
47.401079, -123.036203362
47.410079, -123.036203362
47.419079, -123.036203362
47.428079, -123.036203362
47.437079, -123.036203362
47.446079, -123.036203362
47.455079, -123.036203362
47.464079, -123.036203362
47.473079, -123.036203362
47.482079, -123.036203362
47.491079, -123.036203362
47.500079, -123.036203362
47.509079, -123.036203362
47.518079, -123.036203362
47.527079, -123.036203362
47.536079, -123.036203362
47.545079, -123.036203362
47.554079, -123.036203362
47.563079, -123.036203362
47.572079, -123.036203362
47.581079, -123.036203362
47.590079, -123.036203362
47.599079, -123.036203362
47.608079, -123.036203362
47.617079, -123.036203362
47.626079, -123.036203362
47.635079, -123.036203362
47.644079, -123.036203362
47.653079, -123.036203362
47.662079, -123.036203362
47.671079, -123.036203362
47.680079, -123.036203362
47.689079, -123.036203362
47.698079, -123.036203362
47.707079, -123.036203362
47.716079, -123.036203362
47.725079, -123.036203362
47.734079, -123.036203362
47.743079, -123.036203362
47.752079, -123.036203362
47.761079, -123.036203362
47.770079, -123.036203362
47.779079, -123.036203362
47.788079, -123.036203362
47.797079, -123.036203362
47.806079, -123.036203362
47.815079, -123.036203362
47.824079, -123.036203362
47.833079, -123.036203362
47.842079, -123.036203362
47.851079, -123.036203362
47.860079, -123.036203362
47.869079, -123.036203362
47.878079, -123.036203362
47.887079, -123.036203362
47.896079, -123.036203362
47.905079, -123.036203362
47.914079, -123.036203362
47.923079, -123.036203362
47.932079, -123.036203362
47.941079, -123.036203362
47.950079, -123.036203362
47.959079, -123.036203362
47.968079, -123.036203362
47.977079, -123.036203362
47.986079, -123.036203362
47.995079, -123.036203362
48.004079, -123.036203362
48.013079, -123.036203362
48.022079, -123.036203362
48.031079, -123.036203362
48.040079, -123.036203362
48.049079, -123.036203362
48.058079, -123.036203362
48.067079, -123.036203362
48.076079, -123.036203362
48.085079, -123.036203362
48.094079, -123.036203362
48.103079, -123.036203362
48.112079, -123.036203362
48.121079, -123.036203362
48.130079, -123.036203362
48.139079, -123.036203362
48.148079, -123.036203362
48.157079, -123.036203362
48.166079, -123.036203362
48.175079, -123.036203362
48.184079, -123.036203362
48.193079, -123.036203362
48.202079, -123.036203362
48.211079, -123.036203362
48.220079, -123.036203362
48.229079, -123.036203362
48.238079, -123.036203362
48.247079, -123.036203362
48.256079, -123.036203362
48.265079, -123.036203362
48.274079, -123.036203362
48.283079, -123.036203362
48.292079, -123.036203362
48.301079, -123.036203362
48.310079, -123.036203362
48.319079, -123.036203362
48.328079, -123.036203362
48.337079, -123.036203362
48.346079, -123.036203362
48.355079, -123.036203362
48.364079, -123.036203362
48.373079, -123.036203362
48.382079, -123.036203362
48.391079, -123.036203362
48.400079, -123.036203362
48.409079, -123.036203362
48.418079, -123.036203362
48.427079, -123.036203362
48.436079, -123.036203362
48.445079, -123.036203362
48.454079, -123.036203362
48.463079, -123.036203362
48.472079, -123.036203362
48.481079, -123.036203362
48.490079, -123.036203362
48.499079, -123.036203362
48.508079, -123.036203362
48.517079, -123.036203362
48.526079, -123.036203362
48.535079, -123.036203362
48.544079, -123.036203362
48.553079, -123.036203362
48.562079, -123.036203362
48.571079, -123.036203362
48.580079, -123.036203362
48.589079, -123.036203362
48.598079, -123.036203362
48.607079, -123.036203362
48.616079, -123.036203362
48.625079, -123.036203362
48.634079, -123.036203362
48.643079, -123.036203362
48.652079, -123.036203362
48.661079, -123.036203362
48.670079, -123.036203362
48.679079, -123.036203362
48.688079, -123.036203362
48.697079, -123.036203362
48.706079, -123.036203362
48.715079, -123.036203362
48.724079, -123.036203362
48.733079, -123.036203362
48.742079, -123.036203362
48.751079, -123.036203362
48.760079, -123.036203362
48.769079, -123.036203362
48.778079, -123.036203362
48.787079, -123.036203362
48.796079, -123.036203362
48.805079, -123.036203362
48.814079, -123.036203362
48.823079, -123.036203362
48.832079, -123.036203362
48.841079, -123.036203362
48.850079, -123.036203362
48.859079, -123.036203362
48.868079, -123.036203362
48.877079, -123.036203362
48.886079, -123.036203362
48.895079, -123.036203362
48.904079, -123.036203362
48.913079, -123.036203362
48.922079, -123.036203362
48.931079, -123.036203362
48.940079, -123.036203362
48.949079, -123.036203362
46.213079, -123.022496604
46.222079, -123.022496604
46.231079, -123.022496604
46.240079, -123.022496604
46.249079, -123.022496604
46.258079, -123.022496604
46.267079, -123.022496604
46.276079, -123.022496604
46.285079, -123.022496604
46.294079, -123.022496604
46.303079, -123.022496604
46.312079, -123.022496604
46.321079, -123.022496604
46.330079, -123.022496604
46.339079, -123.022496604
46.348079, -123.022496604
46.357079, -123.022496604
46.366079, -123.022496604
46.375079, -123.022496604
46.384079, -123.022496604
46.393079, -123.022496604
46.402079, -123.022496604
46.411079, -123.022496604
46.420079, -123.022496604
46.429079, -123.022496604
46.438079, -123.022496604
46.447079, -123.022496604
46.456079, -123.022496604
46.465079, -123.022496604
46.474079, -123.022496604
46.483079, -123.022496604
46.492079, -123.022496604
46.501079, -123.022496604
46.510079, -123.022496604
46.519079, -123.022496604
46.528079, -123.022496604
46.537079, -123.022496604
46.546079, -123.022496604
46.555079, -123.022496604
46.564079, -123.022496604
46.573079, -123.022496604
46.582079, -123.022496604
46.591079, -123.022496604
46.600079, -123.022496604
46.609079, -123.022496604
46.618079, -123.022496604
46.627079, -123.022496604
46.636079, -123.022496604
46.645079, -123.022496604
46.654079, -123.022496604
46.663079, -123.022496604
46.672079, -123.022496604
46.681079, -123.022496604
46.690079, -123.022496604
46.699079, -123.022496604
46.708079, -123.022496604
46.717079, -123.022496604
46.726079, -123.022496604
46.735079, -123.022496604
46.744079, -123.022496604
46.753079, -123.022496604
46.762079, -123.022496604
46.771079, -123.022496604
46.780079, -123.022496604
46.789079, -123.022496604
46.798079, -123.022496604
46.807079, -123.022496604
46.816079, -123.022496604
46.825079, -123.022496604
46.834079, -123.022496604
46.843079, -123.022496604
46.852079, -123.022496604
46.861079, -123.022496604
46.870079, -123.022496604
46.879079, -123.022496604
46.888079, -123.022496604
46.897079, -123.022496604
46.906079, -123.022496604
46.915079, -123.022496604
46.924079, -123.022496604
46.933079, -123.022496604
46.942079, -123.022496604
46.951079, -123.022496604
46.960079, -123.022496604
46.969079, -123.022496604
46.978079, -123.022496604
46.987079, -123.022496604
46.996079, -123.022496604
47.005079, -123.022496604
47.014079, -123.022496604
47.023079, -123.022496604
47.032079, -123.022496604
47.041079, -123.022496604
47.050079, -123.022496604
47.059079, -123.022496604
47.068079, -123.022496604
47.077079, -123.022496604
47.086079, -123.022496604
47.095079, -123.022496604
47.104079, -123.022496604
47.113079, -123.022496604
47.122079, -123.022496604
47.131079, -123.022496604
47.140079, -123.022496604
47.149079, -123.022496604
47.158079, -123.022496604
47.167079, -123.022496604
47.176079, -123.022496604
47.185079, -123.022496604
47.194079, -123.022496604
47.203079, -123.022496604
47.212079, -123.022496604
47.221079, -123.022496604
47.230079, -123.022496604
47.239079, -123.022496604
47.248079, -123.022496604
47.257079, -123.022496604
47.266079, -123.022496604
47.275079, -123.022496604
47.284079, -123.022496604
47.293079, -123.022496604
47.302079, -123.022496604
47.311079, -123.022496604
47.320079, -123.022496604
47.329079, -123.022496604
47.338079, -123.022496604
47.347079, -123.022496604
47.356079, -123.022496604
47.365079, -123.022496604
47.374079, -123.022496604
47.383079, -123.022496604
47.392079, -123.022496604
47.401079, -123.022496604
47.410079, -123.022496604
47.419079, -123.022496604
47.428079, -123.022496604
47.437079, -123.022496604
47.446079, -123.022496604
47.455079, -123.022496604
47.464079, -123.022496604
47.473079, -123.022496604
47.482079, -123.022496604
47.491079, -123.022496604
47.500079, -123.022496604
47.509079, -123.022496604
47.518079, -123.022496604
47.527079, -123.022496604
47.536079, -123.022496604
47.545079, -123.022496604
47.554079, -123.022496604
47.563079, -123.022496604
47.572079, -123.022496604
47.581079, -123.022496604
47.590079, -123.022496604
47.599079, -123.022496604
47.608079, -123.022496604
47.617079, -123.022496604
47.626079, -123.022496604
47.635079, -123.022496604
47.644079, -123.022496604
47.653079, -123.022496604
47.662079, -123.022496604
47.671079, -123.022496604
47.680079, -123.022496604
47.689079, -123.022496604
47.698079, -123.022496604
47.707079, -123.022496604
47.716079, -123.022496604
47.725079, -123.022496604
47.734079, -123.022496604
47.743079, -123.022496604
47.752079, -123.022496604
47.761079, -123.022496604
47.770079, -123.022496604
47.779079, -123.022496604
47.788079, -123.022496604
47.797079, -123.022496604
47.806079, -123.022496604
47.815079, -123.022496604
47.824079, -123.022496604
47.833079, -123.022496604
47.842079, -123.022496604
47.851079, -123.022496604
47.860079, -123.022496604
47.869079, -123.022496604
47.878079, -123.022496604
47.887079, -123.022496604
47.896079, -123.022496604
47.905079, -123.022496604
47.914079, -123.022496604
47.923079, -123.022496604
47.932079, -123.022496604
47.941079, -123.022496604
47.950079, -123.022496604
47.959079, -123.022496604
47.968079, -123.022496604
47.977079, -123.022496604
47.986079, -123.022496604
47.995079, -123.022496604
48.004079, -123.022496604
48.013079, -123.022496604
48.022079, -123.022496604
48.031079, -123.022496604
48.040079, -123.022496604
48.049079, -123.022496604
48.058079, -123.022496604
48.067079, -123.022496604
48.076079, -123.022496604
48.085079, -123.022496604
48.094079, -123.022496604
48.103079, -123.022496604
48.112079, -123.022496604
48.121079, -123.022496604
48.130079, -123.022496604
48.139079, -123.022496604
48.148079, -123.022496604
48.157079, -123.022496604
48.166079, -123.022496604
48.175079, -123.022496604
48.184079, -123.022496604
48.193079, -123.022496604
48.202079, -123.022496604
48.211079, -123.022496604
48.220079, -123.022496604
48.229079, -123.022496604
48.238079, -123.022496604
48.247079, -123.022496604
48.256079, -123.022496604
48.265079, -123.022496604
48.274079, -123.022496604
48.283079, -123.022496604
48.292079, -123.022496604
48.301079, -123.022496604
48.310079, -123.022496604
48.319079, -123.022496604
48.328079, -123.022496604
48.337079, -123.022496604
48.346079, -123.022496604
48.355079, -123.022496604
48.364079, -123.022496604
48.373079, -123.022496604
48.382079, -123.022496604
48.391079, -123.022496604
48.400079, -123.022496604
48.409079, -123.022496604
48.418079, -123.022496604
48.427079, -123.022496604
48.436079, -123.022496604
48.445079, -123.022496604
48.454079, -123.022496604
48.463079, -123.022496604
48.472079, -123.022496604
48.481079, -123.022496604
48.490079, -123.022496604
48.499079, -123.022496604
48.508079, -123.022496604
48.517079, -123.022496604
48.526079, -123.022496604
48.535079, -123.022496604
48.544079, -123.022496604
48.553079, -123.022496604
48.562079, -123.022496604
48.571079, -123.022496604
48.580079, -123.022496604
48.589079, -123.022496604
48.598079, -123.022496604
48.607079, -123.022496604
48.616079, -123.022496604
48.625079, -123.022496604
48.634079, -123.022496604
48.643079, -123.022496604
48.652079, -123.022496604
48.661079, -123.022496604
48.670079, -123.022496604
48.679079, -123.022496604
48.688079, -123.022496604
48.697079, -123.022496604
48.706079, -123.022496604
48.715079, -123.022496604
48.724079, -123.022496604
48.733079, -123.022496604
48.742079, -123.022496604
48.751079, -123.022496604
48.760079, -123.022496604
48.769079, -123.022496604
48.778079, -123.022496604
48.787079, -123.022496604
48.796079, -123.022496604
48.805079, -123.022496604
48.814079, -123.022496604
48.823079, -123.022496604
48.832079, -123.022496604
48.841079, -123.022496604
48.850079, -123.022496604
48.859079, -123.022496604
48.868079, -123.022496604
48.877079, -123.022496604
48.886079, -123.022496604
48.895079, -123.022496604
48.904079, -123.022496604
48.913079, -123.022496604
48.922079, -123.022496604
48.931079, -123.022496604
48.940079, -123.022496604
48.949079, -123.022496604
46.213079, -123.008789845
46.222079, -123.008789845
46.231079, -123.008789845
46.240079, -123.008789845
46.249079, -123.008789845
46.258079, -123.008789845
46.267079, -123.008789845
46.276079, -123.008789845
46.285079, -123.008789845
46.294079, -123.008789845
46.303079, -123.008789845
46.312079, -123.008789845
46.321079, -123.008789845
46.330079, -123.008789845
46.339079, -123.008789845
46.348079, -123.008789845
46.357079, -123.008789845
46.366079, -123.008789845
46.375079, -123.008789845
46.384079, -123.008789845
46.393079, -123.008789845
46.402079, -123.008789845
46.411079, -123.008789845
46.420079, -123.008789845
46.429079, -123.008789845
46.438079, -123.008789845
46.447079, -123.008789845
46.456079, -123.008789845
46.465079, -123.008789845
46.474079, -123.008789845
46.483079, -123.008789845
46.492079, -123.008789845
46.501079, -123.008789845
46.510079, -123.008789845
46.519079, -123.008789845
46.528079, -123.008789845
46.537079, -123.008789845
46.546079, -123.008789845
46.555079, -123.008789845
46.564079, -123.008789845
46.573079, -123.008789845
46.582079, -123.008789845
46.591079, -123.008789845
46.600079, -123.008789845
46.609079, -123.008789845
46.618079, -123.008789845
46.627079, -123.008789845
46.636079, -123.008789845
46.645079, -123.008789845
46.654079, -123.008789845
46.663079, -123.008789845
46.672079, -123.008789845
46.681079, -123.008789845
46.690079, -123.008789845
46.699079, -123.008789845
46.708079, -123.008789845
46.717079, -123.008789845
46.726079, -123.008789845
46.735079, -123.008789845
46.744079, -123.008789845
46.753079, -123.008789845
46.762079, -123.008789845
46.771079, -123.008789845
46.780079, -123.008789845
46.789079, -123.008789845
46.798079, -123.008789845
46.807079, -123.008789845
46.816079, -123.008789845
46.825079, -123.008789845
46.834079, -123.008789845
46.843079, -123.008789845
46.852079, -123.008789845
46.861079, -123.008789845
46.870079, -123.008789845
46.879079, -123.008789845
46.888079, -123.008789845
46.897079, -123.008789845
46.906079, -123.008789845
46.915079, -123.008789845
46.924079, -123.008789845
46.933079, -123.008789845
46.942079, -123.008789845
46.951079, -123.008789845
46.960079, -123.008789845
46.969079, -123.008789845
46.978079, -123.008789845
46.987079, -123.008789845
46.996079, -123.008789845
47.005079, -123.008789845
47.014079, -123.008789845
47.023079, -123.008789845
47.032079, -123.008789845
47.041079, -123.008789845
47.050079, -123.008789845
47.059079, -123.008789845
47.068079, -123.008789845
47.077079, -123.008789845
47.086079, -123.008789845
47.095079, -123.008789845
47.104079, -123.008789845
47.113079, -123.008789845
47.122079, -123.008789845
47.131079, -123.008789845
47.140079, -123.008789845
47.149079, -123.008789845
47.158079, -123.008789845
47.167079, -123.008789845
47.176079, -123.008789845
47.185079, -123.008789845
47.194079, -123.008789845
47.203079, -123.008789845
47.212079, -123.008789845
47.221079, -123.008789845
47.230079, -123.008789845
47.239079, -123.008789845
47.248079, -123.008789845
47.257079, -123.008789845
47.266079, -123.008789845
47.275079, -123.008789845
47.284079, -123.008789845
47.293079, -123.008789845
47.302079, -123.008789845
47.311079, -123.008789845
47.320079, -123.008789845
47.329079, -123.008789845
47.338079, -123.008789845
47.347079, -123.008789845
47.356079, -123.008789845
47.365079, -123.008789845
47.374079, -123.008789845
47.383079, -123.008789845
47.392079, -123.008789845
47.401079, -123.008789845
47.410079, -123.008789845
47.419079, -123.008789845
47.428079, -123.008789845
47.437079, -123.008789845
47.446079, -123.008789845
47.455079, -123.008789845
47.464079, -123.008789845
47.473079, -123.008789845
47.482079, -123.008789845
47.491079, -123.008789845
47.500079, -123.008789845
47.509079, -123.008789845
47.518079, -123.008789845
47.527079, -123.008789845
47.536079, -123.008789845
47.545079, -123.008789845
47.554079, -123.008789845
47.563079, -123.008789845
47.572079, -123.008789845
47.581079, -123.008789845
47.590079, -123.008789845
47.599079, -123.008789845
47.608079, -123.008789845
47.617079, -123.008789845
47.626079, -123.008789845
47.635079, -123.008789845
47.644079, -123.008789845
47.653079, -123.008789845
47.662079, -123.008789845
47.671079, -123.008789845
47.680079, -123.008789845
47.689079, -123.008789845
47.698079, -123.008789845
47.707079, -123.008789845
47.716079, -123.008789845
47.725079, -123.008789845
47.734079, -123.008789845
47.743079, -123.008789845
47.752079, -123.008789845
47.761079, -123.008789845
47.770079, -123.008789845
47.779079, -123.008789845
47.788079, -123.008789845
47.797079, -123.008789845
47.806079, -123.008789845
47.815079, -123.008789845
47.824079, -123.008789845
47.833079, -123.008789845
47.842079, -123.008789845
47.851079, -123.008789845
47.860079, -123.008789845
47.869079, -123.008789845
47.878079, -123.008789845
47.887079, -123.008789845
47.896079, -123.008789845
47.905079, -123.008789845
47.914079, -123.008789845
47.923079, -123.008789845
47.932079, -123.008789845
47.941079, -123.008789845
47.950079, -123.008789845
47.959079, -123.008789845
47.968079, -123.008789845
47.977079, -123.008789845
47.986079, -123.008789845
47.995079, -123.008789845
48.004079, -123.008789845
48.013079, -123.008789845
48.022079, -123.008789845
48.031079, -123.008789845
48.040079, -123.008789845
48.049079, -123.008789845
48.058079, -123.008789845
48.067079, -123.008789845
48.076079, -123.008789845
48.085079, -123.008789845
48.094079, -123.008789845
48.103079, -123.008789845
48.112079, -123.008789845
48.121079, -123.008789845
48.130079, -123.008789845
48.139079, -123.008789845
48.148079, -123.008789845
48.157079, -123.008789845
48.166079, -123.008789845
48.175079, -123.008789845
48.184079, -123.008789845
48.193079, -123.008789845
48.202079, -123.008789845
48.211079, -123.008789845
48.220079, -123.008789845
48.229079, -123.008789845
48.238079, -123.008789845
48.247079, -123.008789845
48.256079, -123.008789845
48.265079, -123.008789845
48.274079, -123.008789845
48.283079, -123.008789845
48.292079, -123.008789845
48.301079, -123.008789845
48.310079, -123.008789845
48.319079, -123.008789845
48.328079, -123.008789845
48.337079, -123.008789845
48.346079, -123.008789845
48.355079, -123.008789845
48.364079, -123.008789845
48.373079, -123.008789845
48.382079, -123.008789845
48.391079, -123.008789845
48.400079, -123.008789845
48.409079, -123.008789845
48.418079, -123.008789845
48.427079, -123.008789845
48.436079, -123.008789845
48.445079, -123.008789845
48.454079, -123.008789845
48.463079, -123.008789845
48.472079, -123.008789845
48.481079, -123.008789845
48.490079, -123.008789845
48.499079, -123.008789845
48.508079, -123.008789845
48.517079, -123.008789845
48.526079, -123.008789845
48.535079, -123.008789845
48.544079, -123.008789845
48.553079, -123.008789845
48.562079, -123.008789845
48.571079, -123.008789845
48.580079, -123.008789845
48.589079, -123.008789845
48.598079, -123.008789845
48.607079, -123.008789845
48.616079, -123.008789845
48.625079, -123.008789845
48.634079, -123.008789845
48.643079, -123.008789845
48.652079, -123.008789845
48.661079, -123.008789845
48.670079, -123.008789845
48.679079, -123.008789845
48.688079, -123.008789845
48.697079, -123.008789845
48.706079, -123.008789845
48.715079, -123.008789845
48.724079, -123.008789845
48.733079, -123.008789845
48.742079, -123.008789845
48.751079, -123.008789845
48.760079, -123.008789845
48.769079, -123.008789845
48.778079, -123.008789845
48.787079, -123.008789845
48.796079, -123.008789845
48.805079, -123.008789845
48.814079, -123.008789845
48.823079, -123.008789845
48.832079, -123.008789845
48.841079, -123.008789845
48.850079, -123.008789845
48.859079, -123.008789845
48.868079, -123.008789845
48.877079, -123.008789845
48.886079, -123.008789845
48.895079, -123.008789845
48.904079, -123.008789845
48.913079, -123.008789845
48.922079, -123.008789845
48.931079, -123.008789845
48.940079, -123.008789845
48.949079, -123.008789845
46.213079, -122.995083087
46.222079, -122.995083087
46.231079, -122.995083087
46.240079, -122.995083087
46.249079, -122.995083087
46.258079, -122.995083087
46.267079, -122.995083087
46.276079, -122.995083087
46.285079, -122.995083087
46.294079, -122.995083087
46.303079, -122.995083087
46.312079, -122.995083087
46.321079, -122.995083087
46.330079, -122.995083087
46.339079, -122.995083087
46.348079, -122.995083087
