48.562079, -119.554686705
48.571079, -119.554686705
48.580079, -119.554686705
48.589079, -119.554686705
48.598079, -119.554686705
48.607079, -119.554686705
48.616079, -119.554686705
48.625079, -119.554686705
48.634079, -119.554686705
48.643079, -119.554686705
48.652079, -119.554686705
48.661079, -119.554686705
48.670079, -119.554686705
48.679079, -119.554686705
48.688079, -119.554686705
48.697079, -119.554686705
48.706079, -119.554686705
48.715079, -119.554686705
48.724079, -119.554686705
48.733079, -119.554686705
48.742079, -119.554686705
48.751079, -119.554686705
48.760079, -119.554686705
48.769079, -119.554686705
48.778079, -119.554686705
48.787079, -119.554686705
48.796079, -119.554686705
48.805079, -119.554686705
48.814079, -119.554686705
48.823079, -119.554686705
48.832079, -119.554686705
48.841079, -119.554686705
48.850079, -119.554686705
48.859079, -119.554686705
48.868079, -119.554686705
48.877079, -119.554686705
48.886079, -119.554686705
48.895079, -119.554686705
48.904079, -119.554686705
48.913079, -119.554686705
48.922079, -119.554686705
48.931079, -119.554686705
48.940079, -119.554686705
48.949079, -119.554686705
46.213079, -119.540979947
46.222079, -119.540979947
46.231079, -119.540979947
46.240079, -119.540979947
46.249079, -119.540979947
46.258079, -119.540979947
46.267079, -119.540979947
46.276079, -119.540979947
46.285079, -119.540979947
46.294079, -119.540979947
46.303079, -119.540979947
46.312079, -119.540979947
46.321079, -119.540979947
46.330079, -119.540979947
46.339079, -119.540979947
46.348079, -119.540979947
46.357079, -119.540979947
46.366079, -119.540979947
46.375079, -119.540979947
46.384079, -119.540979947
46.393079, -119.540979947
46.402079, -119.540979947
46.411079, -119.540979947
46.420079, -119.540979947
46.429079, -119.540979947
46.438079, -119.540979947
46.447079, -119.540979947
46.456079, -119.540979947
46.465079, -119.540979947
46.474079, -119.540979947
46.483079, -119.540979947
46.492079, -119.540979947
46.501079, -119.540979947
46.510079, -119.540979947
46.519079, -119.540979947
46.528079, -119.540979947
46.537079, -119.540979947
46.546079, -119.540979947
46.555079, -119.540979947
46.564079, -119.540979947
46.573079, -119.540979947
46.582079, -119.540979947
46.591079, -119.540979947
46.600079, -119.540979947
46.609079, -119.540979947
46.618079, -119.540979947
46.627079, -119.540979947
46.636079, -119.540979947
46.645079, -119.540979947
46.654079, -119.540979947
46.663079, -119.540979947
46.672079, -119.540979947
46.681079, -119.540979947
46.690079, -119.540979947
46.699079, -119.540979947
46.708079, -119.540979947
46.717079, -119.540979947
46.726079, -119.540979947
46.735079, -119.540979947
46.744079, -119.540979947
46.753079, -119.540979947
46.762079, -119.540979947
46.771079, -119.540979947
46.780079, -119.540979947
46.789079, -119.540979947
46.798079, -119.540979947
46.807079, -119.540979947
46.816079, -119.540979947
46.825079, -119.540979947
46.834079, -119.540979947
46.843079, -119.540979947
46.852079, -119.540979947
46.861079, -119.540979947
46.870079, -119.540979947
46.879079, -119.540979947
46.888079, -119.540979947
46.897079, -119.540979947
46.906079, -119.540979947
46.915079, -119.540979947
46.924079, -119.540979947
46.933079, -119.540979947
46.942079, -119.540979947
46.951079, -119.540979947
46.960079, -119.540979947
46.969079, -119.540979947
46.978079, -119.540979947
46.987079, -119.540979947
46.996079, -119.540979947
47.005079, -119.540979947
47.014079, -119.540979947
47.023079, -119.540979947
47.032079, -119.540979947
47.041079, -119.540979947
47.050079, -119.540979947
47.059079, -119.540979947
47.068079, -119.540979947
47.077079, -119.540979947
47.086079, -119.540979947
47.095079, -119.540979947
47.104079, -119.540979947
47.113079, -119.540979947
47.122079, -119.540979947
47.131079, -119.540979947
47.140079, -119.540979947
47.149079, -119.540979947
47.158079, -119.540979947
47.167079, -119.540979947
47.176079, -119.540979947
47.185079, -119.540979947
47.194079, -119.540979947
47.203079, -119.540979947
47.212079, -119.540979947
47.221079, -119.540979947
47.230079, -119.540979947
47.239079, -119.540979947
47.248079, -119.540979947
47.257079, -119.540979947
47.266079, -119.540979947
47.275079, -119.540979947
47.284079, -119.540979947
47.293079, -119.540979947
47.302079, -119.540979947
47.311079, -119.540979947
47.320079, -119.540979947
47.329079, -119.540979947
47.338079, -119.540979947
47.347079, -119.540979947
47.356079, -119.540979947
47.365079, -119.540979947
47.374079, -119.540979947
47.383079, -119.540979947
47.392079, -119.540979947
47.401079, -119.540979947
47.410079, -119.540979947
47.419079, -119.540979947
47.428079, -119.540979947
47.437079, -119.540979947
47.446079, -119.540979947
47.455079, -119.540979947
47.464079, -119.540979947
47.473079, -119.540979947
47.482079, -119.540979947
47.491079, -119.540979947
47.500079, -119.540979947
47.509079, -119.540979947
47.518079, -119.540979947
47.527079, -119.540979947
47.536079, -119.540979947
47.545079, -119.540979947
47.554079, -119.540979947
47.563079, -119.540979947
47.572079, -119.540979947
47.581079, -119.540979947
47.590079, -119.540979947
47.599079, -119.540979947
47.608079, -119.540979947
47.617079, -119.540979947
47.626079, -119.540979947
47.635079, -119.540979947
47.644079, -119.540979947
47.653079, -119.540979947
47.662079, -119.540979947
47.671079, -119.540979947
47.680079, -119.540979947
47.689079, -119.540979947
47.698079, -119.540979947
47.707079, -119.540979947
47.716079, -119.540979947
47.725079, -119.540979947
47.734079, -119.540979947
47.743079, -119.540979947
47.752079, -119.540979947
47.761079, -119.540979947
47.770079, -119.540979947
47.779079, -119.540979947
47.788079, -119.540979947
47.797079, -119.540979947
47.806079, -119.540979947
47.815079, -119.540979947
47.824079, -119.540979947
47.833079, -119.540979947
47.842079, -119.540979947
47.851079, -119.540979947
47.860079, -119.540979947
47.869079, -119.540979947
47.878079, -119.540979947
47.887079, -119.540979947
47.896079, -119.540979947
47.905079, -119.540979947
47.914079, -119.540979947
47.923079, -119.540979947
47.932079, -119.540979947
47.941079, -119.540979947
47.950079, -119.540979947
47.959079, -119.540979947
47.968079, -119.540979947
47.977079, -119.540979947
47.986079, -119.540979947
47.995079, -119.540979947
48.004079, -119.540979947
48.013079, -119.540979947
48.022079, -119.540979947
48.031079, -119.540979947
48.040079, -119.540979947
48.049079, -119.540979947
48.058079, -119.540979947
48.067079, -119.540979947
48.076079, -119.540979947
48.085079, -119.540979947
48.094079, -119.540979947
48.103079, -119.540979947
48.112079, -119.540979947
48.121079, -119.540979947
48.130079, -119.540979947
48.139079, -119.540979947
48.148079, -119.540979947
48.157079, -119.540979947
48.166079, -119.540979947
48.175079, -119.540979947
48.184079, -119.540979947
48.193079, -119.540979947
48.202079, -119.540979947
48.211079, -119.540979947
48.220079, -119.540979947
48.229079, -119.540979947
48.238079, -119.540979947
48.247079, -119.540979947
48.256079, -119.540979947
48.265079, -119.540979947
48.274079, -119.540979947
48.283079, -119.540979947
48.292079, -119.540979947
48.301079, -119.540979947
48.310079, -119.540979947
48.319079, -119.540979947
48.328079, -119.540979947
48.337079, -119.540979947
48.346079, -119.540979947
48.355079, -119.540979947
48.364079, -119.540979947
48.373079, -119.540979947
48.382079, -119.540979947
48.391079, -119.540979947
48.400079, -119.540979947
48.409079, -119.540979947
48.418079, -119.540979947
48.427079, -119.540979947
48.436079, -119.540979947
48.445079, -119.540979947
48.454079, -119.540979947
48.463079, -119.540979947
48.472079, -119.540979947
48.481079, -119.540979947
48.490079, -119.540979947
48.499079, -119.540979947
48.508079, -119.540979947
48.517079, -119.540979947
48.526079, -119.540979947
48.535079, -119.540979947
48.544079, -119.540979947
48.553079, -119.540979947
48.562079, -119.540979947
48.571079, -119.540979947
48.580079, -119.540979947
48.589079, -119.540979947
48.598079, -119.540979947
48.607079, -119.540979947
48.616079, -119.540979947
48.625079, -119.540979947
48.634079, -119.540979947
48.643079, -119.540979947
48.652079, -119.540979947
48.661079, -119.540979947
48.670079, -119.540979947
48.679079, -119.540979947
48.688079, -119.540979947
48.697079, -119.540979947
48.706079, -119.540979947
48.715079, -119.540979947
48.724079, -119.540979947
48.733079, -119.540979947
48.742079, -119.540979947
48.751079, -119.540979947
48.760079, -119.540979947
48.769079, -119.540979947
48.778079, -119.540979947
48.787079, -119.540979947
48.796079, -119.540979947
48.805079, -119.540979947
48.814079, -119.540979947
48.823079, -119.540979947
48.832079, -119.540979947
48.841079, -119.540979947
48.850079, -119.540979947
48.859079, -119.540979947
48.868079, -119.540979947
48.877079, -119.540979947
48.886079, -119.540979947
48.895079, -119.540979947
48.904079, -119.540979947
48.913079, -119.540979947
48.922079, -119.540979947
48.931079, -119.540979947
48.940079, -119.540979947
48.949079, -119.540979947
46.213079, -119.527273188
46.222079, -119.527273188
46.231079, -119.527273188
46.240079, -119.527273188
46.249079, -119.527273188
46.258079, -119.527273188
46.267079, -119.527273188
46.276079, -119.527273188
46.285079, -119.527273188
46.294079, -119.527273188
46.303079, -119.527273188
46.312079, -119.527273188
46.321079, -119.527273188
46.330079, -119.527273188
46.339079, -119.527273188
46.348079, -119.527273188
46.357079, -119.527273188
46.366079, -119.527273188
46.375079, -119.527273188
46.384079, -119.527273188
46.393079, -119.527273188
46.402079, -119.527273188
46.411079, -119.527273188
46.420079, -119.527273188
46.429079, -119.527273188
46.438079, -119.527273188
46.447079, -119.527273188
46.456079, -119.527273188
46.465079, -119.527273188
46.474079, -119.527273188
46.483079, -119.527273188
46.492079, -119.527273188
46.501079, -119.527273188
46.510079, -119.527273188
46.519079, -119.527273188
46.528079, -119.527273188
46.537079, -119.527273188
46.546079, -119.527273188
46.555079, -119.527273188
46.564079, -119.527273188
46.573079, -119.527273188
46.582079, -119.527273188
46.591079, -119.527273188
46.600079, -119.527273188
46.609079, -119.527273188
46.618079, -119.527273188
46.627079, -119.527273188
46.636079, -119.527273188
46.645079, -119.527273188
46.654079, -119.527273188
46.663079, -119.527273188
46.672079, -119.527273188
46.681079, -119.527273188
46.690079, -119.527273188
46.699079, -119.527273188
46.708079, -119.527273188
46.717079, -119.527273188
46.726079, -119.527273188
46.735079, -119.527273188
46.744079, -119.527273188
46.753079, -119.527273188
46.762079, -119.527273188
46.771079, -119.527273188
46.780079, -119.527273188
46.789079, -119.527273188
46.798079, -119.527273188
46.807079, -119.527273188
46.816079, -119.527273188
46.825079, -119.527273188
46.834079, -119.527273188
46.843079, -119.527273188
46.852079, -119.527273188
46.861079, -119.527273188
46.870079, -119.527273188
46.879079, -119.527273188
46.888079, -119.527273188
46.897079, -119.527273188
46.906079, -119.527273188
46.915079, -119.527273188
46.924079, -119.527273188
46.933079, -119.527273188
46.942079, -119.527273188
46.951079, -119.527273188
46.960079, -119.527273188
46.969079, -119.527273188
46.978079, -119.527273188
46.987079, -119.527273188
46.996079, -119.527273188
47.005079, -119.527273188
47.014079, -119.527273188
47.023079, -119.527273188
47.032079, -119.527273188
47.041079, -119.527273188
47.050079, -119.527273188
47.059079, -119.527273188
47.068079, -119.527273188
47.077079, -119.527273188
47.086079, -119.527273188
47.095079, -119.527273188
47.104079, -119.527273188
47.113079, -119.527273188
47.122079, -119.527273188
47.131079, -119.527273188
47.140079, -119.527273188
47.149079, -119.527273188
47.158079, -119.527273188
47.167079, -119.527273188
47.176079, -119.527273188
47.185079, -119.527273188
47.194079, -119.527273188
47.203079, -119.527273188
47.212079, -119.527273188
47.221079, -119.527273188
47.230079, -119.527273188
47.239079, -119.527273188
47.248079, -119.527273188
47.257079, -119.527273188
47.266079, -119.527273188
47.275079, -119.527273188
47.284079, -119.527273188
47.293079, -119.527273188
47.302079, -119.527273188
47.311079, -119.527273188
47.320079, -119.527273188
47.329079, -119.527273188
47.338079, -119.527273188
47.347079, -119.527273188
47.356079, -119.527273188
47.365079, -119.527273188
47.374079, -119.527273188
47.383079, -119.527273188
47.392079, -119.527273188
47.401079, -119.527273188
47.410079, -119.527273188
47.419079, -119.527273188
47.428079, -119.527273188
47.437079, -119.527273188
47.446079, -119.527273188
47.455079, -119.527273188
47.464079, -119.527273188
47.473079, -119.527273188
47.482079, -119.527273188
47.491079, -119.527273188
47.500079, -119.527273188
47.509079, -119.527273188
47.518079, -119.527273188
47.527079, -119.527273188
47.536079, -119.527273188
47.545079, -119.527273188
47.554079, -119.527273188
47.563079, -119.527273188
47.572079, -119.527273188
47.581079, -119.527273188
47.590079, -119.527273188
47.599079, -119.527273188
47.608079, -119.527273188
47.617079, -119.527273188
47.626079, -119.527273188
47.635079, -119.527273188
47.644079, -119.527273188
47.653079, -119.527273188
47.662079, -119.527273188
47.671079, -119.527273188
47.680079, -119.527273188
47.689079, -119.527273188
47.698079, -119.527273188
47.707079, -119.527273188
47.716079, -119.527273188
47.725079, -119.527273188
47.734079, -119.527273188
47.743079, -119.527273188
47.752079, -119.527273188
47.761079, -119.527273188
47.770079, -119.527273188
47.779079, -119.527273188
47.788079, -119.527273188
47.797079, -119.527273188
47.806079, -119.527273188
47.815079, -119.527273188
47.824079, -119.527273188
47.833079, -119.527273188
47.842079, -119.527273188
47.851079, -119.527273188
47.860079, -119.527273188
47.869079, -119.527273188
47.878079, -119.527273188
47.887079, -119.527273188
47.896079, -119.527273188
47.905079, -119.527273188
47.914079, -119.527273188
47.923079, -119.527273188
47.932079, -119.527273188
47.941079, -119.527273188
47.950079, -119.527273188
47.959079, -119.527273188
47.968079, -119.527273188
47.977079, -119.527273188
47.986079, -119.527273188
47.995079, -119.527273188
48.004079, -119.527273188
48.013079, -119.527273188
48.022079, -119.527273188
48.031079, -119.527273188
48.040079, -119.527273188
48.049079, -119.527273188
48.058079, -119.527273188
48.067079, -119.527273188
48.076079, -119.527273188
48.085079, -119.527273188
48.094079, -119.527273188
48.103079, -119.527273188
48.112079, -119.527273188
48.121079, -119.527273188
48.130079, -119.527273188
48.139079, -119.527273188
48.148079, -119.527273188
48.157079, -119.527273188
48.166079, -119.527273188
48.175079, -119.527273188
48.184079, -119.527273188
48.193079, -119.527273188
48.202079, -119.527273188
48.211079, -119.527273188
48.220079, -119.527273188
48.229079, -119.527273188
48.238079, -119.527273188
48.247079, -119.527273188
48.256079, -119.527273188
48.265079, -119.527273188
48.274079, -119.527273188
48.283079, -119.527273188
48.292079, -119.527273188
48.301079, -119.527273188
48.310079, -119.527273188
48.319079, -119.527273188
48.328079, -119.527273188
48.337079, -119.527273188
48.346079, -119.527273188
48.355079, -119.527273188
48.364079, -119.527273188
48.373079, -119.527273188
48.382079, -119.527273188
48.391079, -119.527273188
48.400079, -119.527273188
48.409079, -119.527273188
48.418079, -119.527273188
48.427079, -119.527273188
48.436079, -119.527273188
48.445079, -119.527273188
48.454079, -119.527273188
48.463079, -119.527273188
48.472079, -119.527273188
48.481079, -119.527273188
48.490079, -119.527273188
48.499079, -119.527273188
48.508079, -119.527273188
48.517079, -119.527273188
48.526079, -119.527273188
48.535079, -119.527273188
48.544079, -119.527273188
48.553079, -119.527273188
48.562079, -119.527273188
48.571079, -119.527273188
48.580079, -119.527273188
48.589079, -119.527273188
48.598079, -119.527273188
48.607079, -119.527273188
48.616079, -119.527273188
48.625079, -119.527273188
48.634079, -119.527273188
48.643079, -119.527273188
48.652079, -119.527273188
48.661079, -119.527273188
48.670079, -119.527273188
48.679079, -119.527273188
48.688079, -119.527273188
48.697079, -119.527273188
48.706079, -119.527273188
48.715079, -119.527273188
48.724079, -119.527273188
48.733079, -119.527273188
48.742079, -119.527273188
48.751079, -119.527273188
48.760079, -119.527273188
48.769079, -119.527273188
48.778079, -119.527273188
48.787079, -119.527273188
48.796079, -119.527273188
48.805079, -119.527273188
48.814079, -119.527273188
48.823079, -119.527273188
48.832079, -119.527273188
48.841079, -119.527273188
48.850079, -119.527273188
48.859079, -119.527273188
48.868079, -119.527273188
48.877079, -119.527273188
48.886079, -119.527273188
48.895079, -119.527273188
48.904079, -119.527273188
48.913079, -119.527273188
48.922079, -119.527273188
48.931079, -119.527273188
48.940079, -119.527273188
48.949079, -119.527273188
46.213079, -119.51356643
46.222079, -119.51356643
46.231079, -119.51356643
46.240079, -119.51356643
46.249079, -119.51356643
46.258079, -119.51356643
46.267079, -119.51356643
46.276079, -119.51356643
46.285079, -119.51356643
46.294079, -119.51356643
46.303079, -119.51356643
46.312079, -119.51356643
46.321079, -119.51356643
46.330079, -119.51356643
46.339079, -119.51356643
46.348079, -119.51356643
46.357079, -119.51356643
46.366079, -119.51356643
46.375079, -119.51356643
46.384079, -119.51356643
46.393079, -119.51356643
46.402079, -119.51356643
46.411079, -119.51356643
46.420079, -119.51356643
46.429079, -119.51356643
46.438079, -119.51356643
46.447079, -119.51356643
46.456079, -119.51356643
46.465079, -119.51356643
46.474079, -119.51356643
46.483079, -119.51356643
46.492079, -119.51356643
46.501079, -119.51356643
46.510079, -119.51356643
46.519079, -119.51356643
46.528079, -119.51356643
46.537079, -119.51356643
46.546079, -119.51356643
46.555079, -119.51356643
46.564079, -119.51356643
46.573079, -119.51356643
46.582079, -119.51356643
46.591079, -119.51356643
46.600079, -119.51356643
46.609079, -119.51356643
46.618079, -119.51356643
46.627079, -119.51356643
46.636079, -119.51356643
46.645079, -119.51356643
46.654079, -119.51356643
46.663079, -119.51356643
46.672079, -119.51356643
46.681079, -119.51356643
46.690079, -119.51356643
46.699079, -119.51356643
46.708079, -119.51356643
46.717079, -119.51356643
46.726079, -119.51356643
46.735079, -119.51356643
46.744079, -119.51356643
46.753079, -119.51356643
46.762079, -119.51356643
46.771079, -119.51356643
46.780079, -119.51356643
46.789079, -119.51356643
46.798079, -119.51356643
46.807079, -119.51356643
46.816079, -119.51356643
46.825079, -119.51356643
46.834079, -119.51356643
46.843079, -119.51356643
46.852079, -119.51356643
46.861079, -119.51356643
46.870079, -119.51356643
46.879079, -119.51356643
46.888079, -119.51356643
46.897079, -119.51356643
46.906079, -119.51356643
46.915079, -119.51356643
46.924079, -119.51356643
46.933079, -119.51356643
46.942079, -119.51356643
46.951079, -119.51356643
46.960079, -119.51356643
46.969079, -119.51356643
46.978079, -119.51356643
46.987079, -119.51356643
46.996079, -119.51356643
47.005079, -119.51356643
47.014079, -119.51356643
47.023079, -119.51356643
47.032079, -119.51356643
47.041079, -119.51356643
47.050079, -119.51356643
47.059079, -119.51356643
47.068079, -119.51356643
47.077079, -119.51356643
47.086079, -119.51356643
47.095079, -119.51356643
47.104079, -119.51356643
47.113079, -119.51356643
47.122079, -119.51356643
47.131079, -119.51356643
47.140079, -119.51356643
47.149079, -119.51356643
47.158079, -119.51356643
47.167079, -119.51356643
47.176079, -119.51356643
47.185079, -119.51356643
47.194079, -119.51356643
47.203079, -119.51356643
47.212079, -119.51356643
47.221079, -119.51356643
47.230079, -119.51356643
47.239079, -119.51356643
47.248079, -119.51356643
47.257079, -119.51356643
47.266079, -119.51356643
47.275079, -119.51356643
47.284079, -119.51356643
47.293079, -119.51356643
47.302079, -119.51356643
47.311079, -119.51356643
47.320079, -119.51356643
47.329079, -119.51356643
47.338079, -119.51356643
47.347079, -119.51356643
47.356079, -119.51356643
47.365079, -119.51356643
47.374079, -119.51356643
47.383079, -119.51356643
47.392079, -119.51356643
47.401079, -119.51356643
47.410079, -119.51356643
47.419079, -119.51356643
47.428079, -119.51356643
47.437079, -119.51356643
47.446079, -119.51356643
47.455079, -119.51356643
47.464079, -119.51356643
47.473079, -119.51356643
47.482079, -119.51356643
47.491079, -119.51356643
47.500079, -119.51356643
47.509079, -119.51356643
47.518079, -119.51356643
47.527079, -119.51356643
47.536079, -119.51356643
47.545079, -119.51356643
47.554079, -119.51356643
47.563079, -119.51356643
47.572079, -119.51356643
47.581079, -119.51356643
47.590079, -119.51356643
47.599079, -119.51356643
47.608079, -119.51356643
47.617079, -119.51356643
47.626079, -119.51356643
47.635079, -119.51356643
47.644079, -119.51356643
47.653079, -119.51356643
47.662079, -119.51356643
47.671079, -119.51356643
47.680079, -119.51356643
47.689079, -119.51356643
47.698079, -119.51356643
47.707079, -119.51356643
47.716079, -119.51356643
47.725079, -119.51356643
47.734079, -119.51356643
47.743079, -119.51356643
47.752079, -119.51356643
47.761079, -119.51356643
47.770079, -119.51356643
47.779079, -119.51356643
47.788079, -119.51356643
47.797079, -119.51356643
47.806079, -119.51356643
47.815079, -119.51356643
47.824079, -119.51356643
47.833079, -119.51356643
47.842079, -119.51356643
47.851079, -119.51356643
47.860079, -119.51356643
47.869079, -119.51356643
47.878079, -119.51356643
47.887079, -119.51356643
47.896079, -119.51356643
47.905079, -119.51356643
47.914079, -119.51356643
47.923079, -119.51356643
47.932079, -119.51356643
47.941079, -119.51356643
47.950079, -119.51356643
47.959079, -119.51356643
47.968079, -119.51356643
47.977079, -119.51356643
47.986079, -119.51356643
47.995079, -119.51356643
48.004079, -119.51356643
48.013079, -119.51356643
48.022079, -119.51356643
48.031079, -119.51356643
48.040079, -119.51356643
48.049079, -119.51356643
48.058079, -119.51356643
48.067079, -119.51356643
48.076079, -119.51356643
48.085079, -119.51356643
48.094079, -119.51356643
48.103079, -119.51356643
48.112079, -119.51356643
48.121079, -119.51356643
48.130079, -119.51356643
48.139079, -119.51356643
48.148079, -119.51356643
48.157079, -119.51356643
48.166079, -119.51356643
48.175079, -119.51356643
48.184079, -119.51356643
48.193079, -119.51356643
48.202079, -119.51356643
48.211079, -119.51356643
48.220079, -119.51356643
48.229079, -119.51356643
48.238079, -119.51356643
48.247079, -119.51356643
48.256079, -119.51356643
48.265079, -119.51356643
48.274079, -119.51356643
48.283079, -119.51356643
48.292079, -119.51356643
48.301079, -119.51356643
48.310079, -119.51356643
48.319079, -119.51356643
48.328079, -119.51356643
48.337079, -119.51356643
48.346079, -119.51356643
48.355079, -119.51356643
48.364079, -119.51356643
48.373079, -119.51356643
48.382079, -119.51356643
48.391079, -119.51356643
48.400079, -119.51356643
48.409079, -119.51356643
48.418079, -119.51356643
48.427079, -119.51356643
48.436079, -119.51356643
48.445079, -119.51356643
48.454079, -119.51356643
48.463079, -119.51356643
48.472079, -119.51356643
48.481079, -119.51356643
48.490079, -119.51356643
48.499079, -119.51356643
48.508079, -119.51356643
48.517079, -119.51356643
48.526079, -119.51356643
48.535079, -119.51356643
48.544079, -119.51356643
48.553079, -119.51356643
48.562079, -119.51356643
48.571079, -119.51356643
48.580079, -119.51356643
48.589079, -119.51356643
48.598079, -119.51356643
48.607079, -119.51356643
48.616079, -119.51356643
48.625079, -119.51356643
48.634079, -119.51356643
48.643079, -119.51356643
48.652079, -119.51356643
48.661079, -119.51356643
48.670079, -119.51356643
48.679079, -119.51356643
48.688079, -119.51356643
48.697079, -119.51356643
48.706079, -119.51356643
48.715079, -119.51356643
48.724079, -119.51356643
48.733079, -119.51356643
48.742079, -119.51356643
48.751079, -119.51356643
48.760079, -119.51356643
48.769079, -119.51356643
48.778079, -119.51356643
48.787079, -119.51356643
48.796079, -119.51356643
48.805079, -119.51356643
48.814079, -119.51356643
48.823079, -119.51356643
48.832079, -119.51356643
48.841079, -119.51356643
48.850079, -119.51356643
48.859079, -119.51356643
48.868079, -119.51356643
48.877079, -119.51356643
48.886079, -119.51356643
48.895079, -119.51356643
48.904079, -119.51356643
48.913079, -119.51356643
48.922079, -119.51356643
48.931079, -119.51356643
48.940079, -119.51356643
48.949079, -119.51356643
46.213079, -119.499859671
46.222079, -119.499859671
46.231079, -119.499859671
46.240079, -119.499859671
46.249079, -119.499859671
46.258079, -119.499859671
46.267079, -119.499859671
46.276079, -119.499859671
46.285079, -119.499859671
46.294079, -119.499859671
46.303079, -119.499859671
46.312079, -119.499859671
46.321079, -119.499859671
46.330079, -119.499859671
46.339079, -119.499859671
46.348079, -119.499859671
46.357079, -119.499859671
46.366079, -119.499859671
46.375079, -119.499859671
46.384079, -119.499859671
46.393079, -119.499859671
46.402079, -119.499859671
46.411079, -119.499859671
46.420079, -119.499859671
46.429079, -119.499859671
46.438079, -119.499859671
46.447079, -119.499859671
46.456079, -119.499859671
46.465079, -119.499859671
46.474079, -119.499859671
46.483079, -119.499859671
46.492079, -119.499859671
46.501079, -119.499859671
46.510079, -119.499859671
46.519079, -119.499859671
46.528079, -119.499859671
46.537079, -119.499859671
46.546079, -119.499859671
46.555079, -119.499859671
46.564079, -119.499859671
46.573079, -119.499859671
46.582079, -119.499859671
46.591079, -119.499859671
46.600079, -119.499859671
46.609079, -119.499859671
46.618079, -119.499859671
46.627079, -119.499859671
46.636079, -119.499859671
46.645079, -119.499859671
46.654079, -119.499859671
46.663079, -119.499859671
46.672079, -119.499859671
46.681079, -119.499859671
46.690079, -119.499859671
46.699079, -119.499859671
46.708079, -119.499859671
46.717079, -119.499859671
46.726079, -119.499859671
46.735079, -119.499859671
46.744079, -119.499859671
46.753079, -119.499859671
46.762079, -119.499859671
46.771079, -119.499859671
46.780079, -119.499859671
46.789079, -119.499859671
46.798079, -119.499859671
46.807079, -119.499859671
46.816079, -119.499859671
46.825079, -119.499859671
46.834079, -119.499859671
46.843079, -119.499859671
46.852079, -119.499859671
46.861079, -119.499859671
46.870079, -119.499859671
46.879079, -119.499859671
46.888079, -119.499859671
46.897079, -119.499859671
46.906079, -119.499859671
46.915079, -119.499859671
46.924079, -119.499859671
46.933079, -119.499859671
46.942079, -119.499859671
46.951079, -119.499859671
46.960079, -119.499859671
46.969079, -119.499859671
46.978079, -119.499859671
46.987079, -119.499859671
46.996079, -119.499859671
47.005079, -119.499859671
47.014079, -119.499859671
47.023079, -119.499859671
47.032079, -119.499859671
47.041079, -119.499859671
47.050079, -119.499859671
47.059079, -119.499859671
47.068079, -119.499859671
47.077079, -119.499859671
47.086079, -119.499859671
47.095079, -119.499859671
47.104079, -119.499859671
47.113079, -119.499859671
47.122079, -119.499859671
47.131079, -119.499859671
47.140079, -119.499859671
47.149079, -119.499859671
47.158079, -119.499859671
47.167079, -119.499859671
47.176079, -119.499859671
47.185079, -119.499859671
47.194079, -119.499859671
47.203079, -119.499859671
47.212079, -119.499859671
47.221079, -119.499859671
47.230079, -119.499859671
47.239079, -119.499859671
47.248079, -119.499859671
47.257079, -119.499859671
47.266079, -119.499859671
47.275079, -119.499859671
47.284079, -119.499859671
47.293079, -119.499859671
47.302079, -119.499859671
47.311079, -119.499859671
47.320079, -119.499859671
47.329079, -119.499859671
47.338079, -119.499859671
47.347079, -119.499859671
47.356079, -119.499859671
47.365079, -119.499859671
47.374079, -119.499859671
47.383079, -119.499859671
47.392079, -119.499859671
47.401079, -119.499859671
47.410079, -119.499859671
47.419079, -119.499859671
47.428079, -119.499859671
47.437079, -119.499859671
47.446079, -119.499859671
47.455079, -119.499859671
47.464079, -119.499859671
47.473079, -119.499859671
47.482079, -119.499859671
47.491079, -119.499859671
47.500079, -119.499859671
47.509079, -119.499859671
47.518079, -119.499859671
47.527079, -119.499859671
47.536079, -119.499859671
47.545079, -119.499859671
47.554079, -119.499859671
47.563079, -119.499859671
47.572079, -119.499859671
47.581079, -119.499859671
47.590079, -119.499859671
47.599079, -119.499859671
47.608079, -119.499859671
47.617079, -119.499859671
47.626079, -119.499859671
47.635079, -119.499859671
47.644079, -119.499859671
47.653079, -119.499859671
47.662079, -119.499859671
47.671079, -119.499859671
47.680079, -119.499859671
47.689079, -119.499859671
47.698079, -119.499859671
47.707079, -119.499859671
47.716079, -119.499859671
47.725079, -119.499859671
47.734079, -119.499859671
47.743079, -119.499859671
47.752079, -119.499859671
47.761079, -119.499859671
47.770079, -119.499859671
47.779079, -119.499859671
47.788079, -119.499859671
47.797079, -119.499859671
47.806079, -119.499859671
47.815079, -119.499859671
47.824079, -119.499859671
47.833079, -119.499859671
47.842079, -119.499859671
47.851079, -119.499859671
47.860079, -119.499859671
47.869079, -119.499859671
47.878079, -119.499859671
47.887079, -119.499859671
47.896079, -119.499859671
47.905079, -119.499859671
47.914079, -119.499859671
47.923079, -119.499859671
47.932079, -119.499859671
47.941079, -119.499859671
47.950079, -119.499859671
47.959079, -119.499859671
47.968079, -119.499859671
47.977079, -119.499859671
47.986079, -119.499859671
47.995079, -119.499859671
48.004079, -119.499859671
48.013079, -119.499859671
48.022079, -119.499859671
48.031079, -119.499859671
48.040079, -119.499859671
48.049079, -119.499859671
48.058079, -119.499859671
48.067079, -119.499859671
48.076079, -119.499859671
48.085079, -119.499859671
48.094079, -119.499859671
48.103079, -119.499859671
48.112079, -119.499859671
48.121079, -119.499859671
48.130079, -119.499859671
48.139079, -119.499859671
48.148079, -119.499859671
48.157079, -119.499859671
48.166079, -119.499859671
48.175079, -119.499859671
48.184079, -119.499859671
48.193079, -119.499859671
48.202079, -119.499859671
48.211079, -119.499859671
48.220079, -119.499859671
48.229079, -119.499859671
48.238079, -119.499859671
48.247079, -119.499859671
48.256079, -119.499859671
48.265079, -119.499859671
48.274079, -119.499859671
48.283079, -119.499859671
48.292079, -119.499859671
48.301079, -119.499859671
48.310079, -119.499859671
48.319079, -119.499859671
48.328079, -119.499859671
48.337079, -119.499859671
48.346079, -119.499859671
48.355079, -119.499859671
48.364079, -119.499859671
48.373079, -119.499859671
48.382079, -119.499859671
48.391079, -119.499859671
48.400079, -119.499859671
48.409079, -119.499859671
48.418079, -119.499859671
48.427079, -119.499859671
48.436079, -119.499859671
48.445079, -119.499859671
48.454079, -119.499859671
48.463079, -119.499859671
48.472079, -119.499859671
48.481079, -119.499859671
48.490079, -119.499859671
48.499079, -119.499859671
48.508079, -119.499859671
48.517079, -119.499859671
48.526079, -119.499859671
48.535079, -119.499859671
48.544079, -119.499859671
48.553079, -119.499859671
48.562079, -119.499859671
48.571079, -119.499859671
48.580079, -119.499859671
48.589079, -119.499859671
48.598079, -119.499859671
48.607079, -119.499859671
48.616079, -119.499859671
48.625079, -119.499859671
48.634079, -119.499859671
48.643079, -119.499859671
48.652079, -119.499859671
48.661079, -119.499859671
48.670079, -119.499859671
48.679079, -119.499859671
48.688079, -119.499859671
48.697079, -119.499859671
48.706079, -119.499859671
48.715079, -119.499859671
48.724079, -119.499859671
48.733079, -119.499859671
48.742079, -119.499859671
48.751079, -119.499859671
48.760079, -119.499859671
48.769079, -119.499859671
48.778079, -119.499859671
48.787079, -119.499859671
48.796079, -119.499859671
48.805079, -119.499859671
48.814079, -119.499859671
48.823079, -119.499859671
48.832079, -119.499859671
48.841079, -119.499859671
48.850079, -119.499859671
48.859079, -119.499859671
48.868079, -119.499859671
48.877079, -119.499859671
48.886079, -119.499859671
48.895079, -119.499859671
48.904079, -119.499859671
48.913079, -119.499859671
48.922079, -119.499859671
48.931079, -119.499859671
48.940079, -119.499859671
48.949079, -119.499859671
46.213079, -119.486152913
46.222079, -119.486152913
46.231079, -119.486152913
46.240079, -119.486152913
46.249079, -119.486152913
46.258079, -119.486152913
46.267079, -119.486152913
46.276079, -119.486152913
46.285079, -119.486152913
46.294079, -119.486152913
46.303079, -119.486152913
46.312079, -119.486152913
46.321079, -119.486152913
46.330079, -119.486152913
46.339079, -119.486152913
46.348079, -119.486152913
46.357079, -119.486152913
46.366079, -119.486152913
46.375079, -119.486152913
46.384079, -119.486152913
46.393079, -119.486152913
46.402079, -119.486152913
46.411079, -119.486152913
46.420079, -119.486152913
46.429079, -119.486152913
46.438079, -119.486152913
46.447079, -119.486152913
46.456079, -119.486152913
46.465079, -119.486152913
46.474079, -119.486152913
46.483079, -119.486152913
46.492079, -119.486152913
46.501079, -119.486152913
46.510079, -119.486152913
46.519079, -119.486152913
46.528079, -119.486152913
46.537079, -119.486152913
46.546079, -119.486152913
46.555079, -119.486152913
46.564079, -119.486152913
46.573079, -119.486152913
46.582079, -119.486152913
46.591079, -119.486152913
46.600079, -119.486152913
46.609079, -119.486152913
46.618079, -119.486152913
46.627079, -119.486152913
46.636079, -119.486152913
46.645079, -119.486152913
46.654079, -119.486152913
46.663079, -119.486152913
46.672079, -119.486152913
46.681079, -119.486152913
46.690079, -119.486152913
46.699079, -119.486152913
46.708079, -119.486152913
46.717079, -119.486152913
46.726079, -119.486152913
46.735079, -119.486152913
46.744079, -119.486152913
46.753079, -119.486152913
46.762079, -119.486152913
46.771079, -119.486152913
46.780079, -119.486152913
46.789079, -119.486152913
46.798079, -119.486152913
46.807079, -119.486152913
46.816079, -119.486152913
46.825079, -119.486152913
46.834079, -119.486152913
46.843079, -119.486152913
46.852079, -119.486152913
46.861079, -119.486152913
46.870079, -119.486152913
46.879079, -119.486152913
46.888079, -119.486152913
46.897079, -119.486152913
46.906079, -119.486152913
46.915079, -119.486152913
46.924079, -119.486152913
46.933079, -119.486152913
46.942079, -119.486152913
46.951079, -119.486152913
46.960079, -119.486152913
46.969079, -119.486152913
46.978079, -119.486152913
46.987079, -119.486152913
46.996079, -119.486152913
47.005079, -119.486152913
47.014079, -119.486152913
47.023079, -119.486152913
47.032079, -119.486152913
47.041079, -119.486152913
47.050079, -119.486152913
47.059079, -119.486152913
47.068079, -119.486152913
47.077079, -119.486152913
47.086079, -119.486152913
47.095079, -119.486152913
47.104079, -119.486152913
47.113079, -119.486152913
47.122079, -119.486152913
47.131079, -119.486152913
47.140079, -119.486152913
47.149079, -119.486152913
47.158079, -119.486152913
47.167079, -119.486152913
47.176079, -119.486152913
47.185079, -119.486152913
47.194079, -119.486152913
47.203079, -119.486152913
47.212079, -119.486152913
47.221079, -119.486152913
47.230079, -119.486152913
47.239079, -119.486152913
47.248079, -119.486152913
47.257079, -119.486152913
47.266079, -119.486152913
47.275079, -119.486152913
47.284079, -119.486152913
47.293079, -119.486152913
47.302079, -119.486152913
47.311079, -119.486152913
47.320079, -119.486152913
47.329079, -119.486152913
47.338079, -119.486152913
47.347079, -119.486152913
47.356079, -119.486152913
47.365079, -119.486152913
47.374079, -119.486152913
47.383079, -119.486152913
47.392079, -119.486152913
47.401079, -119.486152913
47.410079, -119.486152913
47.419079, -119.486152913
47.428079, -119.486152913
47.437079, -119.486152913
47.446079, -119.486152913
47.455079, -119.486152913
47.464079, -119.486152913
47.473079, -119.486152913
47.482079, -119.486152913
47.491079, -119.486152913
47.500079, -119.486152913
47.509079, -119.486152913
47.518079, -119.486152913
47.527079, -119.486152913
47.536079, -119.486152913
47.545079, -119.486152913
47.554079, -119.486152913
47.563079, -119.486152913
47.572079, -119.486152913
47.581079, -119.486152913
47.590079, -119.486152913
47.599079, -119.486152913
47.608079, -119.486152913
47.617079, -119.486152913
47.626079, -119.486152913
47.635079, -119.486152913
47.644079, -119.486152913
47.653079, -119.486152913
47.662079, -119.486152913
47.671079, -119.486152913
47.680079, -119.486152913
47.689079, -119.486152913
47.698079, -119.486152913
47.707079, -119.486152913
47.716079, -119.486152913
47.725079, -119.486152913
47.734079, -119.486152913
47.743079, -119.486152913
47.752079, -119.486152913
47.761079, -119.486152913
47.770079, -119.486152913
47.779079, -119.486152913
47.788079, -119.486152913
47.797079, -119.486152913
47.806079, -119.486152913
47.815079, -119.486152913
47.824079, -119.486152913
47.833079, -119.486152913
47.842079, -119.486152913
47.851079, -119.486152913
47.860079, -119.486152913
47.869079, -119.486152913
47.878079, -119.486152913
47.887079, -119.486152913
47.896079, -119.486152913
47.905079, -119.486152913
47.914079, -119.486152913
47.923079, -119.486152913
47.932079, -119.486152913
47.941079, -119.486152913
47.950079, -119.486152913
47.959079, -119.486152913
47.968079, -119.486152913
47.977079, -119.486152913
47.986079, -119.486152913
47.995079, -119.486152913
48.004079, -119.486152913
48.013079, -119.486152913
48.022079, -119.486152913
48.031079, -119.486152913
48.040079, -119.486152913
48.049079, -119.486152913
48.058079, -119.486152913
48.067079, -119.486152913
48.076079, -119.486152913
48.085079, -119.486152913
48.094079, -119.486152913
48.103079, -119.486152913
48.112079, -119.486152913
48.121079, -119.486152913
48.130079, -119.486152913
48.139079, -119.486152913
48.148079, -119.486152913
48.157079, -119.486152913
48.166079, -119.486152913
48.175079, -119.486152913
48.184079, -119.486152913
48.193079, -119.486152913
48.202079, -119.486152913
48.211079, -119.486152913
48.220079, -119.486152913
48.229079, -119.486152913
48.238079, -119.486152913
48.247079, -119.486152913
48.256079, -119.486152913
48.265079, -119.486152913
48.274079, -119.486152913
48.283079, -119.486152913
48.292079, -119.486152913
48.301079, -119.486152913
48.310079, -119.486152913
48.319079, -119.486152913
48.328079, -119.486152913
48.337079, -119.486152913
48.346079, -119.486152913
48.355079, -119.486152913
48.364079, -119.486152913
48.373079, -119.486152913
48.382079, -119.486152913
48.391079, -119.486152913
48.400079, -119.486152913
48.409079, -119.486152913
48.418079, -119.486152913
48.427079, -119.486152913
48.436079, -119.486152913
48.445079, -119.486152913
48.454079, -119.486152913
48.463079, -119.486152913
48.472079, -119.486152913
48.481079, -119.486152913
48.490079, -119.486152913
48.499079, -119.486152913
48.508079, -119.486152913
48.517079, -119.486152913
48.526079, -119.486152913
48.535079, -119.486152913
48.544079, -119.486152913
48.553079, -119.486152913
48.562079, -119.486152913
48.571079, -119.486152913
48.580079, -119.486152913
48.589079, -119.486152913
48.598079, -119.486152913
48.607079, -119.486152913
48.616079, -119.486152913
48.625079, -119.486152913
48.634079, -119.486152913
48.643079, -119.486152913
48.652079, -119.486152913
48.661079, -119.486152913
48.670079, -119.486152913
48.679079, -119.486152913
48.688079, -119.486152913
48.697079, -119.486152913
48.706079, -119.486152913
48.715079, -119.486152913
48.724079, -119.486152913
48.733079, -119.486152913
48.742079, -119.486152913
48.751079, -119.486152913
48.760079, -119.486152913
48.769079, -119.486152913
48.778079, -119.486152913
48.787079, -119.486152913
48.796079, -119.486152913
48.805079, -119.486152913
48.814079, -119.486152913
48.823079, -119.486152913
48.832079, -119.486152913
48.841079, -119.486152913
48.850079, -119.486152913
48.859079, -119.486152913
48.868079, -119.486152913
48.877079, -119.486152913
48.886079, -119.486152913
48.895079, -119.486152913
48.904079, -119.486152913
48.913079, -119.486152913
48.922079, -119.486152913
48.931079, -119.486152913
48.940079, -119.486152913
48.949079, -119.486152913
46.213079, -119.472446154
46.222079, -119.472446154
46.231079, -119.472446154
46.240079, -119.472446154
46.249079, -119.472446154
46.258079, -119.472446154
46.267079, -119.472446154
46.276079, -119.472446154
46.285079, -119.472446154
46.294079, -119.472446154
46.303079, -119.472446154
46.312079, -119.472446154
46.321079, -119.472446154
46.330079, -119.472446154
46.339079, -119.472446154
46.348079, -119.472446154
46.357079, -119.472446154
46.366079, -119.472446154
46.375079, -119.472446154
46.384079, -119.472446154
46.393079, -119.472446154
46.402079, -119.472446154
46.411079, -119.472446154
46.420079, -119.472446154
46.429079, -119.472446154
46.438079, -119.472446154
46.447079, -119.472446154
46.456079, -119.472446154
46.465079, -119.472446154
46.474079, -119.472446154
46.483079, -119.472446154
46.492079, -119.472446154
46.501079, -119.472446154
46.510079, -119.472446154
46.519079, -119.472446154
46.528079, -119.472446154
46.537079, -119.472446154
46.546079, -119.472446154
46.555079, -119.472446154
46.564079, -119.472446154
46.573079, -119.472446154
46.582079, -119.472446154
46.591079, -119.472446154
46.600079, -119.472446154
46.609079, -119.472446154
46.618079, -119.472446154
46.627079, -119.472446154
46.636079, -119.472446154
46.645079, -119.472446154
46.654079, -119.472446154
46.663079, -119.472446154
46.672079, -119.472446154
46.681079, -119.472446154
46.690079, -119.472446154
46.699079, -119.472446154
46.708079, -119.472446154
46.717079, -119.472446154
46.726079, -119.472446154
46.735079, -119.472446154
46.744079, -119.472446154
46.753079, -119.472446154
46.762079, -119.472446154
46.771079, -119.472446154
46.780079, -119.472446154
46.789079, -119.472446154
46.798079, -119.472446154
46.807079, -119.472446154
46.816079, -119.472446154
46.825079, -119.472446154
46.834079, -119.472446154
46.843079, -119.472446154
46.852079, -119.472446154
46.861079, -119.472446154
46.870079, -119.472446154
46.879079, -119.472446154
46.888079, -119.472446154
46.897079, -119.472446154
46.906079, -119.472446154
46.915079, -119.472446154
46.924079, -119.472446154
46.933079, -119.472446154
46.942079, -119.472446154
46.951079, -119.472446154
46.960079, -119.472446154
46.969079, -119.472446154
46.978079, -119.472446154
46.987079, -119.472446154
46.996079, -119.472446154
47.005079, -119.472446154
47.014079, -119.472446154
47.023079, -119.472446154
47.032079, -119.472446154
47.041079, -119.472446154
47.050079, -119.472446154
47.059079, -119.472446154
47.068079, -119.472446154
47.077079, -119.472446154
47.086079, -119.472446154
47.095079, -119.472446154
47.104079, -119.472446154
47.113079, -119.472446154
47.122079, -119.472446154
47.131079, -119.472446154
47.140079, -119.472446154
47.149079, -119.472446154
47.158079, -119.472446154
47.167079, -119.472446154
47.176079, -119.472446154
47.185079, -119.472446154
47.194079, -119.472446154
47.203079, -119.472446154
47.212079, -119.472446154
47.221079, -119.472446154
47.230079, -119.472446154
47.239079, -119.472446154
47.248079, -119.472446154
47.257079, -119.472446154
47.266079, -119.472446154
47.275079, -119.472446154
47.284079, -119.472446154
47.293079, -119.472446154
47.302079, -119.472446154
47.311079, -119.472446154
47.320079, -119.472446154
47.329079, -119.472446154
47.338079, -119.472446154
47.347079, -119.472446154
47.356079, -119.472446154
47.365079, -119.472446154
47.374079, -119.472446154
47.383079, -119.472446154
47.392079, -119.472446154
47.401079, -119.472446154
47.410079, -119.472446154
47.419079, -119.472446154
47.428079, -119.472446154
47.437079, -119.472446154
47.446079, -119.472446154
47.455079, -119.472446154
47.464079, -119.472446154
47.473079, -119.472446154
47.482079, -119.472446154
47.491079, -119.472446154
47.500079, -119.472446154
47.509079, -119.472446154
47.518079, -119.472446154
47.527079, -119.472446154
47.536079, -119.472446154
47.545079, -119.472446154
47.554079, -119.472446154
47.563079, -119.472446154
47.572079, -119.472446154
47.581079, -119.472446154
47.590079, -119.472446154
47.599079, -119.472446154
47.608079, -119.472446154
47.617079, -119.472446154
47.626079, -119.472446154
47.635079, -119.472446154
47.644079, -119.472446154
47.653079, -119.472446154
47.662079, -119.472446154
47.671079, -119.472446154
47.680079, -119.472446154
47.689079, -119.472446154
47.698079, -119.472446154
47.707079, -119.472446154
47.716079, -119.472446154
47.725079, -119.472446154
47.734079, -119.472446154
47.743079, -119.472446154
47.752079, -119.472446154
47.761079, -119.472446154
47.770079, -119.472446154
47.779079, -119.472446154
47.788079, -119.472446154
47.797079, -119.472446154
47.806079, -119.472446154
47.815079, -119.472446154
47.824079, -119.472446154
47.833079, -119.472446154
47.842079, -119.472446154
47.851079, -119.472446154
47.860079, -119.472446154
47.869079, -119.472446154
47.878079, -119.472446154
47.887079, -119.472446154
47.896079, -119.472446154
47.905079, -119.472446154
47.914079, -119.472446154
47.923079, -119.472446154
47.932079, -119.472446154
47.941079, -119.472446154
47.950079, -119.472446154
47.959079, -119.472446154
47.968079, -119.472446154
47.977079, -119.472446154
47.986079, -119.472446154
47.995079, -119.472446154
48.004079, -119.472446154
48.013079, -119.472446154
48.022079, -119.472446154
48.031079, -119.472446154
48.040079, -119.472446154
48.049079, -119.472446154
48.058079, -119.472446154
48.067079, -119.472446154
48.076079, -119.472446154
48.085079, -119.472446154
48.094079, -119.472446154
48.103079, -119.472446154
48.112079, -119.472446154
48.121079, -119.472446154
48.130079, -119.472446154
48.139079, -119.472446154
48.148079, -119.472446154
48.157079, -119.472446154
48.166079, -119.472446154
48.175079, -119.472446154
48.184079, -119.472446154
48.193079, -119.472446154
48.202079, -119.472446154
48.211079, -119.472446154
48.220079, -119.472446154
48.229079, -119.472446154
48.238079, -119.472446154
48.247079, -119.472446154
48.256079, -119.472446154
48.265079, -119.472446154
48.274079, -119.472446154
48.283079, -119.472446154
48.292079, -119.472446154
48.301079, -119.472446154
48.310079, -119.472446154
48.319079, -119.472446154
48.328079, -119.472446154
48.337079, -119.472446154
48.346079, -119.472446154
48.355079, -119.472446154
48.364079, -119.472446154
48.373079, -119.472446154
48.382079, -119.472446154
48.391079, -119.472446154
48.400079, -119.472446154
48.409079, -119.472446154
48.418079, -119.472446154
48.427079, -119.472446154
48.436079, -119.472446154
48.445079, -119.472446154
48.454079, -119.472446154
48.463079, -119.472446154
48.472079, -119.472446154
48.481079, -119.472446154
48.490079, -119.472446154
48.499079, -119.472446154
48.508079, -119.472446154
48.517079, -119.472446154
48.526079, -119.472446154
48.535079, -119.472446154
48.544079, -119.472446154
48.553079, -119.472446154
48.562079, -119.472446154
48.571079, -119.472446154
48.580079, -119.472446154
48.589079, -119.472446154
48.598079, -119.472446154
48.607079, -119.472446154
48.616079, -119.472446154
48.625079, -119.472446154
48.634079, -119.472446154
48.643079, -119.472446154
48.652079, -119.472446154
48.661079, -119.472446154
48.670079, -119.472446154
48.679079, -119.472446154
48.688079, -119.472446154
48.697079, -119.472446154
48.706079, -119.472446154
48.715079, -119.472446154
48.724079, -119.472446154
48.733079, -119.472446154
48.742079, -119.472446154
48.751079, -119.472446154
48.760079, -119.472446154
48.769079, -119.472446154
48.778079, -119.472446154
48.787079, -119.472446154
48.796079, -119.472446154
48.805079, -119.472446154
48.814079, -119.472446154
48.823079, -119.472446154
48.832079, -119.472446154
48.841079, -119.472446154
48.850079, -119.472446154
48.859079, -119.472446154
48.868079, -119.472446154
48.877079, -119.472446154
48.886079, -119.472446154
48.895079, -119.472446154
48.904079, -119.472446154
48.913079, -119.472446154
48.922079, -119.472446154
48.931079, -119.472446154
48.940079, -119.472446154
48.949079, -119.472446154
46.213079, -119.458739396
46.222079, -119.458739396
46.231079, -119.458739396
46.240079, -119.458739396
46.249079, -119.458739396
46.258079, -119.458739396
46.267079, -119.458739396
46.276079, -119.458739396
46.285079, -119.458739396
46.294079, -119.458739396
46.303079, -119.458739396
46.312079, -119.458739396
46.321079, -119.458739396
46.330079, -119.458739396
46.339079, -119.458739396
46.348079, -119.458739396
46.357079, -119.458739396
46.366079, -119.458739396
46.375079, -119.458739396
46.384079, -119.458739396
46.393079, -119.458739396
46.402079, -119.458739396
46.411079, -119.458739396
46.420079, -119.458739396
46.429079, -119.458739396
46.438079, -119.458739396
46.447079, -119.458739396
46.456079, -119.458739396
46.465079, -119.458739396
46.474079, -119.458739396
46.483079, -119.458739396
46.492079, -119.458739396
46.501079, -119.458739396
46.510079, -119.458739396
46.519079, -119.458739396
46.528079, -119.458739396
46.537079, -119.458739396
46.546079, -119.458739396
46.555079, -119.458739396
46.564079, -119.458739396
46.573079, -119.458739396
46.582079, -119.458739396
46.591079, -119.458739396
46.600079, -119.458739396
46.609079, -119.458739396
46.618079, -119.458739396
46.627079, -119.458739396
46.636079, -119.458739396
46.645079, -119.458739396
46.654079, -119.458739396
46.663079, -119.458739396
46.672079, -119.458739396
46.681079, -119.458739396
46.690079, -119.458739396
46.699079, -119.458739396
46.708079, -119.458739396
46.717079, -119.458739396
46.726079, -119.458739396
46.735079, -119.458739396
46.744079, -119.458739396
46.753079, -119.458739396
46.762079, -119.458739396
46.771079, -119.458739396
46.780079, -119.458739396
46.789079, -119.458739396
46.798079, -119.458739396
46.807079, -119.458739396
46.816079, -119.458739396
46.825079, -119.458739396
46.834079, -119.458739396
46.843079, -119.458739396
46.852079, -119.458739396
46.861079, -119.458739396
46.870079, -119.458739396
46.879079, -119.458739396
46.888079, -119.458739396
46.897079, -119.458739396
46.906079, -119.458739396
46.915079, -119.458739396
46.924079, -119.458739396
46.933079, -119.458739396
46.942079, -119.458739396
46.951079, -119.458739396
46.960079, -119.458739396
46.969079, -119.458739396
46.978079, -119.458739396
46.987079, -119.458739396
46.996079, -119.458739396
47.005079, -119.458739396
47.014079, -119.458739396
47.023079, -119.458739396
47.032079, -119.458739396
47.041079, -119.458739396
47.050079, -119.458739396
47.059079, -119.458739396
47.068079, -119.458739396
47.077079, -119.458739396
47.086079, -119.458739396
47.095079, -119.458739396
47.104079, -119.458739396
47.113079, -119.458739396
47.122079, -119.458739396
47.131079, -119.458739396
47.140079, -119.458739396
47.149079, -119.458739396
47.158079, -119.458739396
47.167079, -119.458739396
47.176079, -119.458739396
47.185079, -119.458739396
47.194079, -119.458739396
47.203079, -119.458739396
47.212079, -119.458739396
47.221079, -119.458739396
47.230079, -119.458739396
47.239079, -119.458739396
47.248079, -119.458739396
47.257079, -119.458739396
47.266079, -119.458739396
47.275079, -119.458739396
47.284079, -119.458739396
47.293079, -119.458739396
47.302079, -119.458739396
47.311079, -119.458739396
47.320079, -119.458739396
47.329079, -119.458739396
47.338079, -119.458739396
47.347079, -119.458739396
47.356079, -119.458739396
47.365079, -119.458739396
47.374079, -119.458739396
47.383079, -119.458739396
47.392079, -119.458739396
47.401079, -119.458739396
47.410079, -119.458739396
47.419079, -119.458739396
47.428079, -119.458739396
47.437079, -119.458739396
47.446079, -119.458739396
47.455079, -119.458739396
47.464079, -119.458739396
47.473079, -119.458739396
47.482079, -119.458739396
47.491079, -119.458739396
47.500079, -119.458739396
47.509079, -119.458739396
47.518079, -119.458739396
47.527079, -119.458739396
47.536079, -119.458739396
47.545079, -119.458739396
47.554079, -119.458739396
47.563079, -119.458739396
47.572079, -119.458739396
47.581079, -119.458739396
47.590079, -119.458739396
47.599079, -119.458739396
47.608079, -119.458739396
47.617079, -119.458739396
47.626079, -119.458739396
47.635079, -119.458739396
47.644079, -119.458739396
47.653079, -119.458739396
47.662079, -119.458739396
47.671079, -119.458739396
47.680079, -119.458739396
47.689079, -119.458739396
47.698079, -119.458739396
47.707079, -119.458739396
47.716079, -119.458739396
47.725079, -119.458739396
47.734079, -119.458739396
47.743079, -119.458739396
47.752079, -119.458739396
47.761079, -119.458739396
47.770079, -119.458739396
47.779079, -119.458739396
47.788079, -119.458739396
47.797079, -119.458739396
47.806079, -119.458739396
47.815079, -119.458739396
47.824079, -119.458739396
47.833079, -119.458739396
47.842079, -119.458739396
47.851079, -119.458739396
47.860079, -119.458739396
47.869079, -119.458739396
47.878079, -119.458739396
47.887079, -119.458739396
47.896079, -119.458739396
47.905079, -119.458739396
47.914079, -119.458739396
47.923079, -119.458739396
47.932079, -119.458739396
47.941079, -119.458739396
47.950079, -119.458739396
47.959079, -119.458739396
47.968079, -119.458739396
47.977079, -119.458739396
47.986079, -119.458739396
47.995079, -119.458739396
48.004079, -119.458739396
48.013079, -119.458739396
48.022079, -119.458739396
48.031079, -119.458739396
48.040079, -119.458739396
48.049079, -119.458739396
48.058079, -119.458739396
48.067079, -119.458739396
48.076079, -119.458739396
48.085079, -119.458739396
48.094079, -119.458739396
48.103079, -119.458739396
48.112079, -119.458739396
48.121079, -119.458739396
48.130079, -119.458739396
48.139079, -119.458739396
48.148079, -119.458739396
48.157079, -119.458739396
48.166079, -119.458739396
48.175079, -119.458739396
48.184079, -119.458739396
48.193079, -119.458739396
48.202079, -119.458739396
48.211079, -119.458739396
48.220079, -119.458739396
48.229079, -119.458739396
48.238079, -119.458739396
48.247079, -119.458739396
48.256079, -119.458739396
48.265079, -119.458739396
48.274079, -119.458739396
48.283079, -119.458739396
48.292079, -119.458739396
48.301079, -119.458739396
48.310079, -119.458739396
48.319079, -119.458739396
48.328079, -119.458739396
48.337079, -119.458739396
48.346079, -119.458739396
48.355079, -119.458739396
48.364079, -119.458739396
48.373079, -119.458739396
48.382079, -119.458739396
48.391079, -119.458739396
48.400079, -119.458739396
48.409079, -119.458739396
48.418079, -119.458739396
48.427079, -119.458739396
48.436079, -119.458739396
48.445079, -119.458739396
48.454079, -119.458739396
48.463079, -119.458739396
48.472079, -119.458739396
48.481079, -119.458739396
48.490079, -119.458739396
48.499079, -119.458739396
48.508079, -119.458739396
48.517079, -119.458739396
48.526079, -119.458739396
48.535079, -119.458739396
48.544079, -119.458739396
48.553079, -119.458739396
48.562079, -119.458739396
48.571079, -119.458739396
48.580079, -119.458739396
48.589079, -119.458739396
48.598079, -119.458739396
48.607079, -119.458739396
48.616079, -119.458739396
48.625079, -119.458739396
48.634079, -119.458739396
48.643079, -119.458739396
48.652079, -119.458739396
48.661079, -119.458739396
48.670079, -119.458739396
48.679079, -119.458739396
48.688079, -119.458739396
48.697079, -119.458739396
48.706079, -119.458739396
48.715079, -119.458739396
48.724079, -119.458739396
48.733079, -119.458739396
48.742079, -119.458739396
48.751079, -119.458739396
48.760079, -119.458739396
48.769079, -119.458739396
48.778079, -119.458739396
48.787079, -119.458739396
48.796079, -119.458739396
48.805079, -119.458739396
48.814079, -119.458739396
48.823079, -119.458739396
48.832079, -119.458739396
48.841079, -119.458739396
48.850079, -119.458739396
48.859079, -119.458739396
48.868079, -119.458739396
48.877079, -119.458739396
48.886079, -119.458739396
48.895079, -119.458739396
48.904079, -119.458739396
48.913079, -119.458739396
48.922079, -119.458739396
48.931079, -119.458739396
48.940079, -119.458739396
48.949079, -119.458739396
46.213079, -119.445032637
46.222079, -119.445032637
46.231079, -119.445032637
46.240079, -119.445032637
46.249079, -119.445032637
46.258079, -119.445032637
46.267079, -119.445032637
46.276079, -119.445032637
46.285079, -119.445032637
46.294079, -119.445032637
46.303079, -119.445032637
46.312079, -119.445032637
46.321079, -119.445032637
46.330079, -119.445032637
46.339079, -119.445032637
46.348079, -119.445032637
46.357079, -119.445032637
46.366079, -119.445032637
46.375079, -119.445032637
46.384079, -119.445032637
46.393079, -119.445032637
46.402079, -119.445032637
46.411079, -119.445032637
46.420079, -119.445032637
46.429079, -119.445032637
46.438079, -119.445032637
46.447079, -119.445032637
46.456079, -119.445032637
46.465079, -119.445032637
46.474079, -119.445032637
46.483079, -119.445032637
46.492079, -119.445032637
46.501079, -119.445032637
46.510079, -119.445032637
46.519079, -119.445032637
46.528079, -119.445032637
46.537079, -119.445032637
46.546079, -119.445032637
46.555079, -119.445032637
46.564079, -119.445032637
46.573079, -119.445032637
46.582079, -119.445032637
46.591079, -119.445032637
46.600079, -119.445032637
46.609079, -119.445032637
46.618079, -119.445032637
46.627079, -119.445032637
46.636079, -119.445032637
46.645079, -119.445032637
46.654079, -119.445032637
46.663079, -119.445032637
46.672079, -119.445032637
46.681079, -119.445032637
46.690079, -119.445032637
46.699079, -119.445032637
46.708079, -119.445032637
46.717079, -119.445032637
46.726079, -119.445032637
46.735079, -119.445032637
46.744079, -119.445032637
46.753079, -119.445032637
46.762079, -119.445032637
46.771079, -119.445032637
46.780079, -119.445032637
46.789079, -119.445032637
46.798079, -119.445032637
46.807079, -119.445032637
46.816079, -119.445032637
46.825079, -119.445032637
46.834079, -119.445032637
46.843079, -119.445032637
46.852079, -119.445032637
46.861079, -119.445032637
46.870079, -119.445032637
46.879079, -119.445032637
46.888079, -119.445032637
46.897079, -119.445032637
46.906079, -119.445032637
46.915079, -119.445032637
46.924079, -119.445032637
46.933079, -119.445032637
46.942079, -119.445032637
46.951079, -119.445032637
46.960079, -119.445032637
46.969079, -119.445032637
46.978079, -119.445032637
46.987079, -119.445032637
46.996079, -119.445032637
47.005079, -119.445032637
47.014079, -119.445032637
47.023079, -119.445032637
47.032079, -119.445032637
47.041079, -119.445032637
47.050079, -119.445032637
47.059079, -119.445032637
47.068079, -119.445032637
47.077079, -119.445032637
47.086079, -119.445032637
47.095079, -119.445032637
47.104079, -119.445032637
47.113079, -119.445032637
47.122079, -119.445032637
47.131079, -119.445032637
47.140079, -119.445032637
47.149079, -119.445032637
47.158079, -119.445032637
47.167079, -119.445032637
47.176079, -119.445032637
47.185079, -119.445032637
47.194079, -119.445032637
47.203079, -119.445032637
47.212079, -119.445032637
47.221079, -119.445032637
47.230079, -119.445032637
47.239079, -119.445032637
47.248079, -119.445032637
47.257079, -119.445032637
47.266079, -119.445032637
47.275079, -119.445032637
47.284079, -119.445032637
47.293079, -119.445032637
47.302079, -119.445032637
47.311079, -119.445032637
47.320079, -119.445032637
47.329079, -119.445032637
47.338079, -119.445032637
47.347079, -119.445032637
47.356079, -119.445032637
47.365079, -119.445032637
47.374079, -119.445032637
47.383079, -119.445032637
47.392079, -119.445032637
47.401079, -119.445032637
47.410079, -119.445032637
47.419079, -119.445032637
47.428079, -119.445032637
47.437079, -119.445032637
47.446079, -119.445032637
47.455079, -119.445032637
47.464079, -119.445032637
47.473079, -119.445032637
47.482079, -119.445032637
47.491079, -119.445032637
47.500079, -119.445032637
47.509079, -119.445032637
47.518079, -119.445032637
47.527079, -119.445032637
47.536079, -119.445032637
47.545079, -119.445032637
47.554079, -119.445032637
47.563079, -119.445032637
47.572079, -119.445032637
47.581079, -119.445032637
47.590079, -119.445032637
47.599079, -119.445032637
47.608079, -119.445032637
47.617079, -119.445032637
47.626079, -119.445032637
47.635079, -119.445032637
47.644079, -119.445032637
47.653079, -119.445032637
47.662079, -119.445032637
47.671079, -119.445032637
47.680079, -119.445032637
47.689079, -119.445032637
47.698079, -119.445032637
47.707079, -119.445032637
47.716079, -119.445032637
47.725079, -119.445032637
47.734079, -119.445032637
47.743079, -119.445032637
47.752079, -119.445032637
47.761079, -119.445032637
47.770079, -119.445032637
47.779079, -119.445032637
47.788079, -119.445032637
47.797079, -119.445032637
47.806079, -119.445032637
47.815079, -119.445032637
47.824079, -119.445032637
47.833079, -119.445032637
47.842079, -119.445032637
47.851079, -119.445032637
47.860079, -119.445032637
47.869079, -119.445032637
47.878079, -119.445032637
47.887079, -119.445032637
47.896079, -119.445032637
47.905079, -119.445032637
47.914079, -119.445032637
47.923079, -119.445032637
47.932079, -119.445032637
47.941079, -119.445032637
47.950079, -119.445032637
47.959079, -119.445032637
47.968079, -119.445032637
47.977079, -119.445032637
47.986079, -119.445032637
47.995079, -119.445032637
48.004079, -119.445032637
48.013079, -119.445032637
48.022079, -119.445032637
48.031079, -119.445032637
48.040079, -119.445032637
48.049079, -119.445032637
48.058079, -119.445032637
48.067079, -119.445032637
48.076079, -119.445032637
48.085079, -119.445032637
48.094079, -119.445032637
48.103079, -119.445032637
48.112079, -119.445032637
48.121079, -119.445032637
48.130079, -119.445032637
48.139079, -119.445032637
48.148079, -119.445032637
48.157079, -119.445032637
48.166079, -119.445032637
48.175079, -119.445032637
48.184079, -119.445032637
48.193079, -119.445032637
