48.472079, -121.172084207
48.481079, -121.172084207
48.490079, -121.172084207
48.499079, -121.172084207
48.508079, -121.172084207
48.517079, -121.172084207
48.526079, -121.172084207
48.535079, -121.172084207
48.544079, -121.172084207
48.553079, -121.172084207
48.562079, -121.172084207
48.571079, -121.172084207
48.580079, -121.172084207
48.589079, -121.172084207
48.598079, -121.172084207
48.607079, -121.172084207
48.616079, -121.172084207
48.625079, -121.172084207
48.634079, -121.172084207
48.643079, -121.172084207
48.652079, -121.172084207
48.661079, -121.172084207
48.670079, -121.172084207
48.679079, -121.172084207
48.688079, -121.172084207
48.697079, -121.172084207
48.706079, -121.172084207
48.715079, -121.172084207
48.724079, -121.172084207
48.733079, -121.172084207
48.742079, -121.172084207
48.751079, -121.172084207
48.760079, -121.172084207
48.769079, -121.172084207
48.778079, -121.172084207
48.787079, -121.172084207
48.796079, -121.172084207
48.805079, -121.172084207
48.814079, -121.172084207
48.823079, -121.172084207
48.832079, -121.172084207
48.841079, -121.172084207
48.850079, -121.172084207
48.859079, -121.172084207
48.868079, -121.172084207
48.877079, -121.172084207
48.886079, -121.172084207
48.895079, -121.172084207
48.904079, -121.172084207
48.913079, -121.172084207
48.922079, -121.172084207
48.931079, -121.172084207
48.940079, -121.172084207
48.949079, -121.172084207
46.213079, -121.158377449
46.222079, -121.158377449
46.231079, -121.158377449
46.240079, -121.158377449
46.249079, -121.158377449
46.258079, -121.158377449
46.267079, -121.158377449
46.276079, -121.158377449
46.285079, -121.158377449
46.294079, -121.158377449
46.303079, -121.158377449
46.312079, -121.158377449
46.321079, -121.158377449
46.330079, -121.158377449
46.339079, -121.158377449
46.348079, -121.158377449
46.357079, -121.158377449
46.366079, -121.158377449
46.375079, -121.158377449
46.384079, -121.158377449
46.393079, -121.158377449
46.402079, -121.158377449
46.411079, -121.158377449
46.420079, -121.158377449
46.429079, -121.158377449
46.438079, -121.158377449
46.447079, -121.158377449
46.456079, -121.158377449
46.465079, -121.158377449
46.474079, -121.158377449
46.483079, -121.158377449
46.492079, -121.158377449
46.501079, -121.158377449
46.510079, -121.158377449
46.519079, -121.158377449
46.528079, -121.158377449
46.537079, -121.158377449
46.546079, -121.158377449
46.555079, -121.158377449
46.564079, -121.158377449
46.573079, -121.158377449
46.582079, -121.158377449
46.591079, -121.158377449
46.600079, -121.158377449
46.609079, -121.158377449
46.618079, -121.158377449
46.627079, -121.158377449
46.636079, -121.158377449
46.645079, -121.158377449
46.654079, -121.158377449
46.663079, -121.158377449
46.672079, -121.158377449
46.681079, -121.158377449
46.690079, -121.158377449
46.699079, -121.158377449
46.708079, -121.158377449
46.717079, -121.158377449
46.726079, -121.158377449
46.735079, -121.158377449
46.744079, -121.158377449
46.753079, -121.158377449
46.762079, -121.158377449
46.771079, -121.158377449
46.780079, -121.158377449
46.789079, -121.158377449
46.798079, -121.158377449
46.807079, -121.158377449
46.816079, -121.158377449
46.825079, -121.158377449
46.834079, -121.158377449
46.843079, -121.158377449
46.852079, -121.158377449
46.861079, -121.158377449
46.870079, -121.158377449
46.879079, -121.158377449
46.888079, -121.158377449
46.897079, -121.158377449
46.906079, -121.158377449
46.915079, -121.158377449
46.924079, -121.158377449
46.933079, -121.158377449
46.942079, -121.158377449
46.951079, -121.158377449
46.960079, -121.158377449
46.969079, -121.158377449
46.978079, -121.158377449
46.987079, -121.158377449
46.996079, -121.158377449
47.005079, -121.158377449
47.014079, -121.158377449
47.023079, -121.158377449
47.032079, -121.158377449
47.041079, -121.158377449
47.050079, -121.158377449
47.059079, -121.158377449
47.068079, -121.158377449
47.077079, -121.158377449
47.086079, -121.158377449
47.095079, -121.158377449
47.104079, -121.158377449
47.113079, -121.158377449
47.122079, -121.158377449
47.131079, -121.158377449
47.140079, -121.158377449
47.149079, -121.158377449
47.158079, -121.158377449
47.167079, -121.158377449
47.176079, -121.158377449
47.185079, -121.158377449
47.194079, -121.158377449
47.203079, -121.158377449
47.212079, -121.158377449
47.221079, -121.158377449
47.230079, -121.158377449
47.239079, -121.158377449
47.248079, -121.158377449
47.257079, -121.158377449
47.266079, -121.158377449
47.275079, -121.158377449
47.284079, -121.158377449
47.293079, -121.158377449
47.302079, -121.158377449
47.311079, -121.158377449
47.320079, -121.158377449
47.329079, -121.158377449
47.338079, -121.158377449
47.347079, -121.158377449
47.356079, -121.158377449
47.365079, -121.158377449
47.374079, -121.158377449
47.383079, -121.158377449
47.392079, -121.158377449
47.401079, -121.158377449
47.410079, -121.158377449
47.419079, -121.158377449
47.428079, -121.158377449
47.437079, -121.158377449
47.446079, -121.158377449
47.455079, -121.158377449
47.464079, -121.158377449
47.473079, -121.158377449
47.482079, -121.158377449
47.491079, -121.158377449
47.500079, -121.158377449
47.509079, -121.158377449
47.518079, -121.158377449
47.527079, -121.158377449
47.536079, -121.158377449
47.545079, -121.158377449
47.554079, -121.158377449
47.563079, -121.158377449
47.572079, -121.158377449
47.581079, -121.158377449
47.590079, -121.158377449
47.599079, -121.158377449
47.608079, -121.158377449
47.617079, -121.158377449
47.626079, -121.158377449
47.635079, -121.158377449
47.644079, -121.158377449
47.653079, -121.158377449
47.662079, -121.158377449
47.671079, -121.158377449
47.680079, -121.158377449
47.689079, -121.158377449
47.698079, -121.158377449
47.707079, -121.158377449
47.716079, -121.158377449
47.725079, -121.158377449
47.734079, -121.158377449
47.743079, -121.158377449
47.752079, -121.158377449
47.761079, -121.158377449
47.770079, -121.158377449
47.779079, -121.158377449
47.788079, -121.158377449
47.797079, -121.158377449
47.806079, -121.158377449
47.815079, -121.158377449
47.824079, -121.158377449
47.833079, -121.158377449
47.842079, -121.158377449
47.851079, -121.158377449
47.860079, -121.158377449
47.869079, -121.158377449
47.878079, -121.158377449
47.887079, -121.158377449
47.896079, -121.158377449
47.905079, -121.158377449
47.914079, -121.158377449
47.923079, -121.158377449
47.932079, -121.158377449
47.941079, -121.158377449
47.950079, -121.158377449
47.959079, -121.158377449
47.968079, -121.158377449
47.977079, -121.158377449
47.986079, -121.158377449
47.995079, -121.158377449
48.004079, -121.158377449
48.013079, -121.158377449
48.022079, -121.158377449
48.031079, -121.158377449
48.040079, -121.158377449
48.049079, -121.158377449
48.058079, -121.158377449
48.067079, -121.158377449
48.076079, -121.158377449
48.085079, -121.158377449
48.094079, -121.158377449
48.103079, -121.158377449
48.112079, -121.158377449
48.121079, -121.158377449
48.130079, -121.158377449
48.139079, -121.158377449
48.148079, -121.158377449
48.157079, -121.158377449
48.166079, -121.158377449
48.175079, -121.158377449
48.184079, -121.158377449
48.193079, -121.158377449
48.202079, -121.158377449
48.211079, -121.158377449
48.220079, -121.158377449
48.229079, -121.158377449
48.238079, -121.158377449
48.247079, -121.158377449
48.256079, -121.158377449
48.265079, -121.158377449
48.274079, -121.158377449
48.283079, -121.158377449
48.292079, -121.158377449
48.301079, -121.158377449
48.310079, -121.158377449
48.319079, -121.158377449
48.328079, -121.158377449
48.337079, -121.158377449
48.346079, -121.158377449
48.355079, -121.158377449
48.364079, -121.158377449
48.373079, -121.158377449
48.382079, -121.158377449
48.391079, -121.158377449
48.400079, -121.158377449
48.409079, -121.158377449
48.418079, -121.158377449
48.427079, -121.158377449
48.436079, -121.158377449
48.445079, -121.158377449
48.454079, -121.158377449
48.463079, -121.158377449
48.472079, -121.158377449
48.481079, -121.158377449
48.490079, -121.158377449
48.499079, -121.158377449
48.508079, -121.158377449
48.517079, -121.158377449
48.526079, -121.158377449
48.535079, -121.158377449
48.544079, -121.158377449
48.553079, -121.158377449
48.562079, -121.158377449
48.571079, -121.158377449
48.580079, -121.158377449
48.589079, -121.158377449
48.598079, -121.158377449
48.607079, -121.158377449
48.616079, -121.158377449
48.625079, -121.158377449
48.634079, -121.158377449
48.643079, -121.158377449
48.652079, -121.158377449
48.661079, -121.158377449
48.670079, -121.158377449
48.679079, -121.158377449
48.688079, -121.158377449
48.697079, -121.158377449
48.706079, -121.158377449
48.715079, -121.158377449
48.724079, -121.158377449
48.733079, -121.158377449
48.742079, -121.158377449
48.751079, -121.158377449
48.760079, -121.158377449
48.769079, -121.158377449
48.778079, -121.158377449
48.787079, -121.158377449
48.796079, -121.158377449
48.805079, -121.158377449
48.814079, -121.158377449
48.823079, -121.158377449
48.832079, -121.158377449
48.841079, -121.158377449
48.850079, -121.158377449
48.859079, -121.158377449
48.868079, -121.158377449
48.877079, -121.158377449
48.886079, -121.158377449
48.895079, -121.158377449
48.904079, -121.158377449
48.913079, -121.158377449
48.922079, -121.158377449
48.931079, -121.158377449
48.940079, -121.158377449
48.949079, -121.158377449
46.213079, -121.14467069
46.222079, -121.14467069
46.231079, -121.14467069
46.240079, -121.14467069
46.249079, -121.14467069
46.258079, -121.14467069
46.267079, -121.14467069
46.276079, -121.14467069
46.285079, -121.14467069
46.294079, -121.14467069
46.303079, -121.14467069
46.312079, -121.14467069
46.321079, -121.14467069
46.330079, -121.14467069
46.339079, -121.14467069
46.348079, -121.14467069
46.357079, -121.14467069
46.366079, -121.14467069
46.375079, -121.14467069
46.384079, -121.14467069
46.393079, -121.14467069
46.402079, -121.14467069
46.411079, -121.14467069
46.420079, -121.14467069
46.429079, -121.14467069
46.438079, -121.14467069
46.447079, -121.14467069
46.456079, -121.14467069
46.465079, -121.14467069
46.474079, -121.14467069
46.483079, -121.14467069
46.492079, -121.14467069
46.501079, -121.14467069
46.510079, -121.14467069
46.519079, -121.14467069
46.528079, -121.14467069
46.537079, -121.14467069
46.546079, -121.14467069
46.555079, -121.14467069
46.564079, -121.14467069
46.573079, -121.14467069
46.582079, -121.14467069
46.591079, -121.14467069
46.600079, -121.14467069
46.609079, -121.14467069
46.618079, -121.14467069
46.627079, -121.14467069
46.636079, -121.14467069
46.645079, -121.14467069
46.654079, -121.14467069
46.663079, -121.14467069
46.672079, -121.14467069
46.681079, -121.14467069
46.690079, -121.14467069
46.699079, -121.14467069
46.708079, -121.14467069
46.717079, -121.14467069
46.726079, -121.14467069
46.735079, -121.14467069
46.744079, -121.14467069
46.753079, -121.14467069
46.762079, -121.14467069
46.771079, -121.14467069
46.780079, -121.14467069
46.789079, -121.14467069
46.798079, -121.14467069
46.807079, -121.14467069
46.816079, -121.14467069
46.825079, -121.14467069
46.834079, -121.14467069
46.843079, -121.14467069
46.852079, -121.14467069
46.861079, -121.14467069
46.870079, -121.14467069
46.879079, -121.14467069
46.888079, -121.14467069
46.897079, -121.14467069
46.906079, -121.14467069
46.915079, -121.14467069
46.924079, -121.14467069
46.933079, -121.14467069
46.942079, -121.14467069
46.951079, -121.14467069
46.960079, -121.14467069
46.969079, -121.14467069
46.978079, -121.14467069
46.987079, -121.14467069
46.996079, -121.14467069
47.005079, -121.14467069
47.014079, -121.14467069
47.023079, -121.14467069
47.032079, -121.14467069
47.041079, -121.14467069
47.050079, -121.14467069
47.059079, -121.14467069
47.068079, -121.14467069
47.077079, -121.14467069
47.086079, -121.14467069
47.095079, -121.14467069
47.104079, -121.14467069
47.113079, -121.14467069
47.122079, -121.14467069
47.131079, -121.14467069
47.140079, -121.14467069
47.149079, -121.14467069
47.158079, -121.14467069
47.167079, -121.14467069
47.176079, -121.14467069
47.185079, -121.14467069
47.194079, -121.14467069
47.203079, -121.14467069
47.212079, -121.14467069
47.221079, -121.14467069
47.230079, -121.14467069
47.239079, -121.14467069
47.248079, -121.14467069
47.257079, -121.14467069
47.266079, -121.14467069
47.275079, -121.14467069
47.284079, -121.14467069
47.293079, -121.14467069
47.302079, -121.14467069
47.311079, -121.14467069
47.320079, -121.14467069
47.329079, -121.14467069
47.338079, -121.14467069
47.347079, -121.14467069
47.356079, -121.14467069
47.365079, -121.14467069
47.374079, -121.14467069
47.383079, -121.14467069
47.392079, -121.14467069
47.401079, -121.14467069
47.410079, -121.14467069
47.419079, -121.14467069
47.428079, -121.14467069
47.437079, -121.14467069
47.446079, -121.14467069
47.455079, -121.14467069
47.464079, -121.14467069
47.473079, -121.14467069
47.482079, -121.14467069
47.491079, -121.14467069
47.500079, -121.14467069
47.509079, -121.14467069
47.518079, -121.14467069
47.527079, -121.14467069
47.536079, -121.14467069
47.545079, -121.14467069
47.554079, -121.14467069
47.563079, -121.14467069
47.572079, -121.14467069
47.581079, -121.14467069
47.590079, -121.14467069
47.599079, -121.14467069
47.608079, -121.14467069
47.617079, -121.14467069
47.626079, -121.14467069
47.635079, -121.14467069
47.644079, -121.14467069
47.653079, -121.14467069
47.662079, -121.14467069
47.671079, -121.14467069
47.680079, -121.14467069
47.689079, -121.14467069
47.698079, -121.14467069
47.707079, -121.14467069
47.716079, -121.14467069
47.725079, -121.14467069
47.734079, -121.14467069
47.743079, -121.14467069
47.752079, -121.14467069
47.761079, -121.14467069
47.770079, -121.14467069
47.779079, -121.14467069
47.788079, -121.14467069
47.797079, -121.14467069
47.806079, -121.14467069
47.815079, -121.14467069
47.824079, -121.14467069
47.833079, -121.14467069
47.842079, -121.14467069
47.851079, -121.14467069
47.860079, -121.14467069
47.869079, -121.14467069
47.878079, -121.14467069
47.887079, -121.14467069
47.896079, -121.14467069
47.905079, -121.14467069
47.914079, -121.14467069
47.923079, -121.14467069
47.932079, -121.14467069
47.941079, -121.14467069
47.950079, -121.14467069
47.959079, -121.14467069
47.968079, -121.14467069
47.977079, -121.14467069
47.986079, -121.14467069
47.995079, -121.14467069
48.004079, -121.14467069
48.013079, -121.14467069
48.022079, -121.14467069
48.031079, -121.14467069
48.040079, -121.14467069
48.049079, -121.14467069
48.058079, -121.14467069
48.067079, -121.14467069
48.076079, -121.14467069
48.085079, -121.14467069
48.094079, -121.14467069
48.103079, -121.14467069
48.112079, -121.14467069
48.121079, -121.14467069
48.130079, -121.14467069
48.139079, -121.14467069
48.148079, -121.14467069
48.157079, -121.14467069
48.166079, -121.14467069
48.175079, -121.14467069
48.184079, -121.14467069
48.193079, -121.14467069
48.202079, -121.14467069
48.211079, -121.14467069
48.220079, -121.14467069
48.229079, -121.14467069
48.238079, -121.14467069
48.247079, -121.14467069
48.256079, -121.14467069
48.265079, -121.14467069
48.274079, -121.14467069
48.283079, -121.14467069
48.292079, -121.14467069
48.301079, -121.14467069
48.310079, -121.14467069
48.319079, -121.14467069
48.328079, -121.14467069
48.337079, -121.14467069
48.346079, -121.14467069
48.355079, -121.14467069
48.364079, -121.14467069
48.373079, -121.14467069
48.382079, -121.14467069
48.391079, -121.14467069
48.400079, -121.14467069
48.409079, -121.14467069
48.418079, -121.14467069
48.427079, -121.14467069
48.436079, -121.14467069
48.445079, -121.14467069
48.454079, -121.14467069
48.463079, -121.14467069
48.472079, -121.14467069
48.481079, -121.14467069
48.490079, -121.14467069
48.499079, -121.14467069
48.508079, -121.14467069
48.517079, -121.14467069
48.526079, -121.14467069
48.535079, -121.14467069
48.544079, -121.14467069
48.553079, -121.14467069
48.562079, -121.14467069
48.571079, -121.14467069
48.580079, -121.14467069
48.589079, -121.14467069
48.598079, -121.14467069
48.607079, -121.14467069
48.616079, -121.14467069
48.625079, -121.14467069
48.634079, -121.14467069
48.643079, -121.14467069
48.652079, -121.14467069
48.661079, -121.14467069
48.670079, -121.14467069
48.679079, -121.14467069
48.688079, -121.14467069
48.697079, -121.14467069
48.706079, -121.14467069
48.715079, -121.14467069
48.724079, -121.14467069
48.733079, -121.14467069
48.742079, -121.14467069
48.751079, -121.14467069
48.760079, -121.14467069
48.769079, -121.14467069
48.778079, -121.14467069
48.787079, -121.14467069
48.796079, -121.14467069
48.805079, -121.14467069
48.814079, -121.14467069
48.823079, -121.14467069
48.832079, -121.14467069
48.841079, -121.14467069
48.850079, -121.14467069
48.859079, -121.14467069
48.868079, -121.14467069
48.877079, -121.14467069
48.886079, -121.14467069
48.895079, -121.14467069
48.904079, -121.14467069
48.913079, -121.14467069
48.922079, -121.14467069
48.931079, -121.14467069
48.940079, -121.14467069
48.949079, -121.14467069
46.213079, -121.130963932
46.222079, -121.130963932
46.231079, -121.130963932
46.240079, -121.130963932
46.249079, -121.130963932
46.258079, -121.130963932
46.267079, -121.130963932
46.276079, -121.130963932
46.285079, -121.130963932
46.294079, -121.130963932
46.303079, -121.130963932
46.312079, -121.130963932
46.321079, -121.130963932
46.330079, -121.130963932
46.339079, -121.130963932
46.348079, -121.130963932
46.357079, -121.130963932
46.366079, -121.130963932
46.375079, -121.130963932
46.384079, -121.130963932
46.393079, -121.130963932
46.402079, -121.130963932
46.411079, -121.130963932
46.420079, -121.130963932
46.429079, -121.130963932
46.438079, -121.130963932
46.447079, -121.130963932
46.456079, -121.130963932
46.465079, -121.130963932
46.474079, -121.130963932
46.483079, -121.130963932
46.492079, -121.130963932
46.501079, -121.130963932
46.510079, -121.130963932
46.519079, -121.130963932
46.528079, -121.130963932
46.537079, -121.130963932
46.546079, -121.130963932
46.555079, -121.130963932
46.564079, -121.130963932
46.573079, -121.130963932
46.582079, -121.130963932
46.591079, -121.130963932
46.600079, -121.130963932
46.609079, -121.130963932
46.618079, -121.130963932
46.627079, -121.130963932
46.636079, -121.130963932
46.645079, -121.130963932
46.654079, -121.130963932
46.663079, -121.130963932
46.672079, -121.130963932
46.681079, -121.130963932
46.690079, -121.130963932
46.699079, -121.130963932
46.708079, -121.130963932
46.717079, -121.130963932
46.726079, -121.130963932
46.735079, -121.130963932
46.744079, -121.130963932
46.753079, -121.130963932
46.762079, -121.130963932
46.771079, -121.130963932
46.780079, -121.130963932
46.789079, -121.130963932
46.798079, -121.130963932
46.807079, -121.130963932
46.816079, -121.130963932
46.825079, -121.130963932
46.834079, -121.130963932
46.843079, -121.130963932
46.852079, -121.130963932
46.861079, -121.130963932
46.870079, -121.130963932
46.879079, -121.130963932
46.888079, -121.130963932
46.897079, -121.130963932
46.906079, -121.130963932
46.915079, -121.130963932
46.924079, -121.130963932
46.933079, -121.130963932
46.942079, -121.130963932
46.951079, -121.130963932
46.960079, -121.130963932
46.969079, -121.130963932
46.978079, -121.130963932
46.987079, -121.130963932
46.996079, -121.130963932
47.005079, -121.130963932
47.014079, -121.130963932
47.023079, -121.130963932
47.032079, -121.130963932
47.041079, -121.130963932
47.050079, -121.130963932
47.059079, -121.130963932
47.068079, -121.130963932
47.077079, -121.130963932
47.086079, -121.130963932
47.095079, -121.130963932
47.104079, -121.130963932
47.113079, -121.130963932
47.122079, -121.130963932
47.131079, -121.130963932
47.140079, -121.130963932
47.149079, -121.130963932
47.158079, -121.130963932
47.167079, -121.130963932
47.176079, -121.130963932
47.185079, -121.130963932
47.194079, -121.130963932
47.203079, -121.130963932
47.212079, -121.130963932
47.221079, -121.130963932
47.230079, -121.130963932
47.239079, -121.130963932
47.248079, -121.130963932
47.257079, -121.130963932
47.266079, -121.130963932
47.275079, -121.130963932
47.284079, -121.130963932
47.293079, -121.130963932
47.302079, -121.130963932
47.311079, -121.130963932
47.320079, -121.130963932
47.329079, -121.130963932
47.338079, -121.130963932
47.347079, -121.130963932
47.356079, -121.130963932
47.365079, -121.130963932
47.374079, -121.130963932
47.383079, -121.130963932
47.392079, -121.130963932
47.401079, -121.130963932
47.410079, -121.130963932
47.419079, -121.130963932
47.428079, -121.130963932
47.437079, -121.130963932
47.446079, -121.130963932
47.455079, -121.130963932
47.464079, -121.130963932
47.473079, -121.130963932
47.482079, -121.130963932
47.491079, -121.130963932
47.500079, -121.130963932
47.509079, -121.130963932
47.518079, -121.130963932
47.527079, -121.130963932
47.536079, -121.130963932
47.545079, -121.130963932
47.554079, -121.130963932
47.563079, -121.130963932
47.572079, -121.130963932
47.581079, -121.130963932
47.590079, -121.130963932
47.599079, -121.130963932
47.608079, -121.130963932
47.617079, -121.130963932
47.626079, -121.130963932
47.635079, -121.130963932
47.644079, -121.130963932
47.653079, -121.130963932
47.662079, -121.130963932
47.671079, -121.130963932
47.680079, -121.130963932
47.689079, -121.130963932
47.698079, -121.130963932
47.707079, -121.130963932
47.716079, -121.130963932
47.725079, -121.130963932
47.734079, -121.130963932
47.743079, -121.130963932
47.752079, -121.130963932
47.761079, -121.130963932
47.770079, -121.130963932
47.779079, -121.130963932
47.788079, -121.130963932
47.797079, -121.130963932
47.806079, -121.130963932
47.815079, -121.130963932
47.824079, -121.130963932
47.833079, -121.130963932
47.842079, -121.130963932
47.851079, -121.130963932
47.860079, -121.130963932
47.869079, -121.130963932
47.878079, -121.130963932
47.887079, -121.130963932
47.896079, -121.130963932
47.905079, -121.130963932
47.914079, -121.130963932
47.923079, -121.130963932
47.932079, -121.130963932
47.941079, -121.130963932
47.950079, -121.130963932
47.959079, -121.130963932
47.968079, -121.130963932
47.977079, -121.130963932
47.986079, -121.130963932
47.995079, -121.130963932
48.004079, -121.130963932
48.013079, -121.130963932
48.022079, -121.130963932
48.031079, -121.130963932
48.040079, -121.130963932
48.049079, -121.130963932
48.058079, -121.130963932
48.067079, -121.130963932
48.076079, -121.130963932
48.085079, -121.130963932
48.094079, -121.130963932
48.103079, -121.130963932
48.112079, -121.130963932
48.121079, -121.130963932
48.130079, -121.130963932
48.139079, -121.130963932
48.148079, -121.130963932
48.157079, -121.130963932
48.166079, -121.130963932
48.175079, -121.130963932
48.184079, -121.130963932
48.193079, -121.130963932
48.202079, -121.130963932
48.211079, -121.130963932
48.220079, -121.130963932
48.229079, -121.130963932
48.238079, -121.130963932
48.247079, -121.130963932
48.256079, -121.130963932
48.265079, -121.130963932
48.274079, -121.130963932
48.283079, -121.130963932
48.292079, -121.130963932
48.301079, -121.130963932
48.310079, -121.130963932
48.319079, -121.130963932
48.328079, -121.130963932
48.337079, -121.130963932
48.346079, -121.130963932
48.355079, -121.130963932
48.364079, -121.130963932
48.373079, -121.130963932
48.382079, -121.130963932
48.391079, -121.130963932
48.400079, -121.130963932
48.409079, -121.130963932
48.418079, -121.130963932
48.427079, -121.130963932
48.436079, -121.130963932
48.445079, -121.130963932
48.454079, -121.130963932
48.463079, -121.130963932
48.472079, -121.130963932
48.481079, -121.130963932
48.490079, -121.130963932
48.499079, -121.130963932
48.508079, -121.130963932
48.517079, -121.130963932
48.526079, -121.130963932
48.535079, -121.130963932
48.544079, -121.130963932
48.553079, -121.130963932
48.562079, -121.130963932
48.571079, -121.130963932
48.580079, -121.130963932
48.589079, -121.130963932
48.598079, -121.130963932
48.607079, -121.130963932
48.616079, -121.130963932
48.625079, -121.130963932
48.634079, -121.130963932
48.643079, -121.130963932
48.652079, -121.130963932
48.661079, -121.130963932
48.670079, -121.130963932
48.679079, -121.130963932
48.688079, -121.130963932
48.697079, -121.130963932
48.706079, -121.130963932
48.715079, -121.130963932
48.724079, -121.130963932
48.733079, -121.130963932
48.742079, -121.130963932
48.751079, -121.130963932
48.760079, -121.130963932
48.769079, -121.130963932
48.778079, -121.130963932
48.787079, -121.130963932
48.796079, -121.130963932
48.805079, -121.130963932
48.814079, -121.130963932
48.823079, -121.130963932
48.832079, -121.130963932
48.841079, -121.130963932
48.850079, -121.130963932
48.859079, -121.130963932
48.868079, -121.130963932
48.877079, -121.130963932
48.886079, -121.130963932
48.895079, -121.130963932
48.904079, -121.130963932
48.913079, -121.130963932
48.922079, -121.130963932
48.931079, -121.130963932
48.940079, -121.130963932
48.949079, -121.130963932
46.213079, -121.117257173
46.222079, -121.117257173
46.231079, -121.117257173
46.240079, -121.117257173
46.249079, -121.117257173
46.258079, -121.117257173
46.267079, -121.117257173
46.276079, -121.117257173
46.285079, -121.117257173
46.294079, -121.117257173
46.303079, -121.117257173
46.312079, -121.117257173
46.321079, -121.117257173
46.330079, -121.117257173
46.339079, -121.117257173
46.348079, -121.117257173
46.357079, -121.117257173
46.366079, -121.117257173
46.375079, -121.117257173
46.384079, -121.117257173
46.393079, -121.117257173
46.402079, -121.117257173
46.411079, -121.117257173
46.420079, -121.117257173
46.429079, -121.117257173
46.438079, -121.117257173
46.447079, -121.117257173
46.456079, -121.117257173
46.465079, -121.117257173
46.474079, -121.117257173
46.483079, -121.117257173
46.492079, -121.117257173
46.501079, -121.117257173
46.510079, -121.117257173
46.519079, -121.117257173
46.528079, -121.117257173
46.537079, -121.117257173
46.546079, -121.117257173
46.555079, -121.117257173
46.564079, -121.117257173
46.573079, -121.117257173
46.582079, -121.117257173
46.591079, -121.117257173
46.600079, -121.117257173
46.609079, -121.117257173
46.618079, -121.117257173
46.627079, -121.117257173
46.636079, -121.117257173
46.645079, -121.117257173
46.654079, -121.117257173
46.663079, -121.117257173
46.672079, -121.117257173
46.681079, -121.117257173
46.690079, -121.117257173
46.699079, -121.117257173
46.708079, -121.117257173
46.717079, -121.117257173
46.726079, -121.117257173
46.735079, -121.117257173
46.744079, -121.117257173
46.753079, -121.117257173
46.762079, -121.117257173
46.771079, -121.117257173
46.780079, -121.117257173
46.789079, -121.117257173
46.798079, -121.117257173
46.807079, -121.117257173
46.816079, -121.117257173
46.825079, -121.117257173
46.834079, -121.117257173
46.843079, -121.117257173
46.852079, -121.117257173
46.861079, -121.117257173
46.870079, -121.117257173
46.879079, -121.117257173
46.888079, -121.117257173
46.897079, -121.117257173
46.906079, -121.117257173
46.915079, -121.117257173
46.924079, -121.117257173
46.933079, -121.117257173
46.942079, -121.117257173
46.951079, -121.117257173
46.960079, -121.117257173
46.969079, -121.117257173
46.978079, -121.117257173
46.987079, -121.117257173
46.996079, -121.117257173
47.005079, -121.117257173
47.014079, -121.117257173
47.023079, -121.117257173
47.032079, -121.117257173
47.041079, -121.117257173
47.050079, -121.117257173
47.059079, -121.117257173
47.068079, -121.117257173
47.077079, -121.117257173
47.086079, -121.117257173
47.095079, -121.117257173
47.104079, -121.117257173
47.113079, -121.117257173
47.122079, -121.117257173
47.131079, -121.117257173
47.140079, -121.117257173
47.149079, -121.117257173
47.158079, -121.117257173
47.167079, -121.117257173
47.176079, -121.117257173
47.185079, -121.117257173
47.194079, -121.117257173
47.203079, -121.117257173
47.212079, -121.117257173
47.221079, -121.117257173
47.230079, -121.117257173
47.239079, -121.117257173
47.248079, -121.117257173
47.257079, -121.117257173
47.266079, -121.117257173
47.275079, -121.117257173
47.284079, -121.117257173
47.293079, -121.117257173
47.302079, -121.117257173
47.311079, -121.117257173
47.320079, -121.117257173
47.329079, -121.117257173
47.338079, -121.117257173
47.347079, -121.117257173
47.356079, -121.117257173
47.365079, -121.117257173
47.374079, -121.117257173
47.383079, -121.117257173
47.392079, -121.117257173
47.401079, -121.117257173
47.410079, -121.117257173
47.419079, -121.117257173
47.428079, -121.117257173
47.437079, -121.117257173
47.446079, -121.117257173
47.455079, -121.117257173
47.464079, -121.117257173
47.473079, -121.117257173
47.482079, -121.117257173
47.491079, -121.117257173
47.500079, -121.117257173
47.509079, -121.117257173
47.518079, -121.117257173
47.527079, -121.117257173
47.536079, -121.117257173
47.545079, -121.117257173
47.554079, -121.117257173
47.563079, -121.117257173
47.572079, -121.117257173
47.581079, -121.117257173
47.590079, -121.117257173
47.599079, -121.117257173
47.608079, -121.117257173
47.617079, -121.117257173
47.626079, -121.117257173
47.635079, -121.117257173
47.644079, -121.117257173
47.653079, -121.117257173
47.662079, -121.117257173
47.671079, -121.117257173
47.680079, -121.117257173
47.689079, -121.117257173
47.698079, -121.117257173
47.707079, -121.117257173
47.716079, -121.117257173
47.725079, -121.117257173
47.734079, -121.117257173
47.743079, -121.117257173
47.752079, -121.117257173
47.761079, -121.117257173
47.770079, -121.117257173
47.779079, -121.117257173
47.788079, -121.117257173
47.797079, -121.117257173
47.806079, -121.117257173
47.815079, -121.117257173
47.824079, -121.117257173
47.833079, -121.117257173
47.842079, -121.117257173
47.851079, -121.117257173
47.860079, -121.117257173
47.869079, -121.117257173
47.878079, -121.117257173
47.887079, -121.117257173
47.896079, -121.117257173
47.905079, -121.117257173
47.914079, -121.117257173
47.923079, -121.117257173
47.932079, -121.117257173
47.941079, -121.117257173
47.950079, -121.117257173
47.959079, -121.117257173
47.968079, -121.117257173
47.977079, -121.117257173
47.986079, -121.117257173
47.995079, -121.117257173
48.004079, -121.117257173
48.013079, -121.117257173
48.022079, -121.117257173
48.031079, -121.117257173
48.040079, -121.117257173
48.049079, -121.117257173
48.058079, -121.117257173
48.067079, -121.117257173
48.076079, -121.117257173
48.085079, -121.117257173
48.094079, -121.117257173
48.103079, -121.117257173
48.112079, -121.117257173
48.121079, -121.117257173
48.130079, -121.117257173
48.139079, -121.117257173
48.148079, -121.117257173
48.157079, -121.117257173
48.166079, -121.117257173
48.175079, -121.117257173
48.184079, -121.117257173
48.193079, -121.117257173
48.202079, -121.117257173
48.211079, -121.117257173
48.220079, -121.117257173
48.229079, -121.117257173
48.238079, -121.117257173
48.247079, -121.117257173
48.256079, -121.117257173
48.265079, -121.117257173
48.274079, -121.117257173
48.283079, -121.117257173
48.292079, -121.117257173
48.301079, -121.117257173
48.310079, -121.117257173
48.319079, -121.117257173
48.328079, -121.117257173
48.337079, -121.117257173
48.346079, -121.117257173
48.355079, -121.117257173
48.364079, -121.117257173
48.373079, -121.117257173
48.382079, -121.117257173
48.391079, -121.117257173
48.400079, -121.117257173
48.409079, -121.117257173
48.418079, -121.117257173
48.427079, -121.117257173
48.436079, -121.117257173
48.445079, -121.117257173
48.454079, -121.117257173
48.463079, -121.117257173
48.472079, -121.117257173
48.481079, -121.117257173
48.490079, -121.117257173
48.499079, -121.117257173
48.508079, -121.117257173
48.517079, -121.117257173
48.526079, -121.117257173
48.535079, -121.117257173
48.544079, -121.117257173
48.553079, -121.117257173
48.562079, -121.117257173
48.571079, -121.117257173
48.580079, -121.117257173
48.589079, -121.117257173
48.598079, -121.117257173
48.607079, -121.117257173
48.616079, -121.117257173
48.625079, -121.117257173
48.634079, -121.117257173
48.643079, -121.117257173
48.652079, -121.117257173
48.661079, -121.117257173
48.670079, -121.117257173
48.679079, -121.117257173
48.688079, -121.117257173
48.697079, -121.117257173
48.706079, -121.117257173
48.715079, -121.117257173
48.724079, -121.117257173
48.733079, -121.117257173
48.742079, -121.117257173
48.751079, -121.117257173
48.760079, -121.117257173
48.769079, -121.117257173
48.778079, -121.117257173
48.787079, -121.117257173
48.796079, -121.117257173
48.805079, -121.117257173
48.814079, -121.117257173
48.823079, -121.117257173
48.832079, -121.117257173
48.841079, -121.117257173
48.850079, -121.117257173
48.859079, -121.117257173
48.868079, -121.117257173
48.877079, -121.117257173
48.886079, -121.117257173
48.895079, -121.117257173
48.904079, -121.117257173
48.913079, -121.117257173
48.922079, -121.117257173
48.931079, -121.117257173
48.940079, -121.117257173
48.949079, -121.117257173
46.213079, -121.103550415
46.222079, -121.103550415
46.231079, -121.103550415
46.240079, -121.103550415
46.249079, -121.103550415
46.258079, -121.103550415
46.267079, -121.103550415
46.276079, -121.103550415
46.285079, -121.103550415
46.294079, -121.103550415
46.303079, -121.103550415
46.312079, -121.103550415
46.321079, -121.103550415
46.330079, -121.103550415
46.339079, -121.103550415
46.348079, -121.103550415
46.357079, -121.103550415
46.366079, -121.103550415
46.375079, -121.103550415
46.384079, -121.103550415
46.393079, -121.103550415
46.402079, -121.103550415
46.411079, -121.103550415
46.420079, -121.103550415
46.429079, -121.103550415
46.438079, -121.103550415
46.447079, -121.103550415
46.456079, -121.103550415
46.465079, -121.103550415
46.474079, -121.103550415
46.483079, -121.103550415
46.492079, -121.103550415
46.501079, -121.103550415
46.510079, -121.103550415
46.519079, -121.103550415
46.528079, -121.103550415
46.537079, -121.103550415
46.546079, -121.103550415
46.555079, -121.103550415
46.564079, -121.103550415
46.573079, -121.103550415
46.582079, -121.103550415
46.591079, -121.103550415
46.600079, -121.103550415
46.609079, -121.103550415
46.618079, -121.103550415
46.627079, -121.103550415
46.636079, -121.103550415
46.645079, -121.103550415
46.654079, -121.103550415
46.663079, -121.103550415
46.672079, -121.103550415
46.681079, -121.103550415
46.690079, -121.103550415
46.699079, -121.103550415
46.708079, -121.103550415
46.717079, -121.103550415
46.726079, -121.103550415
46.735079, -121.103550415
46.744079, -121.103550415
46.753079, -121.103550415
46.762079, -121.103550415
46.771079, -121.103550415
46.780079, -121.103550415
46.789079, -121.103550415
46.798079, -121.103550415
46.807079, -121.103550415
46.816079, -121.103550415
46.825079, -121.103550415
46.834079, -121.103550415
46.843079, -121.103550415
46.852079, -121.103550415
46.861079, -121.103550415
46.870079, -121.103550415
46.879079, -121.103550415
46.888079, -121.103550415
46.897079, -121.103550415
46.906079, -121.103550415
46.915079, -121.103550415
46.924079, -121.103550415
46.933079, -121.103550415
46.942079, -121.103550415
46.951079, -121.103550415
46.960079, -121.103550415
46.969079, -121.103550415
46.978079, -121.103550415
46.987079, -121.103550415
46.996079, -121.103550415
47.005079, -121.103550415
47.014079, -121.103550415
47.023079, -121.103550415
47.032079, -121.103550415
47.041079, -121.103550415
47.050079, -121.103550415
47.059079, -121.103550415
47.068079, -121.103550415
47.077079, -121.103550415
47.086079, -121.103550415
47.095079, -121.103550415
47.104079, -121.103550415
47.113079, -121.103550415
47.122079, -121.103550415
47.131079, -121.103550415
47.140079, -121.103550415
47.149079, -121.103550415
47.158079, -121.103550415
47.167079, -121.103550415
47.176079, -121.103550415
47.185079, -121.103550415
47.194079, -121.103550415
47.203079, -121.103550415
47.212079, -121.103550415
47.221079, -121.103550415
47.230079, -121.103550415
47.239079, -121.103550415
47.248079, -121.103550415
47.257079, -121.103550415
47.266079, -121.103550415
47.275079, -121.103550415
47.284079, -121.103550415
47.293079, -121.103550415
47.302079, -121.103550415
47.311079, -121.103550415
47.320079, -121.103550415
47.329079, -121.103550415
47.338079, -121.103550415
47.347079, -121.103550415
47.356079, -121.103550415
47.365079, -121.103550415
47.374079, -121.103550415
47.383079, -121.103550415
47.392079, -121.103550415
47.401079, -121.103550415
47.410079, -121.103550415
47.419079, -121.103550415
47.428079, -121.103550415
47.437079, -121.103550415
47.446079, -121.103550415
47.455079, -121.103550415
47.464079, -121.103550415
47.473079, -121.103550415
47.482079, -121.103550415
47.491079, -121.103550415
47.500079, -121.103550415
47.509079, -121.103550415
47.518079, -121.103550415
47.527079, -121.103550415
47.536079, -121.103550415
47.545079, -121.103550415
47.554079, -121.103550415
47.563079, -121.103550415
47.572079, -121.103550415
47.581079, -121.103550415
47.590079, -121.103550415
47.599079, -121.103550415
47.608079, -121.103550415
47.617079, -121.103550415
47.626079, -121.103550415
47.635079, -121.103550415
47.644079, -121.103550415
47.653079, -121.103550415
47.662079, -121.103550415
47.671079, -121.103550415
47.680079, -121.103550415
47.689079, -121.103550415
47.698079, -121.103550415
47.707079, -121.103550415
47.716079, -121.103550415
47.725079, -121.103550415
47.734079, -121.103550415
47.743079, -121.103550415
47.752079, -121.103550415
47.761079, -121.103550415
47.770079, -121.103550415
47.779079, -121.103550415
47.788079, -121.103550415
47.797079, -121.103550415
47.806079, -121.103550415
47.815079, -121.103550415
47.824079, -121.103550415
47.833079, -121.103550415
47.842079, -121.103550415
47.851079, -121.103550415
47.860079, -121.103550415
47.869079, -121.103550415
47.878079, -121.103550415
47.887079, -121.103550415
47.896079, -121.103550415
47.905079, -121.103550415
47.914079, -121.103550415
47.923079, -121.103550415
47.932079, -121.103550415
47.941079, -121.103550415
47.950079, -121.103550415
47.959079, -121.103550415
47.968079, -121.103550415
47.977079, -121.103550415
47.986079, -121.103550415
47.995079, -121.103550415
48.004079, -121.103550415
48.013079, -121.103550415
48.022079, -121.103550415
48.031079, -121.103550415
48.040079, -121.103550415
48.049079, -121.103550415
48.058079, -121.103550415
48.067079, -121.103550415
48.076079, -121.103550415
48.085079, -121.103550415
48.094079, -121.103550415
48.103079, -121.103550415
48.112079, -121.103550415
48.121079, -121.103550415
48.130079, -121.103550415
48.139079, -121.103550415
48.148079, -121.103550415
48.157079, -121.103550415
48.166079, -121.103550415
48.175079, -121.103550415
48.184079, -121.103550415
48.193079, -121.103550415
48.202079, -121.103550415
48.211079, -121.103550415
48.220079, -121.103550415
48.229079, -121.103550415
48.238079, -121.103550415
48.247079, -121.103550415
48.256079, -121.103550415
48.265079, -121.103550415
48.274079, -121.103550415
48.283079, -121.103550415
48.292079, -121.103550415
48.301079, -121.103550415
48.310079, -121.103550415
48.319079, -121.103550415
48.328079, -121.103550415
48.337079, -121.103550415
48.346079, -121.103550415
48.355079, -121.103550415
48.364079, -121.103550415
48.373079, -121.103550415
48.382079, -121.103550415
48.391079, -121.103550415
48.400079, -121.103550415
48.409079, -121.103550415
48.418079, -121.103550415
48.427079, -121.103550415
48.436079, -121.103550415
48.445079, -121.103550415
48.454079, -121.103550415
48.463079, -121.103550415
48.472079, -121.103550415
48.481079, -121.103550415
48.490079, -121.103550415
48.499079, -121.103550415
48.508079, -121.103550415
48.517079, -121.103550415
48.526079, -121.103550415
48.535079, -121.103550415
48.544079, -121.103550415
48.553079, -121.103550415
48.562079, -121.103550415
48.571079, -121.103550415
48.580079, -121.103550415
48.589079, -121.103550415
48.598079, -121.103550415
48.607079, -121.103550415
48.616079, -121.103550415
48.625079, -121.103550415
48.634079, -121.103550415
48.643079, -121.103550415
48.652079, -121.103550415
48.661079, -121.103550415
48.670079, -121.103550415
48.679079, -121.103550415
48.688079, -121.103550415
48.697079, -121.103550415
48.706079, -121.103550415
48.715079, -121.103550415
48.724079, -121.103550415
48.733079, -121.103550415
48.742079, -121.103550415
48.751079, -121.103550415
48.760079, -121.103550415
48.769079, -121.103550415
48.778079, -121.103550415
48.787079, -121.103550415
48.796079, -121.103550415
48.805079, -121.103550415
48.814079, -121.103550415
48.823079, -121.103550415
48.832079, -121.103550415
48.841079, -121.103550415
48.850079, -121.103550415
48.859079, -121.103550415
48.868079, -121.103550415
48.877079, -121.103550415
48.886079, -121.103550415
48.895079, -121.103550415
48.904079, -121.103550415
48.913079, -121.103550415
48.922079, -121.103550415
48.931079, -121.103550415
48.940079, -121.103550415
48.949079, -121.103550415
46.213079, -121.089843656
46.222079, -121.089843656
46.231079, -121.089843656
46.240079, -121.089843656
46.249079, -121.089843656
46.258079, -121.089843656
46.267079, -121.089843656
46.276079, -121.089843656
46.285079, -121.089843656
46.294079, -121.089843656
46.303079, -121.089843656
46.312079, -121.089843656
46.321079, -121.089843656
46.330079, -121.089843656
46.339079, -121.089843656
46.348079, -121.089843656
46.357079, -121.089843656
46.366079, -121.089843656
46.375079, -121.089843656
46.384079, -121.089843656
46.393079, -121.089843656
46.402079, -121.089843656
46.411079, -121.089843656
46.420079, -121.089843656
46.429079, -121.089843656
46.438079, -121.089843656
46.447079, -121.089843656
46.456079, -121.089843656
46.465079, -121.089843656
46.474079, -121.089843656
46.483079, -121.089843656
46.492079, -121.089843656
46.501079, -121.089843656
46.510079, -121.089843656
46.519079, -121.089843656
46.528079, -121.089843656
46.537079, -121.089843656
46.546079, -121.089843656
46.555079, -121.089843656
46.564079, -121.089843656
46.573079, -121.089843656
46.582079, -121.089843656
46.591079, -121.089843656
46.600079, -121.089843656
46.609079, -121.089843656
46.618079, -121.089843656
46.627079, -121.089843656
46.636079, -121.089843656
46.645079, -121.089843656
46.654079, -121.089843656
46.663079, -121.089843656
46.672079, -121.089843656
46.681079, -121.089843656
46.690079, -121.089843656
46.699079, -121.089843656
46.708079, -121.089843656
46.717079, -121.089843656
46.726079, -121.089843656
46.735079, -121.089843656
46.744079, -121.089843656
46.753079, -121.089843656
46.762079, -121.089843656
46.771079, -121.089843656
46.780079, -121.089843656
46.789079, -121.089843656
46.798079, -121.089843656
46.807079, -121.089843656
46.816079, -121.089843656
46.825079, -121.089843656
46.834079, -121.089843656
46.843079, -121.089843656
46.852079, -121.089843656
46.861079, -121.089843656
46.870079, -121.089843656
46.879079, -121.089843656
46.888079, -121.089843656
46.897079, -121.089843656
46.906079, -121.089843656
46.915079, -121.089843656
46.924079, -121.089843656
46.933079, -121.089843656
46.942079, -121.089843656
46.951079, -121.089843656
46.960079, -121.089843656
46.969079, -121.089843656
46.978079, -121.089843656
46.987079, -121.089843656
46.996079, -121.089843656
47.005079, -121.089843656
47.014079, -121.089843656
47.023079, -121.089843656
47.032079, -121.089843656
47.041079, -121.089843656
47.050079, -121.089843656
47.059079, -121.089843656
47.068079, -121.089843656
47.077079, -121.089843656
47.086079, -121.089843656
47.095079, -121.089843656
47.104079, -121.089843656
47.113079, -121.089843656
47.122079, -121.089843656
47.131079, -121.089843656
47.140079, -121.089843656
47.149079, -121.089843656
47.158079, -121.089843656
47.167079, -121.089843656
47.176079, -121.089843656
47.185079, -121.089843656
47.194079, -121.089843656
47.203079, -121.089843656
47.212079, -121.089843656
47.221079, -121.089843656
47.230079, -121.089843656
47.239079, -121.089843656
47.248079, -121.089843656
47.257079, -121.089843656
47.266079, -121.089843656
47.275079, -121.089843656
47.284079, -121.089843656
47.293079, -121.089843656
47.302079, -121.089843656
47.311079, -121.089843656
47.320079, -121.089843656
47.329079, -121.089843656
47.338079, -121.089843656
47.347079, -121.089843656
47.356079, -121.089843656
47.365079, -121.089843656
47.374079, -121.089843656
47.383079, -121.089843656
47.392079, -121.089843656
47.401079, -121.089843656
47.410079, -121.089843656
47.419079, -121.089843656
47.428079, -121.089843656
47.437079, -121.089843656
47.446079, -121.089843656
47.455079, -121.089843656
47.464079, -121.089843656
47.473079, -121.089843656
47.482079, -121.089843656
47.491079, -121.089843656
47.500079, -121.089843656
47.509079, -121.089843656
47.518079, -121.089843656
47.527079, -121.089843656
47.536079, -121.089843656
47.545079, -121.089843656
47.554079, -121.089843656
47.563079, -121.089843656
47.572079, -121.089843656
47.581079, -121.089843656
47.590079, -121.089843656
47.599079, -121.089843656
47.608079, -121.089843656
47.617079, -121.089843656
47.626079, -121.089843656
47.635079, -121.089843656
47.644079, -121.089843656
47.653079, -121.089843656
47.662079, -121.089843656
47.671079, -121.089843656
47.680079, -121.089843656
47.689079, -121.089843656
47.698079, -121.089843656
47.707079, -121.089843656
47.716079, -121.089843656
47.725079, -121.089843656
47.734079, -121.089843656
47.743079, -121.089843656
47.752079, -121.089843656
47.761079, -121.089843656
47.770079, -121.089843656
47.779079, -121.089843656
47.788079, -121.089843656
47.797079, -121.089843656
47.806079, -121.089843656
47.815079, -121.089843656
47.824079, -121.089843656
47.833079, -121.089843656
47.842079, -121.089843656
47.851079, -121.089843656
47.860079, -121.089843656
47.869079, -121.089843656
47.878079, -121.089843656
47.887079, -121.089843656
47.896079, -121.089843656
47.905079, -121.089843656
47.914079, -121.089843656
47.923079, -121.089843656
47.932079, -121.089843656
47.941079, -121.089843656
47.950079, -121.089843656
47.959079, -121.089843656
47.968079, -121.089843656
47.977079, -121.089843656
47.986079, -121.089843656
47.995079, -121.089843656
48.004079, -121.089843656
48.013079, -121.089843656
48.022079, -121.089843656
48.031079, -121.089843656
48.040079, -121.089843656
48.049079, -121.089843656
48.058079, -121.089843656
48.067079, -121.089843656
48.076079, -121.089843656
48.085079, -121.089843656
48.094079, -121.089843656
48.103079, -121.089843656
48.112079, -121.089843656
48.121079, -121.089843656
48.130079, -121.089843656
48.139079, -121.089843656
48.148079, -121.089843656
48.157079, -121.089843656
48.166079, -121.089843656
48.175079, -121.089843656
48.184079, -121.089843656
48.193079, -121.089843656
48.202079, -121.089843656
48.211079, -121.089843656
48.220079, -121.089843656
48.229079, -121.089843656
48.238079, -121.089843656
48.247079, -121.089843656
48.256079, -121.089843656
48.265079, -121.089843656
48.274079, -121.089843656
48.283079, -121.089843656
48.292079, -121.089843656
48.301079, -121.089843656
48.310079, -121.089843656
48.319079, -121.089843656
48.328079, -121.089843656
48.337079, -121.089843656
48.346079, -121.089843656
48.355079, -121.089843656
48.364079, -121.089843656
48.373079, -121.089843656
48.382079, -121.089843656
48.391079, -121.089843656
48.400079, -121.089843656
48.409079, -121.089843656
48.418079, -121.089843656
48.427079, -121.089843656
48.436079, -121.089843656
48.445079, -121.089843656
48.454079, -121.089843656
48.463079, -121.089843656
48.472079, -121.089843656
48.481079, -121.089843656
48.490079, -121.089843656
48.499079, -121.089843656
48.508079, -121.089843656
48.517079, -121.089843656
48.526079, -121.089843656
48.535079, -121.089843656
48.544079, -121.089843656
48.553079, -121.089843656
48.562079, -121.089843656
48.571079, -121.089843656
48.580079, -121.089843656
48.589079, -121.089843656
48.598079, -121.089843656
48.607079, -121.089843656
48.616079, -121.089843656
48.625079, -121.089843656
48.634079, -121.089843656
48.643079, -121.089843656
48.652079, -121.089843656
48.661079, -121.089843656
48.670079, -121.089843656
48.679079, -121.089843656
48.688079, -121.089843656
48.697079, -121.089843656
48.706079, -121.089843656
48.715079, -121.089843656
48.724079, -121.089843656
48.733079, -121.089843656
48.742079, -121.089843656
48.751079, -121.089843656
48.760079, -121.089843656
48.769079, -121.089843656
48.778079, -121.089843656
48.787079, -121.089843656
48.796079, -121.089843656
48.805079, -121.089843656
48.814079, -121.089843656
48.823079, -121.089843656
48.832079, -121.089843656
48.841079, -121.089843656
48.850079, -121.089843656
48.859079, -121.089843656
48.868079, -121.089843656
48.877079, -121.089843656
48.886079, -121.089843656
48.895079, -121.089843656
48.904079, -121.089843656
48.913079, -121.089843656
48.922079, -121.089843656
48.931079, -121.089843656
48.940079, -121.089843656
48.949079, -121.089843656
46.213079, -121.076136898
46.222079, -121.076136898
46.231079, -121.076136898
46.240079, -121.076136898
46.249079, -121.076136898
46.258079, -121.076136898
46.267079, -121.076136898
46.276079, -121.076136898
46.285079, -121.076136898
46.294079, -121.076136898
46.303079, -121.076136898
46.312079, -121.076136898
46.321079, -121.076136898
46.330079, -121.076136898
46.339079, -121.076136898
46.348079, -121.076136898
46.357079, -121.076136898
46.366079, -121.076136898
46.375079, -121.076136898
46.384079, -121.076136898
46.393079, -121.076136898
46.402079, -121.076136898
46.411079, -121.076136898
46.420079, -121.076136898
46.429079, -121.076136898
46.438079, -121.076136898
46.447079, -121.076136898
46.456079, -121.076136898
46.465079, -121.076136898
46.474079, -121.076136898
46.483079, -121.076136898
46.492079, -121.076136898
46.501079, -121.076136898
46.510079, -121.076136898
46.519079, -121.076136898
46.528079, -121.076136898
46.537079, -121.076136898
46.546079, -121.076136898
46.555079, -121.076136898
46.564079, -121.076136898
46.573079, -121.076136898
46.582079, -121.076136898
46.591079, -121.076136898
46.600079, -121.076136898
46.609079, -121.076136898
46.618079, -121.076136898
46.627079, -121.076136898
46.636079, -121.076136898
46.645079, -121.076136898
46.654079, -121.076136898
46.663079, -121.076136898
46.672079, -121.076136898
46.681079, -121.076136898
46.690079, -121.076136898
46.699079, -121.076136898
46.708079, -121.076136898
46.717079, -121.076136898
46.726079, -121.076136898
46.735079, -121.076136898
46.744079, -121.076136898
46.753079, -121.076136898
46.762079, -121.076136898
46.771079, -121.076136898
46.780079, -121.076136898
46.789079, -121.076136898
46.798079, -121.076136898
46.807079, -121.076136898
46.816079, -121.076136898
46.825079, -121.076136898
46.834079, -121.076136898
46.843079, -121.076136898
46.852079, -121.076136898
46.861079, -121.076136898
46.870079, -121.076136898
46.879079, -121.076136898
46.888079, -121.076136898
46.897079, -121.076136898
46.906079, -121.076136898
46.915079, -121.076136898
46.924079, -121.076136898
46.933079, -121.076136898
46.942079, -121.076136898
46.951079, -121.076136898
46.960079, -121.076136898
46.969079, -121.076136898
46.978079, -121.076136898
46.987079, -121.076136898
46.996079, -121.076136898
47.005079, -121.076136898
47.014079, -121.076136898
47.023079, -121.076136898
47.032079, -121.076136898
47.041079, -121.076136898
47.050079, -121.076136898
47.059079, -121.076136898
47.068079, -121.076136898
47.077079, -121.076136898
47.086079, -121.076136898
47.095079, -121.076136898
47.104079, -121.076136898
47.113079, -121.076136898
47.122079, -121.076136898
47.131079, -121.076136898
47.140079, -121.076136898
47.149079, -121.076136898
47.158079, -121.076136898
47.167079, -121.076136898
47.176079, -121.076136898
47.185079, -121.076136898
47.194079, -121.076136898
47.203079, -121.076136898
47.212079, -121.076136898
47.221079, -121.076136898
47.230079, -121.076136898
47.239079, -121.076136898
47.248079, -121.076136898
47.257079, -121.076136898
47.266079, -121.076136898
47.275079, -121.076136898
47.284079, -121.076136898
47.293079, -121.076136898
47.302079, -121.076136898
47.311079, -121.076136898
47.320079, -121.076136898
47.329079, -121.076136898
47.338079, -121.076136898
47.347079, -121.076136898
47.356079, -121.076136898
47.365079, -121.076136898
47.374079, -121.076136898
47.383079, -121.076136898
47.392079, -121.076136898
47.401079, -121.076136898
47.410079, -121.076136898
47.419079, -121.076136898
47.428079, -121.076136898
47.437079, -121.076136898
47.446079, -121.076136898
47.455079, -121.076136898
47.464079, -121.076136898
47.473079, -121.076136898
47.482079, -121.076136898
47.491079, -121.076136898
47.500079, -121.076136898
47.509079, -121.076136898
47.518079, -121.076136898
47.527079, -121.076136898
47.536079, -121.076136898
47.545079, -121.076136898
47.554079, -121.076136898
47.563079, -121.076136898
47.572079, -121.076136898
47.581079, -121.076136898
47.590079, -121.076136898
47.599079, -121.076136898
47.608079, -121.076136898
47.617079, -121.076136898
47.626079, -121.076136898
47.635079, -121.076136898
47.644079, -121.076136898
47.653079, -121.076136898
47.662079, -121.076136898
47.671079, -121.076136898
47.680079, -121.076136898
47.689079, -121.076136898
47.698079, -121.076136898
47.707079, -121.076136898
47.716079, -121.076136898
47.725079, -121.076136898
47.734079, -121.076136898
47.743079, -121.076136898
47.752079, -121.076136898
47.761079, -121.076136898
47.770079, -121.076136898
47.779079, -121.076136898
47.788079, -121.076136898
47.797079, -121.076136898
47.806079, -121.076136898
47.815079, -121.076136898
47.824079, -121.076136898
47.833079, -121.076136898
47.842079, -121.076136898
47.851079, -121.076136898
47.860079, -121.076136898
47.869079, -121.076136898
47.878079, -121.076136898
47.887079, -121.076136898
47.896079, -121.076136898
47.905079, -121.076136898
47.914079, -121.076136898
47.923079, -121.076136898
47.932079, -121.076136898
47.941079, -121.076136898
47.950079, -121.076136898
47.959079, -121.076136898
47.968079, -121.076136898
47.977079, -121.076136898
47.986079, -121.076136898
47.995079, -121.076136898
48.004079, -121.076136898
48.013079, -121.076136898
48.022079, -121.076136898
48.031079, -121.076136898
48.040079, -121.076136898
48.049079, -121.076136898
48.058079, -121.076136898
48.067079, -121.076136898
48.076079, -121.076136898
48.085079, -121.076136898
48.094079, -121.076136898
48.103079, -121.076136898
48.112079, -121.076136898
48.121079, -121.076136898
48.130079, -121.076136898
48.139079, -121.076136898
48.148079, -121.076136898
48.157079, -121.076136898
48.166079, -121.076136898
48.175079, -121.076136898
48.184079, -121.076136898
48.193079, -121.076136898
48.202079, -121.076136898
48.211079, -121.076136898
48.220079, -121.076136898
48.229079, -121.076136898
48.238079, -121.076136898
48.247079, -121.076136898
48.256079, -121.076136898
48.265079, -121.076136898
48.274079, -121.076136898
48.283079, -121.076136898
48.292079, -121.076136898
48.301079, -121.076136898
48.310079, -121.076136898
48.319079, -121.076136898
48.328079, -121.076136898
48.337079, -121.076136898
48.346079, -121.076136898
48.355079, -121.076136898
48.364079, -121.076136898
48.373079, -121.076136898
48.382079, -121.076136898
48.391079, -121.076136898
48.400079, -121.076136898
48.409079, -121.076136898
48.418079, -121.076136898
48.427079, -121.076136898
48.436079, -121.076136898
48.445079, -121.076136898
48.454079, -121.076136898
48.463079, -121.076136898
48.472079, -121.076136898
48.481079, -121.076136898
48.490079, -121.076136898
48.499079, -121.076136898
48.508079, -121.076136898
48.517079, -121.076136898
48.526079, -121.076136898
48.535079, -121.076136898
48.544079, -121.076136898
48.553079, -121.076136898
48.562079, -121.076136898
48.571079, -121.076136898
48.580079, -121.076136898
48.589079, -121.076136898
48.598079, -121.076136898
48.607079, -121.076136898
48.616079, -121.076136898
48.625079, -121.076136898
48.634079, -121.076136898
48.643079, -121.076136898
48.652079, -121.076136898
48.661079, -121.076136898
48.670079, -121.076136898
48.679079, -121.076136898
48.688079, -121.076136898
48.697079, -121.076136898
48.706079, -121.076136898
48.715079, -121.076136898
48.724079, -121.076136898
48.733079, -121.076136898
48.742079, -121.076136898
48.751079, -121.076136898
48.760079, -121.076136898
48.769079, -121.076136898
48.778079, -121.076136898
48.787079, -121.076136898
48.796079, -121.076136898
48.805079, -121.076136898
48.814079, -121.076136898
48.823079, -121.076136898
48.832079, -121.076136898
48.841079, -121.076136898
48.850079, -121.076136898
48.859079, -121.076136898
48.868079, -121.076136898
48.877079, -121.076136898
48.886079, -121.076136898
48.895079, -121.076136898
48.904079, -121.076136898
48.913079, -121.076136898
48.922079, -121.076136898
48.931079, -121.076136898
48.940079, -121.076136898
48.949079, -121.076136898
46.213079, -121.062430139
46.222079, -121.062430139
46.231079, -121.062430139
46.240079, -121.062430139
46.249079, -121.062430139
46.258079, -121.062430139
46.267079, -121.062430139
46.276079, -121.062430139
46.285079, -121.062430139
46.294079, -121.062430139
46.303079, -121.062430139
46.312079, -121.062430139
46.321079, -121.062430139
46.330079, -121.062430139
46.339079, -121.062430139
46.348079, -121.062430139
46.357079, -121.062430139
46.366079, -121.062430139
46.375079, -121.062430139
46.384079, -121.062430139
46.393079, -121.062430139
46.402079, -121.062430139
46.411079, -121.062430139
46.420079, -121.062430139
46.429079, -121.062430139
46.438079, -121.062430139
46.447079, -121.062430139
46.456079, -121.062430139
46.465079, -121.062430139
46.474079, -121.062430139
46.483079, -121.062430139
46.492079, -121.062430139
46.501079, -121.062430139
46.510079, -121.062430139
46.519079, -121.062430139
46.528079, -121.062430139
46.537079, -121.062430139
46.546079, -121.062430139
46.555079, -121.062430139
46.564079, -121.062430139
46.573079, -121.062430139
46.582079, -121.062430139
46.591079, -121.062430139
46.600079, -121.062430139
46.609079, -121.062430139
46.618079, -121.062430139
46.627079, -121.062430139
46.636079, -121.062430139
46.645079, -121.062430139
46.654079, -121.062430139
46.663079, -121.062430139
46.672079, -121.062430139
46.681079, -121.062430139
46.690079, -121.062430139
46.699079, -121.062430139
46.708079, -121.062430139
46.717079, -121.062430139
46.726079, -121.062430139
46.735079, -121.062430139
46.744079, -121.062430139
46.753079, -121.062430139
46.762079, -121.062430139
46.771079, -121.062430139
46.780079, -121.062430139
46.789079, -121.062430139
46.798079, -121.062430139
46.807079, -121.062430139
46.816079, -121.062430139
46.825079, -121.062430139
46.834079, -121.062430139
46.843079, -121.062430139
46.852079, -121.062430139
46.861079, -121.062430139
46.870079, -121.062430139
46.879079, -121.062430139
46.888079, -121.062430139
46.897079, -121.062430139
46.906079, -121.062430139
46.915079, -121.062430139
46.924079, -121.062430139
46.933079, -121.062430139
46.942079, -121.062430139
46.951079, -121.062430139
46.960079, -121.062430139
46.969079, -121.062430139
46.978079, -121.062430139
46.987079, -121.062430139
46.996079, -121.062430139
47.005079, -121.062430139
47.014079, -121.062430139
47.023079, -121.062430139
47.032079, -121.062430139
47.041079, -121.062430139
47.050079, -121.062430139
47.059079, -121.062430139
47.068079, -121.062430139
47.077079, -121.062430139
47.086079, -121.062430139
47.095079, -121.062430139
47.104079, -121.062430139
47.113079, -121.062430139
47.122079, -121.062430139
47.131079, -121.062430139
47.140079, -121.062430139
47.149079, -121.062430139
47.158079, -121.062430139
47.167079, -121.062430139
47.176079, -121.062430139
47.185079, -121.062430139
47.194079, -121.062430139
47.203079, -121.062430139
47.212079, -121.062430139
47.221079, -121.062430139
47.230079, -121.062430139
47.239079, -121.062430139
47.248079, -121.062430139
47.257079, -121.062430139
47.266079, -121.062430139
47.275079, -121.062430139
47.284079, -121.062430139
47.293079, -121.062430139
47.302079, -121.062430139
47.311079, -121.062430139
47.320079, -121.062430139
47.329079, -121.062430139
47.338079, -121.062430139
47.347079, -121.062430139
47.356079, -121.062430139
47.365079, -121.062430139
47.374079, -121.062430139
47.383079, -121.062430139
47.392079, -121.062430139
47.401079, -121.062430139
47.410079, -121.062430139
47.419079, -121.062430139
47.428079, -121.062430139
47.437079, -121.062430139
47.446079, -121.062430139
47.455079, -121.062430139
47.464079, -121.062430139
47.473079, -121.062430139
47.482079, -121.062430139
47.491079, -121.062430139
47.500079, -121.062430139
47.509079, -121.062430139
47.518079, -121.062430139
47.527079, -121.062430139
47.536079, -121.062430139
47.545079, -121.062430139
47.554079, -121.062430139
47.563079, -121.062430139
47.572079, -121.062430139
47.581079, -121.062430139
47.590079, -121.062430139
47.599079, -121.062430139
47.608079, -121.062430139
47.617079, -121.062430139
47.626079, -121.062430139
47.635079, -121.062430139
47.644079, -121.062430139
47.653079, -121.062430139
47.662079, -121.062430139
47.671079, -121.062430139
47.680079, -121.062430139
47.689079, -121.062430139
47.698079, -121.062430139
47.707079, -121.062430139
47.716079, -121.062430139
47.725079, -121.062430139
47.734079, -121.062430139
47.743079, -121.062430139
47.752079, -121.062430139
47.761079, -121.062430139
47.770079, -121.062430139
47.779079, -121.062430139
47.788079, -121.062430139
47.797079, -121.062430139
47.806079, -121.062430139
47.815079, -121.062430139
47.824079, -121.062430139
47.833079, -121.062430139
47.842079, -121.062430139
47.851079, -121.062430139
47.860079, -121.062430139
47.869079, -121.062430139
47.878079, -121.062430139
47.887079, -121.062430139
47.896079, -121.062430139
47.905079, -121.062430139
47.914079, -121.062430139
47.923079, -121.062430139
47.932079, -121.062430139
47.941079, -121.062430139
47.950079, -121.062430139
47.959079, -121.062430139
47.968079, -121.062430139
47.977079, -121.062430139
47.986079, -121.062430139
47.995079, -121.062430139
48.004079, -121.062430139
48.013079, -121.062430139
48.022079, -121.062430139
48.031079, -121.062430139
48.040079, -121.062430139
48.049079, -121.062430139
48.058079, -121.062430139
48.067079, -121.062430139
48.076079, -121.062430139
48.085079, -121.062430139
48.094079, -121.062430139
48.103079, -121.062430139
