47.158079, -124.338345419
47.167079, -124.338345419
47.176079, -124.338345419
47.185079, -124.338345419
47.194079, -124.338345419
47.203079, -124.338345419
47.212079, -124.338345419
47.221079, -124.338345419
47.230079, -124.338345419
47.239079, -124.338345419
47.248079, -124.338345419
47.257079, -124.338345419
47.266079, -124.338345419
47.275079, -124.338345419
47.284079, -124.338345419
47.293079, -124.338345419
47.302079, -124.338345419
47.311079, -124.338345419
47.320079, -124.338345419
47.329079, -124.338345419
47.338079, -124.338345419
47.347079, -124.338345419
47.356079, -124.338345419
47.365079, -124.338345419
47.374079, -124.338345419
47.383079, -124.338345419
47.392079, -124.338345419
47.401079, -124.338345419
47.410079, -124.338345419
47.419079, -124.338345419
47.428079, -124.338345419
47.437079, -124.338345419
47.446079, -124.338345419
47.455079, -124.338345419
47.464079, -124.338345419
47.473079, -124.338345419
47.482079, -124.338345419
47.491079, -124.338345419
47.500079, -124.338345419
47.509079, -124.338345419
47.518079, -124.338345419
47.527079, -124.338345419
47.536079, -124.338345419
47.545079, -124.338345419
47.554079, -124.338345419
47.563079, -124.338345419
47.572079, -124.338345419
47.581079, -124.338345419
47.590079, -124.338345419
47.599079, -124.338345419
47.608079, -124.338345419
47.617079, -124.338345419
47.626079, -124.338345419
47.635079, -124.338345419
47.644079, -124.338345419
47.653079, -124.338345419
47.662079, -124.338345419
47.671079, -124.338345419
47.680079, -124.338345419
47.689079, -124.338345419
47.698079, -124.338345419
47.707079, -124.338345419
47.716079, -124.338345419
47.725079, -124.338345419
47.734079, -124.338345419
47.743079, -124.338345419
47.752079, -124.338345419
47.761079, -124.338345419
47.770079, -124.338345419
47.779079, -124.338345419
47.788079, -124.338345419
47.797079, -124.338345419
47.806079, -124.338345419
47.815079, -124.338345419
47.824079, -124.338345419
47.833079, -124.338345419
47.842079, -124.338345419
47.851079, -124.338345419
47.860079, -124.338345419
47.869079, -124.338345419
47.878079, -124.338345419
47.887079, -124.338345419
47.896079, -124.338345419
47.905079, -124.338345419
47.914079, -124.338345419
47.923079, -124.338345419
47.932079, -124.338345419
47.941079, -124.338345419
47.950079, -124.338345419
47.959079, -124.338345419
47.968079, -124.338345419
47.977079, -124.338345419
47.986079, -124.338345419
47.995079, -124.338345419
48.004079, -124.338345419
48.013079, -124.338345419
48.022079, -124.338345419
48.031079, -124.338345419
48.040079, -124.338345419
48.049079, -124.338345419
48.058079, -124.338345419
48.067079, -124.338345419
48.076079, -124.338345419
48.085079, -124.338345419
48.094079, -124.338345419
48.103079, -124.338345419
48.112079, -124.338345419
48.121079, -124.338345419
48.130079, -124.338345419
48.139079, -124.338345419
48.148079, -124.338345419
48.157079, -124.338345419
48.166079, -124.338345419
48.175079, -124.338345419
48.184079, -124.338345419
48.193079, -124.338345419
48.202079, -124.338345419
48.211079, -124.338345419
48.220079, -124.338345419
48.229079, -124.338345419
48.238079, -124.338345419
48.247079, -124.338345419
48.256079, -124.338345419
48.265079, -124.338345419
48.274079, -124.338345419
48.283079, -124.338345419
48.292079, -124.338345419
48.301079, -124.338345419
48.310079, -124.338345419
48.319079, -124.338345419
48.328079, -124.338345419
48.337079, -124.338345419
48.346079, -124.338345419
48.355079, -124.338345419
48.364079, -124.338345419
48.373079, -124.338345419
48.382079, -124.338345419
48.391079, -124.338345419
48.400079, -124.338345419
48.409079, -124.338345419
48.418079, -124.338345419
48.427079, -124.338345419
48.436079, -124.338345419
48.445079, -124.338345419
48.454079, -124.338345419
48.463079, -124.338345419
48.472079, -124.338345419
48.481079, -124.338345419
48.490079, -124.338345419
48.499079, -124.338345419
48.508079, -124.338345419
48.517079, -124.338345419
48.526079, -124.338345419
48.535079, -124.338345419
48.544079, -124.338345419
48.553079, -124.338345419
48.562079, -124.338345419
48.571079, -124.338345419
48.580079, -124.338345419
48.589079, -124.338345419
48.598079, -124.338345419
48.607079, -124.338345419
48.616079, -124.338345419
48.625079, -124.338345419
48.634079, -124.338345419
48.643079, -124.338345419
48.652079, -124.338345419
48.661079, -124.338345419
48.670079, -124.338345419
48.679079, -124.338345419
48.688079, -124.338345419
48.697079, -124.338345419
48.706079, -124.338345419
48.715079, -124.338345419
48.724079, -124.338345419
48.733079, -124.338345419
48.742079, -124.338345419
48.751079, -124.338345419
48.760079, -124.338345419
48.769079, -124.338345419
48.778079, -124.338345419
48.787079, -124.338345419
48.796079, -124.338345419
48.805079, -124.338345419
48.814079, -124.338345419
48.823079, -124.338345419
48.832079, -124.338345419
48.841079, -124.338345419
48.850079, -124.338345419
48.859079, -124.338345419
48.868079, -124.338345419
48.877079, -124.338345419
48.886079, -124.338345419
48.895079, -124.338345419
48.904079, -124.338345419
48.913079, -124.338345419
48.922079, -124.338345419
48.931079, -124.338345419
48.940079, -124.338345419
48.949079, -124.338345419
46.213079, -124.32463866
46.222079, -124.32463866
46.231079, -124.32463866
46.240079, -124.32463866
46.249079, -124.32463866
46.258079, -124.32463866
46.267079, -124.32463866
46.276079, -124.32463866
46.285079, -124.32463866
46.294079, -124.32463866
46.303079, -124.32463866
46.312079, -124.32463866
46.321079, -124.32463866
46.330079, -124.32463866
46.339079, -124.32463866
46.348079, -124.32463866
46.357079, -124.32463866
46.366079, -124.32463866
46.375079, -124.32463866
46.384079, -124.32463866
46.393079, -124.32463866
46.402079, -124.32463866
46.411079, -124.32463866
46.420079, -124.32463866
46.429079, -124.32463866
46.438079, -124.32463866
46.447079, -124.32463866
46.456079, -124.32463866
46.465079, -124.32463866
46.474079, -124.32463866
46.483079, -124.32463866
46.492079, -124.32463866
46.501079, -124.32463866
46.510079, -124.32463866
46.519079, -124.32463866
46.528079, -124.32463866
46.537079, -124.32463866
46.546079, -124.32463866
46.555079, -124.32463866
46.564079, -124.32463866
46.573079, -124.32463866
46.582079, -124.32463866
46.591079, -124.32463866
46.600079, -124.32463866
46.609079, -124.32463866
46.618079, -124.32463866
46.627079, -124.32463866
46.636079, -124.32463866
46.645079, -124.32463866
46.654079, -124.32463866
46.663079, -124.32463866
46.672079, -124.32463866
46.681079, -124.32463866
46.690079, -124.32463866
46.699079, -124.32463866
46.708079, -124.32463866
46.717079, -124.32463866
46.726079, -124.32463866
46.735079, -124.32463866
46.744079, -124.32463866
46.753079, -124.32463866
46.762079, -124.32463866
46.771079, -124.32463866
46.780079, -124.32463866
46.789079, -124.32463866
46.798079, -124.32463866
46.807079, -124.32463866
46.816079, -124.32463866
46.825079, -124.32463866
46.834079, -124.32463866
46.843079, -124.32463866
46.852079, -124.32463866
46.861079, -124.32463866
46.870079, -124.32463866
46.879079, -124.32463866
46.888079, -124.32463866
46.897079, -124.32463866
46.906079, -124.32463866
46.915079, -124.32463866
46.924079, -124.32463866
46.933079, -124.32463866
46.942079, -124.32463866
46.951079, -124.32463866
46.960079, -124.32463866
46.969079, -124.32463866
46.978079, -124.32463866
46.987079, -124.32463866
46.996079, -124.32463866
47.005079, -124.32463866
47.014079, -124.32463866
47.023079, -124.32463866
47.032079, -124.32463866
47.041079, -124.32463866
47.050079, -124.32463866
47.059079, -124.32463866
47.068079, -124.32463866
47.077079, -124.32463866
47.086079, -124.32463866
47.095079, -124.32463866
47.104079, -124.32463866
47.113079, -124.32463866
47.122079, -124.32463866
47.131079, -124.32463866
47.140079, -124.32463866
47.149079, -124.32463866
47.158079, -124.32463866
47.167079, -124.32463866
47.176079, -124.32463866
47.185079, -124.32463866
47.194079, -124.32463866
47.203079, -124.32463866
47.212079, -124.32463866
47.221079, -124.32463866
47.230079, -124.32463866
47.239079, -124.32463866
47.248079, -124.32463866
47.257079, -124.32463866
47.266079, -124.32463866
47.275079, -124.32463866
47.284079, -124.32463866
47.293079, -124.32463866
47.302079, -124.32463866
47.311079, -124.32463866
47.320079, -124.32463866
47.329079, -124.32463866
47.338079, -124.32463866
47.347079, -124.32463866
47.356079, -124.32463866
47.365079, -124.32463866
47.374079, -124.32463866
47.383079, -124.32463866
47.392079, -124.32463866
47.401079, -124.32463866
47.410079, -124.32463866
47.419079, -124.32463866
47.428079, -124.32463866
47.437079, -124.32463866
47.446079, -124.32463866
47.455079, -124.32463866
47.464079, -124.32463866
47.473079, -124.32463866
47.482079, -124.32463866
47.491079, -124.32463866
47.500079, -124.32463866
47.509079, -124.32463866
47.518079, -124.32463866
47.527079, -124.32463866
47.536079, -124.32463866
47.545079, -124.32463866
47.554079, -124.32463866
47.563079, -124.32463866
47.572079, -124.32463866
47.581079, -124.32463866
47.590079, -124.32463866
47.599079, -124.32463866
47.608079, -124.32463866
47.617079, -124.32463866
47.626079, -124.32463866
47.635079, -124.32463866
47.644079, -124.32463866
47.653079, -124.32463866
47.662079, -124.32463866
47.671079, -124.32463866
47.680079, -124.32463866
47.689079, -124.32463866
47.698079, -124.32463866
47.707079, -124.32463866
47.716079, -124.32463866
47.725079, -124.32463866
47.734079, -124.32463866
47.743079, -124.32463866
47.752079, -124.32463866
47.761079, -124.32463866
47.770079, -124.32463866
47.779079, -124.32463866
47.788079, -124.32463866
47.797079, -124.32463866
47.806079, -124.32463866
47.815079, -124.32463866
47.824079, -124.32463866
47.833079, -124.32463866
47.842079, -124.32463866
47.851079, -124.32463866
47.860079, -124.32463866
47.869079, -124.32463866
47.878079, -124.32463866
47.887079, -124.32463866
47.896079, -124.32463866
47.905079, -124.32463866
47.914079, -124.32463866
47.923079, -124.32463866
47.932079, -124.32463866
47.941079, -124.32463866
47.950079, -124.32463866
47.959079, -124.32463866
47.968079, -124.32463866
47.977079, -124.32463866
47.986079, -124.32463866
47.995079, -124.32463866
48.004079, -124.32463866
48.013079, -124.32463866
48.022079, -124.32463866
48.031079, -124.32463866
48.040079, -124.32463866
48.049079, -124.32463866
48.058079, -124.32463866
48.067079, -124.32463866
48.076079, -124.32463866
48.085079, -124.32463866
48.094079, -124.32463866
48.103079, -124.32463866
48.112079, -124.32463866
48.121079, -124.32463866
48.130079, -124.32463866
48.139079, -124.32463866
48.148079, -124.32463866
48.157079, -124.32463866
48.166079, -124.32463866
48.175079, -124.32463866
48.184079, -124.32463866
48.193079, -124.32463866
48.202079, -124.32463866
48.211079, -124.32463866
48.220079, -124.32463866
48.229079, -124.32463866
48.238079, -124.32463866
48.247079, -124.32463866
48.256079, -124.32463866
48.265079, -124.32463866
48.274079, -124.32463866
48.283079, -124.32463866
48.292079, -124.32463866
48.301079, -124.32463866
48.310079, -124.32463866
48.319079, -124.32463866
48.328079, -124.32463866
48.337079, -124.32463866
48.346079, -124.32463866
48.355079, -124.32463866
48.364079, -124.32463866
48.373079, -124.32463866
48.382079, -124.32463866
48.391079, -124.32463866
48.400079, -124.32463866
48.409079, -124.32463866
48.418079, -124.32463866
48.427079, -124.32463866
48.436079, -124.32463866
48.445079, -124.32463866
48.454079, -124.32463866
48.463079, -124.32463866
48.472079, -124.32463866
48.481079, -124.32463866
48.490079, -124.32463866
48.499079, -124.32463866
48.508079, -124.32463866
48.517079, -124.32463866
48.526079, -124.32463866
48.535079, -124.32463866
48.544079, -124.32463866
48.553079, -124.32463866
48.562079, -124.32463866
48.571079, -124.32463866
48.580079, -124.32463866
48.589079, -124.32463866
48.598079, -124.32463866
48.607079, -124.32463866
48.616079, -124.32463866
48.625079, -124.32463866
48.634079, -124.32463866
48.643079, -124.32463866
48.652079, -124.32463866
48.661079, -124.32463866
48.670079, -124.32463866
48.679079, -124.32463866
48.688079, -124.32463866
48.697079, -124.32463866
48.706079, -124.32463866
48.715079, -124.32463866
48.724079, -124.32463866
48.733079, -124.32463866
48.742079, -124.32463866
48.751079, -124.32463866
48.760079, -124.32463866
48.769079, -124.32463866
48.778079, -124.32463866
48.787079, -124.32463866
48.796079, -124.32463866
48.805079, -124.32463866
48.814079, -124.32463866
48.823079, -124.32463866
48.832079, -124.32463866
48.841079, -124.32463866
48.850079, -124.32463866
48.859079, -124.32463866
48.868079, -124.32463866
48.877079, -124.32463866
48.886079, -124.32463866
48.895079, -124.32463866
48.904079, -124.32463866
48.913079, -124.32463866
48.922079, -124.32463866
48.931079, -124.32463866
48.940079, -124.32463866
48.949079, -124.32463866
46.213079, -124.310931902
46.222079, -124.310931902
46.231079, -124.310931902
46.240079, -124.310931902
46.249079, -124.310931902
46.258079, -124.310931902
46.267079, -124.310931902
46.276079, -124.310931902
46.285079, -124.310931902
46.294079, -124.310931902
46.303079, -124.310931902
46.312079, -124.310931902
46.321079, -124.310931902
46.330079, -124.310931902
46.339079, -124.310931902
46.348079, -124.310931902
46.357079, -124.310931902
46.366079, -124.310931902
46.375079, -124.310931902
46.384079, -124.310931902
46.393079, -124.310931902
46.402079, -124.310931902
46.411079, -124.310931902
46.420079, -124.310931902
46.429079, -124.310931902
46.438079, -124.310931902
46.447079, -124.310931902
46.456079, -124.310931902
46.465079, -124.310931902
46.474079, -124.310931902
46.483079, -124.310931902
46.492079, -124.310931902
46.501079, -124.310931902
46.510079, -124.310931902
46.519079, -124.310931902
46.528079, -124.310931902
46.537079, -124.310931902
46.546079, -124.310931902
46.555079, -124.310931902
46.564079, -124.310931902
46.573079, -124.310931902
46.582079, -124.310931902
46.591079, -124.310931902
46.600079, -124.310931902
46.609079, -124.310931902
46.618079, -124.310931902
46.627079, -124.310931902
46.636079, -124.310931902
46.645079, -124.310931902
46.654079, -124.310931902
46.663079, -124.310931902
46.672079, -124.310931902
46.681079, -124.310931902
46.690079, -124.310931902
46.699079, -124.310931902
46.708079, -124.310931902
46.717079, -124.310931902
46.726079, -124.310931902
46.735079, -124.310931902
46.744079, -124.310931902
46.753079, -124.310931902
46.762079, -124.310931902
46.771079, -124.310931902
46.780079, -124.310931902
46.789079, -124.310931902
46.798079, -124.310931902
46.807079, -124.310931902
46.816079, -124.310931902
46.825079, -124.310931902
46.834079, -124.310931902
46.843079, -124.310931902
46.852079, -124.310931902
46.861079, -124.310931902
46.870079, -124.310931902
46.879079, -124.310931902
46.888079, -124.310931902
46.897079, -124.310931902
46.906079, -124.310931902
46.915079, -124.310931902
46.924079, -124.310931902
46.933079, -124.310931902
46.942079, -124.310931902
46.951079, -124.310931902
46.960079, -124.310931902
46.969079, -124.310931902
46.978079, -124.310931902
46.987079, -124.310931902
46.996079, -124.310931902
47.005079, -124.310931902
47.014079, -124.310931902
47.023079, -124.310931902
47.032079, -124.310931902
47.041079, -124.310931902
47.050079, -124.310931902
47.059079, -124.310931902
47.068079, -124.310931902
47.077079, -124.310931902
47.086079, -124.310931902
47.095079, -124.310931902
47.104079, -124.310931902
47.113079, -124.310931902
47.122079, -124.310931902
47.131079, -124.310931902
47.140079, -124.310931902
47.149079, -124.310931902
47.158079, -124.310931902
47.167079, -124.310931902
47.176079, -124.310931902
47.185079, -124.310931902
47.194079, -124.310931902
47.203079, -124.310931902
47.212079, -124.310931902
47.221079, -124.310931902
47.230079, -124.310931902
47.239079, -124.310931902
47.248079, -124.310931902
47.257079, -124.310931902
47.266079, -124.310931902
47.275079, -124.310931902
47.284079, -124.310931902
47.293079, -124.310931902
47.302079, -124.310931902
47.311079, -124.310931902
47.320079, -124.310931902
47.329079, -124.310931902
47.338079, -124.310931902
47.347079, -124.310931902
47.356079, -124.310931902
47.365079, -124.310931902
47.374079, -124.310931902
47.383079, -124.310931902
47.392079, -124.310931902
47.401079, -124.310931902
47.410079, -124.310931902
47.419079, -124.310931902
47.428079, -124.310931902
47.437079, -124.310931902
47.446079, -124.310931902
47.455079, -124.310931902
47.464079, -124.310931902
47.473079, -124.310931902
47.482079, -124.310931902
47.491079, -124.310931902
47.500079, -124.310931902
47.509079, -124.310931902
47.518079, -124.310931902
47.527079, -124.310931902
47.536079, -124.310931902
47.545079, -124.310931902
47.554079, -124.310931902
47.563079, -124.310931902
47.572079, -124.310931902
47.581079, -124.310931902
47.590079, -124.310931902
47.599079, -124.310931902
47.608079, -124.310931902
47.617079, -124.310931902
47.626079, -124.310931902
47.635079, -124.310931902
47.644079, -124.310931902
47.653079, -124.310931902
47.662079, -124.310931902
47.671079, -124.310931902
47.680079, -124.310931902
47.689079, -124.310931902
47.698079, -124.310931902
47.707079, -124.310931902
47.716079, -124.310931902
47.725079, -124.310931902
47.734079, -124.310931902
47.743079, -124.310931902
47.752079, -124.310931902
47.761079, -124.310931902
47.770079, -124.310931902
47.779079, -124.310931902
47.788079, -124.310931902
47.797079, -124.310931902
47.806079, -124.310931902
47.815079, -124.310931902
47.824079, -124.310931902
47.833079, -124.310931902
47.842079, -124.310931902
47.851079, -124.310931902
47.860079, -124.310931902
47.869079, -124.310931902
47.878079, -124.310931902
47.887079, -124.310931902
47.896079, -124.310931902
47.905079, -124.310931902
47.914079, -124.310931902
47.923079, -124.310931902
47.932079, -124.310931902
47.941079, -124.310931902
47.950079, -124.310931902
47.959079, -124.310931902
47.968079, -124.310931902
47.977079, -124.310931902
47.986079, -124.310931902
47.995079, -124.310931902
48.004079, -124.310931902
48.013079, -124.310931902
48.022079, -124.310931902
48.031079, -124.310931902
48.040079, -124.310931902
48.049079, -124.310931902
48.058079, -124.310931902
48.067079, -124.310931902
48.076079, -124.310931902
48.085079, -124.310931902
48.094079, -124.310931902
48.103079, -124.310931902
48.112079, -124.310931902
48.121079, -124.310931902
48.130079, -124.310931902
48.139079, -124.310931902
48.148079, -124.310931902
48.157079, -124.310931902
48.166079, -124.310931902
48.175079, -124.310931902
48.184079, -124.310931902
48.193079, -124.310931902
48.202079, -124.310931902
48.211079, -124.310931902
48.220079, -124.310931902
48.229079, -124.310931902
48.238079, -124.310931902
48.247079, -124.310931902
48.256079, -124.310931902
48.265079, -124.310931902
48.274079, -124.310931902
48.283079, -124.310931902
48.292079, -124.310931902
48.301079, -124.310931902
48.310079, -124.310931902
48.319079, -124.310931902
48.328079, -124.310931902
48.337079, -124.310931902
48.346079, -124.310931902
48.355079, -124.310931902
48.364079, -124.310931902
48.373079, -124.310931902
48.382079, -124.310931902
48.391079, -124.310931902
48.400079, -124.310931902
48.409079, -124.310931902
48.418079, -124.310931902
48.427079, -124.310931902
48.436079, -124.310931902
48.445079, -124.310931902
48.454079, -124.310931902
48.463079, -124.310931902
48.472079, -124.310931902
48.481079, -124.310931902
48.490079, -124.310931902
48.499079, -124.310931902
48.508079, -124.310931902
48.517079, -124.310931902
48.526079, -124.310931902
48.535079, -124.310931902
48.544079, -124.310931902
48.553079, -124.310931902
48.562079, -124.310931902
48.571079, -124.310931902
48.580079, -124.310931902
48.589079, -124.310931902
48.598079, -124.310931902
48.607079, -124.310931902
48.616079, -124.310931902
48.625079, -124.310931902
48.634079, -124.310931902
48.643079, -124.310931902
48.652079, -124.310931902
48.661079, -124.310931902
48.670079, -124.310931902
48.679079, -124.310931902
48.688079, -124.310931902
48.697079, -124.310931902
48.706079, -124.310931902
48.715079, -124.310931902
48.724079, -124.310931902
48.733079, -124.310931902
48.742079, -124.310931902
48.751079, -124.310931902
48.760079, -124.310931902
48.769079, -124.310931902
48.778079, -124.310931902
48.787079, -124.310931902
48.796079, -124.310931902
48.805079, -124.310931902
48.814079, -124.310931902
48.823079, -124.310931902
48.832079, -124.310931902
48.841079, -124.310931902
48.850079, -124.310931902
48.859079, -124.310931902
48.868079, -124.310931902
48.877079, -124.310931902
48.886079, -124.310931902
48.895079, -124.310931902
48.904079, -124.310931902
48.913079, -124.310931902
48.922079, -124.310931902
48.931079, -124.310931902
48.940079, -124.310931902
48.949079, -124.310931902
46.213079, -124.297225143
46.222079, -124.297225143
46.231079, -124.297225143
46.240079, -124.297225143
46.249079, -124.297225143
46.258079, -124.297225143
46.267079, -124.297225143
46.276079, -124.297225143
46.285079, -124.297225143
46.294079, -124.297225143
46.303079, -124.297225143
46.312079, -124.297225143
46.321079, -124.297225143
46.330079, -124.297225143
46.339079, -124.297225143
46.348079, -124.297225143
46.357079, -124.297225143
46.366079, -124.297225143
46.375079, -124.297225143
46.384079, -124.297225143
46.393079, -124.297225143
46.402079, -124.297225143
46.411079, -124.297225143
46.420079, -124.297225143
46.429079, -124.297225143
46.438079, -124.297225143
46.447079, -124.297225143
46.456079, -124.297225143
46.465079, -124.297225143
46.474079, -124.297225143
46.483079, -124.297225143
46.492079, -124.297225143
46.501079, -124.297225143
46.510079, -124.297225143
46.519079, -124.297225143
46.528079, -124.297225143
46.537079, -124.297225143
46.546079, -124.297225143
46.555079, -124.297225143
46.564079, -124.297225143
46.573079, -124.297225143
46.582079, -124.297225143
46.591079, -124.297225143
46.600079, -124.297225143
46.609079, -124.297225143
46.618079, -124.297225143
46.627079, -124.297225143
46.636079, -124.297225143
46.645079, -124.297225143
46.654079, -124.297225143
46.663079, -124.297225143
46.672079, -124.297225143
46.681079, -124.297225143
46.690079, -124.297225143
46.699079, -124.297225143
46.708079, -124.297225143
46.717079, -124.297225143
46.726079, -124.297225143
46.735079, -124.297225143
46.744079, -124.297225143
46.753079, -124.297225143
46.762079, -124.297225143
46.771079, -124.297225143
46.780079, -124.297225143
46.789079, -124.297225143
46.798079, -124.297225143
46.807079, -124.297225143
46.816079, -124.297225143
46.825079, -124.297225143
46.834079, -124.297225143
46.843079, -124.297225143
46.852079, -124.297225143
46.861079, -124.297225143
46.870079, -124.297225143
46.879079, -124.297225143
46.888079, -124.297225143
46.897079, -124.297225143
46.906079, -124.297225143
46.915079, -124.297225143
46.924079, -124.297225143
46.933079, -124.297225143
46.942079, -124.297225143
46.951079, -124.297225143
46.960079, -124.297225143
46.969079, -124.297225143
46.978079, -124.297225143
46.987079, -124.297225143
46.996079, -124.297225143
47.005079, -124.297225143
47.014079, -124.297225143
47.023079, -124.297225143
47.032079, -124.297225143
47.041079, -124.297225143
47.050079, -124.297225143
47.059079, -124.297225143
47.068079, -124.297225143
47.077079, -124.297225143
47.086079, -124.297225143
47.095079, -124.297225143
47.104079, -124.297225143
47.113079, -124.297225143
47.122079, -124.297225143
47.131079, -124.297225143
47.140079, -124.297225143
47.149079, -124.297225143
47.158079, -124.297225143
47.167079, -124.297225143
47.176079, -124.297225143
47.185079, -124.297225143
47.194079, -124.297225143
47.203079, -124.297225143
47.212079, -124.297225143
47.221079, -124.297225143
47.230079, -124.297225143
47.239079, -124.297225143
47.248079, -124.297225143
47.257079, -124.297225143
47.266079, -124.297225143
47.275079, -124.297225143
47.284079, -124.297225143
47.293079, -124.297225143
47.302079, -124.297225143
47.311079, -124.297225143
47.320079, -124.297225143
47.329079, -124.297225143
47.338079, -124.297225143
47.347079, -124.297225143
47.356079, -124.297225143
47.365079, -124.297225143
47.374079, -124.297225143
47.383079, -124.297225143
47.392079, -124.297225143
47.401079, -124.297225143
47.410079, -124.297225143
47.419079, -124.297225143
47.428079, -124.297225143
47.437079, -124.297225143
47.446079, -124.297225143
47.455079, -124.297225143
47.464079, -124.297225143
47.473079, -124.297225143
47.482079, -124.297225143
47.491079, -124.297225143
47.500079, -124.297225143
47.509079, -124.297225143
47.518079, -124.297225143
47.527079, -124.297225143
47.536079, -124.297225143
47.545079, -124.297225143
47.554079, -124.297225143
47.563079, -124.297225143
47.572079, -124.297225143
47.581079, -124.297225143
47.590079, -124.297225143
47.599079, -124.297225143
47.608079, -124.297225143
47.617079, -124.297225143
47.626079, -124.297225143
47.635079, -124.297225143
47.644079, -124.297225143
47.653079, -124.297225143
47.662079, -124.297225143
47.671079, -124.297225143
47.680079, -124.297225143
47.689079, -124.297225143
47.698079, -124.297225143
47.707079, -124.297225143
47.716079, -124.297225143
47.725079, -124.297225143
47.734079, -124.297225143
47.743079, -124.297225143
47.752079, -124.297225143
47.761079, -124.297225143
47.770079, -124.297225143
47.779079, -124.297225143
47.788079, -124.297225143
47.797079, -124.297225143
47.806079, -124.297225143
47.815079, -124.297225143
47.824079, -124.297225143
47.833079, -124.297225143
47.842079, -124.297225143
47.851079, -124.297225143
47.860079, -124.297225143
47.869079, -124.297225143
47.878079, -124.297225143
47.887079, -124.297225143
47.896079, -124.297225143
47.905079, -124.297225143
47.914079, -124.297225143
47.923079, -124.297225143
47.932079, -124.297225143
47.941079, -124.297225143
47.950079, -124.297225143
47.959079, -124.297225143
47.968079, -124.297225143
47.977079, -124.297225143
47.986079, -124.297225143
47.995079, -124.297225143
48.004079, -124.297225143
48.013079, -124.297225143
48.022079, -124.297225143
48.031079, -124.297225143
48.040079, -124.297225143
48.049079, -124.297225143
48.058079, -124.297225143
48.067079, -124.297225143
48.076079, -124.297225143
48.085079, -124.297225143
48.094079, -124.297225143
48.103079, -124.297225143
48.112079, -124.297225143
48.121079, -124.297225143
48.130079, -124.297225143
48.139079, -124.297225143
48.148079, -124.297225143
48.157079, -124.297225143
48.166079, -124.297225143
48.175079, -124.297225143
48.184079, -124.297225143
48.193079, -124.297225143
48.202079, -124.297225143
48.211079, -124.297225143
48.220079, -124.297225143
48.229079, -124.297225143
48.238079, -124.297225143
48.247079, -124.297225143
48.256079, -124.297225143
48.265079, -124.297225143
48.274079, -124.297225143
48.283079, -124.297225143
48.292079, -124.297225143
48.301079, -124.297225143
48.310079, -124.297225143
48.319079, -124.297225143
48.328079, -124.297225143
48.337079, -124.297225143
48.346079, -124.297225143
48.355079, -124.297225143
48.364079, -124.297225143
48.373079, -124.297225143
48.382079, -124.297225143
48.391079, -124.297225143
48.400079, -124.297225143
48.409079, -124.297225143
48.418079, -124.297225143
48.427079, -124.297225143
48.436079, -124.297225143
48.445079, -124.297225143
48.454079, -124.297225143
48.463079, -124.297225143
48.472079, -124.297225143
48.481079, -124.297225143
48.490079, -124.297225143
48.499079, -124.297225143
48.508079, -124.297225143
48.517079, -124.297225143
48.526079, -124.297225143
48.535079, -124.297225143
48.544079, -124.297225143
48.553079, -124.297225143
48.562079, -124.297225143
48.571079, -124.297225143
48.580079, -124.297225143
48.589079, -124.297225143
48.598079, -124.297225143
48.607079, -124.297225143
48.616079, -124.297225143
48.625079, -124.297225143
48.634079, -124.297225143
48.643079, -124.297225143
48.652079, -124.297225143
48.661079, -124.297225143
48.670079, -124.297225143
48.679079, -124.297225143
48.688079, -124.297225143
48.697079, -124.297225143
48.706079, -124.297225143
48.715079, -124.297225143
48.724079, -124.297225143
48.733079, -124.297225143
48.742079, -124.297225143
48.751079, -124.297225143
48.760079, -124.297225143
48.769079, -124.297225143
48.778079, -124.297225143
48.787079, -124.297225143
48.796079, -124.297225143
48.805079, -124.297225143
48.814079, -124.297225143
48.823079, -124.297225143
48.832079, -124.297225143
48.841079, -124.297225143
48.850079, -124.297225143
48.859079, -124.297225143
48.868079, -124.297225143
48.877079, -124.297225143
48.886079, -124.297225143
48.895079, -124.297225143
48.904079, -124.297225143
48.913079, -124.297225143
48.922079, -124.297225143
48.931079, -124.297225143
48.940079, -124.297225143
48.949079, -124.297225143
46.213079, -124.283518385
46.222079, -124.283518385
46.231079, -124.283518385
46.240079, -124.283518385
46.249079, -124.283518385
46.258079, -124.283518385
46.267079, -124.283518385
46.276079, -124.283518385
46.285079, -124.283518385
46.294079, -124.283518385
46.303079, -124.283518385
46.312079, -124.283518385
46.321079, -124.283518385
46.330079, -124.283518385
46.339079, -124.283518385
46.348079, -124.283518385
46.357079, -124.283518385
46.366079, -124.283518385
46.375079, -124.283518385
46.384079, -124.283518385
46.393079, -124.283518385
46.402079, -124.283518385
46.411079, -124.283518385
46.420079, -124.283518385
46.429079, -124.283518385
46.438079, -124.283518385
46.447079, -124.283518385
46.456079, -124.283518385
46.465079, -124.283518385
46.474079, -124.283518385
46.483079, -124.283518385
46.492079, -124.283518385
46.501079, -124.283518385
46.510079, -124.283518385
46.519079, -124.283518385
46.528079, -124.283518385
46.537079, -124.283518385
46.546079, -124.283518385
46.555079, -124.283518385
46.564079, -124.283518385
46.573079, -124.283518385
46.582079, -124.283518385
46.591079, -124.283518385
46.600079, -124.283518385
46.609079, -124.283518385
46.618079, -124.283518385
46.627079, -124.283518385
46.636079, -124.283518385
46.645079, -124.283518385
46.654079, -124.283518385
46.663079, -124.283518385
46.672079, -124.283518385
46.681079, -124.283518385
46.690079, -124.283518385
46.699079, -124.283518385
46.708079, -124.283518385
46.717079, -124.283518385
46.726079, -124.283518385
46.735079, -124.283518385
46.744079, -124.283518385
46.753079, -124.283518385
46.762079, -124.283518385
46.771079, -124.283518385
46.780079, -124.283518385
46.789079, -124.283518385
46.798079, -124.283518385
46.807079, -124.283518385
46.816079, -124.283518385
46.825079, -124.283518385
46.834079, -124.283518385
46.843079, -124.283518385
46.852079, -124.283518385
46.861079, -124.283518385
46.870079, -124.283518385
46.879079, -124.283518385
46.888079, -124.283518385
46.897079, -124.283518385
46.906079, -124.283518385
46.915079, -124.283518385
46.924079, -124.283518385
46.933079, -124.283518385
46.942079, -124.283518385
46.951079, -124.283518385
46.960079, -124.283518385
46.969079, -124.283518385
46.978079, -124.283518385
46.987079, -124.283518385
46.996079, -124.283518385
47.005079, -124.283518385
47.014079, -124.283518385
47.023079, -124.283518385
47.032079, -124.283518385
47.041079, -124.283518385
47.050079, -124.283518385
47.059079, -124.283518385
47.068079, -124.283518385
47.077079, -124.283518385
47.086079, -124.283518385
47.095079, -124.283518385
47.104079, -124.283518385
47.113079, -124.283518385
47.122079, -124.283518385
47.131079, -124.283518385
47.140079, -124.283518385
47.149079, -124.283518385
47.158079, -124.283518385
47.167079, -124.283518385
47.176079, -124.283518385
47.185079, -124.283518385
47.194079, -124.283518385
47.203079, -124.283518385
47.212079, -124.283518385
47.221079, -124.283518385
47.230079, -124.283518385
47.239079, -124.283518385
47.248079, -124.283518385
47.257079, -124.283518385
47.266079, -124.283518385
47.275079, -124.283518385
47.284079, -124.283518385
47.293079, -124.283518385
47.302079, -124.283518385
47.311079, -124.283518385
47.320079, -124.283518385
47.329079, -124.283518385
47.338079, -124.283518385
47.347079, -124.283518385
47.356079, -124.283518385
47.365079, -124.283518385
47.374079, -124.283518385
47.383079, -124.283518385
47.392079, -124.283518385
47.401079, -124.283518385
47.410079, -124.283518385
47.419079, -124.283518385
47.428079, -124.283518385
47.437079, -124.283518385
47.446079, -124.283518385
47.455079, -124.283518385
47.464079, -124.283518385
47.473079, -124.283518385
47.482079, -124.283518385
47.491079, -124.283518385
47.500079, -124.283518385
47.509079, -124.283518385
47.518079, -124.283518385
47.527079, -124.283518385
47.536079, -124.283518385
47.545079, -124.283518385
47.554079, -124.283518385
47.563079, -124.283518385
47.572079, -124.283518385
47.581079, -124.283518385
47.590079, -124.283518385
47.599079, -124.283518385
47.608079, -124.283518385
47.617079, -124.283518385
47.626079, -124.283518385
47.635079, -124.283518385
47.644079, -124.283518385
47.653079, -124.283518385
47.662079, -124.283518385
47.671079, -124.283518385
47.680079, -124.283518385
47.689079, -124.283518385
47.698079, -124.283518385
47.707079, -124.283518385
47.716079, -124.283518385
47.725079, -124.283518385
47.734079, -124.283518385
47.743079, -124.283518385
47.752079, -124.283518385
47.761079, -124.283518385
47.770079, -124.283518385
47.779079, -124.283518385
47.788079, -124.283518385
47.797079, -124.283518385
47.806079, -124.283518385
47.815079, -124.283518385
47.824079, -124.283518385
47.833079, -124.283518385
47.842079, -124.283518385
47.851079, -124.283518385
47.860079, -124.283518385
47.869079, -124.283518385
47.878079, -124.283518385
47.887079, -124.283518385
47.896079, -124.283518385
47.905079, -124.283518385
47.914079, -124.283518385
47.923079, -124.283518385
47.932079, -124.283518385
47.941079, -124.283518385
47.950079, -124.283518385
47.959079, -124.283518385
47.968079, -124.283518385
47.977079, -124.283518385
47.986079, -124.283518385
47.995079, -124.283518385
48.004079, -124.283518385
48.013079, -124.283518385
48.022079, -124.283518385
48.031079, -124.283518385
48.040079, -124.283518385
48.049079, -124.283518385
48.058079, -124.283518385
48.067079, -124.283518385
48.076079, -124.283518385
48.085079, -124.283518385
48.094079, -124.283518385
48.103079, -124.283518385
48.112079, -124.283518385
48.121079, -124.283518385
48.130079, -124.283518385
48.139079, -124.283518385
48.148079, -124.283518385
48.157079, -124.283518385
48.166079, -124.283518385
48.175079, -124.283518385
48.184079, -124.283518385
48.193079, -124.283518385
48.202079, -124.283518385
48.211079, -124.283518385
48.220079, -124.283518385
48.229079, -124.283518385
48.238079, -124.283518385
48.247079, -124.283518385
48.256079, -124.283518385
48.265079, -124.283518385
48.274079, -124.283518385
48.283079, -124.283518385
48.292079, -124.283518385
48.301079, -124.283518385
48.310079, -124.283518385
48.319079, -124.283518385
48.328079, -124.283518385
48.337079, -124.283518385
48.346079, -124.283518385
48.355079, -124.283518385
48.364079, -124.283518385
48.373079, -124.283518385
48.382079, -124.283518385
48.391079, -124.283518385
48.400079, -124.283518385
48.409079, -124.283518385
48.418079, -124.283518385
48.427079, -124.283518385
48.436079, -124.283518385
48.445079, -124.283518385
48.454079, -124.283518385
48.463079, -124.283518385
48.472079, -124.283518385
48.481079, -124.283518385
48.490079, -124.283518385
48.499079, -124.283518385
48.508079, -124.283518385
48.517079, -124.283518385
48.526079, -124.283518385
48.535079, -124.283518385
48.544079, -124.283518385
48.553079, -124.283518385
48.562079, -124.283518385
48.571079, -124.283518385
48.580079, -124.283518385
48.589079, -124.283518385
48.598079, -124.283518385
48.607079, -124.283518385
48.616079, -124.283518385
48.625079, -124.283518385
48.634079, -124.283518385
48.643079, -124.283518385
48.652079, -124.283518385
48.661079, -124.283518385
48.670079, -124.283518385
48.679079, -124.283518385
48.688079, -124.283518385
48.697079, -124.283518385
48.706079, -124.283518385
48.715079, -124.283518385
48.724079, -124.283518385
48.733079, -124.283518385
48.742079, -124.283518385
48.751079, -124.283518385
48.760079, -124.283518385
48.769079, -124.283518385
48.778079, -124.283518385
48.787079, -124.283518385
48.796079, -124.283518385
48.805079, -124.283518385
48.814079, -124.283518385
48.823079, -124.283518385
48.832079, -124.283518385
48.841079, -124.283518385
48.850079, -124.283518385
48.859079, -124.283518385
48.868079, -124.283518385
48.877079, -124.283518385
48.886079, -124.283518385
48.895079, -124.283518385
48.904079, -124.283518385
48.913079, -124.283518385
48.922079, -124.283518385
48.931079, -124.283518385
48.940079, -124.283518385
48.949079, -124.283518385
46.213079, -124.269811626
46.222079, -124.269811626
46.231079, -124.269811626
46.240079, -124.269811626
46.249079, -124.269811626
46.258079, -124.269811626
46.267079, -124.269811626
46.276079, -124.269811626
46.285079, -124.269811626
46.294079, -124.269811626
46.303079, -124.269811626
46.312079, -124.269811626
46.321079, -124.269811626
46.330079, -124.269811626
46.339079, -124.269811626
46.348079, -124.269811626
46.357079, -124.269811626
46.366079, -124.269811626
46.375079, -124.269811626
46.384079, -124.269811626
46.393079, -124.269811626
46.402079, -124.269811626
46.411079, -124.269811626
46.420079, -124.269811626
46.429079, -124.269811626
46.438079, -124.269811626
46.447079, -124.269811626
46.456079, -124.269811626
46.465079, -124.269811626
46.474079, -124.269811626
46.483079, -124.269811626
46.492079, -124.269811626
46.501079, -124.269811626
46.510079, -124.269811626
46.519079, -124.269811626
46.528079, -124.269811626
46.537079, -124.269811626
46.546079, -124.269811626
46.555079, -124.269811626
46.564079, -124.269811626
46.573079, -124.269811626
46.582079, -124.269811626
46.591079, -124.269811626
46.600079, -124.269811626
46.609079, -124.269811626
46.618079, -124.269811626
46.627079, -124.269811626
46.636079, -124.269811626
46.645079, -124.269811626
46.654079, -124.269811626
46.663079, -124.269811626
46.672079, -124.269811626
46.681079, -124.269811626
46.690079, -124.269811626
46.699079, -124.269811626
46.708079, -124.269811626
46.717079, -124.269811626
46.726079, -124.269811626
46.735079, -124.269811626
46.744079, -124.269811626
46.753079, -124.269811626
46.762079, -124.269811626
46.771079, -124.269811626
46.780079, -124.269811626
46.789079, -124.269811626
46.798079, -124.269811626
46.807079, -124.269811626
46.816079, -124.269811626
46.825079, -124.269811626
46.834079, -124.269811626
46.843079, -124.269811626
46.852079, -124.269811626
46.861079, -124.269811626
46.870079, -124.269811626
46.879079, -124.269811626
46.888079, -124.269811626
46.897079, -124.269811626
46.906079, -124.269811626
46.915079, -124.269811626
46.924079, -124.269811626
46.933079, -124.269811626
46.942079, -124.269811626
46.951079, -124.269811626
46.960079, -124.269811626
46.969079, -124.269811626
46.978079, -124.269811626
46.987079, -124.269811626
46.996079, -124.269811626
47.005079, -124.269811626
47.014079, -124.269811626
47.023079, -124.269811626
47.032079, -124.269811626
47.041079, -124.269811626
47.050079, -124.269811626
47.059079, -124.269811626
47.068079, -124.269811626
47.077079, -124.269811626
47.086079, -124.269811626
47.095079, -124.269811626
47.104079, -124.269811626
47.113079, -124.269811626
47.122079, -124.269811626
47.131079, -124.269811626
47.140079, -124.269811626
47.149079, -124.269811626
47.158079, -124.269811626
47.167079, -124.269811626
47.176079, -124.269811626
47.185079, -124.269811626
47.194079, -124.269811626
47.203079, -124.269811626
47.212079, -124.269811626
47.221079, -124.269811626
47.230079, -124.269811626
47.239079, -124.269811626
47.248079, -124.269811626
47.257079, -124.269811626
47.266079, -124.269811626
47.275079, -124.269811626
47.284079, -124.269811626
47.293079, -124.269811626
47.302079, -124.269811626
47.311079, -124.269811626
47.320079, -124.269811626
47.329079, -124.269811626
47.338079, -124.269811626
47.347079, -124.269811626
47.356079, -124.269811626
47.365079, -124.269811626
47.374079, -124.269811626
47.383079, -124.269811626
47.392079, -124.269811626
47.401079, -124.269811626
47.410079, -124.269811626
47.419079, -124.269811626
47.428079, -124.269811626
47.437079, -124.269811626
47.446079, -124.269811626
47.455079, -124.269811626
47.464079, -124.269811626
47.473079, -124.269811626
47.482079, -124.269811626
47.491079, -124.269811626
47.500079, -124.269811626
47.509079, -124.269811626
47.518079, -124.269811626
47.527079, -124.269811626
47.536079, -124.269811626
47.545079, -124.269811626
47.554079, -124.269811626
47.563079, -124.269811626
47.572079, -124.269811626
47.581079, -124.269811626
47.590079, -124.269811626
47.599079, -124.269811626
47.608079, -124.269811626
47.617079, -124.269811626
47.626079, -124.269811626
47.635079, -124.269811626
47.644079, -124.269811626
47.653079, -124.269811626
47.662079, -124.269811626
47.671079, -124.269811626
47.680079, -124.269811626
47.689079, -124.269811626
47.698079, -124.269811626
47.707079, -124.269811626
47.716079, -124.269811626
47.725079, -124.269811626
47.734079, -124.269811626
47.743079, -124.269811626
47.752079, -124.269811626
47.761079, -124.269811626
47.770079, -124.269811626
47.779079, -124.269811626
47.788079, -124.269811626
47.797079, -124.269811626
47.806079, -124.269811626
47.815079, -124.269811626
47.824079, -124.269811626
47.833079, -124.269811626
47.842079, -124.269811626
47.851079, -124.269811626
47.860079, -124.269811626
47.869079, -124.269811626
47.878079, -124.269811626
47.887079, -124.269811626
47.896079, -124.269811626
47.905079, -124.269811626
47.914079, -124.269811626
47.923079, -124.269811626
47.932079, -124.269811626
47.941079, -124.269811626
47.950079, -124.269811626
47.959079, -124.269811626
47.968079, -124.269811626
47.977079, -124.269811626
47.986079, -124.269811626
47.995079, -124.269811626
48.004079, -124.269811626
48.013079, -124.269811626
48.022079, -124.269811626
48.031079, -124.269811626
48.040079, -124.269811626
48.049079, -124.269811626
48.058079, -124.269811626
48.067079, -124.269811626
48.076079, -124.269811626
48.085079, -124.269811626
48.094079, -124.269811626
48.103079, -124.269811626
48.112079, -124.269811626
48.121079, -124.269811626
48.130079, -124.269811626
48.139079, -124.269811626
48.148079, -124.269811626
48.157079, -124.269811626
48.166079, -124.269811626
48.175079, -124.269811626
48.184079, -124.269811626
48.193079, -124.269811626
48.202079, -124.269811626
48.211079, -124.269811626
48.220079, -124.269811626
48.229079, -124.269811626
48.238079, -124.269811626
48.247079, -124.269811626
48.256079, -124.269811626
48.265079, -124.269811626
48.274079, -124.269811626
48.283079, -124.269811626
48.292079, -124.269811626
48.301079, -124.269811626
48.310079, -124.269811626
48.319079, -124.269811626
48.328079, -124.269811626
48.337079, -124.269811626
48.346079, -124.269811626
48.355079, -124.269811626
48.364079, -124.269811626
48.373079, -124.269811626
48.382079, -124.269811626
48.391079, -124.269811626
48.400079, -124.269811626
48.409079, -124.269811626
48.418079, -124.269811626
48.427079, -124.269811626
48.436079, -124.269811626
48.445079, -124.269811626
48.454079, -124.269811626
48.463079, -124.269811626
48.472079, -124.269811626
48.481079, -124.269811626
48.490079, -124.269811626
48.499079, -124.269811626
48.508079, -124.269811626
48.517079, -124.269811626
48.526079, -124.269811626
48.535079, -124.269811626
48.544079, -124.269811626
48.553079, -124.269811626
48.562079, -124.269811626
48.571079, -124.269811626
48.580079, -124.269811626
48.589079, -124.269811626
48.598079, -124.269811626
48.607079, -124.269811626
48.616079, -124.269811626
48.625079, -124.269811626
48.634079, -124.269811626
48.643079, -124.269811626
48.652079, -124.269811626
48.661079, -124.269811626
48.670079, -124.269811626
48.679079, -124.269811626
48.688079, -124.269811626
48.697079, -124.269811626
48.706079, -124.269811626
48.715079, -124.269811626
48.724079, -124.269811626
48.733079, -124.269811626
48.742079, -124.269811626
48.751079, -124.269811626
48.760079, -124.269811626
48.769079, -124.269811626
48.778079, -124.269811626
48.787079, -124.269811626
48.796079, -124.269811626
48.805079, -124.269811626
48.814079, -124.269811626
48.823079, -124.269811626
48.832079, -124.269811626
48.841079, -124.269811626
48.850079, -124.269811626
48.859079, -124.269811626
48.868079, -124.269811626
48.877079, -124.269811626
48.886079, -124.269811626
48.895079, -124.269811626
48.904079, -124.269811626
48.913079, -124.269811626
48.922079, -124.269811626
48.931079, -124.269811626
48.940079, -124.269811626
48.949079, -124.269811626
46.213079, -124.256104868
46.222079, -124.256104868
46.231079, -124.256104868
46.240079, -124.256104868
46.249079, -124.256104868
46.258079, -124.256104868
46.267079, -124.256104868
46.276079, -124.256104868
46.285079, -124.256104868
46.294079, -124.256104868
46.303079, -124.256104868
46.312079, -124.256104868
46.321079, -124.256104868
46.330079, -124.256104868
46.339079, -124.256104868
46.348079, -124.256104868
46.357079, -124.256104868
46.366079, -124.256104868
46.375079, -124.256104868
46.384079, -124.256104868
46.393079, -124.256104868
46.402079, -124.256104868
46.411079, -124.256104868
46.420079, -124.256104868
46.429079, -124.256104868
46.438079, -124.256104868
46.447079, -124.256104868
46.456079, -124.256104868
46.465079, -124.256104868
46.474079, -124.256104868
46.483079, -124.256104868
46.492079, -124.256104868
46.501079, -124.256104868
46.510079, -124.256104868
46.519079, -124.256104868
46.528079, -124.256104868
46.537079, -124.256104868
46.546079, -124.256104868
46.555079, -124.256104868
46.564079, -124.256104868
46.573079, -124.256104868
46.582079, -124.256104868
46.591079, -124.256104868
46.600079, -124.256104868
46.609079, -124.256104868
46.618079, -124.256104868
46.627079, -124.256104868
46.636079, -124.256104868
46.645079, -124.256104868
46.654079, -124.256104868
46.663079, -124.256104868
46.672079, -124.256104868
46.681079, -124.256104868
46.690079, -124.256104868
46.699079, -124.256104868
46.708079, -124.256104868
46.717079, -124.256104868
46.726079, -124.256104868
46.735079, -124.256104868
46.744079, -124.256104868
46.753079, -124.256104868
46.762079, -124.256104868
46.771079, -124.256104868
46.780079, -124.256104868
46.789079, -124.256104868
46.798079, -124.256104868
46.807079, -124.256104868
46.816079, -124.256104868
46.825079, -124.256104868
46.834079, -124.256104868
46.843079, -124.256104868
46.852079, -124.256104868
46.861079, -124.256104868
46.870079, -124.256104868
46.879079, -124.256104868
46.888079, -124.256104868
46.897079, -124.256104868
46.906079, -124.256104868
46.915079, -124.256104868
46.924079, -124.256104868
46.933079, -124.256104868
46.942079, -124.256104868
46.951079, -124.256104868
46.960079, -124.256104868
46.969079, -124.256104868
46.978079, -124.256104868
46.987079, -124.256104868
46.996079, -124.256104868
47.005079, -124.256104868
47.014079, -124.256104868
47.023079, -124.256104868
47.032079, -124.256104868
47.041079, -124.256104868
47.050079, -124.256104868
47.059079, -124.256104868
47.068079, -124.256104868
47.077079, -124.256104868
47.086079, -124.256104868
47.095079, -124.256104868
47.104079, -124.256104868
47.113079, -124.256104868
47.122079, -124.256104868
47.131079, -124.256104868
47.140079, -124.256104868
47.149079, -124.256104868
47.158079, -124.256104868
47.167079, -124.256104868
47.176079, -124.256104868
47.185079, -124.256104868
47.194079, -124.256104868
47.203079, -124.256104868
47.212079, -124.256104868
47.221079, -124.256104868
47.230079, -124.256104868
47.239079, -124.256104868
47.248079, -124.256104868
47.257079, -124.256104868
47.266079, -124.256104868
47.275079, -124.256104868
47.284079, -124.256104868
47.293079, -124.256104868
47.302079, -124.256104868
47.311079, -124.256104868
47.320079, -124.256104868
47.329079, -124.256104868
47.338079, -124.256104868
47.347079, -124.256104868
47.356079, -124.256104868
47.365079, -124.256104868
47.374079, -124.256104868
47.383079, -124.256104868
47.392079, -124.256104868
47.401079, -124.256104868
47.410079, -124.256104868
47.419079, -124.256104868
47.428079, -124.256104868
47.437079, -124.256104868
47.446079, -124.256104868
47.455079, -124.256104868
47.464079, -124.256104868
47.473079, -124.256104868
47.482079, -124.256104868
47.491079, -124.256104868
47.500079, -124.256104868
47.509079, -124.256104868
47.518079, -124.256104868
47.527079, -124.256104868
47.536079, -124.256104868
47.545079, -124.256104868
47.554079, -124.256104868
47.563079, -124.256104868
47.572079, -124.256104868
47.581079, -124.256104868
47.590079, -124.256104868
47.599079, -124.256104868
47.608079, -124.256104868
47.617079, -124.256104868
47.626079, -124.256104868
47.635079, -124.256104868
47.644079, -124.256104868
47.653079, -124.256104868
47.662079, -124.256104868
47.671079, -124.256104868
47.680079, -124.256104868
47.689079, -124.256104868
47.698079, -124.256104868
47.707079, -124.256104868
47.716079, -124.256104868
47.725079, -124.256104868
47.734079, -124.256104868
47.743079, -124.256104868
47.752079, -124.256104868
47.761079, -124.256104868
47.770079, -124.256104868
47.779079, -124.256104868
47.788079, -124.256104868
47.797079, -124.256104868
47.806079, -124.256104868
47.815079, -124.256104868
47.824079, -124.256104868
47.833079, -124.256104868
47.842079, -124.256104868
47.851079, -124.256104868
47.860079, -124.256104868
47.869079, -124.256104868
47.878079, -124.256104868
47.887079, -124.256104868
47.896079, -124.256104868
47.905079, -124.256104868
47.914079, -124.256104868
47.923079, -124.256104868
47.932079, -124.256104868
47.941079, -124.256104868
47.950079, -124.256104868
47.959079, -124.256104868
47.968079, -124.256104868
47.977079, -124.256104868
47.986079, -124.256104868
47.995079, -124.256104868
48.004079, -124.256104868
48.013079, -124.256104868
48.022079, -124.256104868
48.031079, -124.256104868
48.040079, -124.256104868
48.049079, -124.256104868
48.058079, -124.256104868
48.067079, -124.256104868
48.076079, -124.256104868
48.085079, -124.256104868
48.094079, -124.256104868
48.103079, -124.256104868
48.112079, -124.256104868
48.121079, -124.256104868
48.130079, -124.256104868
48.139079, -124.256104868
48.148079, -124.256104868
48.157079, -124.256104868
48.166079, -124.256104868
48.175079, -124.256104868
48.184079, -124.256104868
48.193079, -124.256104868
48.202079, -124.256104868
48.211079, -124.256104868
48.220079, -124.256104868
48.229079, -124.256104868
48.238079, -124.256104868
48.247079, -124.256104868
48.256079, -124.256104868
48.265079, -124.256104868
48.274079, -124.256104868
48.283079, -124.256104868
48.292079, -124.256104868
48.301079, -124.256104868
48.310079, -124.256104868
48.319079, -124.256104868
48.328079, -124.256104868
48.337079, -124.256104868
48.346079, -124.256104868
48.355079, -124.256104868
48.364079, -124.256104868
48.373079, -124.256104868
48.382079, -124.256104868
48.391079, -124.256104868
48.400079, -124.256104868
48.409079, -124.256104868
48.418079, -124.256104868
48.427079, -124.256104868
48.436079, -124.256104868
48.445079, -124.256104868
48.454079, -124.256104868
48.463079, -124.256104868
48.472079, -124.256104868
48.481079, -124.256104868
48.490079, -124.256104868
48.499079, -124.256104868
48.508079, -124.256104868
48.517079, -124.256104868
48.526079, -124.256104868
48.535079, -124.256104868
48.544079, -124.256104868
48.553079, -124.256104868
48.562079, -124.256104868
48.571079, -124.256104868
48.580079, -124.256104868
48.589079, -124.256104868
48.598079, -124.256104868
48.607079, -124.256104868
48.616079, -124.256104868
48.625079, -124.256104868
48.634079, -124.256104868
48.643079, -124.256104868
48.652079, -124.256104868
48.661079, -124.256104868
48.670079, -124.256104868
48.679079, -124.256104868
48.688079, -124.256104868
48.697079, -124.256104868
48.706079, -124.256104868
48.715079, -124.256104868
48.724079, -124.256104868
48.733079, -124.256104868
48.742079, -124.256104868
48.751079, -124.256104868
48.760079, -124.256104868
48.769079, -124.256104868
48.778079, -124.256104868
48.787079, -124.256104868
48.796079, -124.256104868
48.805079, -124.256104868
48.814079, -124.256104868
48.823079, -124.256104868
48.832079, -124.256104868
48.841079, -124.256104868
48.850079, -124.256104868
48.859079, -124.256104868
48.868079, -124.256104868
48.877079, -124.256104868
48.886079, -124.256104868
48.895079, -124.256104868
48.904079, -124.256104868
48.913079, -124.256104868
48.922079, -124.256104868
48.931079, -124.256104868
48.940079, -124.256104868
48.949079, -124.256104868
46.213079, -124.242398109
46.222079, -124.242398109
46.231079, -124.242398109
46.240079, -124.242398109
46.249079, -124.242398109
46.258079, -124.242398109
46.267079, -124.242398109
46.276079, -124.242398109
46.285079, -124.242398109
46.294079, -124.242398109
46.303079, -124.242398109
46.312079, -124.242398109
46.321079, -124.242398109
46.330079, -124.242398109
46.339079, -124.242398109
46.348079, -124.242398109
46.357079, -124.242398109
46.366079, -124.242398109
46.375079, -124.242398109
46.384079, -124.242398109
46.393079, -124.242398109
46.402079, -124.242398109
46.411079, -124.242398109
46.420079, -124.242398109
46.429079, -124.242398109
46.438079, -124.242398109
46.447079, -124.242398109
46.456079, -124.242398109
46.465079, -124.242398109
46.474079, -124.242398109
46.483079, -124.242398109
46.492079, -124.242398109
46.501079, -124.242398109
46.510079, -124.242398109
46.519079, -124.242398109
46.528079, -124.242398109
46.537079, -124.242398109
46.546079, -124.242398109
46.555079, -124.242398109
46.564079, -124.242398109
46.573079, -124.242398109
46.582079, -124.242398109
46.591079, -124.242398109
46.600079, -124.242398109
46.609079, -124.242398109
46.618079, -124.242398109
46.627079, -124.242398109
46.636079, -124.242398109
46.645079, -124.242398109
46.654079, -124.242398109
46.663079, -124.242398109
46.672079, -124.242398109
46.681079, -124.242398109
46.690079, -124.242398109
46.699079, -124.242398109
46.708079, -124.242398109
46.717079, -124.242398109
46.726079, -124.242398109
46.735079, -124.242398109
46.744079, -124.242398109
46.753079, -124.242398109
46.762079, -124.242398109
46.771079, -124.242398109
46.780079, -124.242398109
46.789079, -124.242398109
46.798079, -124.242398109
46.807079, -124.242398109
46.816079, -124.242398109
46.825079, -124.242398109
46.834079, -124.242398109
46.843079, -124.242398109
46.852079, -124.242398109
46.861079, -124.242398109
46.870079, -124.242398109
46.879079, -124.242398109
46.888079, -124.242398109
46.897079, -124.242398109
46.906079, -124.242398109
46.915079, -124.242398109
46.924079, -124.242398109
46.933079, -124.242398109
46.942079, -124.242398109
46.951079, -124.242398109
46.960079, -124.242398109
46.969079, -124.242398109
46.978079, -124.242398109
46.987079, -124.242398109
46.996079, -124.242398109
47.005079, -124.242398109
47.014079, -124.242398109
47.023079, -124.242398109
47.032079, -124.242398109
47.041079, -124.242398109
47.050079, -124.242398109
47.059079, -124.242398109
47.068079, -124.242398109
47.077079, -124.242398109
47.086079, -124.242398109
47.095079, -124.242398109
47.104079, -124.242398109
47.113079, -124.242398109
47.122079, -124.242398109
47.131079, -124.242398109
47.140079, -124.242398109
47.149079, -124.242398109
47.158079, -124.242398109
47.167079, -124.242398109
47.176079, -124.242398109
47.185079, -124.242398109
47.194079, -124.242398109
47.203079, -124.242398109
47.212079, -124.242398109
47.221079, -124.242398109
47.230079, -124.242398109
47.239079, -124.242398109
47.248079, -124.242398109
47.257079, -124.242398109
47.266079, -124.242398109
47.275079, -124.242398109
47.284079, -124.242398109
47.293079, -124.242398109
47.302079, -124.242398109
47.311079, -124.242398109
47.320079, -124.242398109
47.329079, -124.242398109
47.338079, -124.242398109
47.347079, -124.242398109
47.356079, -124.242398109
47.365079, -124.242398109
47.374079, -124.242398109
47.383079, -124.242398109
47.392079, -124.242398109
47.401079, -124.242398109
47.410079, -124.242398109
47.419079, -124.242398109
47.428079, -124.242398109
47.437079, -124.242398109
47.446079, -124.242398109
47.455079, -124.242398109
47.464079, -124.242398109
47.473079, -124.242398109
47.482079, -124.242398109
47.491079, -124.242398109
47.500079, -124.242398109
47.509079, -124.242398109
47.518079, -124.242398109
47.527079, -124.242398109
47.536079, -124.242398109
47.545079, -124.242398109
47.554079, -124.242398109
47.563079, -124.242398109
47.572079, -124.242398109
47.581079, -124.242398109
47.590079, -124.242398109
47.599079, -124.242398109
47.608079, -124.242398109
47.617079, -124.242398109
47.626079, -124.242398109
47.635079, -124.242398109
47.644079, -124.242398109
47.653079, -124.242398109
47.662079, -124.242398109
47.671079, -124.242398109
47.680079, -124.242398109
47.689079, -124.242398109
47.698079, -124.242398109
47.707079, -124.242398109
47.716079, -124.242398109
47.725079, -124.242398109
47.734079, -124.242398109
47.743079, -124.242398109
47.752079, -124.242398109
47.761079, -124.242398109
47.770079, -124.242398109
47.779079, -124.242398109
47.788079, -124.242398109
47.797079, -124.242398109
47.806079, -124.242398109
47.815079, -124.242398109
47.824079, -124.242398109
47.833079, -124.242398109
47.842079, -124.242398109
47.851079, -124.242398109
47.860079, -124.242398109
47.869079, -124.242398109
47.878079, -124.242398109
47.887079, -124.242398109
47.896079, -124.242398109
47.905079, -124.242398109
47.914079, -124.242398109
47.923079, -124.242398109
47.932079, -124.242398109
47.941079, -124.242398109
47.950079, -124.242398109
47.959079, -124.242398109
47.968079, -124.242398109
47.977079, -124.242398109
47.986079, -124.242398109
47.995079, -124.242398109
48.004079, -124.242398109
48.013079, -124.242398109
48.022079, -124.242398109
48.031079, -124.242398109
48.040079, -124.242398109
48.049079, -124.242398109
48.058079, -124.242398109
48.067079, -124.242398109
48.076079, -124.242398109
48.085079, -124.242398109
48.094079, -124.242398109
48.103079, -124.242398109
48.112079, -124.242398109
48.121079, -124.242398109
48.130079, -124.242398109
48.139079, -124.242398109
48.148079, -124.242398109
48.157079, -124.242398109
48.166079, -124.242398109
48.175079, -124.242398109
48.184079, -124.242398109
48.193079, -124.242398109
48.202079, -124.242398109
48.211079, -124.242398109
48.220079, -124.242398109
48.229079, -124.242398109
48.238079, -124.242398109
48.247079, -124.242398109
48.256079, -124.242398109
48.265079, -124.242398109
48.274079, -124.242398109
48.283079, -124.242398109
48.292079, -124.242398109
48.301079, -124.242398109
48.310079, -124.242398109
48.319079, -124.242398109
48.328079, -124.242398109
48.337079, -124.242398109
48.346079, -124.242398109
48.355079, -124.242398109
48.364079, -124.242398109
48.373079, -124.242398109
48.382079, -124.242398109
48.391079, -124.242398109
48.400079, -124.242398109
48.409079, -124.242398109
48.418079, -124.242398109
48.427079, -124.242398109
48.436079, -124.242398109
48.445079, -124.242398109
48.454079, -124.242398109
48.463079, -124.242398109
48.472079, -124.242398109
48.481079, -124.242398109
48.490079, -124.242398109
48.499079, -124.242398109
48.508079, -124.242398109
48.517079, -124.242398109
48.526079, -124.242398109
48.535079, -124.242398109
48.544079, -124.242398109
48.553079, -124.242398109
48.562079, -124.242398109
48.571079, -124.242398109
48.580079, -124.242398109
48.589079, -124.242398109
48.598079, -124.242398109
48.607079, -124.242398109
48.616079, -124.242398109
48.625079, -124.242398109
48.634079, -124.242398109
48.643079, -124.242398109
48.652079, -124.242398109
48.661079, -124.242398109
48.670079, -124.242398109
48.679079, -124.242398109
48.688079, -124.242398109
48.697079, -124.242398109
48.706079, -124.242398109
48.715079, -124.242398109
48.724079, -124.242398109
48.733079, -124.242398109
48.742079, -124.242398109
48.751079, -124.242398109
48.760079, -124.242398109
48.769079, -124.242398109
48.778079, -124.242398109
48.787079, -124.242398109
48.796079, -124.242398109
48.805079, -124.242398109
48.814079, -124.242398109
48.823079, -124.242398109
48.832079, -124.242398109
48.841079, -124.242398109
48.850079, -124.242398109
48.859079, -124.242398109
48.868079, -124.242398109
48.877079, -124.242398109
48.886079, -124.242398109
48.895079, -124.242398109
48.904079, -124.242398109
48.913079, -124.242398109
48.922079, -124.242398109
48.931079, -124.242398109
48.940079, -124.242398109
48.949079, -124.242398109
46.213079, -124.228691351
46.222079, -124.228691351
46.231079, -124.228691351
46.240079, -124.228691351
46.249079, -124.228691351
46.258079, -124.228691351
46.267079, -124.228691351
46.276079, -124.228691351
46.285079, -124.228691351
46.294079, -124.228691351
46.303079, -124.228691351
46.312079, -124.228691351
46.321079, -124.228691351
46.330079, -124.228691351
46.339079, -124.228691351
46.348079, -124.228691351
46.357079, -124.228691351
46.366079, -124.228691351
46.375079, -124.228691351
46.384079, -124.228691351
46.393079, -124.228691351
46.402079, -124.228691351
46.411079, -124.228691351
46.420079, -124.228691351
46.429079, -124.228691351
46.438079, -124.228691351
46.447079, -124.228691351
46.456079, -124.228691351
46.465079, -124.228691351
46.474079, -124.228691351
46.483079, -124.228691351
46.492079, -124.228691351
46.501079, -124.228691351
46.510079, -124.228691351
46.519079, -124.228691351
46.528079, -124.228691351
46.537079, -124.228691351
46.546079, -124.228691351
46.555079, -124.228691351
46.564079, -124.228691351
46.573079, -124.228691351
46.582079, -124.228691351
46.591079, -124.228691351
46.600079, -124.228691351
46.609079, -124.228691351
46.618079, -124.228691351
46.627079, -124.228691351
46.636079, -124.228691351
46.645079, -124.228691351
46.654079, -124.228691351
46.663079, -124.228691351
46.672079, -124.228691351
46.681079, -124.228691351
46.690079, -124.228691351
46.699079, -124.228691351
46.708079, -124.228691351
46.717079, -124.228691351
46.726079, -124.228691351
46.735079, -124.228691351
46.744079, -124.228691351
46.753079, -124.228691351
46.762079, -124.228691351
46.771079, -124.228691351
46.780079, -124.228691351
46.789079, -124.228691351
