46.942079, -122.350865437
46.951079, -122.350865437
46.960079, -122.350865437
46.969079, -122.350865437
46.978079, -122.350865437
46.987079, -122.350865437
46.996079, -122.350865437
47.005079, -122.350865437
47.014079, -122.350865437
47.023079, -122.350865437
47.032079, -122.350865437
47.041079, -122.350865437
47.050079, -122.350865437
47.059079, -122.350865437
47.068079, -122.350865437
47.077079, -122.350865437
47.086079, -122.350865437
47.095079, -122.350865437
47.104079, -122.350865437
47.113079, -122.350865437
47.122079, -122.350865437
47.131079, -122.350865437
47.140079, -122.350865437
47.149079, -122.350865437
47.158079, -122.350865437
47.167079, -122.350865437
47.176079, -122.350865437
47.185079, -122.350865437
47.194079, -122.350865437
47.203079, -122.350865437
47.212079, -122.350865437
47.221079, -122.350865437
47.230079, -122.350865437
47.239079, -122.350865437
47.248079, -122.350865437
47.257079, -122.350865437
47.266079, -122.350865437
47.275079, -122.350865437
47.284079, -122.350865437
47.293079, -122.350865437
47.302079, -122.350865437
47.311079, -122.350865437
47.320079, -122.350865437
47.329079, -122.350865437
47.338079, -122.350865437
47.347079, -122.350865437
47.356079, -122.350865437
47.365079, -122.350865437
47.374079, -122.350865437
47.383079, -122.350865437
47.392079, -122.350865437
47.401079, -122.350865437
47.410079, -122.350865437
47.419079, -122.350865437
47.428079, -122.350865437
47.437079, -122.350865437
47.446079, -122.350865437
47.455079, -122.350865437
47.464079, -122.350865437
47.473079, -122.350865437
47.482079, -122.350865437
47.491079, -122.350865437
47.500079, -122.350865437
47.509079, -122.350865437
47.518079, -122.350865437
47.527079, -122.350865437
47.536079, -122.350865437
47.545079, -122.350865437
47.554079, -122.350865437
47.563079, -122.350865437
47.572079, -122.350865437
47.581079, -122.350865437
47.590079, -122.350865437
47.599079, -122.350865437
47.608079, -122.350865437
47.617079, -122.350865437
47.626079, -122.350865437
47.635079, -122.350865437
47.644079, -122.350865437
47.653079, -122.350865437
47.662079, -122.350865437
47.671079, -122.350865437
47.680079, -122.350865437
47.689079, -122.350865437
47.698079, -122.350865437
47.707079, -122.350865437
47.716079, -122.350865437
47.725079, -122.350865437
47.734079, -122.350865437
47.743079, -122.350865437
47.752079, -122.350865437
47.761079, -122.350865437
47.770079, -122.350865437
47.779079, -122.350865437
47.788079, -122.350865437
47.797079, -122.350865437
47.806079, -122.350865437
47.815079, -122.350865437
47.824079, -122.350865437
47.833079, -122.350865437
47.842079, -122.350865437
47.851079, -122.350865437
47.860079, -122.350865437
47.869079, -122.350865437
47.878079, -122.350865437
47.887079, -122.350865437
47.896079, -122.350865437
47.905079, -122.350865437
47.914079, -122.350865437
47.923079, -122.350865437
47.932079, -122.350865437
47.941079, -122.350865437
47.950079, -122.350865437
47.959079, -122.350865437
47.968079, -122.350865437
47.977079, -122.350865437
47.986079, -122.350865437
47.995079, -122.350865437
48.004079, -122.350865437
48.013079, -122.350865437
48.022079, -122.350865437
48.031079, -122.350865437
48.040079, -122.350865437
48.049079, -122.350865437
48.058079, -122.350865437
48.067079, -122.350865437
48.076079, -122.350865437
48.085079, -122.350865437
48.094079, -122.350865437
48.103079, -122.350865437
48.112079, -122.350865437
48.121079, -122.350865437
48.130079, -122.350865437
48.139079, -122.350865437
48.148079, -122.350865437
48.157079, -122.350865437
48.166079, -122.350865437
48.175079, -122.350865437
48.184079, -122.350865437
48.193079, -122.350865437
48.202079, -122.350865437
48.211079, -122.350865437
48.220079, -122.350865437
48.229079, -122.350865437
48.238079, -122.350865437
48.247079, -122.350865437
48.256079, -122.350865437
48.265079, -122.350865437
48.274079, -122.350865437
48.283079, -122.350865437
48.292079, -122.350865437
48.301079, -122.350865437
48.310079, -122.350865437
48.319079, -122.350865437
48.328079, -122.350865437
48.337079, -122.350865437
48.346079, -122.350865437
48.355079, -122.350865437
48.364079, -122.350865437
48.373079, -122.350865437
48.382079, -122.350865437
48.391079, -122.350865437
48.400079, -122.350865437
48.409079, -122.350865437
48.418079, -122.350865437
48.427079, -122.350865437
48.436079, -122.350865437
48.445079, -122.350865437
48.454079, -122.350865437
48.463079, -122.350865437
48.472079, -122.350865437
48.481079, -122.350865437
48.490079, -122.350865437
48.499079, -122.350865437
48.508079, -122.350865437
48.517079, -122.350865437
48.526079, -122.350865437
48.535079, -122.350865437
48.544079, -122.350865437
48.553079, -122.350865437
48.562079, -122.350865437
48.571079, -122.350865437
48.580079, -122.350865437
48.589079, -122.350865437
48.598079, -122.350865437
48.607079, -122.350865437
48.616079, -122.350865437
48.625079, -122.350865437
48.634079, -122.350865437
48.643079, -122.350865437
48.652079, -122.350865437
48.661079, -122.350865437
48.670079, -122.350865437
48.679079, -122.350865437
48.688079, -122.350865437
48.697079, -122.350865437
48.706079, -122.350865437
48.715079, -122.350865437
48.724079, -122.350865437
48.733079, -122.350865437
48.742079, -122.350865437
48.751079, -122.350865437
48.760079, -122.350865437
48.769079, -122.350865437
48.778079, -122.350865437
48.787079, -122.350865437
48.796079, -122.350865437
48.805079, -122.350865437
48.814079, -122.350865437
48.823079, -122.350865437
48.832079, -122.350865437
48.841079, -122.350865437
48.850079, -122.350865437
48.859079, -122.350865437
48.868079, -122.350865437
48.877079, -122.350865437
48.886079, -122.350865437
48.895079, -122.350865437
48.904079, -122.350865437
48.913079, -122.350865437
48.922079, -122.350865437
48.931079, -122.350865437
48.940079, -122.350865437
48.949079, -122.350865437
46.213079, -122.337158679
46.222079, -122.337158679
46.231079, -122.337158679
46.240079, -122.337158679
46.249079, -122.337158679
46.258079, -122.337158679
46.267079, -122.337158679
46.276079, -122.337158679
46.285079, -122.337158679
46.294079, -122.337158679
46.303079, -122.337158679
46.312079, -122.337158679
46.321079, -122.337158679
46.330079, -122.337158679
46.339079, -122.337158679
46.348079, -122.337158679
46.357079, -122.337158679
46.366079, -122.337158679
46.375079, -122.337158679
46.384079, -122.337158679
46.393079, -122.337158679
46.402079, -122.337158679
46.411079, -122.337158679
46.420079, -122.337158679
46.429079, -122.337158679
46.438079, -122.337158679
46.447079, -122.337158679
46.456079, -122.337158679
46.465079, -122.337158679
46.474079, -122.337158679
46.483079, -122.337158679
46.492079, -122.337158679
46.501079, -122.337158679
46.510079, -122.337158679
46.519079, -122.337158679
46.528079, -122.337158679
46.537079, -122.337158679
46.546079, -122.337158679
46.555079, -122.337158679
46.564079, -122.337158679
46.573079, -122.337158679
46.582079, -122.337158679
46.591079, -122.337158679
46.600079, -122.337158679
46.609079, -122.337158679
46.618079, -122.337158679
46.627079, -122.337158679
46.636079, -122.337158679
46.645079, -122.337158679
46.654079, -122.337158679
46.663079, -122.337158679
46.672079, -122.337158679
46.681079, -122.337158679
46.690079, -122.337158679
46.699079, -122.337158679
46.708079, -122.337158679
46.717079, -122.337158679
46.726079, -122.337158679
46.735079, -122.337158679
46.744079, -122.337158679
46.753079, -122.337158679
46.762079, -122.337158679
46.771079, -122.337158679
46.780079, -122.337158679
46.789079, -122.337158679
46.798079, -122.337158679
46.807079, -122.337158679
46.816079, -122.337158679
46.825079, -122.337158679
46.834079, -122.337158679
46.843079, -122.337158679
46.852079, -122.337158679
46.861079, -122.337158679
46.870079, -122.337158679
46.879079, -122.337158679
46.888079, -122.337158679
46.897079, -122.337158679
46.906079, -122.337158679
46.915079, -122.337158679
46.924079, -122.337158679
46.933079, -122.337158679
46.942079, -122.337158679
46.951079, -122.337158679
46.960079, -122.337158679
46.969079, -122.337158679
46.978079, -122.337158679
46.987079, -122.337158679
46.996079, -122.337158679
47.005079, -122.337158679
47.014079, -122.337158679
47.023079, -122.337158679
47.032079, -122.337158679
47.041079, -122.337158679
47.050079, -122.337158679
47.059079, -122.337158679
47.068079, -122.337158679
47.077079, -122.337158679
47.086079, -122.337158679
47.095079, -122.337158679
47.104079, -122.337158679
47.113079, -122.337158679
47.122079, -122.337158679
47.131079, -122.337158679
47.140079, -122.337158679
47.149079, -122.337158679
47.158079, -122.337158679
47.167079, -122.337158679
47.176079, -122.337158679
47.185079, -122.337158679
47.194079, -122.337158679
47.203079, -122.337158679
47.212079, -122.337158679
47.221079, -122.337158679
47.230079, -122.337158679
47.239079, -122.337158679
47.248079, -122.337158679
47.257079, -122.337158679
47.266079, -122.337158679
47.275079, -122.337158679
47.284079, -122.337158679
47.293079, -122.337158679
47.302079, -122.337158679
47.311079, -122.337158679
47.320079, -122.337158679
47.329079, -122.337158679
47.338079, -122.337158679
47.347079, -122.337158679
47.356079, -122.337158679
47.365079, -122.337158679
47.374079, -122.337158679
47.383079, -122.337158679
47.392079, -122.337158679
47.401079, -122.337158679
47.410079, -122.337158679
47.419079, -122.337158679
47.428079, -122.337158679
47.437079, -122.337158679
47.446079, -122.337158679
47.455079, -122.337158679
47.464079, -122.337158679
47.473079, -122.337158679
47.482079, -122.337158679
47.491079, -122.337158679
47.500079, -122.337158679
47.509079, -122.337158679
47.518079, -122.337158679
47.527079, -122.337158679
47.536079, -122.337158679
47.545079, -122.337158679
47.554079, -122.337158679
47.563079, -122.337158679
47.572079, -122.337158679
47.581079, -122.337158679
47.590079, -122.337158679
47.599079, -122.337158679
47.608079, -122.337158679
47.617079, -122.337158679
47.626079, -122.337158679
47.635079, -122.337158679
47.644079, -122.337158679
47.653079, -122.337158679
47.662079, -122.337158679
47.671079, -122.337158679
47.680079, -122.337158679
47.689079, -122.337158679
47.698079, -122.337158679
47.707079, -122.337158679
47.716079, -122.337158679
47.725079, -122.337158679
47.734079, -122.337158679
47.743079, -122.337158679
47.752079, -122.337158679
47.761079, -122.337158679
47.770079, -122.337158679
47.779079, -122.337158679
47.788079, -122.337158679
47.797079, -122.337158679
47.806079, -122.337158679
47.815079, -122.337158679
47.824079, -122.337158679
47.833079, -122.337158679
47.842079, -122.337158679
47.851079, -122.337158679
47.860079, -122.337158679
47.869079, -122.337158679
47.878079, -122.337158679
47.887079, -122.337158679
47.896079, -122.337158679
47.905079, -122.337158679
47.914079, -122.337158679
47.923079, -122.337158679
47.932079, -122.337158679
47.941079, -122.337158679
47.950079, -122.337158679
47.959079, -122.337158679
47.968079, -122.337158679
47.977079, -122.337158679
47.986079, -122.337158679
47.995079, -122.337158679
48.004079, -122.337158679
48.013079, -122.337158679
48.022079, -122.337158679
48.031079, -122.337158679
48.040079, -122.337158679
48.049079, -122.337158679
48.058079, -122.337158679
48.067079, -122.337158679
48.076079, -122.337158679
48.085079, -122.337158679
48.094079, -122.337158679
48.103079, -122.337158679
48.112079, -122.337158679
48.121079, -122.337158679
48.130079, -122.337158679
48.139079, -122.337158679
48.148079, -122.337158679
48.157079, -122.337158679
48.166079, -122.337158679
48.175079, -122.337158679
48.184079, -122.337158679
48.193079, -122.337158679
48.202079, -122.337158679
48.211079, -122.337158679
48.220079, -122.337158679
48.229079, -122.337158679
48.238079, -122.337158679
48.247079, -122.337158679
48.256079, -122.337158679
48.265079, -122.337158679
48.274079, -122.337158679
48.283079, -122.337158679
48.292079, -122.337158679
48.301079, -122.337158679
48.310079, -122.337158679
48.319079, -122.337158679
48.328079, -122.337158679
48.337079, -122.337158679
48.346079, -122.337158679
48.355079, -122.337158679
48.364079, -122.337158679
48.373079, -122.337158679
48.382079, -122.337158679
48.391079, -122.337158679
48.400079, -122.337158679
48.409079, -122.337158679
48.418079, -122.337158679
48.427079, -122.337158679
48.436079, -122.337158679
48.445079, -122.337158679
48.454079, -122.337158679
48.463079, -122.337158679
48.472079, -122.337158679
48.481079, -122.337158679
48.490079, -122.337158679
48.499079, -122.337158679
48.508079, -122.337158679
48.517079, -122.337158679
48.526079, -122.337158679
48.535079, -122.337158679
48.544079, -122.337158679
48.553079, -122.337158679
48.562079, -122.337158679
48.571079, -122.337158679
48.580079, -122.337158679
48.589079, -122.337158679
48.598079, -122.337158679
48.607079, -122.337158679
48.616079, -122.337158679
48.625079, -122.337158679
48.634079, -122.337158679
48.643079, -122.337158679
48.652079, -122.337158679
48.661079, -122.337158679
48.670079, -122.337158679
48.679079, -122.337158679
48.688079, -122.337158679
48.697079, -122.337158679
48.706079, -122.337158679
48.715079, -122.337158679
48.724079, -122.337158679
48.733079, -122.337158679
48.742079, -122.337158679
48.751079, -122.337158679
48.760079, -122.337158679
48.769079, -122.337158679
48.778079, -122.337158679
48.787079, -122.337158679
48.796079, -122.337158679
48.805079, -122.337158679
48.814079, -122.337158679
48.823079, -122.337158679
48.832079, -122.337158679
48.841079, -122.337158679
48.850079, -122.337158679
48.859079, -122.337158679
48.868079, -122.337158679
48.877079, -122.337158679
48.886079, -122.337158679
48.895079, -122.337158679
48.904079, -122.337158679
48.913079, -122.337158679
48.922079, -122.337158679
48.931079, -122.337158679
48.940079, -122.337158679
48.949079, -122.337158679
46.213079, -122.32345192
46.222079, -122.32345192
46.231079, -122.32345192
46.240079, -122.32345192
46.249079, -122.32345192
46.258079, -122.32345192
46.267079, -122.32345192
46.276079, -122.32345192
46.285079, -122.32345192
46.294079, -122.32345192
46.303079, -122.32345192
46.312079, -122.32345192
46.321079, -122.32345192
46.330079, -122.32345192
46.339079, -122.32345192
46.348079, -122.32345192
46.357079, -122.32345192
46.366079, -122.32345192
46.375079, -122.32345192
46.384079, -122.32345192
46.393079, -122.32345192
46.402079, -122.32345192
46.411079, -122.32345192
46.420079, -122.32345192
46.429079, -122.32345192
46.438079, -122.32345192
46.447079, -122.32345192
46.456079, -122.32345192
46.465079, -122.32345192
46.474079, -122.32345192
46.483079, -122.32345192
46.492079, -122.32345192
46.501079, -122.32345192
46.510079, -122.32345192
46.519079, -122.32345192
46.528079, -122.32345192
46.537079, -122.32345192
46.546079, -122.32345192
46.555079, -122.32345192
46.564079, -122.32345192
46.573079, -122.32345192
46.582079, -122.32345192
46.591079, -122.32345192
46.600079, -122.32345192
46.609079, -122.32345192
46.618079, -122.32345192
46.627079, -122.32345192
46.636079, -122.32345192
46.645079, -122.32345192
46.654079, -122.32345192
46.663079, -122.32345192
46.672079, -122.32345192
46.681079, -122.32345192
46.690079, -122.32345192
46.699079, -122.32345192
46.708079, -122.32345192
46.717079, -122.32345192
46.726079, -122.32345192
46.735079, -122.32345192
46.744079, -122.32345192
46.753079, -122.32345192
46.762079, -122.32345192
46.771079, -122.32345192
46.780079, -122.32345192
46.789079, -122.32345192
46.798079, -122.32345192
46.807079, -122.32345192
46.816079, -122.32345192
46.825079, -122.32345192
46.834079, -122.32345192
46.843079, -122.32345192
46.852079, -122.32345192
46.861079, -122.32345192
46.870079, -122.32345192
46.879079, -122.32345192
46.888079, -122.32345192
46.897079, -122.32345192
46.906079, -122.32345192
46.915079, -122.32345192
46.924079, -122.32345192
46.933079, -122.32345192
46.942079, -122.32345192
46.951079, -122.32345192
46.960079, -122.32345192
46.969079, -122.32345192
46.978079, -122.32345192
46.987079, -122.32345192
46.996079, -122.32345192
47.005079, -122.32345192
47.014079, -122.32345192
47.023079, -122.32345192
47.032079, -122.32345192
47.041079, -122.32345192
47.050079, -122.32345192
47.059079, -122.32345192
47.068079, -122.32345192
47.077079, -122.32345192
47.086079, -122.32345192
47.095079, -122.32345192
47.104079, -122.32345192
47.113079, -122.32345192
47.122079, -122.32345192
47.131079, -122.32345192
47.140079, -122.32345192
47.149079, -122.32345192
47.158079, -122.32345192
47.167079, -122.32345192
47.176079, -122.32345192
47.185079, -122.32345192
47.194079, -122.32345192
47.203079, -122.32345192
47.212079, -122.32345192
47.221079, -122.32345192
47.230079, -122.32345192
47.239079, -122.32345192
47.248079, -122.32345192
47.257079, -122.32345192
47.266079, -122.32345192
47.275079, -122.32345192
47.284079, -122.32345192
47.293079, -122.32345192
47.302079, -122.32345192
47.311079, -122.32345192
47.320079, -122.32345192
47.329079, -122.32345192
47.338079, -122.32345192
47.347079, -122.32345192
47.356079, -122.32345192
47.365079, -122.32345192
47.374079, -122.32345192
47.383079, -122.32345192
47.392079, -122.32345192
47.401079, -122.32345192
47.410079, -122.32345192
47.419079, -122.32345192
47.428079, -122.32345192
47.437079, -122.32345192
47.446079, -122.32345192
47.455079, -122.32345192
47.464079, -122.32345192
47.473079, -122.32345192
47.482079, -122.32345192
47.491079, -122.32345192
47.500079, -122.32345192
47.509079, -122.32345192
47.518079, -122.32345192
47.527079, -122.32345192
47.536079, -122.32345192
47.545079, -122.32345192
47.554079, -122.32345192
47.563079, -122.32345192
47.572079, -122.32345192
47.581079, -122.32345192
47.590079, -122.32345192
47.599079, -122.32345192
47.608079, -122.32345192
47.617079, -122.32345192
47.626079, -122.32345192
47.635079, -122.32345192
47.644079, -122.32345192
47.653079, -122.32345192
47.662079, -122.32345192
47.671079, -122.32345192
47.680079, -122.32345192
47.689079, -122.32345192
47.698079, -122.32345192
47.707079, -122.32345192
47.716079, -122.32345192
47.725079, -122.32345192
47.734079, -122.32345192
47.743079, -122.32345192
47.752079, -122.32345192
47.761079, -122.32345192
47.770079, -122.32345192
47.779079, -122.32345192
47.788079, -122.32345192
47.797079, -122.32345192
47.806079, -122.32345192
47.815079, -122.32345192
47.824079, -122.32345192
47.833079, -122.32345192
47.842079, -122.32345192
47.851079, -122.32345192
47.860079, -122.32345192
47.869079, -122.32345192
47.878079, -122.32345192
47.887079, -122.32345192
47.896079, -122.32345192
47.905079, -122.32345192
47.914079, -122.32345192
47.923079, -122.32345192
47.932079, -122.32345192
47.941079, -122.32345192
47.950079, -122.32345192
47.959079, -122.32345192
47.968079, -122.32345192
47.977079, -122.32345192
47.986079, -122.32345192
47.995079, -122.32345192
48.004079, -122.32345192
48.013079, -122.32345192
48.022079, -122.32345192
48.031079, -122.32345192
48.040079, -122.32345192
48.049079, -122.32345192
48.058079, -122.32345192
48.067079, -122.32345192
48.076079, -122.32345192
48.085079, -122.32345192
48.094079, -122.32345192
48.103079, -122.32345192
48.112079, -122.32345192
48.121079, -122.32345192
48.130079, -122.32345192
48.139079, -122.32345192
48.148079, -122.32345192
48.157079, -122.32345192
48.166079, -122.32345192
48.175079, -122.32345192
48.184079, -122.32345192
48.193079, -122.32345192
48.202079, -122.32345192
48.211079, -122.32345192
48.220079, -122.32345192
48.229079, -122.32345192
48.238079, -122.32345192
48.247079, -122.32345192
48.256079, -122.32345192
48.265079, -122.32345192
48.274079, -122.32345192
48.283079, -122.32345192
48.292079, -122.32345192
48.301079, -122.32345192
48.310079, -122.32345192
48.319079, -122.32345192
48.328079, -122.32345192
48.337079, -122.32345192
48.346079, -122.32345192
48.355079, -122.32345192
48.364079, -122.32345192
48.373079, -122.32345192
48.382079, -122.32345192
48.391079, -122.32345192
48.400079, -122.32345192
48.409079, -122.32345192
48.418079, -122.32345192
48.427079, -122.32345192
48.436079, -122.32345192
48.445079, -122.32345192
48.454079, -122.32345192
48.463079, -122.32345192
48.472079, -122.32345192
48.481079, -122.32345192
48.490079, -122.32345192
48.499079, -122.32345192
48.508079, -122.32345192
48.517079, -122.32345192
48.526079, -122.32345192
48.535079, -122.32345192
48.544079, -122.32345192
48.553079, -122.32345192
48.562079, -122.32345192
48.571079, -122.32345192
48.580079, -122.32345192
48.589079, -122.32345192
48.598079, -122.32345192
48.607079, -122.32345192
48.616079, -122.32345192
48.625079, -122.32345192
48.634079, -122.32345192
48.643079, -122.32345192
48.652079, -122.32345192
48.661079, -122.32345192
48.670079, -122.32345192
48.679079, -122.32345192
48.688079, -122.32345192
48.697079, -122.32345192
48.706079, -122.32345192
48.715079, -122.32345192
48.724079, -122.32345192
48.733079, -122.32345192
48.742079, -122.32345192
48.751079, -122.32345192
48.760079, -122.32345192
48.769079, -122.32345192
48.778079, -122.32345192
48.787079, -122.32345192
48.796079, -122.32345192
48.805079, -122.32345192
48.814079, -122.32345192
48.823079, -122.32345192
48.832079, -122.32345192
48.841079, -122.32345192
48.850079, -122.32345192
48.859079, -122.32345192
48.868079, -122.32345192
48.877079, -122.32345192
48.886079, -122.32345192
48.895079, -122.32345192
48.904079, -122.32345192
48.913079, -122.32345192
48.922079, -122.32345192
48.931079, -122.32345192
48.940079, -122.32345192
48.949079, -122.32345192
46.213079, -122.309745162
46.222079, -122.309745162
46.231079, -122.309745162
46.240079, -122.309745162
46.249079, -122.309745162
46.258079, -122.309745162
46.267079, -122.309745162
46.276079, -122.309745162
46.285079, -122.309745162
46.294079, -122.309745162
46.303079, -122.309745162
46.312079, -122.309745162
46.321079, -122.309745162
46.330079, -122.309745162
46.339079, -122.309745162
46.348079, -122.309745162
46.357079, -122.309745162
46.366079, -122.309745162
46.375079, -122.309745162
46.384079, -122.309745162
46.393079, -122.309745162
46.402079, -122.309745162
46.411079, -122.309745162
46.420079, -122.309745162
46.429079, -122.309745162
46.438079, -122.309745162
46.447079, -122.309745162
46.456079, -122.309745162
46.465079, -122.309745162
46.474079, -122.309745162
46.483079, -122.309745162
46.492079, -122.309745162
46.501079, -122.309745162
46.510079, -122.309745162
46.519079, -122.309745162
46.528079, -122.309745162
46.537079, -122.309745162
46.546079, -122.309745162
46.555079, -122.309745162
46.564079, -122.309745162
46.573079, -122.309745162
46.582079, -122.309745162
46.591079, -122.309745162
46.600079, -122.309745162
46.609079, -122.309745162
46.618079, -122.309745162
46.627079, -122.309745162
46.636079, -122.309745162
46.645079, -122.309745162
46.654079, -122.309745162
46.663079, -122.309745162
46.672079, -122.309745162
46.681079, -122.309745162
46.690079, -122.309745162
46.699079, -122.309745162
46.708079, -122.309745162
46.717079, -122.309745162
46.726079, -122.309745162
46.735079, -122.309745162
46.744079, -122.309745162
46.753079, -122.309745162
46.762079, -122.309745162
46.771079, -122.309745162
46.780079, -122.309745162
46.789079, -122.309745162
46.798079, -122.309745162
46.807079, -122.309745162
46.816079, -122.309745162
46.825079, -122.309745162
46.834079, -122.309745162
46.843079, -122.309745162
46.852079, -122.309745162
46.861079, -122.309745162
46.870079, -122.309745162
46.879079, -122.309745162
46.888079, -122.309745162
46.897079, -122.309745162
46.906079, -122.309745162
46.915079, -122.309745162
46.924079, -122.309745162
46.933079, -122.309745162
46.942079, -122.309745162
46.951079, -122.309745162
46.960079, -122.309745162
46.969079, -122.309745162
46.978079, -122.309745162
46.987079, -122.309745162
46.996079, -122.309745162
47.005079, -122.309745162
47.014079, -122.309745162
47.023079, -122.309745162
47.032079, -122.309745162
47.041079, -122.309745162
47.050079, -122.309745162
47.059079, -122.309745162
47.068079, -122.309745162
47.077079, -122.309745162
47.086079, -122.309745162
47.095079, -122.309745162
47.104079, -122.309745162
47.113079, -122.309745162
47.122079, -122.309745162
47.131079, -122.309745162
47.140079, -122.309745162
47.149079, -122.309745162
47.158079, -122.309745162
47.167079, -122.309745162
47.176079, -122.309745162
47.185079, -122.309745162
47.194079, -122.309745162
47.203079, -122.309745162
47.212079, -122.309745162
47.221079, -122.309745162
47.230079, -122.309745162
47.239079, -122.309745162
47.248079, -122.309745162
47.257079, -122.309745162
47.266079, -122.309745162
47.275079, -122.309745162
47.284079, -122.309745162
47.293079, -122.309745162
47.302079, -122.309745162
47.311079, -122.309745162
47.320079, -122.309745162
47.329079, -122.309745162
47.338079, -122.309745162
47.347079, -122.309745162
47.356079, -122.309745162
47.365079, -122.309745162
47.374079, -122.309745162
47.383079, -122.309745162
47.392079, -122.309745162
47.401079, -122.309745162
47.410079, -122.309745162
47.419079, -122.309745162
47.428079, -122.309745162
47.437079, -122.309745162
47.446079, -122.309745162
47.455079, -122.309745162
47.464079, -122.309745162
47.473079, -122.309745162
47.482079, -122.309745162
47.491079, -122.309745162
47.500079, -122.309745162
47.509079, -122.309745162
47.518079, -122.309745162
47.527079, -122.309745162
47.536079, -122.309745162
47.545079, -122.309745162
47.554079, -122.309745162
47.563079, -122.309745162
47.572079, -122.309745162
47.581079, -122.309745162
47.590079, -122.309745162
47.599079, -122.309745162
47.608079, -122.309745162
47.617079, -122.309745162
47.626079, -122.309745162
47.635079, -122.309745162
47.644079, -122.309745162
47.653079, -122.309745162
47.662079, -122.309745162
47.671079, -122.309745162
47.680079, -122.309745162
47.689079, -122.309745162
47.698079, -122.309745162
47.707079, -122.309745162
47.716079, -122.309745162
47.725079, -122.309745162
47.734079, -122.309745162
47.743079, -122.309745162
47.752079, -122.309745162
47.761079, -122.309745162
47.770079, -122.309745162
47.779079, -122.309745162
47.788079, -122.309745162
47.797079, -122.309745162
47.806079, -122.309745162
47.815079, -122.309745162
47.824079, -122.309745162
47.833079, -122.309745162
47.842079, -122.309745162
47.851079, -122.309745162
47.860079, -122.309745162
47.869079, -122.309745162
47.878079, -122.309745162
47.887079, -122.309745162
47.896079, -122.309745162
47.905079, -122.309745162
47.914079, -122.309745162
47.923079, -122.309745162
47.932079, -122.309745162
47.941079, -122.309745162
47.950079, -122.309745162
47.959079, -122.309745162
47.968079, -122.309745162
47.977079, -122.309745162
47.986079, -122.309745162
47.995079, -122.309745162
48.004079, -122.309745162
48.013079, -122.309745162
48.022079, -122.309745162
48.031079, -122.309745162
48.040079, -122.309745162
48.049079, -122.309745162
48.058079, -122.309745162
48.067079, -122.309745162
48.076079, -122.309745162
48.085079, -122.309745162
48.094079, -122.309745162
48.103079, -122.309745162
48.112079, -122.309745162
48.121079, -122.309745162
48.130079, -122.309745162
48.139079, -122.309745162
48.148079, -122.309745162
48.157079, -122.309745162
48.166079, -122.309745162
48.175079, -122.309745162
48.184079, -122.309745162
48.193079, -122.309745162
48.202079, -122.309745162
48.211079, -122.309745162
48.220079, -122.309745162
48.229079, -122.309745162
48.238079, -122.309745162
48.247079, -122.309745162
48.256079, -122.309745162
48.265079, -122.309745162
48.274079, -122.309745162
48.283079, -122.309745162
48.292079, -122.309745162
48.301079, -122.309745162
48.310079, -122.309745162
48.319079, -122.309745162
48.328079, -122.309745162
48.337079, -122.309745162
48.346079, -122.309745162
48.355079, -122.309745162
48.364079, -122.309745162
48.373079, -122.309745162
48.382079, -122.309745162
48.391079, -122.309745162
48.400079, -122.309745162
48.409079, -122.309745162
48.418079, -122.309745162
48.427079, -122.309745162
48.436079, -122.309745162
48.445079, -122.309745162
48.454079, -122.309745162
48.463079, -122.309745162
48.472079, -122.309745162
48.481079, -122.309745162
48.490079, -122.309745162
48.499079, -122.309745162
48.508079, -122.309745162
48.517079, -122.309745162
48.526079, -122.309745162
48.535079, -122.309745162
48.544079, -122.309745162
48.553079, -122.309745162
48.562079, -122.309745162
48.571079, -122.309745162
48.580079, -122.309745162
48.589079, -122.309745162
48.598079, -122.309745162
48.607079, -122.309745162
48.616079, -122.309745162
48.625079, -122.309745162
48.634079, -122.309745162
48.643079, -122.309745162
48.652079, -122.309745162
48.661079, -122.309745162
48.670079, -122.309745162
48.679079, -122.309745162
48.688079, -122.309745162
48.697079, -122.309745162
48.706079, -122.309745162
48.715079, -122.309745162
48.724079, -122.309745162
48.733079, -122.309745162
48.742079, -122.309745162
48.751079, -122.309745162
48.760079, -122.309745162
48.769079, -122.309745162
48.778079, -122.309745162
48.787079, -122.309745162
48.796079, -122.309745162
48.805079, -122.309745162
48.814079, -122.309745162
48.823079, -122.309745162
48.832079, -122.309745162
48.841079, -122.309745162
48.850079, -122.309745162
48.859079, -122.309745162
48.868079, -122.309745162
48.877079, -122.309745162
48.886079, -122.309745162
48.895079, -122.309745162
48.904079, -122.309745162
48.913079, -122.309745162
48.922079, -122.309745162
48.931079, -122.309745162
48.940079, -122.309745162
48.949079, -122.309745162
46.213079, -122.296038403
46.222079, -122.296038403
46.231079, -122.296038403
46.240079, -122.296038403
46.249079, -122.296038403
46.258079, -122.296038403
46.267079, -122.296038403
46.276079, -122.296038403
46.285079, -122.296038403
46.294079, -122.296038403
46.303079, -122.296038403
46.312079, -122.296038403
46.321079, -122.296038403
46.330079, -122.296038403
46.339079, -122.296038403
46.348079, -122.296038403
46.357079, -122.296038403
46.366079, -122.296038403
46.375079, -122.296038403
46.384079, -122.296038403
46.393079, -122.296038403
46.402079, -122.296038403
46.411079, -122.296038403
46.420079, -122.296038403
46.429079, -122.296038403
46.438079, -122.296038403
46.447079, -122.296038403
46.456079, -122.296038403
46.465079, -122.296038403
46.474079, -122.296038403
46.483079, -122.296038403
46.492079, -122.296038403
46.501079, -122.296038403
46.510079, -122.296038403
46.519079, -122.296038403
46.528079, -122.296038403
46.537079, -122.296038403
46.546079, -122.296038403
46.555079, -122.296038403
46.564079, -122.296038403
46.573079, -122.296038403
46.582079, -122.296038403
46.591079, -122.296038403
46.600079, -122.296038403
46.609079, -122.296038403
46.618079, -122.296038403
46.627079, -122.296038403
46.636079, -122.296038403
46.645079, -122.296038403
46.654079, -122.296038403
46.663079, -122.296038403
46.672079, -122.296038403
46.681079, -122.296038403
46.690079, -122.296038403
46.699079, -122.296038403
46.708079, -122.296038403
46.717079, -122.296038403
46.726079, -122.296038403
46.735079, -122.296038403
46.744079, -122.296038403
46.753079, -122.296038403
46.762079, -122.296038403
46.771079, -122.296038403
46.780079, -122.296038403
46.789079, -122.296038403
46.798079, -122.296038403
46.807079, -122.296038403
46.816079, -122.296038403
46.825079, -122.296038403
46.834079, -122.296038403
46.843079, -122.296038403
46.852079, -122.296038403
46.861079, -122.296038403
46.870079, -122.296038403
46.879079, -122.296038403
46.888079, -122.296038403
46.897079, -122.296038403
46.906079, -122.296038403
46.915079, -122.296038403
46.924079, -122.296038403
46.933079, -122.296038403
46.942079, -122.296038403
46.951079, -122.296038403
46.960079, -122.296038403
46.969079, -122.296038403
46.978079, -122.296038403
46.987079, -122.296038403
46.996079, -122.296038403
47.005079, -122.296038403
47.014079, -122.296038403
47.023079, -122.296038403
47.032079, -122.296038403
47.041079, -122.296038403
47.050079, -122.296038403
47.059079, -122.296038403
47.068079, -122.296038403
47.077079, -122.296038403
47.086079, -122.296038403
47.095079, -122.296038403
47.104079, -122.296038403
47.113079, -122.296038403
47.122079, -122.296038403
47.131079, -122.296038403
47.140079, -122.296038403
47.149079, -122.296038403
47.158079, -122.296038403
47.167079, -122.296038403
47.176079, -122.296038403
47.185079, -122.296038403
47.194079, -122.296038403
47.203079, -122.296038403
47.212079, -122.296038403
47.221079, -122.296038403
47.230079, -122.296038403
47.239079, -122.296038403
47.248079, -122.296038403
47.257079, -122.296038403
47.266079, -122.296038403
47.275079, -122.296038403
47.284079, -122.296038403
47.293079, -122.296038403
47.302079, -122.296038403
47.311079, -122.296038403
47.320079, -122.296038403
47.329079, -122.296038403
47.338079, -122.296038403
47.347079, -122.296038403
47.356079, -122.296038403
47.365079, -122.296038403
47.374079, -122.296038403
47.383079, -122.296038403
47.392079, -122.296038403
47.401079, -122.296038403
47.410079, -122.296038403
47.419079, -122.296038403
47.428079, -122.296038403
47.437079, -122.296038403
47.446079, -122.296038403
47.455079, -122.296038403
47.464079, -122.296038403
47.473079, -122.296038403
47.482079, -122.296038403
47.491079, -122.296038403
47.500079, -122.296038403
47.509079, -122.296038403
47.518079, -122.296038403
47.527079, -122.296038403
47.536079, -122.296038403
47.545079, -122.296038403
47.554079, -122.296038403
47.563079, -122.296038403
47.572079, -122.296038403
47.581079, -122.296038403
47.590079, -122.296038403
47.599079, -122.296038403
47.608079, -122.296038403
47.617079, -122.296038403
47.626079, -122.296038403
47.635079, -122.296038403
47.644079, -122.296038403
47.653079, -122.296038403
47.662079, -122.296038403
47.671079, -122.296038403
47.680079, -122.296038403
47.689079, -122.296038403
47.698079, -122.296038403
47.707079, -122.296038403
47.716079, -122.296038403
47.725079, -122.296038403
47.734079, -122.296038403
47.743079, -122.296038403
47.752079, -122.296038403
47.761079, -122.296038403
47.770079, -122.296038403
47.779079, -122.296038403
47.788079, -122.296038403
47.797079, -122.296038403
47.806079, -122.296038403
47.815079, -122.296038403
47.824079, -122.296038403
47.833079, -122.296038403
47.842079, -122.296038403
47.851079, -122.296038403
47.860079, -122.296038403
47.869079, -122.296038403
47.878079, -122.296038403
47.887079, -122.296038403
47.896079, -122.296038403
47.905079, -122.296038403
47.914079, -122.296038403
47.923079, -122.296038403
47.932079, -122.296038403
47.941079, -122.296038403
47.950079, -122.296038403
47.959079, -122.296038403
47.968079, -122.296038403
47.977079, -122.296038403
47.986079, -122.296038403
47.995079, -122.296038403
48.004079, -122.296038403
48.013079, -122.296038403
48.022079, -122.296038403
48.031079, -122.296038403
48.040079, -122.296038403
48.049079, -122.296038403
48.058079, -122.296038403
48.067079, -122.296038403
48.076079, -122.296038403
48.085079, -122.296038403
48.094079, -122.296038403
48.103079, -122.296038403
48.112079, -122.296038403
48.121079, -122.296038403
48.130079, -122.296038403
48.139079, -122.296038403
48.148079, -122.296038403
48.157079, -122.296038403
48.166079, -122.296038403
48.175079, -122.296038403
48.184079, -122.296038403
48.193079, -122.296038403
48.202079, -122.296038403
48.211079, -122.296038403
48.220079, -122.296038403
48.229079, -122.296038403
48.238079, -122.296038403
48.247079, -122.296038403
48.256079, -122.296038403
48.265079, -122.296038403
48.274079, -122.296038403
48.283079, -122.296038403
48.292079, -122.296038403
48.301079, -122.296038403
48.310079, -122.296038403
48.319079, -122.296038403
48.328079, -122.296038403
48.337079, -122.296038403
48.346079, -122.296038403
48.355079, -122.296038403
48.364079, -122.296038403
48.373079, -122.296038403
48.382079, -122.296038403
48.391079, -122.296038403
48.400079, -122.296038403
48.409079, -122.296038403
48.418079, -122.296038403
48.427079, -122.296038403
48.436079, -122.296038403
48.445079, -122.296038403
48.454079, -122.296038403
48.463079, -122.296038403
48.472079, -122.296038403
48.481079, -122.296038403
48.490079, -122.296038403
48.499079, -122.296038403
48.508079, -122.296038403
48.517079, -122.296038403
48.526079, -122.296038403
48.535079, -122.296038403
48.544079, -122.296038403
48.553079, -122.296038403
48.562079, -122.296038403
48.571079, -122.296038403
48.580079, -122.296038403
48.589079, -122.296038403
48.598079, -122.296038403
48.607079, -122.296038403
48.616079, -122.296038403
48.625079, -122.296038403
48.634079, -122.296038403
48.643079, -122.296038403
48.652079, -122.296038403
48.661079, -122.296038403
48.670079, -122.296038403
48.679079, -122.296038403
48.688079, -122.296038403
48.697079, -122.296038403
48.706079, -122.296038403
48.715079, -122.296038403
48.724079, -122.296038403
48.733079, -122.296038403
48.742079, -122.296038403
48.751079, -122.296038403
48.760079, -122.296038403
48.769079, -122.296038403
48.778079, -122.296038403
48.787079, -122.296038403
48.796079, -122.296038403
48.805079, -122.296038403
48.814079, -122.296038403
48.823079, -122.296038403
48.832079, -122.296038403
48.841079, -122.296038403
48.850079, -122.296038403
48.859079, -122.296038403
48.868079, -122.296038403
48.877079, -122.296038403
48.886079, -122.296038403
48.895079, -122.296038403
48.904079, -122.296038403
48.913079, -122.296038403
48.922079, -122.296038403
48.931079, -122.296038403
48.940079, -122.296038403
48.949079, -122.296038403
46.213079, -122.282331645
46.222079, -122.282331645
46.231079, -122.282331645
46.240079, -122.282331645
46.249079, -122.282331645
46.258079, -122.282331645
46.267079, -122.282331645
46.276079, -122.282331645
46.285079, -122.282331645
46.294079, -122.282331645
46.303079, -122.282331645
46.312079, -122.282331645
46.321079, -122.282331645
46.330079, -122.282331645
46.339079, -122.282331645
46.348079, -122.282331645
46.357079, -122.282331645
46.366079, -122.282331645
46.375079, -122.282331645
46.384079, -122.282331645
46.393079, -122.282331645
46.402079, -122.282331645
46.411079, -122.282331645
46.420079, -122.282331645
46.429079, -122.282331645
46.438079, -122.282331645
46.447079, -122.282331645
46.456079, -122.282331645
46.465079, -122.282331645
46.474079, -122.282331645
46.483079, -122.282331645
46.492079, -122.282331645
46.501079, -122.282331645
46.510079, -122.282331645
46.519079, -122.282331645
46.528079, -122.282331645
46.537079, -122.282331645
46.546079, -122.282331645
46.555079, -122.282331645
46.564079, -122.282331645
46.573079, -122.282331645
46.582079, -122.282331645
46.591079, -122.282331645
46.600079, -122.282331645
46.609079, -122.282331645
46.618079, -122.282331645
46.627079, -122.282331645
46.636079, -122.282331645
46.645079, -122.282331645
46.654079, -122.282331645
46.663079, -122.282331645
46.672079, -122.282331645
46.681079, -122.282331645
46.690079, -122.282331645
46.699079, -122.282331645
46.708079, -122.282331645
46.717079, -122.282331645
46.726079, -122.282331645
46.735079, -122.282331645
46.744079, -122.282331645
46.753079, -122.282331645
46.762079, -122.282331645
46.771079, -122.282331645
46.780079, -122.282331645
46.789079, -122.282331645
46.798079, -122.282331645
46.807079, -122.282331645
46.816079, -122.282331645
46.825079, -122.282331645
46.834079, -122.282331645
46.843079, -122.282331645
46.852079, -122.282331645
46.861079, -122.282331645
46.870079, -122.282331645
46.879079, -122.282331645
46.888079, -122.282331645
46.897079, -122.282331645
46.906079, -122.282331645
46.915079, -122.282331645
46.924079, -122.282331645
46.933079, -122.282331645
46.942079, -122.282331645
46.951079, -122.282331645
46.960079, -122.282331645
46.969079, -122.282331645
46.978079, -122.282331645
46.987079, -122.282331645
46.996079, -122.282331645
47.005079, -122.282331645
47.014079, -122.282331645
47.023079, -122.282331645
47.032079, -122.282331645
47.041079, -122.282331645
47.050079, -122.282331645
47.059079, -122.282331645
47.068079, -122.282331645
47.077079, -122.282331645
47.086079, -122.282331645
47.095079, -122.282331645
47.104079, -122.282331645
47.113079, -122.282331645
47.122079, -122.282331645
47.131079, -122.282331645
47.140079, -122.282331645
47.149079, -122.282331645
47.158079, -122.282331645
47.167079, -122.282331645
47.176079, -122.282331645
47.185079, -122.282331645
47.194079, -122.282331645
47.203079, -122.282331645
47.212079, -122.282331645
47.221079, -122.282331645
47.230079, -122.282331645
47.239079, -122.282331645
47.248079, -122.282331645
47.257079, -122.282331645
47.266079, -122.282331645
47.275079, -122.282331645
47.284079, -122.282331645
47.293079, -122.282331645
47.302079, -122.282331645
47.311079, -122.282331645
47.320079, -122.282331645
47.329079, -122.282331645
47.338079, -122.282331645
47.347079, -122.282331645
47.356079, -122.282331645
47.365079, -122.282331645
47.374079, -122.282331645
47.383079, -122.282331645
47.392079, -122.282331645
47.401079, -122.282331645
47.410079, -122.282331645
47.419079, -122.282331645
47.428079, -122.282331645
47.437079, -122.282331645
47.446079, -122.282331645
47.455079, -122.282331645
47.464079, -122.282331645
47.473079, -122.282331645
47.482079, -122.282331645
47.491079, -122.282331645
47.500079, -122.282331645
47.509079, -122.282331645
47.518079, -122.282331645
47.527079, -122.282331645
47.536079, -122.282331645
47.545079, -122.282331645
47.554079, -122.282331645
47.563079, -122.282331645
47.572079, -122.282331645
47.581079, -122.282331645
47.590079, -122.282331645
47.599079, -122.282331645
47.608079, -122.282331645
47.617079, -122.282331645
47.626079, -122.282331645
47.635079, -122.282331645
47.644079, -122.282331645
47.653079, -122.282331645
47.662079, -122.282331645
47.671079, -122.282331645
47.680079, -122.282331645
47.689079, -122.282331645
47.698079, -122.282331645
47.707079, -122.282331645
47.716079, -122.282331645
47.725079, -122.282331645
47.734079, -122.282331645
47.743079, -122.282331645
47.752079, -122.282331645
47.761079, -122.282331645
47.770079, -122.282331645
47.779079, -122.282331645
47.788079, -122.282331645
47.797079, -122.282331645
47.806079, -122.282331645
47.815079, -122.282331645
47.824079, -122.282331645
47.833079, -122.282331645
47.842079, -122.282331645
47.851079, -122.282331645
47.860079, -122.282331645
47.869079, -122.282331645
47.878079, -122.282331645
47.887079, -122.282331645
47.896079, -122.282331645
47.905079, -122.282331645
47.914079, -122.282331645
47.923079, -122.282331645
47.932079, -122.282331645
47.941079, -122.282331645
47.950079, -122.282331645
47.959079, -122.282331645
47.968079, -122.282331645
47.977079, -122.282331645
47.986079, -122.282331645
47.995079, -122.282331645
48.004079, -122.282331645
48.013079, -122.282331645
48.022079, -122.282331645
48.031079, -122.282331645
48.040079, -122.282331645
48.049079, -122.282331645
48.058079, -122.282331645
48.067079, -122.282331645
48.076079, -122.282331645
48.085079, -122.282331645
48.094079, -122.282331645
48.103079, -122.282331645
48.112079, -122.282331645
48.121079, -122.282331645
48.130079, -122.282331645
48.139079, -122.282331645
48.148079, -122.282331645
48.157079, -122.282331645
48.166079, -122.282331645
48.175079, -122.282331645
48.184079, -122.282331645
48.193079, -122.282331645
48.202079, -122.282331645
48.211079, -122.282331645
48.220079, -122.282331645
48.229079, -122.282331645
48.238079, -122.282331645
48.247079, -122.282331645
48.256079, -122.282331645
48.265079, -122.282331645
48.274079, -122.282331645
48.283079, -122.282331645
48.292079, -122.282331645
48.301079, -122.282331645
48.310079, -122.282331645
48.319079, -122.282331645
48.328079, -122.282331645
48.337079, -122.282331645
48.346079, -122.282331645
48.355079, -122.282331645
48.364079, -122.282331645
48.373079, -122.282331645
48.382079, -122.282331645
48.391079, -122.282331645
48.400079, -122.282331645
48.409079, -122.282331645
48.418079, -122.282331645
48.427079, -122.282331645
48.436079, -122.282331645
48.445079, -122.282331645
48.454079, -122.282331645
48.463079, -122.282331645
48.472079, -122.282331645
48.481079, -122.282331645
48.490079, -122.282331645
48.499079, -122.282331645
48.508079, -122.282331645
48.517079, -122.282331645
48.526079, -122.282331645
48.535079, -122.282331645
48.544079, -122.282331645
48.553079, -122.282331645
48.562079, -122.282331645
48.571079, -122.282331645
48.580079, -122.282331645
48.589079, -122.282331645
48.598079, -122.282331645
48.607079, -122.282331645
48.616079, -122.282331645
48.625079, -122.282331645
48.634079, -122.282331645
48.643079, -122.282331645
48.652079, -122.282331645
48.661079, -122.282331645
48.670079, -122.282331645
48.679079, -122.282331645
48.688079, -122.282331645
48.697079, -122.282331645
48.706079, -122.282331645
48.715079, -122.282331645
48.724079, -122.282331645
48.733079, -122.282331645
48.742079, -122.282331645
48.751079, -122.282331645
48.760079, -122.282331645
48.769079, -122.282331645
48.778079, -122.282331645
48.787079, -122.282331645
48.796079, -122.282331645
48.805079, -122.282331645
48.814079, -122.282331645
48.823079, -122.282331645
48.832079, -122.282331645
48.841079, -122.282331645
48.850079, -122.282331645
48.859079, -122.282331645
48.868079, -122.282331645
48.877079, -122.282331645
48.886079, -122.282331645
48.895079, -122.282331645
48.904079, -122.282331645
48.913079, -122.282331645
48.922079, -122.282331645
48.931079, -122.282331645
48.940079, -122.282331645
48.949079, -122.282331645
46.213079, -122.268624886
46.222079, -122.268624886
46.231079, -122.268624886
46.240079, -122.268624886
46.249079, -122.268624886
46.258079, -122.268624886
46.267079, -122.268624886
46.276079, -122.268624886
46.285079, -122.268624886
46.294079, -122.268624886
46.303079, -122.268624886
46.312079, -122.268624886
46.321079, -122.268624886
46.330079, -122.268624886
46.339079, -122.268624886
46.348079, -122.268624886
46.357079, -122.268624886
46.366079, -122.268624886
46.375079, -122.268624886
46.384079, -122.268624886
46.393079, -122.268624886
46.402079, -122.268624886
46.411079, -122.268624886
46.420079, -122.268624886
46.429079, -122.268624886
46.438079, -122.268624886
46.447079, -122.268624886
46.456079, -122.268624886
46.465079, -122.268624886
46.474079, -122.268624886
46.483079, -122.268624886
46.492079, -122.268624886
46.501079, -122.268624886
46.510079, -122.268624886
46.519079, -122.268624886
46.528079, -122.268624886
46.537079, -122.268624886
46.546079, -122.268624886
46.555079, -122.268624886
46.564079, -122.268624886
46.573079, -122.268624886
46.582079, -122.268624886
46.591079, -122.268624886
46.600079, -122.268624886
46.609079, -122.268624886
46.618079, -122.268624886
46.627079, -122.268624886
46.636079, -122.268624886
46.645079, -122.268624886
46.654079, -122.268624886
46.663079, -122.268624886
46.672079, -122.268624886
46.681079, -122.268624886
46.690079, -122.268624886
46.699079, -122.268624886
46.708079, -122.268624886
46.717079, -122.268624886
46.726079, -122.268624886
46.735079, -122.268624886
46.744079, -122.268624886
46.753079, -122.268624886
46.762079, -122.268624886
46.771079, -122.268624886
46.780079, -122.268624886
46.789079, -122.268624886
46.798079, -122.268624886
46.807079, -122.268624886
46.816079, -122.268624886
46.825079, -122.268624886
46.834079, -122.268624886
46.843079, -122.268624886
46.852079, -122.268624886
46.861079, -122.268624886
46.870079, -122.268624886
46.879079, -122.268624886
46.888079, -122.268624886
46.897079, -122.268624886
46.906079, -122.268624886
46.915079, -122.268624886
46.924079, -122.268624886
46.933079, -122.268624886
46.942079, -122.268624886
46.951079, -122.268624886
46.960079, -122.268624886
46.969079, -122.268624886
46.978079, -122.268624886
46.987079, -122.268624886
46.996079, -122.268624886
47.005079, -122.268624886
47.014079, -122.268624886
47.023079, -122.268624886
47.032079, -122.268624886
47.041079, -122.268624886
47.050079, -122.268624886
47.059079, -122.268624886
47.068079, -122.268624886
47.077079, -122.268624886
47.086079, -122.268624886
47.095079, -122.268624886
47.104079, -122.268624886
47.113079, -122.268624886
47.122079, -122.268624886
47.131079, -122.268624886
47.140079, -122.268624886
47.149079, -122.268624886
47.158079, -122.268624886
47.167079, -122.268624886
47.176079, -122.268624886
47.185079, -122.268624886
47.194079, -122.268624886
47.203079, -122.268624886
47.212079, -122.268624886
47.221079, -122.268624886
47.230079, -122.268624886
47.239079, -122.268624886
47.248079, -122.268624886
47.257079, -122.268624886
47.266079, -122.268624886
47.275079, -122.268624886
47.284079, -122.268624886
47.293079, -122.268624886
47.302079, -122.268624886
47.311079, -122.268624886
47.320079, -122.268624886
47.329079, -122.268624886
47.338079, -122.268624886
47.347079, -122.268624886
47.356079, -122.268624886
47.365079, -122.268624886
47.374079, -122.268624886
47.383079, -122.268624886
47.392079, -122.268624886
47.401079, -122.268624886
47.410079, -122.268624886
47.419079, -122.268624886
47.428079, -122.268624886
47.437079, -122.268624886
47.446079, -122.268624886
47.455079, -122.268624886
47.464079, -122.268624886
47.473079, -122.268624886
47.482079, -122.268624886
47.491079, -122.268624886
47.500079, -122.268624886
47.509079, -122.268624886
47.518079, -122.268624886
47.527079, -122.268624886
47.536079, -122.268624886
47.545079, -122.268624886
47.554079, -122.268624886
47.563079, -122.268624886
47.572079, -122.268624886
47.581079, -122.268624886
47.590079, -122.268624886
47.599079, -122.268624886
47.608079, -122.268624886
47.617079, -122.268624886
47.626079, -122.268624886
47.635079, -122.268624886
47.644079, -122.268624886
47.653079, -122.268624886
47.662079, -122.268624886
47.671079, -122.268624886
47.680079, -122.268624886
47.689079, -122.268624886
47.698079, -122.268624886
47.707079, -122.268624886
47.716079, -122.268624886
47.725079, -122.268624886
47.734079, -122.268624886
47.743079, -122.268624886
47.752079, -122.268624886
47.761079, -122.268624886
47.770079, -122.268624886
47.779079, -122.268624886
47.788079, -122.268624886
47.797079, -122.268624886
47.806079, -122.268624886
47.815079, -122.268624886
47.824079, -122.268624886
47.833079, -122.268624886
47.842079, -122.268624886
47.851079, -122.268624886
47.860079, -122.268624886
47.869079, -122.268624886
47.878079, -122.268624886
47.887079, -122.268624886
47.896079, -122.268624886
47.905079, -122.268624886
47.914079, -122.268624886
47.923079, -122.268624886
47.932079, -122.268624886
47.941079, -122.268624886
47.950079, -122.268624886
47.959079, -122.268624886
47.968079, -122.268624886
47.977079, -122.268624886
47.986079, -122.268624886
47.995079, -122.268624886
48.004079, -122.268624886
48.013079, -122.268624886
48.022079, -122.268624886
48.031079, -122.268624886
48.040079, -122.268624886
48.049079, -122.268624886
48.058079, -122.268624886
48.067079, -122.268624886
48.076079, -122.268624886
48.085079, -122.268624886
48.094079, -122.268624886
48.103079, -122.268624886
48.112079, -122.268624886
48.121079, -122.268624886
48.130079, -122.268624886
48.139079, -122.268624886
48.148079, -122.268624886
48.157079, -122.268624886
48.166079, -122.268624886
48.175079, -122.268624886
48.184079, -122.268624886
48.193079, -122.268624886
48.202079, -122.268624886
48.211079, -122.268624886
48.220079, -122.268624886
48.229079, -122.268624886
48.238079, -122.268624886
48.247079, -122.268624886
48.256079, -122.268624886
48.265079, -122.268624886
48.274079, -122.268624886
48.283079, -122.268624886
48.292079, -122.268624886
48.301079, -122.268624886
48.310079, -122.268624886
48.319079, -122.268624886
48.328079, -122.268624886
48.337079, -122.268624886
48.346079, -122.268624886
48.355079, -122.268624886
48.364079, -122.268624886
48.373079, -122.268624886
48.382079, -122.268624886
48.391079, -122.268624886
48.400079, -122.268624886
48.409079, -122.268624886
48.418079, -122.268624886
48.427079, -122.268624886
48.436079, -122.268624886
48.445079, -122.268624886
48.454079, -122.268624886
48.463079, -122.268624886
48.472079, -122.268624886
48.481079, -122.268624886
48.490079, -122.268624886
48.499079, -122.268624886
48.508079, -122.268624886
48.517079, -122.268624886
48.526079, -122.268624886
48.535079, -122.268624886
48.544079, -122.268624886
48.553079, -122.268624886
48.562079, -122.268624886
48.571079, -122.268624886
48.580079, -122.268624886
48.589079, -122.268624886
48.598079, -122.268624886
48.607079, -122.268624886
48.616079, -122.268624886
48.625079, -122.268624886
48.634079, -122.268624886
48.643079, -122.268624886
48.652079, -122.268624886
48.661079, -122.268624886
48.670079, -122.268624886
48.679079, -122.268624886
48.688079, -122.268624886
48.697079, -122.268624886
48.706079, -122.268624886
48.715079, -122.268624886
48.724079, -122.268624886
48.733079, -122.268624886
48.742079, -122.268624886
48.751079, -122.268624886
48.760079, -122.268624886
48.769079, -122.268624886
48.778079, -122.268624886
48.787079, -122.268624886
48.796079, -122.268624886
48.805079, -122.268624886
48.814079, -122.268624886
48.823079, -122.268624886
48.832079, -122.268624886
48.841079, -122.268624886
48.850079, -122.268624886
48.859079, -122.268624886
48.868079, -122.268624886
48.877079, -122.268624886
48.886079, -122.268624886
48.895079, -122.268624886
48.904079, -122.268624886
48.913079, -122.268624886
48.922079, -122.268624886
48.931079, -122.268624886
48.940079, -122.268624886
48.949079, -122.268624886
46.213079, -122.254918128
46.222079, -122.254918128
46.231079, -122.254918128
46.240079, -122.254918128
46.249079, -122.254918128
46.258079, -122.254918128
46.267079, -122.254918128
46.276079, -122.254918128
46.285079, -122.254918128
46.294079, -122.254918128
46.303079, -122.254918128
46.312079, -122.254918128
46.321079, -122.254918128
46.330079, -122.254918128
46.339079, -122.254918128
46.348079, -122.254918128
46.357079, -122.254918128
46.366079, -122.254918128
46.375079, -122.254918128
46.384079, -122.254918128
46.393079, -122.254918128
46.402079, -122.254918128
46.411079, -122.254918128
46.420079, -122.254918128
46.429079, -122.254918128
46.438079, -122.254918128
46.447079, -122.254918128
46.456079, -122.254918128
46.465079, -122.254918128
46.474079, -122.254918128
46.483079, -122.254918128
46.492079, -122.254918128
46.501079, -122.254918128
46.510079, -122.254918128
46.519079, -122.254918128
46.528079, -122.254918128
46.537079, -122.254918128
46.546079, -122.254918128
46.555079, -122.254918128
46.564079, -122.254918128
46.573079, -122.254918128
46.582079, -122.254918128
46.591079, -122.254918128
46.600079, -122.254918128
46.609079, -122.254918128
46.618079, -122.254918128
46.627079, -122.254918128
46.636079, -122.254918128
46.645079, -122.254918128
46.654079, -122.254918128
46.663079, -122.254918128
46.672079, -122.254918128
46.681079, -122.254918128
46.690079, -122.254918128
46.699079, -122.254918128
46.708079, -122.254918128
46.717079, -122.254918128
46.726079, -122.254918128
46.735079, -122.254918128
46.744079, -122.254918128
46.753079, -122.254918128
46.762079, -122.254918128
46.771079, -122.254918128
46.780079, -122.254918128
46.789079, -122.254918128
46.798079, -122.254918128
46.807079, -122.254918128
46.816079, -122.254918128
46.825079, -122.254918128
46.834079, -122.254918128
46.843079, -122.254918128
46.852079, -122.254918128
46.861079, -122.254918128
46.870079, -122.254918128
46.879079, -122.254918128
46.888079, -122.254918128
46.897079, -122.254918128
46.906079, -122.254918128
46.915079, -122.254918128
46.924079, -122.254918128
46.933079, -122.254918128
46.942079, -122.254918128
46.951079, -122.254918128
46.960079, -122.254918128
46.969079, -122.254918128
46.978079, -122.254918128
46.987079, -122.254918128
46.996079, -122.254918128
47.005079, -122.254918128
47.014079, -122.254918128
47.023079, -122.254918128
47.032079, -122.254918128
47.041079, -122.254918128
47.050079, -122.254918128
47.059079, -122.254918128
47.068079, -122.254918128
47.077079, -122.254918128
47.086079, -122.254918128
47.095079, -122.254918128
47.104079, -122.254918128
47.113079, -122.254918128
47.122079, -122.254918128
47.131079, -122.254918128
47.140079, -122.254918128
47.149079, -122.254918128
47.158079, -122.254918128
47.167079, -122.254918128
47.176079, -122.254918128
47.185079, -122.254918128
47.194079, -122.254918128
47.203079, -122.254918128
47.212079, -122.254918128
47.221079, -122.254918128
47.230079, -122.254918128
47.239079, -122.254918128
47.248079, -122.254918128
47.257079, -122.254918128
47.266079, -122.254918128
47.275079, -122.254918128
47.284079, -122.254918128
47.293079, -122.254918128
47.302079, -122.254918128
47.311079, -122.254918128
47.320079, -122.254918128
47.329079, -122.254918128
47.338079, -122.254918128
47.347079, -122.254918128
47.356079, -122.254918128
47.365079, -122.254918128
47.374079, -122.254918128
47.383079, -122.254918128
47.392079, -122.254918128
47.401079, -122.254918128
47.410079, -122.254918128
47.419079, -122.254918128
47.428079, -122.254918128
47.437079, -122.254918128
47.446079, -122.254918128
47.455079, -122.254918128
47.464079, -122.254918128
47.473079, -122.254918128
47.482079, -122.254918128
47.491079, -122.254918128
47.500079, -122.254918128
47.509079, -122.254918128
47.518079, -122.254918128
47.527079, -122.254918128
47.536079, -122.254918128
47.545079, -122.254918128
47.554079, -122.254918128
47.563079, -122.254918128
47.572079, -122.254918128
47.581079, -122.254918128
47.590079, -122.254918128
47.599079, -122.254918128
47.608079, -122.254918128
47.617079, -122.254918128
47.626079, -122.254918128
47.635079, -122.254918128
47.644079, -122.254918128
47.653079, -122.254918128
47.662079, -122.254918128
47.671079, -122.254918128
47.680079, -122.254918128
47.689079, -122.254918128
47.698079, -122.254918128
47.707079, -122.254918128
47.716079, -122.254918128
47.725079, -122.254918128
47.734079, -122.254918128
47.743079, -122.254918128
47.752079, -122.254918128
47.761079, -122.254918128
47.770079, -122.254918128
47.779079, -122.254918128
47.788079, -122.254918128
47.797079, -122.254918128
47.806079, -122.254918128
47.815079, -122.254918128
47.824079, -122.254918128
47.833079, -122.254918128
47.842079, -122.254918128
47.851079, -122.254918128
47.860079, -122.254918128
47.869079, -122.254918128
47.878079, -122.254918128
47.887079, -122.254918128
47.896079, -122.254918128
47.905079, -122.254918128
47.914079, -122.254918128
47.923079, -122.254918128
47.932079, -122.254918128
47.941079, -122.254918128
47.950079, -122.254918128
47.959079, -122.254918128
47.968079, -122.254918128
47.977079, -122.254918128
47.986079, -122.254918128
47.995079, -122.254918128
48.004079, -122.254918128
48.013079, -122.254918128
48.022079, -122.254918128
48.031079, -122.254918128
48.040079, -122.254918128
48.049079, -122.254918128
48.058079, -122.254918128
48.067079, -122.254918128
48.076079, -122.254918128
48.085079, -122.254918128
48.094079, -122.254918128
48.103079, -122.254918128
48.112079, -122.254918128
48.121079, -122.254918128
48.130079, -122.254918128
48.139079, -122.254918128
48.148079, -122.254918128
48.157079, -122.254918128
48.166079, -122.254918128
48.175079, -122.254918128
48.184079, -122.254918128
48.193079, -122.254918128
48.202079, -122.254918128
48.211079, -122.254918128
48.220079, -122.254918128
48.229079, -122.254918128
48.238079, -122.254918128
48.247079, -122.254918128
48.256079, -122.254918128
48.265079, -122.254918128
48.274079, -122.254918128
48.283079, -122.254918128
48.292079, -122.254918128
48.301079, -122.254918128
48.310079, -122.254918128
48.319079, -122.254918128
48.328079, -122.254918128
48.337079, -122.254918128
48.346079, -122.254918128
48.355079, -122.254918128
48.364079, -122.254918128
48.373079, -122.254918128
48.382079, -122.254918128
48.391079, -122.254918128
48.400079, -122.254918128
48.409079, -122.254918128
48.418079, -122.254918128
48.427079, -122.254918128
48.436079, -122.254918128
48.445079, -122.254918128
48.454079, -122.254918128
48.463079, -122.254918128
48.472079, -122.254918128
48.481079, -122.254918128
48.490079, -122.254918128
48.499079, -122.254918128
48.508079, -122.254918128
48.517079, -122.254918128
48.526079, -122.254918128
48.535079, -122.254918128
48.544079, -122.254918128
48.553079, -122.254918128
48.562079, -122.254918128
48.571079, -122.254918128
48.580079, -122.254918128
48.589079, -122.254918128
48.598079, -122.254918128
48.607079, -122.254918128
48.616079, -122.254918128
48.625079, -122.254918128
48.634079, -122.254918128
48.643079, -122.254918128
48.652079, -122.254918128
48.661079, -122.254918128
48.670079, -122.254918128
48.679079, -122.254918128
48.688079, -122.254918128
48.697079, -122.254918128
48.706079, -122.254918128
48.715079, -122.254918128
48.724079, -122.254918128
48.733079, -122.254918128
48.742079, -122.254918128
48.751079, -122.254918128
48.760079, -122.254918128
48.769079, -122.254918128
48.778079, -122.254918128
48.787079, -122.254918128
48.796079, -122.254918128
48.805079, -122.254918128
48.814079, -122.254918128
48.823079, -122.254918128
48.832079, -122.254918128
48.841079, -122.254918128
48.850079, -122.254918128
48.859079, -122.254918128
48.868079, -122.254918128
48.877079, -122.254918128
48.886079, -122.254918128
48.895079, -122.254918128
48.904079, -122.254918128
48.913079, -122.254918128
48.922079, -122.254918128
48.931079, -122.254918128
48.940079, -122.254918128
48.949079, -122.254918128
46.213079, -122.24121137
46.222079, -122.24121137
46.231079, -122.24121137
46.240079, -122.24121137
46.249079, -122.24121137
46.258079, -122.24121137
46.267079, -122.24121137
46.276079, -122.24121137
46.285079, -122.24121137
46.294079, -122.24121137
46.303079, -122.24121137
46.312079, -122.24121137
46.321079, -122.24121137
46.330079, -122.24121137
46.339079, -122.24121137
46.348079, -122.24121137
46.357079, -122.24121137
46.366079, -122.24121137
46.375079, -122.24121137
46.384079, -122.24121137
46.393079, -122.24121137
46.402079, -122.24121137
46.411079, -122.24121137
46.420079, -122.24121137
46.429079, -122.24121137
46.438079, -122.24121137
46.447079, -122.24121137
46.456079, -122.24121137
46.465079, -122.24121137
46.474079, -122.24121137
46.483079, -122.24121137
46.492079, -122.24121137
46.501079, -122.24121137
46.510079, -122.24121137
46.519079, -122.24121137
46.528079, -122.24121137
46.537079, -122.24121137
46.546079, -122.24121137
46.555079, -122.24121137
46.564079, -122.24121137
46.573079, -122.24121137
