48.598079, -124.776961691
48.607079, -124.776961691
48.616079, -124.776961691
48.625079, -124.776961691
48.634079, -124.776961691
48.643079, -124.776961691
48.652079, -124.776961691
48.661079, -124.776961691
48.670079, -124.776961691
48.679079, -124.776961691
48.688079, -124.776961691
48.697079, -124.776961691
48.706079, -124.776961691
48.715079, -124.776961691
48.724079, -124.776961691
48.733079, -124.776961691
48.742079, -124.776961691
48.751079, -124.776961691
48.760079, -124.776961691
48.769079, -124.776961691
48.778079, -124.776961691
48.787079, -124.776961691
48.796079, -124.776961691
48.805079, -124.776961691
48.814079, -124.776961691
48.823079, -124.776961691
48.832079, -124.776961691
48.841079, -124.776961691
48.850079, -124.776961691
48.859079, -124.776961691
48.868079, -124.776961691
48.877079, -124.776961691
48.886079, -124.776961691
48.895079, -124.776961691
48.904079, -124.776961691
48.913079, -124.776961691
48.922079, -124.776961691
48.931079, -124.776961691
48.940079, -124.776961691
48.949079, -124.776961691
46.213079, -124.763254932
46.222079, -124.763254932
46.231079, -124.763254932
46.240079, -124.763254932
46.249079, -124.763254932
46.258079, -124.763254932
46.267079, -124.763254932
46.276079, -124.763254932
46.285079, -124.763254932
46.294079, -124.763254932
46.303079, -124.763254932
46.312079, -124.763254932
46.321079, -124.763254932
46.330079, -124.763254932
46.339079, -124.763254932
46.348079, -124.763254932
46.357079, -124.763254932
46.366079, -124.763254932
46.375079, -124.763254932
46.384079, -124.763254932
46.393079, -124.763254932
46.402079, -124.763254932
46.411079, -124.763254932
46.420079, -124.763254932
46.429079, -124.763254932
46.438079, -124.763254932
46.447079, -124.763254932
46.456079, -124.763254932
46.465079, -124.763254932
46.474079, -124.763254932
46.483079, -124.763254932
46.492079, -124.763254932
46.501079, -124.763254932
46.510079, -124.763254932
46.519079, -124.763254932
46.528079, -124.763254932
46.537079, -124.763254932
46.546079, -124.763254932
46.555079, -124.763254932
46.564079, -124.763254932
46.573079, -124.763254932
46.582079, -124.763254932
46.591079, -124.763254932
46.600079, -124.763254932
46.609079, -124.763254932
46.618079, -124.763254932
46.627079, -124.763254932
46.636079, -124.763254932
46.645079, -124.763254932
46.654079, -124.763254932
46.663079, -124.763254932
46.672079, -124.763254932
46.681079, -124.763254932
46.690079, -124.763254932
46.699079, -124.763254932
46.708079, -124.763254932
46.717079, -124.763254932
46.726079, -124.763254932
46.735079, -124.763254932
46.744079, -124.763254932
46.753079, -124.763254932
46.762079, -124.763254932
46.771079, -124.763254932
46.780079, -124.763254932
46.789079, -124.763254932
46.798079, -124.763254932
46.807079, -124.763254932
46.816079, -124.763254932
46.825079, -124.763254932
46.834079, -124.763254932
46.843079, -124.763254932
46.852079, -124.763254932
46.861079, -124.763254932
46.870079, -124.763254932
46.879079, -124.763254932
46.888079, -124.763254932
46.897079, -124.763254932
46.906079, -124.763254932
46.915079, -124.763254932
46.924079, -124.763254932
46.933079, -124.763254932
46.942079, -124.763254932
46.951079, -124.763254932
46.960079, -124.763254932
46.969079, -124.763254932
46.978079, -124.763254932
46.987079, -124.763254932
46.996079, -124.763254932
47.005079, -124.763254932
47.014079, -124.763254932
47.023079, -124.763254932
47.032079, -124.763254932
47.041079, -124.763254932
47.050079, -124.763254932
47.059079, -124.763254932
47.068079, -124.763254932
47.077079, -124.763254932
47.086079, -124.763254932
47.095079, -124.763254932
47.104079, -124.763254932
47.113079, -124.763254932
47.122079, -124.763254932
47.131079, -124.763254932
47.140079, -124.763254932
47.149079, -124.763254932
47.158079, -124.763254932
47.167079, -124.763254932
47.176079, -124.763254932
47.185079, -124.763254932
47.194079, -124.763254932
47.203079, -124.763254932
47.212079, -124.763254932
47.221079, -124.763254932
47.230079, -124.763254932
47.239079, -124.763254932
47.248079, -124.763254932
47.257079, -124.763254932
47.266079, -124.763254932
47.275079, -124.763254932
47.284079, -124.763254932
47.293079, -124.763254932
47.302079, -124.763254932
47.311079, -124.763254932
47.320079, -124.763254932
47.329079, -124.763254932
47.338079, -124.763254932
47.347079, -124.763254932
47.356079, -124.763254932
47.365079, -124.763254932
47.374079, -124.763254932
47.383079, -124.763254932
47.392079, -124.763254932
47.401079, -124.763254932
47.410079, -124.763254932
47.419079, -124.763254932
47.428079, -124.763254932
47.437079, -124.763254932
47.446079, -124.763254932
47.455079, -124.763254932
47.464079, -124.763254932
47.473079, -124.763254932
47.482079, -124.763254932
47.491079, -124.763254932
47.500079, -124.763254932
47.509079, -124.763254932
47.518079, -124.763254932
47.527079, -124.763254932
47.536079, -124.763254932
47.545079, -124.763254932
47.554079, -124.763254932
47.563079, -124.763254932
47.572079, -124.763254932
47.581079, -124.763254932
47.590079, -124.763254932
47.599079, -124.763254932
47.608079, -124.763254932
47.617079, -124.763254932
47.626079, -124.763254932
47.635079, -124.763254932
47.644079, -124.763254932
47.653079, -124.763254932
47.662079, -124.763254932
47.671079, -124.763254932
47.680079, -124.763254932
47.689079, -124.763254932
47.698079, -124.763254932
47.707079, -124.763254932
47.716079, -124.763254932
47.725079, -124.763254932
47.734079, -124.763254932
47.743079, -124.763254932
47.752079, -124.763254932
47.761079, -124.763254932
47.770079, -124.763254932
47.779079, -124.763254932
47.788079, -124.763254932
47.797079, -124.763254932
47.806079, -124.763254932
47.815079, -124.763254932
47.824079, -124.763254932
47.833079, -124.763254932
47.842079, -124.763254932
47.851079, -124.763254932
47.860079, -124.763254932
47.869079, -124.763254932
47.878079, -124.763254932
47.887079, -124.763254932
47.896079, -124.763254932
47.905079, -124.763254932
47.914079, -124.763254932
47.923079, -124.763254932
47.932079, -124.763254932
47.941079, -124.763254932
47.950079, -124.763254932
47.959079, -124.763254932
47.968079, -124.763254932
47.977079, -124.763254932
47.986079, -124.763254932
47.995079, -124.763254932
48.004079, -124.763254932
48.013079, -124.763254932
48.022079, -124.763254932
48.031079, -124.763254932
48.040079, -124.763254932
48.049079, -124.763254932
48.058079, -124.763254932
48.067079, -124.763254932
48.076079, -124.763254932
48.085079, -124.763254932
48.094079, -124.763254932
48.103079, -124.763254932
48.112079, -124.763254932
48.121079, -124.763254932
48.130079, -124.763254932
48.139079, -124.763254932
48.148079, -124.763254932
48.157079, -124.763254932
48.166079, -124.763254932
48.175079, -124.763254932
48.184079, -124.763254932
48.193079, -124.763254932
48.202079, -124.763254932
48.211079, -124.763254932
48.220079, -124.763254932
48.229079, -124.763254932
48.238079, -124.763254932
48.247079, -124.763254932
48.256079, -124.763254932
48.265079, -124.763254932
48.274079, -124.763254932
48.283079, -124.763254932
48.292079, -124.763254932
48.301079, -124.763254932
48.310079, -124.763254932
48.319079, -124.763254932
48.328079, -124.763254932
48.337079, -124.763254932
48.346079, -124.763254932
48.355079, -124.763254932
48.364079, -124.763254932
48.373079, -124.763254932
48.382079, -124.763254932
48.391079, -124.763254932
48.400079, -124.763254932
48.409079, -124.763254932
48.418079, -124.763254932
48.427079, -124.763254932
48.436079, -124.763254932
48.445079, -124.763254932
48.454079, -124.763254932
48.463079, -124.763254932
48.472079, -124.763254932
48.481079, -124.763254932
48.490079, -124.763254932
48.499079, -124.763254932
48.508079, -124.763254932
48.517079, -124.763254932
48.526079, -124.763254932
48.535079, -124.763254932
48.544079, -124.763254932
48.553079, -124.763254932
48.562079, -124.763254932
48.571079, -124.763254932
48.580079, -124.763254932
48.589079, -124.763254932
48.598079, -124.763254932
48.607079, -124.763254932
48.616079, -124.763254932
48.625079, -124.763254932
48.634079, -124.763254932
48.643079, -124.763254932
48.652079, -124.763254932
48.661079, -124.763254932
48.670079, -124.763254932
48.679079, -124.763254932
48.688079, -124.763254932
48.697079, -124.763254932
48.706079, -124.763254932
48.715079, -124.763254932
48.724079, -124.763254932
48.733079, -124.763254932
48.742079, -124.763254932
48.751079, -124.763254932
48.760079, -124.763254932
48.769079, -124.763254932
48.778079, -124.763254932
48.787079, -124.763254932
48.796079, -124.763254932
48.805079, -124.763254932
48.814079, -124.763254932
48.823079, -124.763254932
48.832079, -124.763254932
48.841079, -124.763254932
48.850079, -124.763254932
48.859079, -124.763254932
48.868079, -124.763254932
48.877079, -124.763254932
48.886079, -124.763254932
48.895079, -124.763254932
48.904079, -124.763254932
48.913079, -124.763254932
48.922079, -124.763254932
48.931079, -124.763254932
48.940079, -124.763254932
48.949079, -124.763254932
46.213079, -124.749548174
46.222079, -124.749548174
46.231079, -124.749548174
46.240079, -124.749548174
46.249079, -124.749548174
46.258079, -124.749548174
46.267079, -124.749548174
46.276079, -124.749548174
46.285079, -124.749548174
46.294079, -124.749548174
46.303079, -124.749548174
46.312079, -124.749548174
46.321079, -124.749548174
46.330079, -124.749548174
46.339079, -124.749548174
46.348079, -124.749548174
46.357079, -124.749548174
46.366079, -124.749548174
46.375079, -124.749548174
46.384079, -124.749548174
46.393079, -124.749548174
46.402079, -124.749548174
46.411079, -124.749548174
46.420079, -124.749548174
46.429079, -124.749548174
46.438079, -124.749548174
46.447079, -124.749548174
46.456079, -124.749548174
46.465079, -124.749548174
46.474079, -124.749548174
46.483079, -124.749548174
46.492079, -124.749548174
46.501079, -124.749548174
46.510079, -124.749548174
46.519079, -124.749548174
46.528079, -124.749548174
46.537079, -124.749548174
46.546079, -124.749548174
46.555079, -124.749548174
46.564079, -124.749548174
46.573079, -124.749548174
46.582079, -124.749548174
46.591079, -124.749548174
46.600079, -124.749548174
46.609079, -124.749548174
46.618079, -124.749548174
46.627079, -124.749548174
46.636079, -124.749548174
46.645079, -124.749548174
46.654079, -124.749548174
46.663079, -124.749548174
46.672079, -124.749548174
46.681079, -124.749548174
46.690079, -124.749548174
46.699079, -124.749548174
46.708079, -124.749548174
46.717079, -124.749548174
46.726079, -124.749548174
46.735079, -124.749548174
46.744079, -124.749548174
46.753079, -124.749548174
46.762079, -124.749548174
46.771079, -124.749548174
46.780079, -124.749548174
46.789079, -124.749548174
46.798079, -124.749548174
46.807079, -124.749548174
46.816079, -124.749548174
46.825079, -124.749548174
46.834079, -124.749548174
46.843079, -124.749548174
46.852079, -124.749548174
46.861079, -124.749548174
46.870079, -124.749548174
46.879079, -124.749548174
46.888079, -124.749548174
46.897079, -124.749548174
46.906079, -124.749548174
46.915079, -124.749548174
46.924079, -124.749548174
46.933079, -124.749548174
46.942079, -124.749548174
46.951079, -124.749548174
46.960079, -124.749548174
46.969079, -124.749548174
46.978079, -124.749548174
46.987079, -124.749548174
46.996079, -124.749548174
47.005079, -124.749548174
47.014079, -124.749548174
47.023079, -124.749548174
47.032079, -124.749548174
47.041079, -124.749548174
47.050079, -124.749548174
47.059079, -124.749548174
47.068079, -124.749548174
47.077079, -124.749548174
47.086079, -124.749548174
47.095079, -124.749548174
47.104079, -124.749548174
47.113079, -124.749548174
47.122079, -124.749548174
47.131079, -124.749548174
47.140079, -124.749548174
47.149079, -124.749548174
47.158079, -124.749548174
47.167079, -124.749548174
47.176079, -124.749548174
47.185079, -124.749548174
47.194079, -124.749548174
47.203079, -124.749548174
47.212079, -124.749548174
47.221079, -124.749548174
47.230079, -124.749548174
47.239079, -124.749548174
47.248079, -124.749548174
47.257079, -124.749548174
47.266079, -124.749548174
47.275079, -124.749548174
47.284079, -124.749548174
47.293079, -124.749548174
47.302079, -124.749548174
47.311079, -124.749548174
47.320079, -124.749548174
47.329079, -124.749548174
47.338079, -124.749548174
47.347079, -124.749548174
47.356079, -124.749548174
47.365079, -124.749548174
47.374079, -124.749548174
47.383079, -124.749548174
47.392079, -124.749548174
47.401079, -124.749548174
47.410079, -124.749548174
47.419079, -124.749548174
47.428079, -124.749548174
47.437079, -124.749548174
47.446079, -124.749548174
47.455079, -124.749548174
47.464079, -124.749548174
47.473079, -124.749548174
47.482079, -124.749548174
47.491079, -124.749548174
47.500079, -124.749548174
47.509079, -124.749548174
47.518079, -124.749548174
47.527079, -124.749548174
47.536079, -124.749548174
47.545079, -124.749548174
47.554079, -124.749548174
47.563079, -124.749548174
47.572079, -124.749548174
47.581079, -124.749548174
47.590079, -124.749548174
47.599079, -124.749548174
47.608079, -124.749548174
47.617079, -124.749548174
47.626079, -124.749548174
47.635079, -124.749548174
47.644079, -124.749548174
47.653079, -124.749548174
47.662079, -124.749548174
47.671079, -124.749548174
47.680079, -124.749548174
47.689079, -124.749548174
47.698079, -124.749548174
47.707079, -124.749548174
47.716079, -124.749548174
47.725079, -124.749548174
47.734079, -124.749548174
47.743079, -124.749548174
47.752079, -124.749548174
47.761079, -124.749548174
47.770079, -124.749548174
47.779079, -124.749548174
47.788079, -124.749548174
47.797079, -124.749548174
47.806079, -124.749548174
47.815079, -124.749548174
47.824079, -124.749548174
47.833079, -124.749548174
47.842079, -124.749548174
47.851079, -124.749548174
47.860079, -124.749548174
47.869079, -124.749548174
47.878079, -124.749548174
47.887079, -124.749548174
47.896079, -124.749548174
47.905079, -124.749548174
47.914079, -124.749548174
47.923079, -124.749548174
47.932079, -124.749548174
47.941079, -124.749548174
47.950079, -124.749548174
47.959079, -124.749548174
47.968079, -124.749548174
47.977079, -124.749548174
47.986079, -124.749548174
47.995079, -124.749548174
48.004079, -124.749548174
48.013079, -124.749548174
48.022079, -124.749548174
48.031079, -124.749548174
48.040079, -124.749548174
48.049079, -124.749548174
48.058079, -124.749548174
48.067079, -124.749548174
48.076079, -124.749548174
48.085079, -124.749548174
48.094079, -124.749548174
48.103079, -124.749548174
48.112079, -124.749548174
48.121079, -124.749548174
48.130079, -124.749548174
48.139079, -124.749548174
48.148079, -124.749548174
48.157079, -124.749548174
48.166079, -124.749548174
48.175079, -124.749548174
48.184079, -124.749548174
48.193079, -124.749548174
48.202079, -124.749548174
48.211079, -124.749548174
48.220079, -124.749548174
48.229079, -124.749548174
48.238079, -124.749548174
48.247079, -124.749548174
48.256079, -124.749548174
48.265079, -124.749548174
48.274079, -124.749548174
48.283079, -124.749548174
48.292079, -124.749548174
48.301079, -124.749548174
48.310079, -124.749548174
48.319079, -124.749548174
48.328079, -124.749548174
48.337079, -124.749548174
48.346079, -124.749548174
48.355079, -124.749548174
48.364079, -124.749548174
48.373079, -124.749548174
48.382079, -124.749548174
48.391079, -124.749548174
48.400079, -124.749548174
48.409079, -124.749548174
48.418079, -124.749548174
48.427079, -124.749548174
48.436079, -124.749548174
48.445079, -124.749548174
48.454079, -124.749548174
48.463079, -124.749548174
48.472079, -124.749548174
48.481079, -124.749548174
48.490079, -124.749548174
48.499079, -124.749548174
48.508079, -124.749548174
48.517079, -124.749548174
48.526079, -124.749548174
48.535079, -124.749548174
48.544079, -124.749548174
48.553079, -124.749548174
48.562079, -124.749548174
48.571079, -124.749548174
48.580079, -124.749548174
48.589079, -124.749548174
48.598079, -124.749548174
48.607079, -124.749548174
48.616079, -124.749548174
48.625079, -124.749548174
48.634079, -124.749548174
48.643079, -124.749548174
48.652079, -124.749548174
48.661079, -124.749548174
48.670079, -124.749548174
48.679079, -124.749548174
48.688079, -124.749548174
48.697079, -124.749548174
48.706079, -124.749548174
48.715079, -124.749548174
48.724079, -124.749548174
48.733079, -124.749548174
48.742079, -124.749548174
48.751079, -124.749548174
48.760079, -124.749548174
48.769079, -124.749548174
48.778079, -124.749548174
48.787079, -124.749548174
48.796079, -124.749548174
48.805079, -124.749548174
48.814079, -124.749548174
48.823079, -124.749548174
48.832079, -124.749548174
48.841079, -124.749548174
48.850079, -124.749548174
48.859079, -124.749548174
48.868079, -124.749548174
48.877079, -124.749548174
48.886079, -124.749548174
48.895079, -124.749548174
48.904079, -124.749548174
48.913079, -124.749548174
48.922079, -124.749548174
48.931079, -124.749548174
48.940079, -124.749548174
48.949079, -124.749548174
46.213079, -124.735841415
46.222079, -124.735841415
46.231079, -124.735841415
46.240079, -124.735841415
46.249079, -124.735841415
46.258079, -124.735841415
46.267079, -124.735841415
46.276079, -124.735841415
46.285079, -124.735841415
46.294079, -124.735841415
46.303079, -124.735841415
46.312079, -124.735841415
46.321079, -124.735841415
46.330079, -124.735841415
46.339079, -124.735841415
46.348079, -124.735841415
46.357079, -124.735841415
46.366079, -124.735841415
46.375079, -124.735841415
46.384079, -124.735841415
46.393079, -124.735841415
46.402079, -124.735841415
46.411079, -124.735841415
46.420079, -124.735841415
46.429079, -124.735841415
46.438079, -124.735841415
46.447079, -124.735841415
46.456079, -124.735841415
46.465079, -124.735841415
46.474079, -124.735841415
46.483079, -124.735841415
46.492079, -124.735841415
46.501079, -124.735841415
46.510079, -124.735841415
46.519079, -124.735841415
46.528079, -124.735841415
46.537079, -124.735841415
46.546079, -124.735841415
46.555079, -124.735841415
46.564079, -124.735841415
46.573079, -124.735841415
46.582079, -124.735841415
46.591079, -124.735841415
46.600079, -124.735841415
46.609079, -124.735841415
46.618079, -124.735841415
46.627079, -124.735841415
46.636079, -124.735841415
46.645079, -124.735841415
46.654079, -124.735841415
46.663079, -124.735841415
46.672079, -124.735841415
46.681079, -124.735841415
46.690079, -124.735841415
46.699079, -124.735841415
46.708079, -124.735841415
46.717079, -124.735841415
46.726079, -124.735841415
46.735079, -124.735841415
46.744079, -124.735841415
46.753079, -124.735841415
46.762079, -124.735841415
46.771079, -124.735841415
46.780079, -124.735841415
46.789079, -124.735841415
46.798079, -124.735841415
46.807079, -124.735841415
46.816079, -124.735841415
46.825079, -124.735841415
46.834079, -124.735841415
46.843079, -124.735841415
46.852079, -124.735841415
46.861079, -124.735841415
46.870079, -124.735841415
46.879079, -124.735841415
46.888079, -124.735841415
46.897079, -124.735841415
46.906079, -124.735841415
46.915079, -124.735841415
46.924079, -124.735841415
46.933079, -124.735841415
46.942079, -124.735841415
46.951079, -124.735841415
46.960079, -124.735841415
46.969079, -124.735841415
46.978079, -124.735841415
46.987079, -124.735841415
46.996079, -124.735841415
47.005079, -124.735841415
47.014079, -124.735841415
47.023079, -124.735841415
47.032079, -124.735841415
47.041079, -124.735841415
47.050079, -124.735841415
47.059079, -124.735841415
47.068079, -124.735841415
47.077079, -124.735841415
47.086079, -124.735841415
47.095079, -124.735841415
47.104079, -124.735841415
47.113079, -124.735841415
47.122079, -124.735841415
47.131079, -124.735841415
47.140079, -124.735841415
47.149079, -124.735841415
47.158079, -124.735841415
47.167079, -124.735841415
47.176079, -124.735841415
47.185079, -124.735841415
47.194079, -124.735841415
47.203079, -124.735841415
47.212079, -124.735841415
47.221079, -124.735841415
47.230079, -124.735841415
47.239079, -124.735841415
47.248079, -124.735841415
47.257079, -124.735841415
47.266079, -124.735841415
47.275079, -124.735841415
47.284079, -124.735841415
47.293079, -124.735841415
47.302079, -124.735841415
47.311079, -124.735841415
47.320079, -124.735841415
47.329079, -124.735841415
47.338079, -124.735841415
47.347079, -124.735841415
47.356079, -124.735841415
47.365079, -124.735841415
47.374079, -124.735841415
47.383079, -124.735841415
47.392079, -124.735841415
47.401079, -124.735841415
47.410079, -124.735841415
47.419079, -124.735841415
47.428079, -124.735841415
47.437079, -124.735841415
47.446079, -124.735841415
47.455079, -124.735841415
47.464079, -124.735841415
47.473079, -124.735841415
47.482079, -124.735841415
47.491079, -124.735841415
47.500079, -124.735841415
47.509079, -124.735841415
47.518079, -124.735841415
47.527079, -124.735841415
47.536079, -124.735841415
47.545079, -124.735841415
47.554079, -124.735841415
47.563079, -124.735841415
47.572079, -124.735841415
47.581079, -124.735841415
47.590079, -124.735841415
47.599079, -124.735841415
47.608079, -124.735841415
47.617079, -124.735841415
47.626079, -124.735841415
47.635079, -124.735841415
47.644079, -124.735841415
47.653079, -124.735841415
47.662079, -124.735841415
47.671079, -124.735841415
47.680079, -124.735841415
47.689079, -124.735841415
47.698079, -124.735841415
47.707079, -124.735841415
47.716079, -124.735841415
47.725079, -124.735841415
47.734079, -124.735841415
47.743079, -124.735841415
47.752079, -124.735841415
47.761079, -124.735841415
47.770079, -124.735841415
47.779079, -124.735841415
47.788079, -124.735841415
47.797079, -124.735841415
47.806079, -124.735841415
47.815079, -124.735841415
47.824079, -124.735841415
47.833079, -124.735841415
47.842079, -124.735841415
47.851079, -124.735841415
47.860079, -124.735841415
47.869079, -124.735841415
47.878079, -124.735841415
47.887079, -124.735841415
47.896079, -124.735841415
47.905079, -124.735841415
47.914079, -124.735841415
47.923079, -124.735841415
47.932079, -124.735841415
47.941079, -124.735841415
47.950079, -124.735841415
47.959079, -124.735841415
47.968079, -124.735841415
47.977079, -124.735841415
47.986079, -124.735841415
47.995079, -124.735841415
48.004079, -124.735841415
48.013079, -124.735841415
48.022079, -124.735841415
48.031079, -124.735841415
48.040079, -124.735841415
48.049079, -124.735841415
48.058079, -124.735841415
48.067079, -124.735841415
48.076079, -124.735841415
48.085079, -124.735841415
48.094079, -124.735841415
48.103079, -124.735841415
48.112079, -124.735841415
48.121079, -124.735841415
48.130079, -124.735841415
48.139079, -124.735841415
48.148079, -124.735841415
48.157079, -124.735841415
48.166079, -124.735841415
48.175079, -124.735841415
48.184079, -124.735841415
48.193079, -124.735841415
48.202079, -124.735841415
48.211079, -124.735841415
48.220079, -124.735841415
48.229079, -124.735841415
48.238079, -124.735841415
48.247079, -124.735841415
48.256079, -124.735841415
48.265079, -124.735841415
48.274079, -124.735841415
48.283079, -124.735841415
48.292079, -124.735841415
48.301079, -124.735841415
48.310079, -124.735841415
48.319079, -124.735841415
48.328079, -124.735841415
48.337079, -124.735841415
48.346079, -124.735841415
48.355079, -124.735841415
48.364079, -124.735841415
48.373079, -124.735841415
48.382079, -124.735841415
48.391079, -124.735841415
48.400079, -124.735841415
48.409079, -124.735841415
48.418079, -124.735841415
48.427079, -124.735841415
48.436079, -124.735841415
48.445079, -124.735841415
48.454079, -124.735841415
48.463079, -124.735841415
48.472079, -124.735841415
48.481079, -124.735841415
48.490079, -124.735841415
48.499079, -124.735841415
48.508079, -124.735841415
48.517079, -124.735841415
48.526079, -124.735841415
48.535079, -124.735841415
48.544079, -124.735841415
48.553079, -124.735841415
48.562079, -124.735841415
48.571079, -124.735841415
48.580079, -124.735841415
48.589079, -124.735841415
48.598079, -124.735841415
48.607079, -124.735841415
48.616079, -124.735841415
48.625079, -124.735841415
48.634079, -124.735841415
48.643079, -124.735841415
48.652079, -124.735841415
48.661079, -124.735841415
48.670079, -124.735841415
48.679079, -124.735841415
48.688079, -124.735841415
48.697079, -124.735841415
48.706079, -124.735841415
48.715079, -124.735841415
48.724079, -124.735841415
48.733079, -124.735841415
48.742079, -124.735841415
48.751079, -124.735841415
48.760079, -124.735841415
48.769079, -124.735841415
48.778079, -124.735841415
48.787079, -124.735841415
48.796079, -124.735841415
48.805079, -124.735841415
48.814079, -124.735841415
48.823079, -124.735841415
48.832079, -124.735841415
48.841079, -124.735841415
48.850079, -124.735841415
48.859079, -124.735841415
48.868079, -124.735841415
48.877079, -124.735841415
48.886079, -124.735841415
48.895079, -124.735841415
48.904079, -124.735841415
48.913079, -124.735841415
48.922079, -124.735841415
48.931079, -124.735841415
48.940079, -124.735841415
48.949079, -124.735841415
46.213079, -124.722134657
46.222079, -124.722134657
46.231079, -124.722134657
46.240079, -124.722134657
46.249079, -124.722134657
46.258079, -124.722134657
46.267079, -124.722134657
46.276079, -124.722134657
46.285079, -124.722134657
46.294079, -124.722134657
46.303079, -124.722134657
46.312079, -124.722134657
46.321079, -124.722134657
46.330079, -124.722134657
46.339079, -124.722134657
46.348079, -124.722134657
46.357079, -124.722134657
46.366079, -124.722134657
46.375079, -124.722134657
46.384079, -124.722134657
46.393079, -124.722134657
46.402079, -124.722134657
46.411079, -124.722134657
46.420079, -124.722134657
46.429079, -124.722134657
46.438079, -124.722134657
46.447079, -124.722134657
46.456079, -124.722134657
46.465079, -124.722134657
46.474079, -124.722134657
46.483079, -124.722134657
46.492079, -124.722134657
46.501079, -124.722134657
46.510079, -124.722134657
46.519079, -124.722134657
46.528079, -124.722134657
46.537079, -124.722134657
46.546079, -124.722134657
46.555079, -124.722134657
46.564079, -124.722134657
46.573079, -124.722134657
46.582079, -124.722134657
46.591079, -124.722134657
46.600079, -124.722134657
46.609079, -124.722134657
46.618079, -124.722134657
46.627079, -124.722134657
46.636079, -124.722134657
46.645079, -124.722134657
46.654079, -124.722134657
46.663079, -124.722134657
46.672079, -124.722134657
46.681079, -124.722134657
46.690079, -124.722134657
46.699079, -124.722134657
46.708079, -124.722134657
46.717079, -124.722134657
46.726079, -124.722134657
46.735079, -124.722134657
46.744079, -124.722134657
46.753079, -124.722134657
46.762079, -124.722134657
46.771079, -124.722134657
46.780079, -124.722134657
46.789079, -124.722134657
46.798079, -124.722134657
46.807079, -124.722134657
46.816079, -124.722134657
46.825079, -124.722134657
46.834079, -124.722134657
46.843079, -124.722134657
46.852079, -124.722134657
46.861079, -124.722134657
46.870079, -124.722134657
46.879079, -124.722134657
46.888079, -124.722134657
46.897079, -124.722134657
46.906079, -124.722134657
46.915079, -124.722134657
46.924079, -124.722134657
46.933079, -124.722134657
46.942079, -124.722134657
46.951079, -124.722134657
46.960079, -124.722134657
46.969079, -124.722134657
46.978079, -124.722134657
46.987079, -124.722134657
46.996079, -124.722134657
47.005079, -124.722134657
47.014079, -124.722134657
47.023079, -124.722134657
47.032079, -124.722134657
47.041079, -124.722134657
47.050079, -124.722134657
47.059079, -124.722134657
47.068079, -124.722134657
47.077079, -124.722134657
47.086079, -124.722134657
47.095079, -124.722134657
47.104079, -124.722134657
47.113079, -124.722134657
47.122079, -124.722134657
47.131079, -124.722134657
47.140079, -124.722134657
47.149079, -124.722134657
47.158079, -124.722134657
47.167079, -124.722134657
47.176079, -124.722134657
47.185079, -124.722134657
47.194079, -124.722134657
47.203079, -124.722134657
47.212079, -124.722134657
47.221079, -124.722134657
47.230079, -124.722134657
47.239079, -124.722134657
47.248079, -124.722134657
47.257079, -124.722134657
47.266079, -124.722134657
47.275079, -124.722134657
47.284079, -124.722134657
47.293079, -124.722134657
47.302079, -124.722134657
47.311079, -124.722134657
47.320079, -124.722134657
47.329079, -124.722134657
47.338079, -124.722134657
47.347079, -124.722134657
47.356079, -124.722134657
47.365079, -124.722134657
47.374079, -124.722134657
47.383079, -124.722134657
47.392079, -124.722134657
47.401079, -124.722134657
47.410079, -124.722134657
47.419079, -124.722134657
47.428079, -124.722134657
47.437079, -124.722134657
47.446079, -124.722134657
47.455079, -124.722134657
47.464079, -124.722134657
47.473079, -124.722134657
47.482079, -124.722134657
47.491079, -124.722134657
47.500079, -124.722134657
47.509079, -124.722134657
47.518079, -124.722134657
47.527079, -124.722134657
47.536079, -124.722134657
47.545079, -124.722134657
47.554079, -124.722134657
47.563079, -124.722134657
47.572079, -124.722134657
47.581079, -124.722134657
47.590079, -124.722134657
47.599079, -124.722134657
47.608079, -124.722134657
47.617079, -124.722134657
47.626079, -124.722134657
47.635079, -124.722134657
47.644079, -124.722134657
47.653079, -124.722134657
47.662079, -124.722134657
47.671079, -124.722134657
47.680079, -124.722134657
47.689079, -124.722134657
47.698079, -124.722134657
47.707079, -124.722134657
47.716079, -124.722134657
47.725079, -124.722134657
47.734079, -124.722134657
47.743079, -124.722134657
47.752079, -124.722134657
47.761079, -124.722134657
47.770079, -124.722134657
47.779079, -124.722134657
47.788079, -124.722134657
47.797079, -124.722134657
47.806079, -124.722134657
47.815079, -124.722134657
47.824079, -124.722134657
47.833079, -124.722134657
47.842079, -124.722134657
47.851079, -124.722134657
47.860079, -124.722134657
47.869079, -124.722134657
47.878079, -124.722134657
47.887079, -124.722134657
47.896079, -124.722134657
47.905079, -124.722134657
47.914079, -124.722134657
47.923079, -124.722134657
47.932079, -124.722134657
47.941079, -124.722134657
47.950079, -124.722134657
47.959079, -124.722134657
47.968079, -124.722134657
47.977079, -124.722134657
47.986079, -124.722134657
47.995079, -124.722134657
48.004079, -124.722134657
48.013079, -124.722134657
48.022079, -124.722134657
48.031079, -124.722134657
48.040079, -124.722134657
48.049079, -124.722134657
48.058079, -124.722134657
48.067079, -124.722134657
48.076079, -124.722134657
48.085079, -124.722134657
48.094079, -124.722134657
48.103079, -124.722134657
48.112079, -124.722134657
48.121079, -124.722134657
48.130079, -124.722134657
48.139079, -124.722134657
48.148079, -124.722134657
48.157079, -124.722134657
48.166079, -124.722134657
48.175079, -124.722134657
48.184079, -124.722134657
48.193079, -124.722134657
48.202079, -124.722134657
48.211079, -124.722134657
48.220079, -124.722134657
48.229079, -124.722134657
48.238079, -124.722134657
48.247079, -124.722134657
48.256079, -124.722134657
48.265079, -124.722134657
48.274079, -124.722134657
48.283079, -124.722134657
48.292079, -124.722134657
48.301079, -124.722134657
48.310079, -124.722134657
48.319079, -124.722134657
48.328079, -124.722134657
48.337079, -124.722134657
48.346079, -124.722134657
48.355079, -124.722134657
48.364079, -124.722134657
48.373079, -124.722134657
48.382079, -124.722134657
48.391079, -124.722134657
48.400079, -124.722134657
48.409079, -124.722134657
48.418079, -124.722134657
48.427079, -124.722134657
48.436079, -124.722134657
48.445079, -124.722134657
48.454079, -124.722134657
48.463079, -124.722134657
48.472079, -124.722134657
48.481079, -124.722134657
48.490079, -124.722134657
48.499079, -124.722134657
48.508079, -124.722134657
48.517079, -124.722134657
48.526079, -124.722134657
48.535079, -124.722134657
48.544079, -124.722134657
48.553079, -124.722134657
48.562079, -124.722134657
48.571079, -124.722134657
48.580079, -124.722134657
48.589079, -124.722134657
48.598079, -124.722134657
48.607079, -124.722134657
48.616079, -124.722134657
48.625079, -124.722134657
48.634079, -124.722134657
48.643079, -124.722134657
48.652079, -124.722134657
48.661079, -124.722134657
48.670079, -124.722134657
48.679079, -124.722134657
48.688079, -124.722134657
48.697079, -124.722134657
48.706079, -124.722134657
48.715079, -124.722134657
48.724079, -124.722134657
48.733079, -124.722134657
48.742079, -124.722134657
48.751079, -124.722134657
48.760079, -124.722134657
48.769079, -124.722134657
48.778079, -124.722134657
48.787079, -124.722134657
48.796079, -124.722134657
48.805079, -124.722134657
48.814079, -124.722134657
48.823079, -124.722134657
48.832079, -124.722134657
48.841079, -124.722134657
48.850079, -124.722134657
48.859079, -124.722134657
48.868079, -124.722134657
48.877079, -124.722134657
48.886079, -124.722134657
48.895079, -124.722134657
48.904079, -124.722134657
48.913079, -124.722134657
48.922079, -124.722134657
48.931079, -124.722134657
48.940079, -124.722134657
48.949079, -124.722134657
46.213079, -124.708427898
46.222079, -124.708427898
46.231079, -124.708427898
46.240079, -124.708427898
46.249079, -124.708427898
46.258079, -124.708427898
46.267079, -124.708427898
46.276079, -124.708427898
46.285079, -124.708427898
46.294079, -124.708427898
46.303079, -124.708427898
46.312079, -124.708427898
46.321079, -124.708427898
46.330079, -124.708427898
46.339079, -124.708427898
46.348079, -124.708427898
46.357079, -124.708427898
46.366079, -124.708427898
46.375079, -124.708427898
46.384079, -124.708427898
46.393079, -124.708427898
46.402079, -124.708427898
46.411079, -124.708427898
46.420079, -124.708427898
46.429079, -124.708427898
46.438079, -124.708427898
46.447079, -124.708427898
46.456079, -124.708427898
46.465079, -124.708427898
46.474079, -124.708427898
46.483079, -124.708427898
46.492079, -124.708427898
46.501079, -124.708427898
46.510079, -124.708427898
46.519079, -124.708427898
46.528079, -124.708427898
46.537079, -124.708427898
46.546079, -124.708427898
46.555079, -124.708427898
46.564079, -124.708427898
46.573079, -124.708427898
46.582079, -124.708427898
46.591079, -124.708427898
46.600079, -124.708427898
46.609079, -124.708427898
46.618079, -124.708427898
46.627079, -124.708427898
46.636079, -124.708427898
46.645079, -124.708427898
46.654079, -124.708427898
46.663079, -124.708427898
46.672079, -124.708427898
46.681079, -124.708427898
46.690079, -124.708427898
46.699079, -124.708427898
46.708079, -124.708427898
46.717079, -124.708427898
46.726079, -124.708427898
46.735079, -124.708427898
46.744079, -124.708427898
46.753079, -124.708427898
46.762079, -124.708427898
46.771079, -124.708427898
46.780079, -124.708427898
46.789079, -124.708427898
46.798079, -124.708427898
46.807079, -124.708427898
46.816079, -124.708427898
46.825079, -124.708427898
46.834079, -124.708427898
46.843079, -124.708427898
46.852079, -124.708427898
46.861079, -124.708427898
46.870079, -124.708427898
46.879079, -124.708427898
46.888079, -124.708427898
46.897079, -124.708427898
46.906079, -124.708427898
46.915079, -124.708427898
46.924079, -124.708427898
46.933079, -124.708427898
46.942079, -124.708427898
46.951079, -124.708427898
46.960079, -124.708427898
46.969079, -124.708427898
46.978079, -124.708427898
46.987079, -124.708427898
46.996079, -124.708427898
47.005079, -124.708427898
47.014079, -124.708427898
47.023079, -124.708427898
47.032079, -124.708427898
47.041079, -124.708427898
47.050079, -124.708427898
47.059079, -124.708427898
47.068079, -124.708427898
47.077079, -124.708427898
47.086079, -124.708427898
47.095079, -124.708427898
47.104079, -124.708427898
47.113079, -124.708427898
47.122079, -124.708427898
47.131079, -124.708427898
47.140079, -124.708427898
47.149079, -124.708427898
47.158079, -124.708427898
47.167079, -124.708427898
47.176079, -124.708427898
47.185079, -124.708427898
47.194079, -124.708427898
47.203079, -124.708427898
47.212079, -124.708427898
47.221079, -124.708427898
47.230079, -124.708427898
47.239079, -124.708427898
47.248079, -124.708427898
47.257079, -124.708427898
47.266079, -124.708427898
47.275079, -124.708427898
47.284079, -124.708427898
47.293079, -124.708427898
47.302079, -124.708427898
47.311079, -124.708427898
47.320079, -124.708427898
47.329079, -124.708427898
47.338079, -124.708427898
47.347079, -124.708427898
47.356079, -124.708427898
47.365079, -124.708427898
47.374079, -124.708427898
47.383079, -124.708427898
47.392079, -124.708427898
47.401079, -124.708427898
47.410079, -124.708427898
47.419079, -124.708427898
47.428079, -124.708427898
47.437079, -124.708427898
47.446079, -124.708427898
47.455079, -124.708427898
47.464079, -124.708427898
47.473079, -124.708427898
47.482079, -124.708427898
47.491079, -124.708427898
47.500079, -124.708427898
47.509079, -124.708427898
47.518079, -124.708427898
47.527079, -124.708427898
47.536079, -124.708427898
47.545079, -124.708427898
47.554079, -124.708427898
47.563079, -124.708427898
47.572079, -124.708427898
47.581079, -124.708427898
47.590079, -124.708427898
47.599079, -124.708427898
47.608079, -124.708427898
47.617079, -124.708427898
47.626079, -124.708427898
47.635079, -124.708427898
47.644079, -124.708427898
47.653079, -124.708427898
47.662079, -124.708427898
47.671079, -124.708427898
47.680079, -124.708427898
47.689079, -124.708427898
47.698079, -124.708427898
47.707079, -124.708427898
47.716079, -124.708427898
47.725079, -124.708427898
47.734079, -124.708427898
47.743079, -124.708427898
47.752079, -124.708427898
47.761079, -124.708427898
47.770079, -124.708427898
47.779079, -124.708427898
47.788079, -124.708427898
47.797079, -124.708427898
47.806079, -124.708427898
47.815079, -124.708427898
47.824079, -124.708427898
47.833079, -124.708427898
47.842079, -124.708427898
47.851079, -124.708427898
47.860079, -124.708427898
47.869079, -124.708427898
47.878079, -124.708427898
47.887079, -124.708427898
47.896079, -124.708427898
47.905079, -124.708427898
47.914079, -124.708427898
47.923079, -124.708427898
47.932079, -124.708427898
47.941079, -124.708427898
47.950079, -124.708427898
47.959079, -124.708427898
47.968079, -124.708427898
47.977079, -124.708427898
47.986079, -124.708427898
47.995079, -124.708427898
48.004079, -124.708427898
48.013079, -124.708427898
48.022079, -124.708427898
48.031079, -124.708427898
48.040079, -124.708427898
48.049079, -124.708427898
48.058079, -124.708427898
48.067079, -124.708427898
48.076079, -124.708427898
48.085079, -124.708427898
48.094079, -124.708427898
48.103079, -124.708427898
48.112079, -124.708427898
48.121079, -124.708427898
48.130079, -124.708427898
48.139079, -124.708427898
48.148079, -124.708427898
48.157079, -124.708427898
48.166079, -124.708427898
48.175079, -124.708427898
48.184079, -124.708427898
48.193079, -124.708427898
48.202079, -124.708427898
48.211079, -124.708427898
48.220079, -124.708427898
48.229079, -124.708427898
48.238079, -124.708427898
48.247079, -124.708427898
48.256079, -124.708427898
48.265079, -124.708427898
48.274079, -124.708427898
48.283079, -124.708427898
48.292079, -124.708427898
48.301079, -124.708427898
48.310079, -124.708427898
48.319079, -124.708427898
48.328079, -124.708427898
48.337079, -124.708427898
48.346079, -124.708427898
48.355079, -124.708427898
48.364079, -124.708427898
48.373079, -124.708427898
48.382079, -124.708427898
48.391079, -124.708427898
48.400079, -124.708427898
48.409079, -124.708427898
48.418079, -124.708427898
48.427079, -124.708427898
48.436079, -124.708427898
48.445079, -124.708427898
48.454079, -124.708427898
48.463079, -124.708427898
48.472079, -124.708427898
48.481079, -124.708427898
48.490079, -124.708427898
48.499079, -124.708427898
48.508079, -124.708427898
48.517079, -124.708427898
48.526079, -124.708427898
48.535079, -124.708427898
48.544079, -124.708427898
48.553079, -124.708427898
48.562079, -124.708427898
48.571079, -124.708427898
48.580079, -124.708427898
48.589079, -124.708427898
48.598079, -124.708427898
48.607079, -124.708427898
48.616079, -124.708427898
48.625079, -124.708427898
48.634079, -124.708427898
48.643079, -124.708427898
48.652079, -124.708427898
48.661079, -124.708427898
48.670079, -124.708427898
48.679079, -124.708427898
48.688079, -124.708427898
48.697079, -124.708427898
48.706079, -124.708427898
48.715079, -124.708427898
48.724079, -124.708427898
48.733079, -124.708427898
48.742079, -124.708427898
48.751079, -124.708427898
48.760079, -124.708427898
48.769079, -124.708427898
48.778079, -124.708427898
48.787079, -124.708427898
48.796079, -124.708427898
48.805079, -124.708427898
48.814079, -124.708427898
48.823079, -124.708427898
48.832079, -124.708427898
48.841079, -124.708427898
48.850079, -124.708427898
48.859079, -124.708427898
48.868079, -124.708427898
48.877079, -124.708427898
48.886079, -124.708427898
48.895079, -124.708427898
48.904079, -124.708427898
48.913079, -124.708427898
48.922079, -124.708427898
48.931079, -124.708427898
48.940079, -124.708427898
48.949079, -124.708427898
46.213079, -124.69472114
46.222079, -124.69472114
46.231079, -124.69472114
46.240079, -124.69472114
46.249079, -124.69472114
46.258079, -124.69472114
46.267079, -124.69472114
46.276079, -124.69472114
46.285079, -124.69472114
46.294079, -124.69472114
46.303079, -124.69472114
46.312079, -124.69472114
46.321079, -124.69472114
46.330079, -124.69472114
46.339079, -124.69472114
46.348079, -124.69472114
46.357079, -124.69472114
46.366079, -124.69472114
46.375079, -124.69472114
46.384079, -124.69472114
46.393079, -124.69472114
46.402079, -124.69472114
46.411079, -124.69472114
46.420079, -124.69472114
46.429079, -124.69472114
46.438079, -124.69472114
46.447079, -124.69472114
46.456079, -124.69472114
46.465079, -124.69472114
46.474079, -124.69472114
46.483079, -124.69472114
46.492079, -124.69472114
46.501079, -124.69472114
46.510079, -124.69472114
46.519079, -124.69472114
46.528079, -124.69472114
46.537079, -124.69472114
46.546079, -124.69472114
46.555079, -124.69472114
46.564079, -124.69472114
46.573079, -124.69472114
46.582079, -124.69472114
46.591079, -124.69472114
46.600079, -124.69472114
46.609079, -124.69472114
46.618079, -124.69472114
46.627079, -124.69472114
46.636079, -124.69472114
46.645079, -124.69472114
46.654079, -124.69472114
46.663079, -124.69472114
46.672079, -124.69472114
46.681079, -124.69472114
46.690079, -124.69472114
46.699079, -124.69472114
46.708079, -124.69472114
46.717079, -124.69472114
46.726079, -124.69472114
46.735079, -124.69472114
46.744079, -124.69472114
46.753079, -124.69472114
46.762079, -124.69472114
46.771079, -124.69472114
46.780079, -124.69472114
46.789079, -124.69472114
46.798079, -124.69472114
46.807079, -124.69472114
46.816079, -124.69472114
46.825079, -124.69472114
46.834079, -124.69472114
46.843079, -124.69472114
46.852079, -124.69472114
46.861079, -124.69472114
46.870079, -124.69472114
46.879079, -124.69472114
46.888079, -124.69472114
46.897079, -124.69472114
46.906079, -124.69472114
46.915079, -124.69472114
46.924079, -124.69472114
46.933079, -124.69472114
46.942079, -124.69472114
46.951079, -124.69472114
46.960079, -124.69472114
46.969079, -124.69472114
46.978079, -124.69472114
46.987079, -124.69472114
46.996079, -124.69472114
47.005079, -124.69472114
47.014079, -124.69472114
47.023079, -124.69472114
47.032079, -124.69472114
47.041079, -124.69472114
47.050079, -124.69472114
47.059079, -124.69472114
47.068079, -124.69472114
47.077079, -124.69472114
47.086079, -124.69472114
47.095079, -124.69472114
47.104079, -124.69472114
47.113079, -124.69472114
47.122079, -124.69472114
47.131079, -124.69472114
47.140079, -124.69472114
47.149079, -124.69472114
47.158079, -124.69472114
47.167079, -124.69472114
47.176079, -124.69472114
47.185079, -124.69472114
47.194079, -124.69472114
47.203079, -124.69472114
47.212079, -124.69472114
47.221079, -124.69472114
47.230079, -124.69472114
47.239079, -124.69472114
47.248079, -124.69472114
47.257079, -124.69472114
47.266079, -124.69472114
47.275079, -124.69472114
47.284079, -124.69472114
47.293079, -124.69472114
47.302079, -124.69472114
47.311079, -124.69472114
47.320079, -124.69472114
47.329079, -124.69472114
47.338079, -124.69472114
47.347079, -124.69472114
47.356079, -124.69472114
47.365079, -124.69472114
47.374079, -124.69472114
47.383079, -124.69472114
47.392079, -124.69472114
47.401079, -124.69472114
47.410079, -124.69472114
47.419079, -124.69472114
47.428079, -124.69472114
47.437079, -124.69472114
47.446079, -124.69472114
47.455079, -124.69472114
47.464079, -124.69472114
47.473079, -124.69472114
47.482079, -124.69472114
47.491079, -124.69472114
47.500079, -124.69472114
47.509079, -124.69472114
47.518079, -124.69472114
47.527079, -124.69472114
47.536079, -124.69472114
47.545079, -124.69472114
47.554079, -124.69472114
47.563079, -124.69472114
47.572079, -124.69472114
47.581079, -124.69472114
47.590079, -124.69472114
47.599079, -124.69472114
47.608079, -124.69472114
47.617079, -124.69472114
47.626079, -124.69472114
47.635079, -124.69472114
47.644079, -124.69472114
47.653079, -124.69472114
47.662079, -124.69472114
47.671079, -124.69472114
47.680079, -124.69472114
47.689079, -124.69472114
47.698079, -124.69472114
47.707079, -124.69472114
47.716079, -124.69472114
47.725079, -124.69472114
47.734079, -124.69472114
47.743079, -124.69472114
47.752079, -124.69472114
47.761079, -124.69472114
47.770079, -124.69472114
47.779079, -124.69472114
47.788079, -124.69472114
47.797079, -124.69472114
47.806079, -124.69472114
47.815079, -124.69472114
47.824079, -124.69472114
47.833079, -124.69472114
47.842079, -124.69472114
47.851079, -124.69472114
47.860079, -124.69472114
47.869079, -124.69472114
47.878079, -124.69472114
47.887079, -124.69472114
47.896079, -124.69472114
47.905079, -124.69472114
47.914079, -124.69472114
47.923079, -124.69472114
47.932079, -124.69472114
47.941079, -124.69472114
47.950079, -124.69472114
47.959079, -124.69472114
47.968079, -124.69472114
47.977079, -124.69472114
47.986079, -124.69472114
47.995079, -124.69472114
48.004079, -124.69472114
48.013079, -124.69472114
48.022079, -124.69472114
48.031079, -124.69472114
48.040079, -124.69472114
48.049079, -124.69472114
48.058079, -124.69472114
48.067079, -124.69472114
48.076079, -124.69472114
48.085079, -124.69472114
48.094079, -124.69472114
48.103079, -124.69472114
48.112079, -124.69472114
48.121079, -124.69472114
48.130079, -124.69472114
48.139079, -124.69472114
48.148079, -124.69472114
48.157079, -124.69472114
48.166079, -124.69472114
48.175079, -124.69472114
48.184079, -124.69472114
48.193079, -124.69472114
48.202079, -124.69472114
48.211079, -124.69472114
48.220079, -124.69472114
48.229079, -124.69472114
48.238079, -124.69472114
48.247079, -124.69472114
48.256079, -124.69472114
48.265079, -124.69472114
48.274079, -124.69472114
48.283079, -124.69472114
48.292079, -124.69472114
48.301079, -124.69472114
48.310079, -124.69472114
48.319079, -124.69472114
48.328079, -124.69472114
48.337079, -124.69472114
48.346079, -124.69472114
48.355079, -124.69472114
48.364079, -124.69472114
48.373079, -124.69472114
48.382079, -124.69472114
48.391079, -124.69472114
48.400079, -124.69472114
48.409079, -124.69472114
48.418079, -124.69472114
48.427079, -124.69472114
48.436079, -124.69472114
48.445079, -124.69472114
48.454079, -124.69472114
48.463079, -124.69472114
48.472079, -124.69472114
48.481079, -124.69472114
48.490079, -124.69472114
48.499079, -124.69472114
48.508079, -124.69472114
48.517079, -124.69472114
48.526079, -124.69472114
48.535079, -124.69472114
48.544079, -124.69472114
48.553079, -124.69472114
48.562079, -124.69472114
48.571079, -124.69472114
48.580079, -124.69472114
48.589079, -124.69472114
48.598079, -124.69472114
48.607079, -124.69472114
48.616079, -124.69472114
48.625079, -124.69472114
48.634079, -124.69472114
48.643079, -124.69472114
48.652079, -124.69472114
48.661079, -124.69472114
48.670079, -124.69472114
48.679079, -124.69472114
48.688079, -124.69472114
48.697079, -124.69472114
48.706079, -124.69472114
48.715079, -124.69472114
48.724079, -124.69472114
48.733079, -124.69472114
48.742079, -124.69472114
48.751079, -124.69472114
48.760079, -124.69472114
48.769079, -124.69472114
48.778079, -124.69472114
48.787079, -124.69472114
48.796079, -124.69472114
48.805079, -124.69472114
48.814079, -124.69472114
48.823079, -124.69472114
48.832079, -124.69472114
48.841079, -124.69472114
48.850079, -124.69472114
48.859079, -124.69472114
48.868079, -124.69472114
48.877079, -124.69472114
48.886079, -124.69472114
48.895079, -124.69472114
48.904079, -124.69472114
48.913079, -124.69472114
48.922079, -124.69472114
48.931079, -124.69472114
48.940079, -124.69472114
48.949079, -124.69472114
46.213079, -124.681014381
46.222079, -124.681014381
46.231079, -124.681014381
46.240079, -124.681014381
46.249079, -124.681014381
46.258079, -124.681014381
46.267079, -124.681014381
46.276079, -124.681014381
46.285079, -124.681014381
46.294079, -124.681014381
46.303079, -124.681014381
46.312079, -124.681014381
46.321079, -124.681014381
46.330079, -124.681014381
46.339079, -124.681014381
46.348079, -124.681014381
46.357079, -124.681014381
46.366079, -124.681014381
46.375079, -124.681014381
46.384079, -124.681014381
46.393079, -124.681014381
46.402079, -124.681014381
46.411079, -124.681014381
46.420079, -124.681014381
46.429079, -124.681014381
46.438079, -124.681014381
46.447079, -124.681014381
46.456079, -124.681014381
46.465079, -124.681014381
46.474079, -124.681014381
46.483079, -124.681014381
46.492079, -124.681014381
46.501079, -124.681014381
46.510079, -124.681014381
46.519079, -124.681014381
46.528079, -124.681014381
46.537079, -124.681014381
46.546079, -124.681014381
46.555079, -124.681014381
46.564079, -124.681014381
46.573079, -124.681014381
46.582079, -124.681014381
46.591079, -124.681014381
46.600079, -124.681014381
46.609079, -124.681014381
46.618079, -124.681014381
46.627079, -124.681014381
46.636079, -124.681014381
46.645079, -124.681014381
46.654079, -124.681014381
46.663079, -124.681014381
46.672079, -124.681014381
46.681079, -124.681014381
46.690079, -124.681014381
46.699079, -124.681014381
46.708079, -124.681014381
46.717079, -124.681014381
46.726079, -124.681014381
46.735079, -124.681014381
46.744079, -124.681014381
46.753079, -124.681014381
46.762079, -124.681014381
46.771079, -124.681014381
46.780079, -124.681014381
46.789079, -124.681014381
46.798079, -124.681014381
46.807079, -124.681014381
46.816079, -124.681014381
46.825079, -124.681014381
46.834079, -124.681014381
46.843079, -124.681014381
46.852079, -124.681014381
46.861079, -124.681014381
46.870079, -124.681014381
46.879079, -124.681014381
46.888079, -124.681014381
46.897079, -124.681014381
46.906079, -124.681014381
46.915079, -124.681014381
46.924079, -124.681014381
46.933079, -124.681014381
46.942079, -124.681014381
46.951079, -124.681014381
46.960079, -124.681014381
46.969079, -124.681014381
46.978079, -124.681014381
46.987079, -124.681014381
46.996079, -124.681014381
47.005079, -124.681014381
47.014079, -124.681014381
47.023079, -124.681014381
47.032079, -124.681014381
47.041079, -124.681014381
47.050079, -124.681014381
47.059079, -124.681014381
47.068079, -124.681014381
47.077079, -124.681014381
47.086079, -124.681014381
47.095079, -124.681014381
47.104079, -124.681014381
47.113079, -124.681014381
47.122079, -124.681014381
47.131079, -124.681014381
47.140079, -124.681014381
47.149079, -124.681014381
47.158079, -124.681014381
47.167079, -124.681014381
47.176079, -124.681014381
47.185079, -124.681014381
47.194079, -124.681014381
47.203079, -124.681014381
47.212079, -124.681014381
47.221079, -124.681014381
47.230079, -124.681014381
47.239079, -124.681014381
47.248079, -124.681014381
47.257079, -124.681014381
47.266079, -124.681014381
47.275079, -124.681014381
47.284079, -124.681014381
47.293079, -124.681014381
47.302079, -124.681014381
47.311079, -124.681014381
47.320079, -124.681014381
47.329079, -124.681014381
47.338079, -124.681014381
47.347079, -124.681014381
47.356079, -124.681014381
47.365079, -124.681014381
47.374079, -124.681014381
47.383079, -124.681014381
47.392079, -124.681014381
47.401079, -124.681014381
47.410079, -124.681014381
47.419079, -124.681014381
47.428079, -124.681014381
47.437079, -124.681014381
47.446079, -124.681014381
47.455079, -124.681014381
47.464079, -124.681014381
47.473079, -124.681014381
47.482079, -124.681014381
47.491079, -124.681014381
47.500079, -124.681014381
47.509079, -124.681014381
47.518079, -124.681014381
47.527079, -124.681014381
47.536079, -124.681014381
47.545079, -124.681014381
47.554079, -124.681014381
47.563079, -124.681014381
47.572079, -124.681014381
47.581079, -124.681014381
47.590079, -124.681014381
47.599079, -124.681014381
47.608079, -124.681014381
47.617079, -124.681014381
47.626079, -124.681014381
47.635079, -124.681014381
47.644079, -124.681014381
47.653079, -124.681014381
47.662079, -124.681014381
47.671079, -124.681014381
47.680079, -124.681014381
47.689079, -124.681014381
47.698079, -124.681014381
47.707079, -124.681014381
47.716079, -124.681014381
47.725079, -124.681014381
47.734079, -124.681014381
47.743079, -124.681014381
47.752079, -124.681014381
47.761079, -124.681014381
47.770079, -124.681014381
47.779079, -124.681014381
47.788079, -124.681014381
47.797079, -124.681014381
47.806079, -124.681014381
47.815079, -124.681014381
47.824079, -124.681014381
47.833079, -124.681014381
47.842079, -124.681014381
47.851079, -124.681014381
47.860079, -124.681014381
47.869079, -124.681014381
47.878079, -124.681014381
47.887079, -124.681014381
47.896079, -124.681014381
47.905079, -124.681014381
47.914079, -124.681014381
47.923079, -124.681014381
47.932079, -124.681014381
47.941079, -124.681014381
47.950079, -124.681014381
47.959079, -124.681014381
47.968079, -124.681014381
47.977079, -124.681014381
47.986079, -124.681014381
47.995079, -124.681014381
48.004079, -124.681014381
48.013079, -124.681014381
48.022079, -124.681014381
48.031079, -124.681014381
48.040079, -124.681014381
48.049079, -124.681014381
48.058079, -124.681014381
48.067079, -124.681014381
48.076079, -124.681014381
48.085079, -124.681014381
48.094079, -124.681014381
48.103079, -124.681014381
48.112079, -124.681014381
48.121079, -124.681014381
48.130079, -124.681014381
48.139079, -124.681014381
48.148079, -124.681014381
48.157079, -124.681014381
48.166079, -124.681014381
48.175079, -124.681014381
48.184079, -124.681014381
48.193079, -124.681014381
48.202079, -124.681014381
48.211079, -124.681014381
48.220079, -124.681014381
48.229079, -124.681014381
48.238079, -124.681014381
48.247079, -124.681014381
48.256079, -124.681014381
48.265079, -124.681014381
48.274079, -124.681014381
48.283079, -124.681014381
48.292079, -124.681014381
48.301079, -124.681014381
48.310079, -124.681014381
48.319079, -124.681014381
48.328079, -124.681014381
48.337079, -124.681014381
48.346079, -124.681014381
48.355079, -124.681014381
48.364079, -124.681014381
48.373079, -124.681014381
48.382079, -124.681014381
48.391079, -124.681014381
48.400079, -124.681014381
48.409079, -124.681014381
48.418079, -124.681014381
48.427079, -124.681014381
48.436079, -124.681014381
48.445079, -124.681014381
48.454079, -124.681014381
48.463079, -124.681014381
48.472079, -124.681014381
48.481079, -124.681014381
48.490079, -124.681014381
48.499079, -124.681014381
48.508079, -124.681014381
48.517079, -124.681014381
48.526079, -124.681014381
48.535079, -124.681014381
48.544079, -124.681014381
48.553079, -124.681014381
48.562079, -124.681014381
48.571079, -124.681014381
48.580079, -124.681014381
48.589079, -124.681014381
48.598079, -124.681014381
48.607079, -124.681014381
48.616079, -124.681014381
48.625079, -124.681014381
48.634079, -124.681014381
48.643079, -124.681014381
48.652079, -124.681014381
48.661079, -124.681014381
48.670079, -124.681014381
48.679079, -124.681014381
48.688079, -124.681014381
48.697079, -124.681014381
48.706079, -124.681014381
48.715079, -124.681014381
48.724079, -124.681014381
48.733079, -124.681014381
48.742079, -124.681014381
48.751079, -124.681014381
48.760079, -124.681014381
48.769079, -124.681014381
48.778079, -124.681014381
48.787079, -124.681014381
48.796079, -124.681014381
48.805079, -124.681014381
48.814079, -124.681014381
48.823079, -124.681014381
48.832079, -124.681014381
48.841079, -124.681014381
48.850079, -124.681014381
48.859079, -124.681014381
48.868079, -124.681014381
48.877079, -124.681014381
48.886079, -124.681014381
48.895079, -124.681014381
48.904079, -124.681014381
48.913079, -124.681014381
48.922079, -124.681014381
48.931079, -124.681014381
48.940079, -124.681014381
48.949079, -124.681014381
46.213079, -124.667307623
46.222079, -124.667307623
46.231079, -124.667307623
46.240079, -124.667307623
46.249079, -124.667307623
46.258079, -124.667307623
46.267079, -124.667307623
46.276079, -124.667307623
46.285079, -124.667307623
46.294079, -124.667307623
46.303079, -124.667307623
46.312079, -124.667307623
46.321079, -124.667307623
46.330079, -124.667307623
46.339079, -124.667307623
46.348079, -124.667307623
46.357079, -124.667307623
46.366079, -124.667307623
46.375079, -124.667307623
46.384079, -124.667307623
46.393079, -124.667307623
46.402079, -124.667307623
46.411079, -124.667307623
46.420079, -124.667307623
46.429079, -124.667307623
46.438079, -124.667307623
46.447079, -124.667307623
46.456079, -124.667307623
46.465079, -124.667307623
46.474079, -124.667307623
46.483079, -124.667307623
46.492079, -124.667307623
46.501079, -124.667307623
46.510079, -124.667307623
46.519079, -124.667307623
46.528079, -124.667307623
46.537079, -124.667307623
46.546079, -124.667307623
46.555079, -124.667307623
46.564079, -124.667307623
46.573079, -124.667307623
46.582079, -124.667307623
46.591079, -124.667307623
46.600079, -124.667307623
46.609079, -124.667307623
46.618079, -124.667307623
46.627079, -124.667307623
46.636079, -124.667307623
46.645079, -124.667307623
46.654079, -124.667307623
46.663079, -124.667307623
46.672079, -124.667307623
46.681079, -124.667307623
46.690079, -124.667307623
46.699079, -124.667307623
46.708079, -124.667307623
46.717079, -124.667307623
46.726079, -124.667307623
46.735079, -124.667307623
46.744079, -124.667307623
46.753079, -124.667307623
46.762079, -124.667307623
46.771079, -124.667307623
46.780079, -124.667307623
46.789079, -124.667307623
46.798079, -124.667307623
46.807079, -124.667307623
46.816079, -124.667307623
46.825079, -124.667307623
46.834079, -124.667307623
46.843079, -124.667307623
46.852079, -124.667307623
46.861079, -124.667307623
46.870079, -124.667307623
46.879079, -124.667307623
46.888079, -124.667307623
46.897079, -124.667307623
46.906079, -124.667307623
46.915079, -124.667307623
46.924079, -124.667307623
46.933079, -124.667307623
46.942079, -124.667307623
46.951079, -124.667307623
46.960079, -124.667307623
46.969079, -124.667307623
46.978079, -124.667307623
46.987079, -124.667307623
46.996079, -124.667307623
47.005079, -124.667307623
47.014079, -124.667307623
47.023079, -124.667307623
47.032079, -124.667307623
47.041079, -124.667307623
47.050079, -124.667307623
47.059079, -124.667307623
47.068079, -124.667307623
47.077079, -124.667307623
47.086079, -124.667307623
47.095079, -124.667307623
47.104079, -124.667307623
47.113079, -124.667307623
47.122079, -124.667307623
47.131079, -124.667307623
47.140079, -124.667307623
47.149079, -124.667307623
47.158079, -124.667307623
47.167079, -124.667307623
47.176079, -124.667307623
47.185079, -124.667307623
47.194079, -124.667307623
47.203079, -124.667307623
47.212079, -124.667307623
47.221079, -124.667307623
47.230079, -124.667307623
47.239079, -124.667307623
47.248079, -124.667307623
47.257079, -124.667307623
47.266079, -124.667307623
47.275079, -124.667307623
47.284079, -124.667307623
47.293079, -124.667307623
47.302079, -124.667307623
47.311079, -124.667307623
47.320079, -124.667307623
47.329079, -124.667307623
47.338079, -124.667307623
47.347079, -124.667307623
47.356079, -124.667307623
47.365079, -124.667307623
47.374079, -124.667307623
47.383079, -124.667307623
47.392079, -124.667307623
47.401079, -124.667307623
47.410079, -124.667307623
47.419079, -124.667307623
47.428079, -124.667307623
47.437079, -124.667307623
47.446079, -124.667307623
47.455079, -124.667307623
47.464079, -124.667307623
47.473079, -124.667307623
47.482079, -124.667307623
47.491079, -124.667307623
47.500079, -124.667307623
47.509079, -124.667307623
47.518079, -124.667307623
47.527079, -124.667307623
47.536079, -124.667307623
47.545079, -124.667307623
47.554079, -124.667307623
47.563079, -124.667307623
47.572079, -124.667307623
47.581079, -124.667307623
47.590079, -124.667307623
47.599079, -124.667307623
47.608079, -124.667307623
47.617079, -124.667307623
47.626079, -124.667307623
47.635079, -124.667307623
47.644079, -124.667307623
47.653079, -124.667307623
47.662079, -124.667307623
47.671079, -124.667307623
47.680079, -124.667307623
47.689079, -124.667307623
47.698079, -124.667307623
47.707079, -124.667307623
47.716079, -124.667307623
47.725079, -124.667307623
47.734079, -124.667307623
47.743079, -124.667307623
47.752079, -124.667307623
47.761079, -124.667307623
47.770079, -124.667307623
47.779079, -124.667307623
47.788079, -124.667307623
47.797079, -124.667307623
47.806079, -124.667307623
47.815079, -124.667307623
47.824079, -124.667307623
47.833079, -124.667307623
47.842079, -124.667307623
47.851079, -124.667307623
47.860079, -124.667307623
47.869079, -124.667307623
47.878079, -124.667307623
47.887079, -124.667307623
47.896079, -124.667307623
47.905079, -124.667307623
47.914079, -124.667307623
47.923079, -124.667307623
47.932079, -124.667307623
47.941079, -124.667307623
47.950079, -124.667307623
47.959079, -124.667307623
47.968079, -124.667307623
47.977079, -124.667307623
47.986079, -124.667307623
47.995079, -124.667307623
48.004079, -124.667307623
48.013079, -124.667307623
48.022079, -124.667307623
48.031079, -124.667307623
48.040079, -124.667307623
48.049079, -124.667307623
48.058079, -124.667307623
48.067079, -124.667307623
48.076079, -124.667307623
48.085079, -124.667307623
48.094079, -124.667307623
48.103079, -124.667307623
48.112079, -124.667307623
48.121079, -124.667307623
48.130079, -124.667307623
48.139079, -124.667307623
48.148079, -124.667307623
48.157079, -124.667307623
48.166079, -124.667307623
48.175079, -124.667307623
48.184079, -124.667307623
48.193079, -124.667307623
48.202079, -124.667307623
48.211079, -124.667307623
48.220079, -124.667307623
48.229079, -124.667307623
