48.427079, -118.69116092
48.436079, -118.69116092
48.445079, -118.69116092
48.454079, -118.69116092
48.463079, -118.69116092
48.472079, -118.69116092
48.481079, -118.69116092
48.490079, -118.69116092
48.499079, -118.69116092
48.508079, -118.69116092
48.517079, -118.69116092
48.526079, -118.69116092
48.535079, -118.69116092
48.544079, -118.69116092
48.553079, -118.69116092
48.562079, -118.69116092
48.571079, -118.69116092
48.580079, -118.69116092
48.589079, -118.69116092
48.598079, -118.69116092
48.607079, -118.69116092
48.616079, -118.69116092
48.625079, -118.69116092
48.634079, -118.69116092
48.643079, -118.69116092
48.652079, -118.69116092
48.661079, -118.69116092
48.670079, -118.69116092
48.679079, -118.69116092
48.688079, -118.69116092
48.697079, -118.69116092
48.706079, -118.69116092
48.715079, -118.69116092
48.724079, -118.69116092
48.733079, -118.69116092
48.742079, -118.69116092
48.751079, -118.69116092
48.760079, -118.69116092
48.769079, -118.69116092
48.778079, -118.69116092
48.787079, -118.69116092
48.796079, -118.69116092
48.805079, -118.69116092
48.814079, -118.69116092
48.823079, -118.69116092
48.832079, -118.69116092
48.841079, -118.69116092
48.850079, -118.69116092
48.859079, -118.69116092
48.868079, -118.69116092
48.877079, -118.69116092
48.886079, -118.69116092
48.895079, -118.69116092
48.904079, -118.69116092
48.913079, -118.69116092
48.922079, -118.69116092
48.931079, -118.69116092
48.940079, -118.69116092
48.949079, -118.69116092
46.213079, -118.677454162
46.222079, -118.677454162
46.231079, -118.677454162
46.240079, -118.677454162
46.249079, -118.677454162
46.258079, -118.677454162
46.267079, -118.677454162
46.276079, -118.677454162
46.285079, -118.677454162
46.294079, -118.677454162
46.303079, -118.677454162
46.312079, -118.677454162
46.321079, -118.677454162
46.330079, -118.677454162
46.339079, -118.677454162
46.348079, -118.677454162
46.357079, -118.677454162
46.366079, -118.677454162
46.375079, -118.677454162
46.384079, -118.677454162
46.393079, -118.677454162
46.402079, -118.677454162
46.411079, -118.677454162
46.420079, -118.677454162
46.429079, -118.677454162
46.438079, -118.677454162
46.447079, -118.677454162
46.456079, -118.677454162
46.465079, -118.677454162
46.474079, -118.677454162
46.483079, -118.677454162
46.492079, -118.677454162
46.501079, -118.677454162
46.510079, -118.677454162
46.519079, -118.677454162
46.528079, -118.677454162
46.537079, -118.677454162
46.546079, -118.677454162
46.555079, -118.677454162
46.564079, -118.677454162
46.573079, -118.677454162
46.582079, -118.677454162
46.591079, -118.677454162
46.600079, -118.677454162
46.609079, -118.677454162
46.618079, -118.677454162
46.627079, -118.677454162
46.636079, -118.677454162
46.645079, -118.677454162
46.654079, -118.677454162
46.663079, -118.677454162
46.672079, -118.677454162
46.681079, -118.677454162
46.690079, -118.677454162
46.699079, -118.677454162
46.708079, -118.677454162
46.717079, -118.677454162
46.726079, -118.677454162
46.735079, -118.677454162
46.744079, -118.677454162
46.753079, -118.677454162
46.762079, -118.677454162
46.771079, -118.677454162
46.780079, -118.677454162
46.789079, -118.677454162
46.798079, -118.677454162
46.807079, -118.677454162
46.816079, -118.677454162
46.825079, -118.677454162
46.834079, -118.677454162
46.843079, -118.677454162
46.852079, -118.677454162
46.861079, -118.677454162
46.870079, -118.677454162
46.879079, -118.677454162
46.888079, -118.677454162
46.897079, -118.677454162
46.906079, -118.677454162
46.915079, -118.677454162
46.924079, -118.677454162
46.933079, -118.677454162
46.942079, -118.677454162
46.951079, -118.677454162
46.960079, -118.677454162
46.969079, -118.677454162
46.978079, -118.677454162
46.987079, -118.677454162
46.996079, -118.677454162
47.005079, -118.677454162
47.014079, -118.677454162
47.023079, -118.677454162
47.032079, -118.677454162
47.041079, -118.677454162
47.050079, -118.677454162
47.059079, -118.677454162
47.068079, -118.677454162
47.077079, -118.677454162
47.086079, -118.677454162
47.095079, -118.677454162
47.104079, -118.677454162
47.113079, -118.677454162
47.122079, -118.677454162
47.131079, -118.677454162
47.140079, -118.677454162
47.149079, -118.677454162
47.158079, -118.677454162
47.167079, -118.677454162
47.176079, -118.677454162
47.185079, -118.677454162
47.194079, -118.677454162
47.203079, -118.677454162
47.212079, -118.677454162
47.221079, -118.677454162
47.230079, -118.677454162
47.239079, -118.677454162
47.248079, -118.677454162
47.257079, -118.677454162
47.266079, -118.677454162
47.275079, -118.677454162
47.284079, -118.677454162
47.293079, -118.677454162
47.302079, -118.677454162
47.311079, -118.677454162
47.320079, -118.677454162
47.329079, -118.677454162
47.338079, -118.677454162
47.347079, -118.677454162
47.356079, -118.677454162
47.365079, -118.677454162
47.374079, -118.677454162
47.383079, -118.677454162
47.392079, -118.677454162
47.401079, -118.677454162
47.410079, -118.677454162
47.419079, -118.677454162
47.428079, -118.677454162
47.437079, -118.677454162
47.446079, -118.677454162
47.455079, -118.677454162
47.464079, -118.677454162
47.473079, -118.677454162
47.482079, -118.677454162
47.491079, -118.677454162
47.500079, -118.677454162
47.509079, -118.677454162
47.518079, -118.677454162
47.527079, -118.677454162
47.536079, -118.677454162
47.545079, -118.677454162
47.554079, -118.677454162
47.563079, -118.677454162
47.572079, -118.677454162
47.581079, -118.677454162
47.590079, -118.677454162
47.599079, -118.677454162
47.608079, -118.677454162
47.617079, -118.677454162
47.626079, -118.677454162
47.635079, -118.677454162
47.644079, -118.677454162
47.653079, -118.677454162
47.662079, -118.677454162
47.671079, -118.677454162
47.680079, -118.677454162
47.689079, -118.677454162
47.698079, -118.677454162
47.707079, -118.677454162
47.716079, -118.677454162
47.725079, -118.677454162
47.734079, -118.677454162
47.743079, -118.677454162
47.752079, -118.677454162
47.761079, -118.677454162
47.770079, -118.677454162
47.779079, -118.677454162
47.788079, -118.677454162
47.797079, -118.677454162
47.806079, -118.677454162
47.815079, -118.677454162
47.824079, -118.677454162
47.833079, -118.677454162
47.842079, -118.677454162
47.851079, -118.677454162
47.860079, -118.677454162
47.869079, -118.677454162
47.878079, -118.677454162
47.887079, -118.677454162
47.896079, -118.677454162
47.905079, -118.677454162
47.914079, -118.677454162
47.923079, -118.677454162
47.932079, -118.677454162
47.941079, -118.677454162
47.950079, -118.677454162
47.959079, -118.677454162
47.968079, -118.677454162
47.977079, -118.677454162
47.986079, -118.677454162
47.995079, -118.677454162
48.004079, -118.677454162
48.013079, -118.677454162
48.022079, -118.677454162
48.031079, -118.677454162
48.040079, -118.677454162
48.049079, -118.677454162
48.058079, -118.677454162
48.067079, -118.677454162
48.076079, -118.677454162
48.085079, -118.677454162
48.094079, -118.677454162
48.103079, -118.677454162
48.112079, -118.677454162
48.121079, -118.677454162
48.130079, -118.677454162
48.139079, -118.677454162
48.148079, -118.677454162
48.157079, -118.677454162
48.166079, -118.677454162
48.175079, -118.677454162
48.184079, -118.677454162
48.193079, -118.677454162
48.202079, -118.677454162
48.211079, -118.677454162
48.220079, -118.677454162
48.229079, -118.677454162
48.238079, -118.677454162
48.247079, -118.677454162
48.256079, -118.677454162
48.265079, -118.677454162
48.274079, -118.677454162
48.283079, -118.677454162
48.292079, -118.677454162
48.301079, -118.677454162
48.310079, -118.677454162
48.319079, -118.677454162
48.328079, -118.677454162
48.337079, -118.677454162
48.346079, -118.677454162
48.355079, -118.677454162
48.364079, -118.677454162
48.373079, -118.677454162
48.382079, -118.677454162
48.391079, -118.677454162
48.400079, -118.677454162
48.409079, -118.677454162
48.418079, -118.677454162
48.427079, -118.677454162
48.436079, -118.677454162
48.445079, -118.677454162
48.454079, -118.677454162
48.463079, -118.677454162
48.472079, -118.677454162
48.481079, -118.677454162
48.490079, -118.677454162
48.499079, -118.677454162
48.508079, -118.677454162
48.517079, -118.677454162
48.526079, -118.677454162
48.535079, -118.677454162
48.544079, -118.677454162
48.553079, -118.677454162
48.562079, -118.677454162
48.571079, -118.677454162
48.580079, -118.677454162
48.589079, -118.677454162
48.598079, -118.677454162
48.607079, -118.677454162
48.616079, -118.677454162
48.625079, -118.677454162
48.634079, -118.677454162
48.643079, -118.677454162
48.652079, -118.677454162
48.661079, -118.677454162
48.670079, -118.677454162
48.679079, -118.677454162
48.688079, -118.677454162
48.697079, -118.677454162
48.706079, -118.677454162
48.715079, -118.677454162
48.724079, -118.677454162
48.733079, -118.677454162
48.742079, -118.677454162
48.751079, -118.677454162
48.760079, -118.677454162
48.769079, -118.677454162
48.778079, -118.677454162
48.787079, -118.677454162
48.796079, -118.677454162
48.805079, -118.677454162
48.814079, -118.677454162
48.823079, -118.677454162
48.832079, -118.677454162
48.841079, -118.677454162
48.850079, -118.677454162
48.859079, -118.677454162
48.868079, -118.677454162
48.877079, -118.677454162
48.886079, -118.677454162
48.895079, -118.677454162
48.904079, -118.677454162
48.913079, -118.677454162
48.922079, -118.677454162
48.931079, -118.677454162
48.940079, -118.677454162
48.949079, -118.677454162
46.213079, -118.663747403
46.222079, -118.663747403
46.231079, -118.663747403
46.240079, -118.663747403
46.249079, -118.663747403
46.258079, -118.663747403
46.267079, -118.663747403
46.276079, -118.663747403
46.285079, -118.663747403
46.294079, -118.663747403
46.303079, -118.663747403
46.312079, -118.663747403
46.321079, -118.663747403
46.330079, -118.663747403
46.339079, -118.663747403
46.348079, -118.663747403
46.357079, -118.663747403
46.366079, -118.663747403
46.375079, -118.663747403
46.384079, -118.663747403
46.393079, -118.663747403
46.402079, -118.663747403
46.411079, -118.663747403
46.420079, -118.663747403
46.429079, -118.663747403
46.438079, -118.663747403
46.447079, -118.663747403
46.456079, -118.663747403
46.465079, -118.663747403
46.474079, -118.663747403
46.483079, -118.663747403
46.492079, -118.663747403
46.501079, -118.663747403
46.510079, -118.663747403
46.519079, -118.663747403
46.528079, -118.663747403
46.537079, -118.663747403
46.546079, -118.663747403
46.555079, -118.663747403
46.564079, -118.663747403
46.573079, -118.663747403
46.582079, -118.663747403
46.591079, -118.663747403
46.600079, -118.663747403
46.609079, -118.663747403
46.618079, -118.663747403
46.627079, -118.663747403
46.636079, -118.663747403
46.645079, -118.663747403
46.654079, -118.663747403
46.663079, -118.663747403
46.672079, -118.663747403
46.681079, -118.663747403
46.690079, -118.663747403
46.699079, -118.663747403
46.708079, -118.663747403
46.717079, -118.663747403
46.726079, -118.663747403
46.735079, -118.663747403
46.744079, -118.663747403
46.753079, -118.663747403
46.762079, -118.663747403
46.771079, -118.663747403
46.780079, -118.663747403
46.789079, -118.663747403
46.798079, -118.663747403
46.807079, -118.663747403
46.816079, -118.663747403
46.825079, -118.663747403
46.834079, -118.663747403
46.843079, -118.663747403
46.852079, -118.663747403
46.861079, -118.663747403
46.870079, -118.663747403
46.879079, -118.663747403
46.888079, -118.663747403
46.897079, -118.663747403
46.906079, -118.663747403
46.915079, -118.663747403
46.924079, -118.663747403
46.933079, -118.663747403
46.942079, -118.663747403
46.951079, -118.663747403
46.960079, -118.663747403
46.969079, -118.663747403
46.978079, -118.663747403
46.987079, -118.663747403
46.996079, -118.663747403
47.005079, -118.663747403
47.014079, -118.663747403
47.023079, -118.663747403
47.032079, -118.663747403
47.041079, -118.663747403
47.050079, -118.663747403
47.059079, -118.663747403
47.068079, -118.663747403
47.077079, -118.663747403
47.086079, -118.663747403
47.095079, -118.663747403
47.104079, -118.663747403
47.113079, -118.663747403
47.122079, -118.663747403
47.131079, -118.663747403
47.140079, -118.663747403
47.149079, -118.663747403
47.158079, -118.663747403
47.167079, -118.663747403
47.176079, -118.663747403
47.185079, -118.663747403
47.194079, -118.663747403
47.203079, -118.663747403
47.212079, -118.663747403
47.221079, -118.663747403
47.230079, -118.663747403
47.239079, -118.663747403
47.248079, -118.663747403
47.257079, -118.663747403
47.266079, -118.663747403
47.275079, -118.663747403
47.284079, -118.663747403
47.293079, -118.663747403
47.302079, -118.663747403
47.311079, -118.663747403
47.320079, -118.663747403
47.329079, -118.663747403
47.338079, -118.663747403
47.347079, -118.663747403
47.356079, -118.663747403
47.365079, -118.663747403
47.374079, -118.663747403
47.383079, -118.663747403
47.392079, -118.663747403
47.401079, -118.663747403
47.410079, -118.663747403
47.419079, -118.663747403
47.428079, -118.663747403
47.437079, -118.663747403
47.446079, -118.663747403
47.455079, -118.663747403
47.464079, -118.663747403
47.473079, -118.663747403
47.482079, -118.663747403
47.491079, -118.663747403
47.500079, -118.663747403
47.509079, -118.663747403
47.518079, -118.663747403
47.527079, -118.663747403
47.536079, -118.663747403
47.545079, -118.663747403
47.554079, -118.663747403
47.563079, -118.663747403
47.572079, -118.663747403
47.581079, -118.663747403
47.590079, -118.663747403
47.599079, -118.663747403
47.608079, -118.663747403
47.617079, -118.663747403
47.626079, -118.663747403
47.635079, -118.663747403
47.644079, -118.663747403
47.653079, -118.663747403
47.662079, -118.663747403
47.671079, -118.663747403
47.680079, -118.663747403
47.689079, -118.663747403
47.698079, -118.663747403
47.707079, -118.663747403
47.716079, -118.663747403
47.725079, -118.663747403
47.734079, -118.663747403
47.743079, -118.663747403
47.752079, -118.663747403
47.761079, -118.663747403
47.770079, -118.663747403
47.779079, -118.663747403
47.788079, -118.663747403
47.797079, -118.663747403
47.806079, -118.663747403
47.815079, -118.663747403
47.824079, -118.663747403
47.833079, -118.663747403
47.842079, -118.663747403
47.851079, -118.663747403
47.860079, -118.663747403
47.869079, -118.663747403
47.878079, -118.663747403
47.887079, -118.663747403
47.896079, -118.663747403
47.905079, -118.663747403
47.914079, -118.663747403
47.923079, -118.663747403
47.932079, -118.663747403
47.941079, -118.663747403
47.950079, -118.663747403
47.959079, -118.663747403
47.968079, -118.663747403
47.977079, -118.663747403
47.986079, -118.663747403
47.995079, -118.663747403
48.004079, -118.663747403
48.013079, -118.663747403
48.022079, -118.663747403
48.031079, -118.663747403
48.040079, -118.663747403
48.049079, -118.663747403
48.058079, -118.663747403
48.067079, -118.663747403
48.076079, -118.663747403
48.085079, -118.663747403
48.094079, -118.663747403
48.103079, -118.663747403
48.112079, -118.663747403
48.121079, -118.663747403
48.130079, -118.663747403
48.139079, -118.663747403
48.148079, -118.663747403
48.157079, -118.663747403
48.166079, -118.663747403
48.175079, -118.663747403
48.184079, -118.663747403
48.193079, -118.663747403
48.202079, -118.663747403
48.211079, -118.663747403
48.220079, -118.663747403
48.229079, -118.663747403
48.238079, -118.663747403
48.247079, -118.663747403
48.256079, -118.663747403
48.265079, -118.663747403
48.274079, -118.663747403
48.283079, -118.663747403
48.292079, -118.663747403
48.301079, -118.663747403
48.310079, -118.663747403
48.319079, -118.663747403
48.328079, -118.663747403
48.337079, -118.663747403
48.346079, -118.663747403
48.355079, -118.663747403
48.364079, -118.663747403
48.373079, -118.663747403
48.382079, -118.663747403
48.391079, -118.663747403
48.400079, -118.663747403
48.409079, -118.663747403
48.418079, -118.663747403
48.427079, -118.663747403
48.436079, -118.663747403
48.445079, -118.663747403
48.454079, -118.663747403
48.463079, -118.663747403
48.472079, -118.663747403
48.481079, -118.663747403
48.490079, -118.663747403
48.499079, -118.663747403
48.508079, -118.663747403
48.517079, -118.663747403
48.526079, -118.663747403
48.535079, -118.663747403
48.544079, -118.663747403
48.553079, -118.663747403
48.562079, -118.663747403
48.571079, -118.663747403
48.580079, -118.663747403
48.589079, -118.663747403
48.598079, -118.663747403
48.607079, -118.663747403
48.616079, -118.663747403
48.625079, -118.663747403
48.634079, -118.663747403
48.643079, -118.663747403
48.652079, -118.663747403
48.661079, -118.663747403
48.670079, -118.663747403
48.679079, -118.663747403
48.688079, -118.663747403
48.697079, -118.663747403
48.706079, -118.663747403
48.715079, -118.663747403
48.724079, -118.663747403
48.733079, -118.663747403
48.742079, -118.663747403
48.751079, -118.663747403
48.760079, -118.663747403
48.769079, -118.663747403
48.778079, -118.663747403
48.787079, -118.663747403
48.796079, -118.663747403
48.805079, -118.663747403
48.814079, -118.663747403
48.823079, -118.663747403
48.832079, -118.663747403
48.841079, -118.663747403
48.850079, -118.663747403
48.859079, -118.663747403
48.868079, -118.663747403
48.877079, -118.663747403
48.886079, -118.663747403
48.895079, -118.663747403
48.904079, -118.663747403
48.913079, -118.663747403
48.922079, -118.663747403
48.931079, -118.663747403
48.940079, -118.663747403
48.949079, -118.663747403
46.213079, -118.650040645
46.222079, -118.650040645
46.231079, -118.650040645
46.240079, -118.650040645
46.249079, -118.650040645
46.258079, -118.650040645
46.267079, -118.650040645
46.276079, -118.650040645
46.285079, -118.650040645
46.294079, -118.650040645
46.303079, -118.650040645
46.312079, -118.650040645
46.321079, -118.650040645
46.330079, -118.650040645
46.339079, -118.650040645
46.348079, -118.650040645
46.357079, -118.650040645
46.366079, -118.650040645
46.375079, -118.650040645
46.384079, -118.650040645
46.393079, -118.650040645
46.402079, -118.650040645
46.411079, -118.650040645
46.420079, -118.650040645
46.429079, -118.650040645
46.438079, -118.650040645
46.447079, -118.650040645
46.456079, -118.650040645
46.465079, -118.650040645
46.474079, -118.650040645
46.483079, -118.650040645
46.492079, -118.650040645
46.501079, -118.650040645
46.510079, -118.650040645
46.519079, -118.650040645
46.528079, -118.650040645
46.537079, -118.650040645
46.546079, -118.650040645
46.555079, -118.650040645
46.564079, -118.650040645
46.573079, -118.650040645
46.582079, -118.650040645
46.591079, -118.650040645
46.600079, -118.650040645
46.609079, -118.650040645
46.618079, -118.650040645
46.627079, -118.650040645
46.636079, -118.650040645
46.645079, -118.650040645
46.654079, -118.650040645
46.663079, -118.650040645
46.672079, -118.650040645
46.681079, -118.650040645
46.690079, -118.650040645
46.699079, -118.650040645
46.708079, -118.650040645
46.717079, -118.650040645
46.726079, -118.650040645
46.735079, -118.650040645
46.744079, -118.650040645
46.753079, -118.650040645
46.762079, -118.650040645
46.771079, -118.650040645
46.780079, -118.650040645
46.789079, -118.650040645
46.798079, -118.650040645
46.807079, -118.650040645
46.816079, -118.650040645
46.825079, -118.650040645
46.834079, -118.650040645
46.843079, -118.650040645
46.852079, -118.650040645
46.861079, -118.650040645
46.870079, -118.650040645
46.879079, -118.650040645
46.888079, -118.650040645
46.897079, -118.650040645
46.906079, -118.650040645
46.915079, -118.650040645
46.924079, -118.650040645
46.933079, -118.650040645
46.942079, -118.650040645
46.951079, -118.650040645
46.960079, -118.650040645
46.969079, -118.650040645
46.978079, -118.650040645
46.987079, -118.650040645
46.996079, -118.650040645
47.005079, -118.650040645
47.014079, -118.650040645
47.023079, -118.650040645
47.032079, -118.650040645
47.041079, -118.650040645
47.050079, -118.650040645
47.059079, -118.650040645
47.068079, -118.650040645
47.077079, -118.650040645
47.086079, -118.650040645
47.095079, -118.650040645
47.104079, -118.650040645
47.113079, -118.650040645
47.122079, -118.650040645
47.131079, -118.650040645
47.140079, -118.650040645
47.149079, -118.650040645
47.158079, -118.650040645
47.167079, -118.650040645
47.176079, -118.650040645
47.185079, -118.650040645
47.194079, -118.650040645
47.203079, -118.650040645
47.212079, -118.650040645
47.221079, -118.650040645
47.230079, -118.650040645
47.239079, -118.650040645
47.248079, -118.650040645
47.257079, -118.650040645
47.266079, -118.650040645
47.275079, -118.650040645
47.284079, -118.650040645
47.293079, -118.650040645
47.302079, -118.650040645
47.311079, -118.650040645
47.320079, -118.650040645
47.329079, -118.650040645
47.338079, -118.650040645
47.347079, -118.650040645
47.356079, -118.650040645
47.365079, -118.650040645
47.374079, -118.650040645
47.383079, -118.650040645
47.392079, -118.650040645
47.401079, -118.650040645
47.410079, -118.650040645
47.419079, -118.650040645
47.428079, -118.650040645
47.437079, -118.650040645
47.446079, -118.650040645
47.455079, -118.650040645
47.464079, -118.650040645
47.473079, -118.650040645
47.482079, -118.650040645
47.491079, -118.650040645
47.500079, -118.650040645
47.509079, -118.650040645
47.518079, -118.650040645
47.527079, -118.650040645
47.536079, -118.650040645
47.545079, -118.650040645
47.554079, -118.650040645
47.563079, -118.650040645
47.572079, -118.650040645
47.581079, -118.650040645
47.590079, -118.650040645
47.599079, -118.650040645
47.608079, -118.650040645
47.617079, -118.650040645
47.626079, -118.650040645
47.635079, -118.650040645
47.644079, -118.650040645
47.653079, -118.650040645
47.662079, -118.650040645
47.671079, -118.650040645
47.680079, -118.650040645
47.689079, -118.650040645
47.698079, -118.650040645
47.707079, -118.650040645
47.716079, -118.650040645
47.725079, -118.650040645
47.734079, -118.650040645
47.743079, -118.650040645
47.752079, -118.650040645
47.761079, -118.650040645
47.770079, -118.650040645
47.779079, -118.650040645
47.788079, -118.650040645
47.797079, -118.650040645
47.806079, -118.650040645
47.815079, -118.650040645
47.824079, -118.650040645
47.833079, -118.650040645
47.842079, -118.650040645
47.851079, -118.650040645
47.860079, -118.650040645
47.869079, -118.650040645
47.878079, -118.650040645
47.887079, -118.650040645
47.896079, -118.650040645
47.905079, -118.650040645
47.914079, -118.650040645
47.923079, -118.650040645
47.932079, -118.650040645
47.941079, -118.650040645
47.950079, -118.650040645
47.959079, -118.650040645
47.968079, -118.650040645
47.977079, -118.650040645
47.986079, -118.650040645
47.995079, -118.650040645
48.004079, -118.650040645
48.013079, -118.650040645
48.022079, -118.650040645
48.031079, -118.650040645
48.040079, -118.650040645
48.049079, -118.650040645
48.058079, -118.650040645
48.067079, -118.650040645
48.076079, -118.650040645
48.085079, -118.650040645
48.094079, -118.650040645
48.103079, -118.650040645
48.112079, -118.650040645
48.121079, -118.650040645
48.130079, -118.650040645
48.139079, -118.650040645
48.148079, -118.650040645
48.157079, -118.650040645
48.166079, -118.650040645
48.175079, -118.650040645
48.184079, -118.650040645
48.193079, -118.650040645
48.202079, -118.650040645
48.211079, -118.650040645
48.220079, -118.650040645
48.229079, -118.650040645
48.238079, -118.650040645
48.247079, -118.650040645
48.256079, -118.650040645
48.265079, -118.650040645
48.274079, -118.650040645
48.283079, -118.650040645
48.292079, -118.650040645
48.301079, -118.650040645
48.310079, -118.650040645
48.319079, -118.650040645
48.328079, -118.650040645
48.337079, -118.650040645
48.346079, -118.650040645
48.355079, -118.650040645
48.364079, -118.650040645
48.373079, -118.650040645
48.382079, -118.650040645
48.391079, -118.650040645
48.400079, -118.650040645
48.409079, -118.650040645
48.418079, -118.650040645
48.427079, -118.650040645
48.436079, -118.650040645
48.445079, -118.650040645
48.454079, -118.650040645
48.463079, -118.650040645
48.472079, -118.650040645
48.481079, -118.650040645
48.490079, -118.650040645
48.499079, -118.650040645
48.508079, -118.650040645
48.517079, -118.650040645
48.526079, -118.650040645
48.535079, -118.650040645
48.544079, -118.650040645
48.553079, -118.650040645
48.562079, -118.650040645
48.571079, -118.650040645
48.580079, -118.650040645
48.589079, -118.650040645
48.598079, -118.650040645
48.607079, -118.650040645
48.616079, -118.650040645
48.625079, -118.650040645
48.634079, -118.650040645
48.643079, -118.650040645
48.652079, -118.650040645
48.661079, -118.650040645
48.670079, -118.650040645
48.679079, -118.650040645
48.688079, -118.650040645
48.697079, -118.650040645
48.706079, -118.650040645
48.715079, -118.650040645
48.724079, -118.650040645
48.733079, -118.650040645
48.742079, -118.650040645
48.751079, -118.650040645
48.760079, -118.650040645
48.769079, -118.650040645
48.778079, -118.650040645
48.787079, -118.650040645
48.796079, -118.650040645
48.805079, -118.650040645
48.814079, -118.650040645
48.823079, -118.650040645
48.832079, -118.650040645
48.841079, -118.650040645
48.850079, -118.650040645
48.859079, -118.650040645
48.868079, -118.650040645
48.877079, -118.650040645
48.886079, -118.650040645
48.895079, -118.650040645
48.904079, -118.650040645
48.913079, -118.650040645
48.922079, -118.650040645
48.931079, -118.650040645
48.940079, -118.650040645
48.949079, -118.650040645
46.213079, -118.636333886
46.222079, -118.636333886
46.231079, -118.636333886
46.240079, -118.636333886
46.249079, -118.636333886
46.258079, -118.636333886
46.267079, -118.636333886
46.276079, -118.636333886
46.285079, -118.636333886
46.294079, -118.636333886
46.303079, -118.636333886
46.312079, -118.636333886
46.321079, -118.636333886
46.330079, -118.636333886
46.339079, -118.636333886
46.348079, -118.636333886
46.357079, -118.636333886
46.366079, -118.636333886
46.375079, -118.636333886
46.384079, -118.636333886
46.393079, -118.636333886
46.402079, -118.636333886
46.411079, -118.636333886
46.420079, -118.636333886
46.429079, -118.636333886
46.438079, -118.636333886
46.447079, -118.636333886
46.456079, -118.636333886
46.465079, -118.636333886
46.474079, -118.636333886
46.483079, -118.636333886
46.492079, -118.636333886
46.501079, -118.636333886
46.510079, -118.636333886
46.519079, -118.636333886
46.528079, -118.636333886
46.537079, -118.636333886
46.546079, -118.636333886
46.555079, -118.636333886
46.564079, -118.636333886
46.573079, -118.636333886
46.582079, -118.636333886
46.591079, -118.636333886
46.600079, -118.636333886
46.609079, -118.636333886
46.618079, -118.636333886
46.627079, -118.636333886
46.636079, -118.636333886
46.645079, -118.636333886
46.654079, -118.636333886
46.663079, -118.636333886
46.672079, -118.636333886
46.681079, -118.636333886
46.690079, -118.636333886
46.699079, -118.636333886
46.708079, -118.636333886
46.717079, -118.636333886
46.726079, -118.636333886
46.735079, -118.636333886
46.744079, -118.636333886
46.753079, -118.636333886
46.762079, -118.636333886
46.771079, -118.636333886
46.780079, -118.636333886
46.789079, -118.636333886
46.798079, -118.636333886
46.807079, -118.636333886
46.816079, -118.636333886
46.825079, -118.636333886
46.834079, -118.636333886
46.843079, -118.636333886
46.852079, -118.636333886
46.861079, -118.636333886
46.870079, -118.636333886
46.879079, -118.636333886
46.888079, -118.636333886
46.897079, -118.636333886
46.906079, -118.636333886
46.915079, -118.636333886
46.924079, -118.636333886
46.933079, -118.636333886
46.942079, -118.636333886
46.951079, -118.636333886
46.960079, -118.636333886
46.969079, -118.636333886
46.978079, -118.636333886
46.987079, -118.636333886
46.996079, -118.636333886
47.005079, -118.636333886
47.014079, -118.636333886
47.023079, -118.636333886
47.032079, -118.636333886
47.041079, -118.636333886
47.050079, -118.636333886
47.059079, -118.636333886
47.068079, -118.636333886
47.077079, -118.636333886
47.086079, -118.636333886
47.095079, -118.636333886
47.104079, -118.636333886
47.113079, -118.636333886
47.122079, -118.636333886
47.131079, -118.636333886
47.140079, -118.636333886
47.149079, -118.636333886
47.158079, -118.636333886
47.167079, -118.636333886
47.176079, -118.636333886
47.185079, -118.636333886
47.194079, -118.636333886
47.203079, -118.636333886
47.212079, -118.636333886
47.221079, -118.636333886
47.230079, -118.636333886
47.239079, -118.636333886
47.248079, -118.636333886
47.257079, -118.636333886
47.266079, -118.636333886
47.275079, -118.636333886
47.284079, -118.636333886
47.293079, -118.636333886
47.302079, -118.636333886
47.311079, -118.636333886
47.320079, -118.636333886
47.329079, -118.636333886
47.338079, -118.636333886
47.347079, -118.636333886
47.356079, -118.636333886
47.365079, -118.636333886
47.374079, -118.636333886
47.383079, -118.636333886
47.392079, -118.636333886
47.401079, -118.636333886
47.410079, -118.636333886
47.419079, -118.636333886
47.428079, -118.636333886
47.437079, -118.636333886
47.446079, -118.636333886
47.455079, -118.636333886
47.464079, -118.636333886
47.473079, -118.636333886
47.482079, -118.636333886
47.491079, -118.636333886
47.500079, -118.636333886
47.509079, -118.636333886
47.518079, -118.636333886
47.527079, -118.636333886
47.536079, -118.636333886
47.545079, -118.636333886
47.554079, -118.636333886
47.563079, -118.636333886
47.572079, -118.636333886
47.581079, -118.636333886
47.590079, -118.636333886
47.599079, -118.636333886
47.608079, -118.636333886
47.617079, -118.636333886
47.626079, -118.636333886
47.635079, -118.636333886
47.644079, -118.636333886
47.653079, -118.636333886
47.662079, -118.636333886
47.671079, -118.636333886
47.680079, -118.636333886
47.689079, -118.636333886
47.698079, -118.636333886
47.707079, -118.636333886
47.716079, -118.636333886
47.725079, -118.636333886
47.734079, -118.636333886
47.743079, -118.636333886
47.752079, -118.636333886
47.761079, -118.636333886
47.770079, -118.636333886
47.779079, -118.636333886
47.788079, -118.636333886
47.797079, -118.636333886
47.806079, -118.636333886
47.815079, -118.636333886
47.824079, -118.636333886
47.833079, -118.636333886
47.842079, -118.636333886
47.851079, -118.636333886
47.860079, -118.636333886
47.869079, -118.636333886
47.878079, -118.636333886
47.887079, -118.636333886
47.896079, -118.636333886
47.905079, -118.636333886
47.914079, -118.636333886
47.923079, -118.636333886
47.932079, -118.636333886
47.941079, -118.636333886
47.950079, -118.636333886
47.959079, -118.636333886
47.968079, -118.636333886
47.977079, -118.636333886
47.986079, -118.636333886
47.995079, -118.636333886
48.004079, -118.636333886
48.013079, -118.636333886
48.022079, -118.636333886
48.031079, -118.636333886
48.040079, -118.636333886
48.049079, -118.636333886
48.058079, -118.636333886
48.067079, -118.636333886
48.076079, -118.636333886
48.085079, -118.636333886
48.094079, -118.636333886
48.103079, -118.636333886
48.112079, -118.636333886
48.121079, -118.636333886
48.130079, -118.636333886
48.139079, -118.636333886
48.148079, -118.636333886
48.157079, -118.636333886
48.166079, -118.636333886
48.175079, -118.636333886
48.184079, -118.636333886
48.193079, -118.636333886
48.202079, -118.636333886
48.211079, -118.636333886
48.220079, -118.636333886
48.229079, -118.636333886
48.238079, -118.636333886
48.247079, -118.636333886
48.256079, -118.636333886
48.265079, -118.636333886
48.274079, -118.636333886
48.283079, -118.636333886
48.292079, -118.636333886
48.301079, -118.636333886
48.310079, -118.636333886
48.319079, -118.636333886
48.328079, -118.636333886
48.337079, -118.636333886
48.346079, -118.636333886
48.355079, -118.636333886
48.364079, -118.636333886
48.373079, -118.636333886
48.382079, -118.636333886
48.391079, -118.636333886
48.400079, -118.636333886
48.409079, -118.636333886
48.418079, -118.636333886
48.427079, -118.636333886
48.436079, -118.636333886
48.445079, -118.636333886
48.454079, -118.636333886
48.463079, -118.636333886
48.472079, -118.636333886
48.481079, -118.636333886
48.490079, -118.636333886
48.499079, -118.636333886
48.508079, -118.636333886
48.517079, -118.636333886
48.526079, -118.636333886
48.535079, -118.636333886
48.544079, -118.636333886
48.553079, -118.636333886
48.562079, -118.636333886
48.571079, -118.636333886
48.580079, -118.636333886
48.589079, -118.636333886
48.598079, -118.636333886
48.607079, -118.636333886
48.616079, -118.636333886
48.625079, -118.636333886
48.634079, -118.636333886
48.643079, -118.636333886
48.652079, -118.636333886
48.661079, -118.636333886
48.670079, -118.636333886
48.679079, -118.636333886
48.688079, -118.636333886
48.697079, -118.636333886
48.706079, -118.636333886
48.715079, -118.636333886
48.724079, -118.636333886
48.733079, -118.636333886
48.742079, -118.636333886
48.751079, -118.636333886
48.760079, -118.636333886
48.769079, -118.636333886
48.778079, -118.636333886
48.787079, -118.636333886
48.796079, -118.636333886
48.805079, -118.636333886
48.814079, -118.636333886
48.823079, -118.636333886
48.832079, -118.636333886
48.841079, -118.636333886
48.850079, -118.636333886
48.859079, -118.636333886
48.868079, -118.636333886
48.877079, -118.636333886
48.886079, -118.636333886
48.895079, -118.636333886
48.904079, -118.636333886
48.913079, -118.636333886
48.922079, -118.636333886
48.931079, -118.636333886
48.940079, -118.636333886
48.949079, -118.636333886
46.213079, -118.622627128
46.222079, -118.622627128
46.231079, -118.622627128
46.240079, -118.622627128
46.249079, -118.622627128
46.258079, -118.622627128
46.267079, -118.622627128
46.276079, -118.622627128
46.285079, -118.622627128
46.294079, -118.622627128
46.303079, -118.622627128
46.312079, -118.622627128
46.321079, -118.622627128
46.330079, -118.622627128
46.339079, -118.622627128
46.348079, -118.622627128
46.357079, -118.622627128
46.366079, -118.622627128
46.375079, -118.622627128
46.384079, -118.622627128
46.393079, -118.622627128
46.402079, -118.622627128
46.411079, -118.622627128
46.420079, -118.622627128
46.429079, -118.622627128
46.438079, -118.622627128
46.447079, -118.622627128
46.456079, -118.622627128
46.465079, -118.622627128
46.474079, -118.622627128
46.483079, -118.622627128
46.492079, -118.622627128
46.501079, -118.622627128
46.510079, -118.622627128
46.519079, -118.622627128
46.528079, -118.622627128
46.537079, -118.622627128
46.546079, -118.622627128
46.555079, -118.622627128
46.564079, -118.622627128
46.573079, -118.622627128
46.582079, -118.622627128
46.591079, -118.622627128
46.600079, -118.622627128
46.609079, -118.622627128
46.618079, -118.622627128
46.627079, -118.622627128
46.636079, -118.622627128
46.645079, -118.622627128
46.654079, -118.622627128
46.663079, -118.622627128
46.672079, -118.622627128
46.681079, -118.622627128
46.690079, -118.622627128
46.699079, -118.622627128
46.708079, -118.622627128
46.717079, -118.622627128
46.726079, -118.622627128
46.735079, -118.622627128
46.744079, -118.622627128
46.753079, -118.622627128
46.762079, -118.622627128
46.771079, -118.622627128
46.780079, -118.622627128
46.789079, -118.622627128
46.798079, -118.622627128
46.807079, -118.622627128
46.816079, -118.622627128
46.825079, -118.622627128
46.834079, -118.622627128
46.843079, -118.622627128
46.852079, -118.622627128
46.861079, -118.622627128
46.870079, -118.622627128
46.879079, -118.622627128
46.888079, -118.622627128
46.897079, -118.622627128
46.906079, -118.622627128
46.915079, -118.622627128
46.924079, -118.622627128
46.933079, -118.622627128
46.942079, -118.622627128
46.951079, -118.622627128
46.960079, -118.622627128
46.969079, -118.622627128
46.978079, -118.622627128
46.987079, -118.622627128
46.996079, -118.622627128
47.005079, -118.622627128
47.014079, -118.622627128
47.023079, -118.622627128
47.032079, -118.622627128
47.041079, -118.622627128
47.050079, -118.622627128
47.059079, -118.622627128
47.068079, -118.622627128
47.077079, -118.622627128
47.086079, -118.622627128
47.095079, -118.622627128
47.104079, -118.622627128
47.113079, -118.622627128
47.122079, -118.622627128
47.131079, -118.622627128
47.140079, -118.622627128
47.149079, -118.622627128
47.158079, -118.622627128
47.167079, -118.622627128
47.176079, -118.622627128
47.185079, -118.622627128
47.194079, -118.622627128
47.203079, -118.622627128
47.212079, -118.622627128
47.221079, -118.622627128
47.230079, -118.622627128
47.239079, -118.622627128
47.248079, -118.622627128
47.257079, -118.622627128
47.266079, -118.622627128
47.275079, -118.622627128
47.284079, -118.622627128
47.293079, -118.622627128
47.302079, -118.622627128
47.311079, -118.622627128
47.320079, -118.622627128
47.329079, -118.622627128
47.338079, -118.622627128
47.347079, -118.622627128
47.356079, -118.622627128
47.365079, -118.622627128
47.374079, -118.622627128
47.383079, -118.622627128
47.392079, -118.622627128
47.401079, -118.622627128
47.410079, -118.622627128
47.419079, -118.622627128
47.428079, -118.622627128
47.437079, -118.622627128
47.446079, -118.622627128
47.455079, -118.622627128
47.464079, -118.622627128
47.473079, -118.622627128
47.482079, -118.622627128
47.491079, -118.622627128
47.500079, -118.622627128
47.509079, -118.622627128
47.518079, -118.622627128
47.527079, -118.622627128
47.536079, -118.622627128
47.545079, -118.622627128
47.554079, -118.622627128
47.563079, -118.622627128
47.572079, -118.622627128
47.581079, -118.622627128
47.590079, -118.622627128
47.599079, -118.622627128
47.608079, -118.622627128
47.617079, -118.622627128
47.626079, -118.622627128
47.635079, -118.622627128
47.644079, -118.622627128
47.653079, -118.622627128
47.662079, -118.622627128
47.671079, -118.622627128
47.680079, -118.622627128
47.689079, -118.622627128
47.698079, -118.622627128
47.707079, -118.622627128
47.716079, -118.622627128
47.725079, -118.622627128
47.734079, -118.622627128
47.743079, -118.622627128
47.752079, -118.622627128
47.761079, -118.622627128
47.770079, -118.622627128
47.779079, -118.622627128
47.788079, -118.622627128
47.797079, -118.622627128
47.806079, -118.622627128
47.815079, -118.622627128
47.824079, -118.622627128
47.833079, -118.622627128
47.842079, -118.622627128
47.851079, -118.622627128
47.860079, -118.622627128
47.869079, -118.622627128
47.878079, -118.622627128
47.887079, -118.622627128
47.896079, -118.622627128
47.905079, -118.622627128
47.914079, -118.622627128
47.923079, -118.622627128
47.932079, -118.622627128
47.941079, -118.622627128
47.950079, -118.622627128
47.959079, -118.622627128
47.968079, -118.622627128
47.977079, -118.622627128
47.986079, -118.622627128
47.995079, -118.622627128
48.004079, -118.622627128
48.013079, -118.622627128
48.022079, -118.622627128
48.031079, -118.622627128
48.040079, -118.622627128
48.049079, -118.622627128
48.058079, -118.622627128
48.067079, -118.622627128
48.076079, -118.622627128
48.085079, -118.622627128
48.094079, -118.622627128
48.103079, -118.622627128
48.112079, -118.622627128
48.121079, -118.622627128
48.130079, -118.622627128
48.139079, -118.622627128
48.148079, -118.622627128
48.157079, -118.622627128
48.166079, -118.622627128
48.175079, -118.622627128
48.184079, -118.622627128
48.193079, -118.622627128
48.202079, -118.622627128
48.211079, -118.622627128
48.220079, -118.622627128
48.229079, -118.622627128
48.238079, -118.622627128
48.247079, -118.622627128
48.256079, -118.622627128
48.265079, -118.622627128
48.274079, -118.622627128
48.283079, -118.622627128
48.292079, -118.622627128
48.301079, -118.622627128
48.310079, -118.622627128
48.319079, -118.622627128
48.328079, -118.622627128
48.337079, -118.622627128
48.346079, -118.622627128
48.355079, -118.622627128
48.364079, -118.622627128
48.373079, -118.622627128
48.382079, -118.622627128
48.391079, -118.622627128
48.400079, -118.622627128
48.409079, -118.622627128
48.418079, -118.622627128
48.427079, -118.622627128
48.436079, -118.622627128
48.445079, -118.622627128
48.454079, -118.622627128
48.463079, -118.622627128
48.472079, -118.622627128
48.481079, -118.622627128
48.490079, -118.622627128
48.499079, -118.622627128
48.508079, -118.622627128
48.517079, -118.622627128
48.526079, -118.622627128
48.535079, -118.622627128
48.544079, -118.622627128
48.553079, -118.622627128
48.562079, -118.622627128
48.571079, -118.622627128
48.580079, -118.622627128
48.589079, -118.622627128
48.598079, -118.622627128
48.607079, -118.622627128
48.616079, -118.622627128
48.625079, -118.622627128
48.634079, -118.622627128
48.643079, -118.622627128
48.652079, -118.622627128
48.661079, -118.622627128
48.670079, -118.622627128
48.679079, -118.622627128
48.688079, -118.622627128
48.697079, -118.622627128
48.706079, -118.622627128
48.715079, -118.622627128
48.724079, -118.622627128
48.733079, -118.622627128
48.742079, -118.622627128
48.751079, -118.622627128
48.760079, -118.622627128
48.769079, -118.622627128
48.778079, -118.622627128
48.787079, -118.622627128
48.796079, -118.622627128
48.805079, -118.622627128
48.814079, -118.622627128
48.823079, -118.622627128
48.832079, -118.622627128
48.841079, -118.622627128
48.850079, -118.622627128
48.859079, -118.622627128
48.868079, -118.622627128
48.877079, -118.622627128
48.886079, -118.622627128
48.895079, -118.622627128
48.904079, -118.622627128
48.913079, -118.622627128
48.922079, -118.622627128
48.931079, -118.622627128
48.940079, -118.622627128
48.949079, -118.622627128
46.213079, -118.608920369
46.222079, -118.608920369
46.231079, -118.608920369
46.240079, -118.608920369
46.249079, -118.608920369
46.258079, -118.608920369
46.267079, -118.608920369
46.276079, -118.608920369
46.285079, -118.608920369
46.294079, -118.608920369
46.303079, -118.608920369
46.312079, -118.608920369
46.321079, -118.608920369
46.330079, -118.608920369
46.339079, -118.608920369
46.348079, -118.608920369
46.357079, -118.608920369
46.366079, -118.608920369
46.375079, -118.608920369
46.384079, -118.608920369
46.393079, -118.608920369
46.402079, -118.608920369
46.411079, -118.608920369
46.420079, -118.608920369
46.429079, -118.608920369
46.438079, -118.608920369
46.447079, -118.608920369
46.456079, -118.608920369
46.465079, -118.608920369
46.474079, -118.608920369
46.483079, -118.608920369
46.492079, -118.608920369
46.501079, -118.608920369
46.510079, -118.608920369
46.519079, -118.608920369
46.528079, -118.608920369
46.537079, -118.608920369
46.546079, -118.608920369
46.555079, -118.608920369
46.564079, -118.608920369
46.573079, -118.608920369
46.582079, -118.608920369
46.591079, -118.608920369
46.600079, -118.608920369
46.609079, -118.608920369
46.618079, -118.608920369
46.627079, -118.608920369
46.636079, -118.608920369
46.645079, -118.608920369
46.654079, -118.608920369
46.663079, -118.608920369
46.672079, -118.608920369
46.681079, -118.608920369
46.690079, -118.608920369
46.699079, -118.608920369
46.708079, -118.608920369
46.717079, -118.608920369
46.726079, -118.608920369
46.735079, -118.608920369
46.744079, -118.608920369
46.753079, -118.608920369
46.762079, -118.608920369
46.771079, -118.608920369
46.780079, -118.608920369
46.789079, -118.608920369
46.798079, -118.608920369
46.807079, -118.608920369
46.816079, -118.608920369
46.825079, -118.608920369
46.834079, -118.608920369
46.843079, -118.608920369
46.852079, -118.608920369
46.861079, -118.608920369
46.870079, -118.608920369
46.879079, -118.608920369
46.888079, -118.608920369
46.897079, -118.608920369
46.906079, -118.608920369
46.915079, -118.608920369
46.924079, -118.608920369
46.933079, -118.608920369
46.942079, -118.608920369
46.951079, -118.608920369
46.960079, -118.608920369
46.969079, -118.608920369
46.978079, -118.608920369
46.987079, -118.608920369
46.996079, -118.608920369
47.005079, -118.608920369
47.014079, -118.608920369
47.023079, -118.608920369
47.032079, -118.608920369
47.041079, -118.608920369
47.050079, -118.608920369
47.059079, -118.608920369
47.068079, -118.608920369
47.077079, -118.608920369
47.086079, -118.608920369
47.095079, -118.608920369
47.104079, -118.608920369
47.113079, -118.608920369
47.122079, -118.608920369
47.131079, -118.608920369
47.140079, -118.608920369
47.149079, -118.608920369
47.158079, -118.608920369
47.167079, -118.608920369
47.176079, -118.608920369
47.185079, -118.608920369
47.194079, -118.608920369
47.203079, -118.608920369
47.212079, -118.608920369
47.221079, -118.608920369
47.230079, -118.608920369
47.239079, -118.608920369
47.248079, -118.608920369
47.257079, -118.608920369
47.266079, -118.608920369
47.275079, -118.608920369
47.284079, -118.608920369
47.293079, -118.608920369
47.302079, -118.608920369
47.311079, -118.608920369
47.320079, -118.608920369
47.329079, -118.608920369
47.338079, -118.608920369
47.347079, -118.608920369
47.356079, -118.608920369
47.365079, -118.608920369
47.374079, -118.608920369
47.383079, -118.608920369
47.392079, -118.608920369
47.401079, -118.608920369
47.410079, -118.608920369
47.419079, -118.608920369
47.428079, -118.608920369
47.437079, -118.608920369
47.446079, -118.608920369
47.455079, -118.608920369
47.464079, -118.608920369
47.473079, -118.608920369
47.482079, -118.608920369
47.491079, -118.608920369
47.500079, -118.608920369
47.509079, -118.608920369
47.518079, -118.608920369
47.527079, -118.608920369
47.536079, -118.608920369
47.545079, -118.608920369
47.554079, -118.608920369
47.563079, -118.608920369
47.572079, -118.608920369
47.581079, -118.608920369
47.590079, -118.608920369
47.599079, -118.608920369
47.608079, -118.608920369
47.617079, -118.608920369
47.626079, -118.608920369
47.635079, -118.608920369
47.644079, -118.608920369
47.653079, -118.608920369
47.662079, -118.608920369
47.671079, -118.608920369
47.680079, -118.608920369
47.689079, -118.608920369
47.698079, -118.608920369
47.707079, -118.608920369
47.716079, -118.608920369
47.725079, -118.608920369
47.734079, -118.608920369
47.743079, -118.608920369
47.752079, -118.608920369
47.761079, -118.608920369
47.770079, -118.608920369
47.779079, -118.608920369
47.788079, -118.608920369
47.797079, -118.608920369
47.806079, -118.608920369
47.815079, -118.608920369
47.824079, -118.608920369
47.833079, -118.608920369
47.842079, -118.608920369
47.851079, -118.608920369
47.860079, -118.608920369
47.869079, -118.608920369
47.878079, -118.608920369
47.887079, -118.608920369
47.896079, -118.608920369
47.905079, -118.608920369
47.914079, -118.608920369
47.923079, -118.608920369
47.932079, -118.608920369
47.941079, -118.608920369
47.950079, -118.608920369
47.959079, -118.608920369
47.968079, -118.608920369
47.977079, -118.608920369
47.986079, -118.608920369
47.995079, -118.608920369
48.004079, -118.608920369
48.013079, -118.608920369
48.022079, -118.608920369
48.031079, -118.608920369
48.040079, -118.608920369
48.049079, -118.608920369
48.058079, -118.608920369
48.067079, -118.608920369
48.076079, -118.608920369
48.085079, -118.608920369
48.094079, -118.608920369
48.103079, -118.608920369
48.112079, -118.608920369
48.121079, -118.608920369
48.130079, -118.608920369
48.139079, -118.608920369
48.148079, -118.608920369
48.157079, -118.608920369
48.166079, -118.608920369
48.175079, -118.608920369
48.184079, -118.608920369
48.193079, -118.608920369
48.202079, -118.608920369
48.211079, -118.608920369
48.220079, -118.608920369
48.229079, -118.608920369
48.238079, -118.608920369
48.247079, -118.608920369
48.256079, -118.608920369
48.265079, -118.608920369
48.274079, -118.608920369
48.283079, -118.608920369
48.292079, -118.608920369
48.301079, -118.608920369
48.310079, -118.608920369
48.319079, -118.608920369
48.328079, -118.608920369
48.337079, -118.608920369
48.346079, -118.608920369
48.355079, -118.608920369
48.364079, -118.608920369
48.373079, -118.608920369
48.382079, -118.608920369
48.391079, -118.608920369
48.400079, -118.608920369
48.409079, -118.608920369
48.418079, -118.608920369
48.427079, -118.608920369
48.436079, -118.608920369
48.445079, -118.608920369
48.454079, -118.608920369
48.463079, -118.608920369
48.472079, -118.608920369
48.481079, -118.608920369
48.490079, -118.608920369
48.499079, -118.608920369
48.508079, -118.608920369
48.517079, -118.608920369
48.526079, -118.608920369
48.535079, -118.608920369
48.544079, -118.608920369
48.553079, -118.608920369
48.562079, -118.608920369
48.571079, -118.608920369
48.580079, -118.608920369
48.589079, -118.608920369
48.598079, -118.608920369
48.607079, -118.608920369
48.616079, -118.608920369
48.625079, -118.608920369
48.634079, -118.608920369
48.643079, -118.608920369
48.652079, -118.608920369
48.661079, -118.608920369
48.670079, -118.608920369
48.679079, -118.608920369
48.688079, -118.608920369
48.697079, -118.608920369
48.706079, -118.608920369
48.715079, -118.608920369
48.724079, -118.608920369
48.733079, -118.608920369
48.742079, -118.608920369
48.751079, -118.608920369
48.760079, -118.608920369
48.769079, -118.608920369
48.778079, -118.608920369
48.787079, -118.608920369
48.796079, -118.608920369
48.805079, -118.608920369
48.814079, -118.608920369
48.823079, -118.608920369
48.832079, -118.608920369
48.841079, -118.608920369
48.850079, -118.608920369
48.859079, -118.608920369
48.868079, -118.608920369
48.877079, -118.608920369
48.886079, -118.608920369
48.895079, -118.608920369
48.904079, -118.608920369
48.913079, -118.608920369
48.922079, -118.608920369
48.931079, -118.608920369
48.940079, -118.608920369
48.949079, -118.608920369
46.213079, -118.595213611
46.222079, -118.595213611
46.231079, -118.595213611
46.240079, -118.595213611
46.249079, -118.595213611
46.258079, -118.595213611
46.267079, -118.595213611
46.276079, -118.595213611
46.285079, -118.595213611
46.294079, -118.595213611
46.303079, -118.595213611
46.312079, -118.595213611
46.321079, -118.595213611
46.330079, -118.595213611
46.339079, -118.595213611
46.348079, -118.595213611
46.357079, -118.595213611
46.366079, -118.595213611
46.375079, -118.595213611
46.384079, -118.595213611
46.393079, -118.595213611
46.402079, -118.595213611
46.411079, -118.595213611
46.420079, -118.595213611
46.429079, -118.595213611
46.438079, -118.595213611
46.447079, -118.595213611
46.456079, -118.595213611
46.465079, -118.595213611
46.474079, -118.595213611
46.483079, -118.595213611
46.492079, -118.595213611
46.501079, -118.595213611
46.510079, -118.595213611
46.519079, -118.595213611
46.528079, -118.595213611
46.537079, -118.595213611
46.546079, -118.595213611
46.555079, -118.595213611
46.564079, -118.595213611
46.573079, -118.595213611
46.582079, -118.595213611
46.591079, -118.595213611
46.600079, -118.595213611
46.609079, -118.595213611
46.618079, -118.595213611
46.627079, -118.595213611
46.636079, -118.595213611
46.645079, -118.595213611
46.654079, -118.595213611
46.663079, -118.595213611
46.672079, -118.595213611
46.681079, -118.595213611
46.690079, -118.595213611
46.699079, -118.595213611
46.708079, -118.595213611
46.717079, -118.595213611
46.726079, -118.595213611
46.735079, -118.595213611
46.744079, -118.595213611
46.753079, -118.595213611
46.762079, -118.595213611
46.771079, -118.595213611
46.780079, -118.595213611
46.789079, -118.595213611
46.798079, -118.595213611
46.807079, -118.595213611
46.816079, -118.595213611
46.825079, -118.595213611
46.834079, -118.595213611
46.843079, -118.595213611
46.852079, -118.595213611
46.861079, -118.595213611
46.870079, -118.595213611
46.879079, -118.595213611
46.888079, -118.595213611
46.897079, -118.595213611
46.906079, -118.595213611
46.915079, -118.595213611
46.924079, -118.595213611
46.933079, -118.595213611
46.942079, -118.595213611
46.951079, -118.595213611
46.960079, -118.595213611
46.969079, -118.595213611
46.978079, -118.595213611
46.987079, -118.595213611
46.996079, -118.595213611
47.005079, -118.595213611
47.014079, -118.595213611
47.023079, -118.595213611
47.032079, -118.595213611
47.041079, -118.595213611
47.050079, -118.595213611
47.059079, -118.595213611
47.068079, -118.595213611
47.077079, -118.595213611
47.086079, -118.595213611
47.095079, -118.595213611
47.104079, -118.595213611
47.113079, -118.595213611
47.122079, -118.595213611
47.131079, -118.595213611
47.140079, -118.595213611
47.149079, -118.595213611
47.158079, -118.595213611
47.167079, -118.595213611
47.176079, -118.595213611
47.185079, -118.595213611
47.194079, -118.595213611
47.203079, -118.595213611
47.212079, -118.595213611
47.221079, -118.595213611
47.230079, -118.595213611
47.239079, -118.595213611
47.248079, -118.595213611
47.257079, -118.595213611
47.266079, -118.595213611
47.275079, -118.595213611
47.284079, -118.595213611
47.293079, -118.595213611
47.302079, -118.595213611
47.311079, -118.595213611
47.320079, -118.595213611
47.329079, -118.595213611
47.338079, -118.595213611
47.347079, -118.595213611
47.356079, -118.595213611
47.365079, -118.595213611
47.374079, -118.595213611
47.383079, -118.595213611
47.392079, -118.595213611
47.401079, -118.595213611
47.410079, -118.595213611
47.419079, -118.595213611
47.428079, -118.595213611
47.437079, -118.595213611
47.446079, -118.595213611
47.455079, -118.595213611
47.464079, -118.595213611
47.473079, -118.595213611
47.482079, -118.595213611
47.491079, -118.595213611
47.500079, -118.595213611
47.509079, -118.595213611
47.518079, -118.595213611
47.527079, -118.595213611
47.536079, -118.595213611
47.545079, -118.595213611
47.554079, -118.595213611
47.563079, -118.595213611
47.572079, -118.595213611
47.581079, -118.595213611
47.590079, -118.595213611
47.599079, -118.595213611
47.608079, -118.595213611
47.617079, -118.595213611
47.626079, -118.595213611
47.635079, -118.595213611
47.644079, -118.595213611
47.653079, -118.595213611
47.662079, -118.595213611
47.671079, -118.595213611
47.680079, -118.595213611
47.689079, -118.595213611
47.698079, -118.595213611
47.707079, -118.595213611
47.716079, -118.595213611
47.725079, -118.595213611
47.734079, -118.595213611
47.743079, -118.595213611
47.752079, -118.595213611
47.761079, -118.595213611
47.770079, -118.595213611
47.779079, -118.595213611
47.788079, -118.595213611
47.797079, -118.595213611
47.806079, -118.595213611
47.815079, -118.595213611
47.824079, -118.595213611
47.833079, -118.595213611
47.842079, -118.595213611
47.851079, -118.595213611
47.860079, -118.595213611
47.869079, -118.595213611
47.878079, -118.595213611
47.887079, -118.595213611
47.896079, -118.595213611
47.905079, -118.595213611
47.914079, -118.595213611
47.923079, -118.595213611
47.932079, -118.595213611
47.941079, -118.595213611
47.950079, -118.595213611
47.959079, -118.595213611
47.968079, -118.595213611
47.977079, -118.595213611
47.986079, -118.595213611
47.995079, -118.595213611
48.004079, -118.595213611
48.013079, -118.595213611
48.022079, -118.595213611
48.031079, -118.595213611
48.040079, -118.595213611
48.049079, -118.595213611
48.058079, -118.595213611
48.067079, -118.595213611
48.076079, -118.595213611
48.085079, -118.595213611
48.094079, -118.595213611
48.103079, -118.595213611
48.112079, -118.595213611
48.121079, -118.595213611
48.130079, -118.595213611
48.139079, -118.595213611
48.148079, -118.595213611
48.157079, -118.595213611
48.166079, -118.595213611
48.175079, -118.595213611
48.184079, -118.595213611
48.193079, -118.595213611
48.202079, -118.595213611
48.211079, -118.595213611
48.220079, -118.595213611
48.229079, -118.595213611
48.238079, -118.595213611
48.247079, -118.595213611
48.256079, -118.595213611
48.265079, -118.595213611
48.274079, -118.595213611
48.283079, -118.595213611
48.292079, -118.595213611
48.301079, -118.595213611
48.310079, -118.595213611
48.319079, -118.595213611
48.328079, -118.595213611
48.337079, -118.595213611
48.346079, -118.595213611
48.355079, -118.595213611
48.364079, -118.595213611
48.373079, -118.595213611
48.382079, -118.595213611
48.391079, -118.595213611
48.400079, -118.595213611
48.409079, -118.595213611
48.418079, -118.595213611
48.427079, -118.595213611
48.436079, -118.595213611
48.445079, -118.595213611
48.454079, -118.595213611
48.463079, -118.595213611
48.472079, -118.595213611
48.481079, -118.595213611
48.490079, -118.595213611
48.499079, -118.595213611
48.508079, -118.595213611
48.517079, -118.595213611
48.526079, -118.595213611
48.535079, -118.595213611
48.544079, -118.595213611
48.553079, -118.595213611
48.562079, -118.595213611
48.571079, -118.595213611
48.580079, -118.595213611
48.589079, -118.595213611
48.598079, -118.595213611
48.607079, -118.595213611
48.616079, -118.595213611
48.625079, -118.595213611
48.634079, -118.595213611
48.643079, -118.595213611
48.652079, -118.595213611
48.661079, -118.595213611
48.670079, -118.595213611
48.679079, -118.595213611
48.688079, -118.595213611
48.697079, -118.595213611
48.706079, -118.595213611
48.715079, -118.595213611
48.724079, -118.595213611
48.733079, -118.595213611
48.742079, -118.595213611
48.751079, -118.595213611
48.760079, -118.595213611
48.769079, -118.595213611
48.778079, -118.595213611
48.787079, -118.595213611
48.796079, -118.595213611
48.805079, -118.595213611
48.814079, -118.595213611
48.823079, -118.595213611
48.832079, -118.595213611
48.841079, -118.595213611
48.850079, -118.595213611
48.859079, -118.595213611
48.868079, -118.595213611
48.877079, -118.595213611
48.886079, -118.595213611
48.895079, -118.595213611
48.904079, -118.595213611
48.913079, -118.595213611
48.922079, -118.595213611
48.931079, -118.595213611
48.940079, -118.595213611
48.949079, -118.595213611
46.213079, -118.581506852
46.222079, -118.581506852
46.231079, -118.581506852
46.240079, -118.581506852
46.249079, -118.581506852
46.258079, -118.581506852
46.267079, -118.581506852
46.276079, -118.581506852
46.285079, -118.581506852
46.294079, -118.581506852
46.303079, -118.581506852
46.312079, -118.581506852
46.321079, -118.581506852
46.330079, -118.581506852
46.339079, -118.581506852
46.348079, -118.581506852
46.357079, -118.581506852
46.366079, -118.581506852
46.375079, -118.581506852
46.384079, -118.581506852
46.393079, -118.581506852
46.402079, -118.581506852
46.411079, -118.581506852
46.420079, -118.581506852
46.429079, -118.581506852
46.438079, -118.581506852
46.447079, -118.581506852
46.456079, -118.581506852
46.465079, -118.581506852
46.474079, -118.581506852
46.483079, -118.581506852
46.492079, -118.581506852
46.501079, -118.581506852
46.510079, -118.581506852
46.519079, -118.581506852
46.528079, -118.581506852
46.537079, -118.581506852
46.546079, -118.581506852
46.555079, -118.581506852
46.564079, -118.581506852
46.573079, -118.581506852
46.582079, -118.581506852
46.591079, -118.581506852
46.600079, -118.581506852
46.609079, -118.581506852
46.618079, -118.581506852
46.627079, -118.581506852
46.636079, -118.581506852
46.645079, -118.581506852
46.654079, -118.581506852
46.663079, -118.581506852
46.672079, -118.581506852
46.681079, -118.581506852
46.690079, -118.581506852
46.699079, -118.581506852
46.708079, -118.581506852
46.717079, -118.581506852
46.726079, -118.581506852
46.735079, -118.581506852
46.744079, -118.581506852
46.753079, -118.581506852
46.762079, -118.581506852
46.771079, -118.581506852
46.780079, -118.581506852
46.789079, -118.581506852
46.798079, -118.581506852
46.807079, -118.581506852
46.816079, -118.581506852
46.825079, -118.581506852
46.834079, -118.581506852
46.843079, -118.581506852
46.852079, -118.581506852
46.861079, -118.581506852
46.870079, -118.581506852
46.879079, -118.581506852
46.888079, -118.581506852
46.897079, -118.581506852
46.906079, -118.581506852
46.915079, -118.581506852
46.924079, -118.581506852
46.933079, -118.581506852
46.942079, -118.581506852
46.951079, -118.581506852
46.960079, -118.581506852
46.969079, -118.581506852
46.978079, -118.581506852
46.987079, -118.581506852
46.996079, -118.581506852
47.005079, -118.581506852
47.014079, -118.581506852
47.023079, -118.581506852
47.032079, -118.581506852
47.041079, -118.581506852
47.050079, -118.581506852
47.059079, -118.581506852
47.068079, -118.581506852
47.077079, -118.581506852
47.086079, -118.581506852
47.095079, -118.581506852
47.104079, -118.581506852
47.113079, -118.581506852
47.122079, -118.581506852
47.131079, -118.581506852
47.140079, -118.581506852
47.149079, -118.581506852
47.158079, -118.581506852
47.167079, -118.581506852
47.176079, -118.581506852
47.185079, -118.581506852
47.194079, -118.581506852
47.203079, -118.581506852
47.212079, -118.581506852
47.221079, -118.581506852
47.230079, -118.581506852
47.239079, -118.581506852
47.248079, -118.581506852
47.257079, -118.581506852
47.266079, -118.581506852
47.275079, -118.581506852
47.284079, -118.581506852
47.293079, -118.581506852
47.302079, -118.581506852
47.311079, -118.581506852
47.320079, -118.581506852
47.329079, -118.581506852
47.338079, -118.581506852
47.347079, -118.581506852
47.356079, -118.581506852
47.365079, -118.581506852
47.374079, -118.581506852
47.383079, -118.581506852
47.392079, -118.581506852
47.401079, -118.581506852
47.410079, -118.581506852
47.419079, -118.581506852
47.428079, -118.581506852
47.437079, -118.581506852
47.446079, -118.581506852
47.455079, -118.581506852
47.464079, -118.581506852
47.473079, -118.581506852
47.482079, -118.581506852
47.491079, -118.581506852
47.500079, -118.581506852
47.509079, -118.581506852
47.518079, -118.581506852
47.527079, -118.581506852
47.536079, -118.581506852
47.545079, -118.581506852
47.554079, -118.581506852
47.563079, -118.581506852
47.572079, -118.581506852
47.581079, -118.581506852
47.590079, -118.581506852
47.599079, -118.581506852
47.608079, -118.581506852
47.617079, -118.581506852
47.626079, -118.581506852
47.635079, -118.581506852
47.644079, -118.581506852
47.653079, -118.581506852
47.662079, -118.581506852
47.671079, -118.581506852
47.680079, -118.581506852
47.689079, -118.581506852
47.698079, -118.581506852
47.707079, -118.581506852
47.716079, -118.581506852
47.725079, -118.581506852
47.734079, -118.581506852
47.743079, -118.581506852
47.752079, -118.581506852
47.761079, -118.581506852
47.770079, -118.581506852
47.779079, -118.581506852
47.788079, -118.581506852
47.797079, -118.581506852
47.806079, -118.581506852
47.815079, -118.581506852
47.824079, -118.581506852
47.833079, -118.581506852
47.842079, -118.581506852
47.851079, -118.581506852
47.860079, -118.581506852
47.869079, -118.581506852
47.878079, -118.581506852
47.887079, -118.581506852
47.896079, -118.581506852
47.905079, -118.581506852
47.914079, -118.581506852
47.923079, -118.581506852
47.932079, -118.581506852
47.941079, -118.581506852
47.950079, -118.581506852
47.959079, -118.581506852
47.968079, -118.581506852
47.977079, -118.581506852
47.986079, -118.581506852
47.995079, -118.581506852
48.004079, -118.581506852
48.013079, -118.581506852
48.022079, -118.581506852
48.031079, -118.581506852
48.040079, -118.581506852
48.049079, -118.581506852
48.058079, -118.581506852
