46.492079, -117.279364795
46.501079, -117.279364795
46.510079, -117.279364795
46.519079, -117.279364795
46.528079, -117.279364795
46.537079, -117.279364795
46.546079, -117.279364795
46.555079, -117.279364795
46.564079, -117.279364795
46.573079, -117.279364795
46.582079, -117.279364795
46.591079, -117.279364795
46.600079, -117.279364795
46.609079, -117.279364795
46.618079, -117.279364795
46.627079, -117.279364795
46.636079, -117.279364795
46.645079, -117.279364795
46.654079, -117.279364795
46.663079, -117.279364795
46.672079, -117.279364795
46.681079, -117.279364795
46.690079, -117.279364795
46.699079, -117.279364795
46.708079, -117.279364795
46.717079, -117.279364795
46.726079, -117.279364795
46.735079, -117.279364795
46.744079, -117.279364795
46.753079, -117.279364795
46.762079, -117.279364795
46.771079, -117.279364795
46.780079, -117.279364795
46.789079, -117.279364795
46.798079, -117.279364795
46.807079, -117.279364795
46.816079, -117.279364795
46.825079, -117.279364795
46.834079, -117.279364795
46.843079, -117.279364795
46.852079, -117.279364795
46.861079, -117.279364795
46.870079, -117.279364795
46.879079, -117.279364795
46.888079, -117.279364795
46.897079, -117.279364795
46.906079, -117.279364795
46.915079, -117.279364795
46.924079, -117.279364795
46.933079, -117.279364795
46.942079, -117.279364795
46.951079, -117.279364795
46.960079, -117.279364795
46.969079, -117.279364795
46.978079, -117.279364795
46.987079, -117.279364795
46.996079, -117.279364795
47.005079, -117.279364795
47.014079, -117.279364795
47.023079, -117.279364795
47.032079, -117.279364795
47.041079, -117.279364795
47.050079, -117.279364795
47.059079, -117.279364795
47.068079, -117.279364795
47.077079, -117.279364795
47.086079, -117.279364795
47.095079, -117.279364795
47.104079, -117.279364795
47.113079, -117.279364795
47.122079, -117.279364795
47.131079, -117.279364795
47.140079, -117.279364795
47.149079, -117.279364795
47.158079, -117.279364795
47.167079, -117.279364795
47.176079, -117.279364795
47.185079, -117.279364795
47.194079, -117.279364795
47.203079, -117.279364795
47.212079, -117.279364795
47.221079, -117.279364795
47.230079, -117.279364795
47.239079, -117.279364795
47.248079, -117.279364795
47.257079, -117.279364795
47.266079, -117.279364795
47.275079, -117.279364795
47.284079, -117.279364795
47.293079, -117.279364795
47.302079, -117.279364795
47.311079, -117.279364795
47.320079, -117.279364795
47.329079, -117.279364795
47.338079, -117.279364795
47.347079, -117.279364795
47.356079, -117.279364795
47.365079, -117.279364795
47.374079, -117.279364795
47.383079, -117.279364795
47.392079, -117.279364795
47.401079, -117.279364795
47.410079, -117.279364795
47.419079, -117.279364795
47.428079, -117.279364795
47.437079, -117.279364795
47.446079, -117.279364795
47.455079, -117.279364795
47.464079, -117.279364795
47.473079, -117.279364795
47.482079, -117.279364795
47.491079, -117.279364795
47.500079, -117.279364795
47.509079, -117.279364795
47.518079, -117.279364795
47.527079, -117.279364795
47.536079, -117.279364795
47.545079, -117.279364795
47.554079, -117.279364795
47.563079, -117.279364795
47.572079, -117.279364795
47.581079, -117.279364795
47.590079, -117.279364795
47.599079, -117.279364795
47.608079, -117.279364795
47.617079, -117.279364795
47.626079, -117.279364795
47.635079, -117.279364795
47.644079, -117.279364795
47.653079, -117.279364795
47.662079, -117.279364795
47.671079, -117.279364795
47.680079, -117.279364795
47.689079, -117.279364795
47.698079, -117.279364795
47.707079, -117.279364795
47.716079, -117.279364795
47.725079, -117.279364795
47.734079, -117.279364795
47.743079, -117.279364795
47.752079, -117.279364795
47.761079, -117.279364795
47.770079, -117.279364795
47.779079, -117.279364795
47.788079, -117.279364795
47.797079, -117.279364795
47.806079, -117.279364795
47.815079, -117.279364795
47.824079, -117.279364795
47.833079, -117.279364795
47.842079, -117.279364795
47.851079, -117.279364795
47.860079, -117.279364795
47.869079, -117.279364795
47.878079, -117.279364795
47.887079, -117.279364795
47.896079, -117.279364795
47.905079, -117.279364795
47.914079, -117.279364795
47.923079, -117.279364795
47.932079, -117.279364795
47.941079, -117.279364795
47.950079, -117.279364795
47.959079, -117.279364795
47.968079, -117.279364795
47.977079, -117.279364795
47.986079, -117.279364795
47.995079, -117.279364795
48.004079, -117.279364795
48.013079, -117.279364795
48.022079, -117.279364795
48.031079, -117.279364795
48.040079, -117.279364795
48.049079, -117.279364795
48.058079, -117.279364795
48.067079, -117.279364795
48.076079, -117.279364795
48.085079, -117.279364795
48.094079, -117.279364795
48.103079, -117.279364795
48.112079, -117.279364795
48.121079, -117.279364795
48.130079, -117.279364795
48.139079, -117.279364795
48.148079, -117.279364795
48.157079, -117.279364795
48.166079, -117.279364795
48.175079, -117.279364795
48.184079, -117.279364795
48.193079, -117.279364795
48.202079, -117.279364795
48.211079, -117.279364795
48.220079, -117.279364795
48.229079, -117.279364795
48.238079, -117.279364795
48.247079, -117.279364795
48.256079, -117.279364795
48.265079, -117.279364795
48.274079, -117.279364795
48.283079, -117.279364795
48.292079, -117.279364795
48.301079, -117.279364795
48.310079, -117.279364795
48.319079, -117.279364795
48.328079, -117.279364795
48.337079, -117.279364795
48.346079, -117.279364795
48.355079, -117.279364795
48.364079, -117.279364795
48.373079, -117.279364795
48.382079, -117.279364795
48.391079, -117.279364795
48.400079, -117.279364795
48.409079, -117.279364795
48.418079, -117.279364795
48.427079, -117.279364795
48.436079, -117.279364795
48.445079, -117.279364795
48.454079, -117.279364795
48.463079, -117.279364795
48.472079, -117.279364795
48.481079, -117.279364795
48.490079, -117.279364795
48.499079, -117.279364795
48.508079, -117.279364795
48.517079, -117.279364795
48.526079, -117.279364795
48.535079, -117.279364795
48.544079, -117.279364795
48.553079, -117.279364795
48.562079, -117.279364795
48.571079, -117.279364795
48.580079, -117.279364795
48.589079, -117.279364795
48.598079, -117.279364795
48.607079, -117.279364795
48.616079, -117.279364795
48.625079, -117.279364795
48.634079, -117.279364795
48.643079, -117.279364795
48.652079, -117.279364795
48.661079, -117.279364795
48.670079, -117.279364795
48.679079, -117.279364795
48.688079, -117.279364795
48.697079, -117.279364795
48.706079, -117.279364795
48.715079, -117.279364795
48.724079, -117.279364795
48.733079, -117.279364795
48.742079, -117.279364795
48.751079, -117.279364795
48.760079, -117.279364795
48.769079, -117.279364795
48.778079, -117.279364795
48.787079, -117.279364795
48.796079, -117.279364795
48.805079, -117.279364795
48.814079, -117.279364795
48.823079, -117.279364795
48.832079, -117.279364795
48.841079, -117.279364795
48.850079, -117.279364795
48.859079, -117.279364795
48.868079, -117.279364795
48.877079, -117.279364795
48.886079, -117.279364795
48.895079, -117.279364795
48.904079, -117.279364795
48.913079, -117.279364795
48.922079, -117.279364795
48.931079, -117.279364795
48.940079, -117.279364795
48.949079, -117.279364795
46.213079, -117.265658037
46.222079, -117.265658037
46.231079, -117.265658037
46.240079, -117.265658037
46.249079, -117.265658037
46.258079, -117.265658037
46.267079, -117.265658037
46.276079, -117.265658037
46.285079, -117.265658037
46.294079, -117.265658037
46.303079, -117.265658037
46.312079, -117.265658037
46.321079, -117.265658037
46.330079, -117.265658037
46.339079, -117.265658037
46.348079, -117.265658037
46.357079, -117.265658037
46.366079, -117.265658037
46.375079, -117.265658037
46.384079, -117.265658037
46.393079, -117.265658037
46.402079, -117.265658037
46.411079, -117.265658037
46.420079, -117.265658037
46.429079, -117.265658037
46.438079, -117.265658037
46.447079, -117.265658037
46.456079, -117.265658037
46.465079, -117.265658037
46.474079, -117.265658037
46.483079, -117.265658037
46.492079, -117.265658037
46.501079, -117.265658037
46.510079, -117.265658037
46.519079, -117.265658037
46.528079, -117.265658037
46.537079, -117.265658037
46.546079, -117.265658037
46.555079, -117.265658037
46.564079, -117.265658037
46.573079, -117.265658037
46.582079, -117.265658037
46.591079, -117.265658037
46.600079, -117.265658037
46.609079, -117.265658037
46.618079, -117.265658037
46.627079, -117.265658037
46.636079, -117.265658037
46.645079, -117.265658037
46.654079, -117.265658037
46.663079, -117.265658037
46.672079, -117.265658037
46.681079, -117.265658037
46.690079, -117.265658037
46.699079, -117.265658037
46.708079, -117.265658037
46.717079, -117.265658037
46.726079, -117.265658037
46.735079, -117.265658037
46.744079, -117.265658037
46.753079, -117.265658037
46.762079, -117.265658037
46.771079, -117.265658037
46.780079, -117.265658037
46.789079, -117.265658037
46.798079, -117.265658037
46.807079, -117.265658037
46.816079, -117.265658037
46.825079, -117.265658037
46.834079, -117.265658037
46.843079, -117.265658037
46.852079, -117.265658037
46.861079, -117.265658037
46.870079, -117.265658037
46.879079, -117.265658037
46.888079, -117.265658037
46.897079, -117.265658037
46.906079, -117.265658037
46.915079, -117.265658037
46.924079, -117.265658037
46.933079, -117.265658037
46.942079, -117.265658037
46.951079, -117.265658037
46.960079, -117.265658037
46.969079, -117.265658037
46.978079, -117.265658037
46.987079, -117.265658037
46.996079, -117.265658037
47.005079, -117.265658037
47.014079, -117.265658037
47.023079, -117.265658037
47.032079, -117.265658037
47.041079, -117.265658037
47.050079, -117.265658037
47.059079, -117.265658037
47.068079, -117.265658037
47.077079, -117.265658037
47.086079, -117.265658037
47.095079, -117.265658037
47.104079, -117.265658037
47.113079, -117.265658037
47.122079, -117.265658037
47.131079, -117.265658037
47.140079, -117.265658037
47.149079, -117.265658037
47.158079, -117.265658037
47.167079, -117.265658037
47.176079, -117.265658037
47.185079, -117.265658037
47.194079, -117.265658037
47.203079, -117.265658037
47.212079, -117.265658037
47.221079, -117.265658037
47.230079, -117.265658037
47.239079, -117.265658037
47.248079, -117.265658037
47.257079, -117.265658037
47.266079, -117.265658037
47.275079, -117.265658037
47.284079, -117.265658037
47.293079, -117.265658037
47.302079, -117.265658037
47.311079, -117.265658037
47.320079, -117.265658037
47.329079, -117.265658037
47.338079, -117.265658037
47.347079, -117.265658037
47.356079, -117.265658037
47.365079, -117.265658037
47.374079, -117.265658037
47.383079, -117.265658037
47.392079, -117.265658037
47.401079, -117.265658037
47.410079, -117.265658037
47.419079, -117.265658037
47.428079, -117.265658037
47.437079, -117.265658037
47.446079, -117.265658037
47.455079, -117.265658037
47.464079, -117.265658037
47.473079, -117.265658037
47.482079, -117.265658037
47.491079, -117.265658037
47.500079, -117.265658037
47.509079, -117.265658037
47.518079, -117.265658037
47.527079, -117.265658037
47.536079, -117.265658037
47.545079, -117.265658037
47.554079, -117.265658037
47.563079, -117.265658037
47.572079, -117.265658037
47.581079, -117.265658037
47.590079, -117.265658037
47.599079, -117.265658037
47.608079, -117.265658037
47.617079, -117.265658037
47.626079, -117.265658037
47.635079, -117.265658037
47.644079, -117.265658037
47.653079, -117.265658037
47.662079, -117.265658037
47.671079, -117.265658037
47.680079, -117.265658037
47.689079, -117.265658037
47.698079, -117.265658037
47.707079, -117.265658037
47.716079, -117.265658037
47.725079, -117.265658037
47.734079, -117.265658037
47.743079, -117.265658037
47.752079, -117.265658037
47.761079, -117.265658037
47.770079, -117.265658037
47.779079, -117.265658037
47.788079, -117.265658037
47.797079, -117.265658037
47.806079, -117.265658037
47.815079, -117.265658037
47.824079, -117.265658037
47.833079, -117.265658037
47.842079, -117.265658037
47.851079, -117.265658037
47.860079, -117.265658037
47.869079, -117.265658037
47.878079, -117.265658037
47.887079, -117.265658037
47.896079, -117.265658037
47.905079, -117.265658037
47.914079, -117.265658037
47.923079, -117.265658037
47.932079, -117.265658037
47.941079, -117.265658037
47.950079, -117.265658037
47.959079, -117.265658037
47.968079, -117.265658037
47.977079, -117.265658037
47.986079, -117.265658037
47.995079, -117.265658037
48.004079, -117.265658037
48.013079, -117.265658037
48.022079, -117.265658037
48.031079, -117.265658037
48.040079, -117.265658037
48.049079, -117.265658037
48.058079, -117.265658037
48.067079, -117.265658037
48.076079, -117.265658037
48.085079, -117.265658037
48.094079, -117.265658037
48.103079, -117.265658037
48.112079, -117.265658037
48.121079, -117.265658037
48.130079, -117.265658037
48.139079, -117.265658037
48.148079, -117.265658037
48.157079, -117.265658037
48.166079, -117.265658037
48.175079, -117.265658037
48.184079, -117.265658037
48.193079, -117.265658037
48.202079, -117.265658037
48.211079, -117.265658037
48.220079, -117.265658037
48.229079, -117.265658037
48.238079, -117.265658037
48.247079, -117.265658037
48.256079, -117.265658037
48.265079, -117.265658037
48.274079, -117.265658037
48.283079, -117.265658037
48.292079, -117.265658037
48.301079, -117.265658037
48.310079, -117.265658037
48.319079, -117.265658037
48.328079, -117.265658037
48.337079, -117.265658037
48.346079, -117.265658037
48.355079, -117.265658037
48.364079, -117.265658037
48.373079, -117.265658037
48.382079, -117.265658037
48.391079, -117.265658037
48.400079, -117.265658037
48.409079, -117.265658037
48.418079, -117.265658037
48.427079, -117.265658037
48.436079, -117.265658037
48.445079, -117.265658037
48.454079, -117.265658037
48.463079, -117.265658037
48.472079, -117.265658037
48.481079, -117.265658037
48.490079, -117.265658037
48.499079, -117.265658037
48.508079, -117.265658037
48.517079, -117.265658037
48.526079, -117.265658037
48.535079, -117.265658037
48.544079, -117.265658037
48.553079, -117.265658037
48.562079, -117.265658037
48.571079, -117.265658037
48.580079, -117.265658037
48.589079, -117.265658037
48.598079, -117.265658037
48.607079, -117.265658037
48.616079, -117.265658037
48.625079, -117.265658037
48.634079, -117.265658037
48.643079, -117.265658037
48.652079, -117.265658037
48.661079, -117.265658037
48.670079, -117.265658037
48.679079, -117.265658037
48.688079, -117.265658037
48.697079, -117.265658037
48.706079, -117.265658037
48.715079, -117.265658037
48.724079, -117.265658037
48.733079, -117.265658037
48.742079, -117.265658037
48.751079, -117.265658037
48.760079, -117.265658037
48.769079, -117.265658037
48.778079, -117.265658037
48.787079, -117.265658037
48.796079, -117.265658037
48.805079, -117.265658037
48.814079, -117.265658037
48.823079, -117.265658037
48.832079, -117.265658037
48.841079, -117.265658037
48.850079, -117.265658037
48.859079, -117.265658037
48.868079, -117.265658037
48.877079, -117.265658037
48.886079, -117.265658037
48.895079, -117.265658037
48.904079, -117.265658037
48.913079, -117.265658037
48.922079, -117.265658037
48.931079, -117.265658037
48.940079, -117.265658037
48.949079, -117.265658037
46.213079, -117.251951278
46.222079, -117.251951278
46.231079, -117.251951278
46.240079, -117.251951278
46.249079, -117.251951278
46.258079, -117.251951278
46.267079, -117.251951278
46.276079, -117.251951278
46.285079, -117.251951278
46.294079, -117.251951278
46.303079, -117.251951278
46.312079, -117.251951278
46.321079, -117.251951278
46.330079, -117.251951278
46.339079, -117.251951278
46.348079, -117.251951278
46.357079, -117.251951278
46.366079, -117.251951278
46.375079, -117.251951278
46.384079, -117.251951278
46.393079, -117.251951278
46.402079, -117.251951278
46.411079, -117.251951278
46.420079, -117.251951278
46.429079, -117.251951278
46.438079, -117.251951278
46.447079, -117.251951278
46.456079, -117.251951278
46.465079, -117.251951278
46.474079, -117.251951278
46.483079, -117.251951278
46.492079, -117.251951278
46.501079, -117.251951278
46.510079, -117.251951278
46.519079, -117.251951278
46.528079, -117.251951278
46.537079, -117.251951278
46.546079, -117.251951278
46.555079, -117.251951278
46.564079, -117.251951278
46.573079, -117.251951278
46.582079, -117.251951278
46.591079, -117.251951278
46.600079, -117.251951278
46.609079, -117.251951278
46.618079, -117.251951278
46.627079, -117.251951278
46.636079, -117.251951278
46.645079, -117.251951278
46.654079, -117.251951278
46.663079, -117.251951278
46.672079, -117.251951278
46.681079, -117.251951278
46.690079, -117.251951278
46.699079, -117.251951278
46.708079, -117.251951278
46.717079, -117.251951278
46.726079, -117.251951278
46.735079, -117.251951278
46.744079, -117.251951278
46.753079, -117.251951278
46.762079, -117.251951278
46.771079, -117.251951278
46.780079, -117.251951278
46.789079, -117.251951278
46.798079, -117.251951278
46.807079, -117.251951278
46.816079, -117.251951278
46.825079, -117.251951278
46.834079, -117.251951278
46.843079, -117.251951278
46.852079, -117.251951278
46.861079, -117.251951278
46.870079, -117.251951278
46.879079, -117.251951278
46.888079, -117.251951278
46.897079, -117.251951278
46.906079, -117.251951278
46.915079, -117.251951278
46.924079, -117.251951278
46.933079, -117.251951278
46.942079, -117.251951278
46.951079, -117.251951278
46.960079, -117.251951278
46.969079, -117.251951278
46.978079, -117.251951278
46.987079, -117.251951278
46.996079, -117.251951278
47.005079, -117.251951278
47.014079, -117.251951278
47.023079, -117.251951278
47.032079, -117.251951278
47.041079, -117.251951278
47.050079, -117.251951278
47.059079, -117.251951278
47.068079, -117.251951278
47.077079, -117.251951278
47.086079, -117.251951278
47.095079, -117.251951278
47.104079, -117.251951278
47.113079, -117.251951278
47.122079, -117.251951278
47.131079, -117.251951278
47.140079, -117.251951278
47.149079, -117.251951278
47.158079, -117.251951278
47.167079, -117.251951278
47.176079, -117.251951278
47.185079, -117.251951278
47.194079, -117.251951278
47.203079, -117.251951278
47.212079, -117.251951278
47.221079, -117.251951278
47.230079, -117.251951278
47.239079, -117.251951278
47.248079, -117.251951278
47.257079, -117.251951278
47.266079, -117.251951278
47.275079, -117.251951278
47.284079, -117.251951278
47.293079, -117.251951278
47.302079, -117.251951278
47.311079, -117.251951278
47.320079, -117.251951278
47.329079, -117.251951278
47.338079, -117.251951278
47.347079, -117.251951278
47.356079, -117.251951278
47.365079, -117.251951278
47.374079, -117.251951278
47.383079, -117.251951278
47.392079, -117.251951278
47.401079, -117.251951278
47.410079, -117.251951278
47.419079, -117.251951278
47.428079, -117.251951278
47.437079, -117.251951278
47.446079, -117.251951278
47.455079, -117.251951278
47.464079, -117.251951278
47.473079, -117.251951278
47.482079, -117.251951278
47.491079, -117.251951278
47.500079, -117.251951278
47.509079, -117.251951278
47.518079, -117.251951278
47.527079, -117.251951278
47.536079, -117.251951278
47.545079, -117.251951278
47.554079, -117.251951278
47.563079, -117.251951278
47.572079, -117.251951278
47.581079, -117.251951278
47.590079, -117.251951278
47.599079, -117.251951278
47.608079, -117.251951278
47.617079, -117.251951278
47.626079, -117.251951278
47.635079, -117.251951278
47.644079, -117.251951278
47.653079, -117.251951278
47.662079, -117.251951278
47.671079, -117.251951278
47.680079, -117.251951278
47.689079, -117.251951278
47.698079, -117.251951278
47.707079, -117.251951278
47.716079, -117.251951278
47.725079, -117.251951278
47.734079, -117.251951278
47.743079, -117.251951278
47.752079, -117.251951278
47.761079, -117.251951278
47.770079, -117.251951278
47.779079, -117.251951278
47.788079, -117.251951278
47.797079, -117.251951278
47.806079, -117.251951278
47.815079, -117.251951278
47.824079, -117.251951278
47.833079, -117.251951278
47.842079, -117.251951278
47.851079, -117.251951278
47.860079, -117.251951278
47.869079, -117.251951278
47.878079, -117.251951278
47.887079, -117.251951278
47.896079, -117.251951278
47.905079, -117.251951278
47.914079, -117.251951278
47.923079, -117.251951278
47.932079, -117.251951278
47.941079, -117.251951278
47.950079, -117.251951278
47.959079, -117.251951278
47.968079, -117.251951278
47.977079, -117.251951278
47.986079, -117.251951278
47.995079, -117.251951278
48.004079, -117.251951278
48.013079, -117.251951278
48.022079, -117.251951278
48.031079, -117.251951278
48.040079, -117.251951278
48.049079, -117.251951278
48.058079, -117.251951278
48.067079, -117.251951278
48.076079, -117.251951278
48.085079, -117.251951278
48.094079, -117.251951278
48.103079, -117.251951278
48.112079, -117.251951278
48.121079, -117.251951278
48.130079, -117.251951278
48.139079, -117.251951278
48.148079, -117.251951278
48.157079, -117.251951278
48.166079, -117.251951278
48.175079, -117.251951278
48.184079, -117.251951278
48.193079, -117.251951278
48.202079, -117.251951278
48.211079, -117.251951278
48.220079, -117.251951278
48.229079, -117.251951278
48.238079, -117.251951278
48.247079, -117.251951278
48.256079, -117.251951278
48.265079, -117.251951278
48.274079, -117.251951278
48.283079, -117.251951278
48.292079, -117.251951278
48.301079, -117.251951278
48.310079, -117.251951278
48.319079, -117.251951278
48.328079, -117.251951278
48.337079, -117.251951278
48.346079, -117.251951278
48.355079, -117.251951278
48.364079, -117.251951278
48.373079, -117.251951278
48.382079, -117.251951278
48.391079, -117.251951278
48.400079, -117.251951278
48.409079, -117.251951278
48.418079, -117.251951278
48.427079, -117.251951278
48.436079, -117.251951278
48.445079, -117.251951278
48.454079, -117.251951278
48.463079, -117.251951278
48.472079, -117.251951278
48.481079, -117.251951278
48.490079, -117.251951278
48.499079, -117.251951278
48.508079, -117.251951278
48.517079, -117.251951278
48.526079, -117.251951278
48.535079, -117.251951278
48.544079, -117.251951278
48.553079, -117.251951278
48.562079, -117.251951278
48.571079, -117.251951278
48.580079, -117.251951278
48.589079, -117.251951278
48.598079, -117.251951278
48.607079, -117.251951278
48.616079, -117.251951278
48.625079, -117.251951278
48.634079, -117.251951278
48.643079, -117.251951278
48.652079, -117.251951278
48.661079, -117.251951278
48.670079, -117.251951278
48.679079, -117.251951278
48.688079, -117.251951278
48.697079, -117.251951278
48.706079, -117.251951278
48.715079, -117.251951278
48.724079, -117.251951278
48.733079, -117.251951278
48.742079, -117.251951278
48.751079, -117.251951278
48.760079, -117.251951278
48.769079, -117.251951278
48.778079, -117.251951278
48.787079, -117.251951278
48.796079, -117.251951278
48.805079, -117.251951278
48.814079, -117.251951278
48.823079, -117.251951278
48.832079, -117.251951278
48.841079, -117.251951278
48.850079, -117.251951278
48.859079, -117.251951278
48.868079, -117.251951278
48.877079, -117.251951278
48.886079, -117.251951278
48.895079, -117.251951278
48.904079, -117.251951278
48.913079, -117.251951278
48.922079, -117.251951278
48.931079, -117.251951278
48.940079, -117.251951278
48.949079, -117.251951278
46.213079, -117.23824452
46.222079, -117.23824452
46.231079, -117.23824452
46.240079, -117.23824452
46.249079, -117.23824452
46.258079, -117.23824452
46.267079, -117.23824452
46.276079, -117.23824452
46.285079, -117.23824452
46.294079, -117.23824452
46.303079, -117.23824452
46.312079, -117.23824452
46.321079, -117.23824452
46.330079, -117.23824452
46.339079, -117.23824452
46.348079, -117.23824452
46.357079, -117.23824452
46.366079, -117.23824452
46.375079, -117.23824452
46.384079, -117.23824452
46.393079, -117.23824452
46.402079, -117.23824452
46.411079, -117.23824452
46.420079, -117.23824452
46.429079, -117.23824452
46.438079, -117.23824452
46.447079, -117.23824452
46.456079, -117.23824452
46.465079, -117.23824452
46.474079, -117.23824452
46.483079, -117.23824452
46.492079, -117.23824452
46.501079, -117.23824452
46.510079, -117.23824452
46.519079, -117.23824452
46.528079, -117.23824452
46.537079, -117.23824452
46.546079, -117.23824452
46.555079, -117.23824452
46.564079, -117.23824452
46.573079, -117.23824452
46.582079, -117.23824452
46.591079, -117.23824452
46.600079, -117.23824452
46.609079, -117.23824452
46.618079, -117.23824452
46.627079, -117.23824452
46.636079, -117.23824452
46.645079, -117.23824452
46.654079, -117.23824452
46.663079, -117.23824452
46.672079, -117.23824452
46.681079, -117.23824452
46.690079, -117.23824452
46.699079, -117.23824452
46.708079, -117.23824452
46.717079, -117.23824452
46.726079, -117.23824452
46.735079, -117.23824452
46.744079, -117.23824452
46.753079, -117.23824452
46.762079, -117.23824452
46.771079, -117.23824452
46.780079, -117.23824452
46.789079, -117.23824452
46.798079, -117.23824452
46.807079, -117.23824452
46.816079, -117.23824452
46.825079, -117.23824452
46.834079, -117.23824452
46.843079, -117.23824452
46.852079, -117.23824452
46.861079, -117.23824452
46.870079, -117.23824452
46.879079, -117.23824452
46.888079, -117.23824452
46.897079, -117.23824452
46.906079, -117.23824452
46.915079, -117.23824452
46.924079, -117.23824452
46.933079, -117.23824452
46.942079, -117.23824452
46.951079, -117.23824452
46.960079, -117.23824452
46.969079, -117.23824452
46.978079, -117.23824452
46.987079, -117.23824452
46.996079, -117.23824452
47.005079, -117.23824452
47.014079, -117.23824452
47.023079, -117.23824452
47.032079, -117.23824452
47.041079, -117.23824452
47.050079, -117.23824452
47.059079, -117.23824452
47.068079, -117.23824452
47.077079, -117.23824452
47.086079, -117.23824452
47.095079, -117.23824452
47.104079, -117.23824452
47.113079, -117.23824452
47.122079, -117.23824452
47.131079, -117.23824452
47.140079, -117.23824452
47.149079, -117.23824452
47.158079, -117.23824452
47.167079, -117.23824452
47.176079, -117.23824452
47.185079, -117.23824452
47.194079, -117.23824452
47.203079, -117.23824452
47.212079, -117.23824452
47.221079, -117.23824452
47.230079, -117.23824452
47.239079, -117.23824452
47.248079, -117.23824452
47.257079, -117.23824452
47.266079, -117.23824452
47.275079, -117.23824452
47.284079, -117.23824452
47.293079, -117.23824452
47.302079, -117.23824452
47.311079, -117.23824452
47.320079, -117.23824452
47.329079, -117.23824452
47.338079, -117.23824452
47.347079, -117.23824452
47.356079, -117.23824452
47.365079, -117.23824452
47.374079, -117.23824452
47.383079, -117.23824452
47.392079, -117.23824452
47.401079, -117.23824452
47.410079, -117.23824452
47.419079, -117.23824452
47.428079, -117.23824452
47.437079, -117.23824452
47.446079, -117.23824452
47.455079, -117.23824452
47.464079, -117.23824452
47.473079, -117.23824452
47.482079, -117.23824452
47.491079, -117.23824452
47.500079, -117.23824452
47.509079, -117.23824452
47.518079, -117.23824452
47.527079, -117.23824452
47.536079, -117.23824452
47.545079, -117.23824452
47.554079, -117.23824452
47.563079, -117.23824452
47.572079, -117.23824452
47.581079, -117.23824452
47.590079, -117.23824452
47.599079, -117.23824452
47.608079, -117.23824452
47.617079, -117.23824452
47.626079, -117.23824452
47.635079, -117.23824452
47.644079, -117.23824452
47.653079, -117.23824452
47.662079, -117.23824452
47.671079, -117.23824452
47.680079, -117.23824452
47.689079, -117.23824452
47.698079, -117.23824452
47.707079, -117.23824452
47.716079, -117.23824452
47.725079, -117.23824452
47.734079, -117.23824452
47.743079, -117.23824452
47.752079, -117.23824452
47.761079, -117.23824452
47.770079, -117.23824452
47.779079, -117.23824452
47.788079, -117.23824452
47.797079, -117.23824452
47.806079, -117.23824452
47.815079, -117.23824452
47.824079, -117.23824452
47.833079, -117.23824452
47.842079, -117.23824452
47.851079, -117.23824452
47.860079, -117.23824452
47.869079, -117.23824452
47.878079, -117.23824452
47.887079, -117.23824452
47.896079, -117.23824452
47.905079, -117.23824452
47.914079, -117.23824452
47.923079, -117.23824452
47.932079, -117.23824452
47.941079, -117.23824452
47.950079, -117.23824452
47.959079, -117.23824452
47.968079, -117.23824452
47.977079, -117.23824452
47.986079, -117.23824452
47.995079, -117.23824452
48.004079, -117.23824452
48.013079, -117.23824452
48.022079, -117.23824452
48.031079, -117.23824452
48.040079, -117.23824452
48.049079, -117.23824452
48.058079, -117.23824452
48.067079, -117.23824452
48.076079, -117.23824452
48.085079, -117.23824452
48.094079, -117.23824452
48.103079, -117.23824452
48.112079, -117.23824452
48.121079, -117.23824452
48.130079, -117.23824452
48.139079, -117.23824452
48.148079, -117.23824452
48.157079, -117.23824452
48.166079, -117.23824452
48.175079, -117.23824452
48.184079, -117.23824452
48.193079, -117.23824452
48.202079, -117.23824452
48.211079, -117.23824452
48.220079, -117.23824452
48.229079, -117.23824452
48.238079, -117.23824452
48.247079, -117.23824452
48.256079, -117.23824452
48.265079, -117.23824452
48.274079, -117.23824452
48.283079, -117.23824452
48.292079, -117.23824452
48.301079, -117.23824452
48.310079, -117.23824452
48.319079, -117.23824452
48.328079, -117.23824452
48.337079, -117.23824452
48.346079, -117.23824452
48.355079, -117.23824452
48.364079, -117.23824452
48.373079, -117.23824452
48.382079, -117.23824452
48.391079, -117.23824452
48.400079, -117.23824452
48.409079, -117.23824452
48.418079, -117.23824452
48.427079, -117.23824452
48.436079, -117.23824452
48.445079, -117.23824452
48.454079, -117.23824452
48.463079, -117.23824452
48.472079, -117.23824452
48.481079, -117.23824452
48.490079, -117.23824452
48.499079, -117.23824452
48.508079, -117.23824452
48.517079, -117.23824452
48.526079, -117.23824452
48.535079, -117.23824452
48.544079, -117.23824452
48.553079, -117.23824452
48.562079, -117.23824452
48.571079, -117.23824452
48.580079, -117.23824452
48.589079, -117.23824452
48.598079, -117.23824452
48.607079, -117.23824452
48.616079, -117.23824452
48.625079, -117.23824452
48.634079, -117.23824452
48.643079, -117.23824452
48.652079, -117.23824452
48.661079, -117.23824452
48.670079, -117.23824452
48.679079, -117.23824452
48.688079, -117.23824452
48.697079, -117.23824452
48.706079, -117.23824452
48.715079, -117.23824452
48.724079, -117.23824452
48.733079, -117.23824452
48.742079, -117.23824452
48.751079, -117.23824452
48.760079, -117.23824452
48.769079, -117.23824452
48.778079, -117.23824452
48.787079, -117.23824452
48.796079, -117.23824452
48.805079, -117.23824452
48.814079, -117.23824452
48.823079, -117.23824452
48.832079, -117.23824452
48.841079, -117.23824452
48.850079, -117.23824452
48.859079, -117.23824452
48.868079, -117.23824452
48.877079, -117.23824452
48.886079, -117.23824452
48.895079, -117.23824452
48.904079, -117.23824452
48.913079, -117.23824452
48.922079, -117.23824452
48.931079, -117.23824452
48.940079, -117.23824452
48.949079, -117.23824452
46.213079, -117.224537761
46.222079, -117.224537761
46.231079, -117.224537761
46.240079, -117.224537761
46.249079, -117.224537761
46.258079, -117.224537761
46.267079, -117.224537761
46.276079, -117.224537761
46.285079, -117.224537761
46.294079, -117.224537761
46.303079, -117.224537761
46.312079, -117.224537761
46.321079, -117.224537761
46.330079, -117.224537761
46.339079, -117.224537761
46.348079, -117.224537761
46.357079, -117.224537761
46.366079, -117.224537761
46.375079, -117.224537761
46.384079, -117.224537761
46.393079, -117.224537761
46.402079, -117.224537761
46.411079, -117.224537761
46.420079, -117.224537761
46.429079, -117.224537761
46.438079, -117.224537761
46.447079, -117.224537761
46.456079, -117.224537761
46.465079, -117.224537761
46.474079, -117.224537761
46.483079, -117.224537761
46.492079, -117.224537761
46.501079, -117.224537761
46.510079, -117.224537761
46.519079, -117.224537761
46.528079, -117.224537761
46.537079, -117.224537761
46.546079, -117.224537761
46.555079, -117.224537761
46.564079, -117.224537761
46.573079, -117.224537761
46.582079, -117.224537761
46.591079, -117.224537761
46.600079, -117.224537761
46.609079, -117.224537761
46.618079, -117.224537761
46.627079, -117.224537761
46.636079, -117.224537761
46.645079, -117.224537761
46.654079, -117.224537761
46.663079, -117.224537761
46.672079, -117.224537761
46.681079, -117.224537761
46.690079, -117.224537761
46.699079, -117.224537761
46.708079, -117.224537761
46.717079, -117.224537761
46.726079, -117.224537761
46.735079, -117.224537761
46.744079, -117.224537761
46.753079, -117.224537761
46.762079, -117.224537761
46.771079, -117.224537761
46.780079, -117.224537761
46.789079, -117.224537761
46.798079, -117.224537761
46.807079, -117.224537761
46.816079, -117.224537761
46.825079, -117.224537761
46.834079, -117.224537761
46.843079, -117.224537761
46.852079, -117.224537761
46.861079, -117.224537761
46.870079, -117.224537761
46.879079, -117.224537761
46.888079, -117.224537761
46.897079, -117.224537761
46.906079, -117.224537761
46.915079, -117.224537761
46.924079, -117.224537761
46.933079, -117.224537761
46.942079, -117.224537761
46.951079, -117.224537761
46.960079, -117.224537761
46.969079, -117.224537761
46.978079, -117.224537761
46.987079, -117.224537761
46.996079, -117.224537761
47.005079, -117.224537761
47.014079, -117.224537761
47.023079, -117.224537761
47.032079, -117.224537761
47.041079, -117.224537761
47.050079, -117.224537761
47.059079, -117.224537761
47.068079, -117.224537761
47.077079, -117.224537761
47.086079, -117.224537761
47.095079, -117.224537761
47.104079, -117.224537761
47.113079, -117.224537761
47.122079, -117.224537761
47.131079, -117.224537761
47.140079, -117.224537761
47.149079, -117.224537761
47.158079, -117.224537761
47.167079, -117.224537761
47.176079, -117.224537761
47.185079, -117.224537761
47.194079, -117.224537761
47.203079, -117.224537761
47.212079, -117.224537761
47.221079, -117.224537761
47.230079, -117.224537761
47.239079, -117.224537761
47.248079, -117.224537761
47.257079, -117.224537761
47.266079, -117.224537761
47.275079, -117.224537761
47.284079, -117.224537761
47.293079, -117.224537761
47.302079, -117.224537761
47.311079, -117.224537761
47.320079, -117.224537761
47.329079, -117.224537761
47.338079, -117.224537761
47.347079, -117.224537761
47.356079, -117.224537761
47.365079, -117.224537761
47.374079, -117.224537761
47.383079, -117.224537761
47.392079, -117.224537761
47.401079, -117.224537761
47.410079, -117.224537761
47.419079, -117.224537761
47.428079, -117.224537761
47.437079, -117.224537761
47.446079, -117.224537761
47.455079, -117.224537761
47.464079, -117.224537761
47.473079, -117.224537761
47.482079, -117.224537761
47.491079, -117.224537761
47.500079, -117.224537761
47.509079, -117.224537761
47.518079, -117.224537761
47.527079, -117.224537761
47.536079, -117.224537761
47.545079, -117.224537761
47.554079, -117.224537761
47.563079, -117.224537761
47.572079, -117.224537761
47.581079, -117.224537761
47.590079, -117.224537761
47.599079, -117.224537761
47.608079, -117.224537761
47.617079, -117.224537761
47.626079, -117.224537761
47.635079, -117.224537761
47.644079, -117.224537761
47.653079, -117.224537761
47.662079, -117.224537761
47.671079, -117.224537761
47.680079, -117.224537761
47.689079, -117.224537761
47.698079, -117.224537761
47.707079, -117.224537761
47.716079, -117.224537761
47.725079, -117.224537761
47.734079, -117.224537761
47.743079, -117.224537761
47.752079, -117.224537761
47.761079, -117.224537761
47.770079, -117.224537761
47.779079, -117.224537761
47.788079, -117.224537761
47.797079, -117.224537761
47.806079, -117.224537761
47.815079, -117.224537761
47.824079, -117.224537761
47.833079, -117.224537761
47.842079, -117.224537761
47.851079, -117.224537761
47.860079, -117.224537761
47.869079, -117.224537761
47.878079, -117.224537761
47.887079, -117.224537761
47.896079, -117.224537761
47.905079, -117.224537761
47.914079, -117.224537761
47.923079, -117.224537761
47.932079, -117.224537761
47.941079, -117.224537761
47.950079, -117.224537761
47.959079, -117.224537761
47.968079, -117.224537761
47.977079, -117.224537761
47.986079, -117.224537761
47.995079, -117.224537761
48.004079, -117.224537761
48.013079, -117.224537761
48.022079, -117.224537761
48.031079, -117.224537761
48.040079, -117.224537761
48.049079, -117.224537761
48.058079, -117.224537761
48.067079, -117.224537761
48.076079, -117.224537761
48.085079, -117.224537761
48.094079, -117.224537761
48.103079, -117.224537761
48.112079, -117.224537761
48.121079, -117.224537761
48.130079, -117.224537761
48.139079, -117.224537761
48.148079, -117.224537761
48.157079, -117.224537761
48.166079, -117.224537761
48.175079, -117.224537761
48.184079, -117.224537761
48.193079, -117.224537761
48.202079, -117.224537761
48.211079, -117.224537761
48.220079, -117.224537761
48.229079, -117.224537761
48.238079, -117.224537761
48.247079, -117.224537761
48.256079, -117.224537761
48.265079, -117.224537761
48.274079, -117.224537761
48.283079, -117.224537761
48.292079, -117.224537761
48.301079, -117.224537761
48.310079, -117.224537761
48.319079, -117.224537761
48.328079, -117.224537761
48.337079, -117.224537761
48.346079, -117.224537761
48.355079, -117.224537761
48.364079, -117.224537761
48.373079, -117.224537761
48.382079, -117.224537761
48.391079, -117.224537761
48.400079, -117.224537761
48.409079, -117.224537761
48.418079, -117.224537761
48.427079, -117.224537761
48.436079, -117.224537761
48.445079, -117.224537761
48.454079, -117.224537761
48.463079, -117.224537761
48.472079, -117.224537761
48.481079, -117.224537761
48.490079, -117.224537761
48.499079, -117.224537761
48.508079, -117.224537761
48.517079, -117.224537761
48.526079, -117.224537761
48.535079, -117.224537761
48.544079, -117.224537761
48.553079, -117.224537761
48.562079, -117.224537761
48.571079, -117.224537761
48.580079, -117.224537761
48.589079, -117.224537761
48.598079, -117.224537761
48.607079, -117.224537761
48.616079, -117.224537761
48.625079, -117.224537761
48.634079, -117.224537761
48.643079, -117.224537761
48.652079, -117.224537761
48.661079, -117.224537761
48.670079, -117.224537761
48.679079, -117.224537761
48.688079, -117.224537761
48.697079, -117.224537761
48.706079, -117.224537761
48.715079, -117.224537761
48.724079, -117.224537761
48.733079, -117.224537761
48.742079, -117.224537761
48.751079, -117.224537761
48.760079, -117.224537761
48.769079, -117.224537761
48.778079, -117.224537761
48.787079, -117.224537761
48.796079, -117.224537761
48.805079, -117.224537761
48.814079, -117.224537761
48.823079, -117.224537761
48.832079, -117.224537761
48.841079, -117.224537761
48.850079, -117.224537761
48.859079, -117.224537761
48.868079, -117.224537761
48.877079, -117.224537761
48.886079, -117.224537761
48.895079, -117.224537761
48.904079, -117.224537761
48.913079, -117.224537761
48.922079, -117.224537761
48.931079, -117.224537761
48.940079, -117.224537761
48.949079, -117.224537761
46.213079, -117.210831003
46.222079, -117.210831003
46.231079, -117.210831003
46.240079, -117.210831003
46.249079, -117.210831003
46.258079, -117.210831003
46.267079, -117.210831003
46.276079, -117.210831003
46.285079, -117.210831003
46.294079, -117.210831003
46.303079, -117.210831003
46.312079, -117.210831003
46.321079, -117.210831003
46.330079, -117.210831003
46.339079, -117.210831003
46.348079, -117.210831003
46.357079, -117.210831003
46.366079, -117.210831003
46.375079, -117.210831003
46.384079, -117.210831003
46.393079, -117.210831003
46.402079, -117.210831003
46.411079, -117.210831003
46.420079, -117.210831003
46.429079, -117.210831003
46.438079, -117.210831003
46.447079, -117.210831003
46.456079, -117.210831003
46.465079, -117.210831003
46.474079, -117.210831003
46.483079, -117.210831003
46.492079, -117.210831003
46.501079, -117.210831003
46.510079, -117.210831003
46.519079, -117.210831003
46.528079, -117.210831003
46.537079, -117.210831003
46.546079, -117.210831003
46.555079, -117.210831003
46.564079, -117.210831003
46.573079, -117.210831003
46.582079, -117.210831003
46.591079, -117.210831003
46.600079, -117.210831003
46.609079, -117.210831003
46.618079, -117.210831003
46.627079, -117.210831003
46.636079, -117.210831003
46.645079, -117.210831003
46.654079, -117.210831003
46.663079, -117.210831003
46.672079, -117.210831003
46.681079, -117.210831003
46.690079, -117.210831003
46.699079, -117.210831003
46.708079, -117.210831003
46.717079, -117.210831003
46.726079, -117.210831003
46.735079, -117.210831003
46.744079, -117.210831003
46.753079, -117.210831003
46.762079, -117.210831003
46.771079, -117.210831003
46.780079, -117.210831003
46.789079, -117.210831003
46.798079, -117.210831003
46.807079, -117.210831003
46.816079, -117.210831003
46.825079, -117.210831003
46.834079, -117.210831003
46.843079, -117.210831003
46.852079, -117.210831003
46.861079, -117.210831003
46.870079, -117.210831003
46.879079, -117.210831003
46.888079, -117.210831003
46.897079, -117.210831003
46.906079, -117.210831003
46.915079, -117.210831003
46.924079, -117.210831003
46.933079, -117.210831003
46.942079, -117.210831003
46.951079, -117.210831003
46.960079, -117.210831003
46.969079, -117.210831003
46.978079, -117.210831003
46.987079, -117.210831003
46.996079, -117.210831003
47.005079, -117.210831003
47.014079, -117.210831003
47.023079, -117.210831003
47.032079, -117.210831003
47.041079, -117.210831003
47.050079, -117.210831003
47.059079, -117.210831003
47.068079, -117.210831003
47.077079, -117.210831003
47.086079, -117.210831003
47.095079, -117.210831003
47.104079, -117.210831003
47.113079, -117.210831003
47.122079, -117.210831003
47.131079, -117.210831003
47.140079, -117.210831003
47.149079, -117.210831003
47.158079, -117.210831003
47.167079, -117.210831003
47.176079, -117.210831003
47.185079, -117.210831003
47.194079, -117.210831003
47.203079, -117.210831003
47.212079, -117.210831003
47.221079, -117.210831003
47.230079, -117.210831003
47.239079, -117.210831003
47.248079, -117.210831003
47.257079, -117.210831003
47.266079, -117.210831003
47.275079, -117.210831003
47.284079, -117.210831003
47.293079, -117.210831003
47.302079, -117.210831003
47.311079, -117.210831003
47.320079, -117.210831003
47.329079, -117.210831003
47.338079, -117.210831003
47.347079, -117.210831003
47.356079, -117.210831003
47.365079, -117.210831003
47.374079, -117.210831003
47.383079, -117.210831003
47.392079, -117.210831003
47.401079, -117.210831003
47.410079, -117.210831003
47.419079, -117.210831003
47.428079, -117.210831003
47.437079, -117.210831003
47.446079, -117.210831003
47.455079, -117.210831003
47.464079, -117.210831003
47.473079, -117.210831003
47.482079, -117.210831003
47.491079, -117.210831003
47.500079, -117.210831003
47.509079, -117.210831003
47.518079, -117.210831003
47.527079, -117.210831003
47.536079, -117.210831003
47.545079, -117.210831003
47.554079, -117.210831003
47.563079, -117.210831003
47.572079, -117.210831003
47.581079, -117.210831003
47.590079, -117.210831003
47.599079, -117.210831003
47.608079, -117.210831003
47.617079, -117.210831003
47.626079, -117.210831003
47.635079, -117.210831003
47.644079, -117.210831003
47.653079, -117.210831003
47.662079, -117.210831003
47.671079, -117.210831003
47.680079, -117.210831003
47.689079, -117.210831003
47.698079, -117.210831003
47.707079, -117.210831003
47.716079, -117.210831003
47.725079, -117.210831003
47.734079, -117.210831003
47.743079, -117.210831003
47.752079, -117.210831003
47.761079, -117.210831003
47.770079, -117.210831003
47.779079, -117.210831003
47.788079, -117.210831003
47.797079, -117.210831003
47.806079, -117.210831003
47.815079, -117.210831003
47.824079, -117.210831003
47.833079, -117.210831003
47.842079, -117.210831003
47.851079, -117.210831003
47.860079, -117.210831003
47.869079, -117.210831003
47.878079, -117.210831003
47.887079, -117.210831003
47.896079, -117.210831003
47.905079, -117.210831003
47.914079, -117.210831003
47.923079, -117.210831003
47.932079, -117.210831003
47.941079, -117.210831003
47.950079, -117.210831003
47.959079, -117.210831003
47.968079, -117.210831003
47.977079, -117.210831003
47.986079, -117.210831003
47.995079, -117.210831003
48.004079, -117.210831003
48.013079, -117.210831003
48.022079, -117.210831003
48.031079, -117.210831003
48.040079, -117.210831003
48.049079, -117.210831003
48.058079, -117.210831003
48.067079, -117.210831003
48.076079, -117.210831003
48.085079, -117.210831003
48.094079, -117.210831003
48.103079, -117.210831003
48.112079, -117.210831003
48.121079, -117.210831003
48.130079, -117.210831003
48.139079, -117.210831003
48.148079, -117.210831003
48.157079, -117.210831003
48.166079, -117.210831003
48.175079, -117.210831003
48.184079, -117.210831003
48.193079, -117.210831003
48.202079, -117.210831003
48.211079, -117.210831003
48.220079, -117.210831003
48.229079, -117.210831003
48.238079, -117.210831003
48.247079, -117.210831003
48.256079, -117.210831003
48.265079, -117.210831003
48.274079, -117.210831003
48.283079, -117.210831003
48.292079, -117.210831003
48.301079, -117.210831003
48.310079, -117.210831003
48.319079, -117.210831003
48.328079, -117.210831003
48.337079, -117.210831003
48.346079, -117.210831003
48.355079, -117.210831003
48.364079, -117.210831003
48.373079, -117.210831003
48.382079, -117.210831003
48.391079, -117.210831003
48.400079, -117.210831003
48.409079, -117.210831003
48.418079, -117.210831003
48.427079, -117.210831003
48.436079, -117.210831003
48.445079, -117.210831003
48.454079, -117.210831003
48.463079, -117.210831003
48.472079, -117.210831003
48.481079, -117.210831003
48.490079, -117.210831003
48.499079, -117.210831003
48.508079, -117.210831003
48.517079, -117.210831003
48.526079, -117.210831003
48.535079, -117.210831003
48.544079, -117.210831003
48.553079, -117.210831003
48.562079, -117.210831003
48.571079, -117.210831003
48.580079, -117.210831003
48.589079, -117.210831003
48.598079, -117.210831003
48.607079, -117.210831003
48.616079, -117.210831003
48.625079, -117.210831003
48.634079, -117.210831003
48.643079, -117.210831003
48.652079, -117.210831003
48.661079, -117.210831003
48.670079, -117.210831003
48.679079, -117.210831003
48.688079, -117.210831003
48.697079, -117.210831003
48.706079, -117.210831003
48.715079, -117.210831003
48.724079, -117.210831003
48.733079, -117.210831003
48.742079, -117.210831003
48.751079, -117.210831003
48.760079, -117.210831003
48.769079, -117.210831003
48.778079, -117.210831003
48.787079, -117.210831003
48.796079, -117.210831003
48.805079, -117.210831003
48.814079, -117.210831003
48.823079, -117.210831003
48.832079, -117.210831003
48.841079, -117.210831003
48.850079, -117.210831003
48.859079, -117.210831003
48.868079, -117.210831003
48.877079, -117.210831003
48.886079, -117.210831003
48.895079, -117.210831003
48.904079, -117.210831003
48.913079, -117.210831003
48.922079, -117.210831003
48.931079, -117.210831003
48.940079, -117.210831003
48.949079, -117.210831003
46.213079, -117.197124244
46.222079, -117.197124244
46.231079, -117.197124244
46.240079, -117.197124244
46.249079, -117.197124244
46.258079, -117.197124244
46.267079, -117.197124244
46.276079, -117.197124244
46.285079, -117.197124244
46.294079, -117.197124244
46.303079, -117.197124244
46.312079, -117.197124244
46.321079, -117.197124244
46.330079, -117.197124244
46.339079, -117.197124244
46.348079, -117.197124244
46.357079, -117.197124244
46.366079, -117.197124244
46.375079, -117.197124244
46.384079, -117.197124244
46.393079, -117.197124244
46.402079, -117.197124244
46.411079, -117.197124244
46.420079, -117.197124244
46.429079, -117.197124244
46.438079, -117.197124244
46.447079, -117.197124244
46.456079, -117.197124244
46.465079, -117.197124244
46.474079, -117.197124244
46.483079, -117.197124244
46.492079, -117.197124244
46.501079, -117.197124244
46.510079, -117.197124244
46.519079, -117.197124244
46.528079, -117.197124244
46.537079, -117.197124244
46.546079, -117.197124244
46.555079, -117.197124244
46.564079, -117.197124244
46.573079, -117.197124244
46.582079, -117.197124244
46.591079, -117.197124244
46.600079, -117.197124244
46.609079, -117.197124244
46.618079, -117.197124244
46.627079, -117.197124244
46.636079, -117.197124244
46.645079, -117.197124244
46.654079, -117.197124244
46.663079, -117.197124244
46.672079, -117.197124244
46.681079, -117.197124244
46.690079, -117.197124244
46.699079, -117.197124244
46.708079, -117.197124244
46.717079, -117.197124244
46.726079, -117.197124244
46.735079, -117.197124244
46.744079, -117.197124244
46.753079, -117.197124244
46.762079, -117.197124244
46.771079, -117.197124244
46.780079, -117.197124244
46.789079, -117.197124244
46.798079, -117.197124244
46.807079, -117.197124244
46.816079, -117.197124244
46.825079, -117.197124244
46.834079, -117.197124244
46.843079, -117.197124244
46.852079, -117.197124244
46.861079, -117.197124244
46.870079, -117.197124244
46.879079, -117.197124244
46.888079, -117.197124244
46.897079, -117.197124244
46.906079, -117.197124244
46.915079, -117.197124244
46.924079, -117.197124244
46.933079, -117.197124244
46.942079, -117.197124244
46.951079, -117.197124244
46.960079, -117.197124244
46.969079, -117.197124244
46.978079, -117.197124244
46.987079, -117.197124244
46.996079, -117.197124244
47.005079, -117.197124244
47.014079, -117.197124244
47.023079, -117.197124244
47.032079, -117.197124244
47.041079, -117.197124244
47.050079, -117.197124244
47.059079, -117.197124244
47.068079, -117.197124244
47.077079, -117.197124244
47.086079, -117.197124244
47.095079, -117.197124244
47.104079, -117.197124244
47.113079, -117.197124244
47.122079, -117.197124244
47.131079, -117.197124244
47.140079, -117.197124244
47.149079, -117.197124244
47.158079, -117.197124244
47.167079, -117.197124244
47.176079, -117.197124244
47.185079, -117.197124244
47.194079, -117.197124244
47.203079, -117.197124244
47.212079, -117.197124244
47.221079, -117.197124244
47.230079, -117.197124244
47.239079, -117.197124244
47.248079, -117.197124244
47.257079, -117.197124244
47.266079, -117.197124244
47.275079, -117.197124244
47.284079, -117.197124244
47.293079, -117.197124244
47.302079, -117.197124244
47.311079, -117.197124244
47.320079, -117.197124244
47.329079, -117.197124244
47.338079, -117.197124244
47.347079, -117.197124244
47.356079, -117.197124244
47.365079, -117.197124244
47.374079, -117.197124244
47.383079, -117.197124244
47.392079, -117.197124244
47.401079, -117.197124244
47.410079, -117.197124244
47.419079, -117.197124244
47.428079, -117.197124244
47.437079, -117.197124244
47.446079, -117.197124244
47.455079, -117.197124244
47.464079, -117.197124244
47.473079, -117.197124244
47.482079, -117.197124244
47.491079, -117.197124244
47.500079, -117.197124244
47.509079, -117.197124244
47.518079, -117.197124244
47.527079, -117.197124244
47.536079, -117.197124244
47.545079, -117.197124244
47.554079, -117.197124244
47.563079, -117.197124244
47.572079, -117.197124244
47.581079, -117.197124244
47.590079, -117.197124244
47.599079, -117.197124244
47.608079, -117.197124244
47.617079, -117.197124244
47.626079, -117.197124244
47.635079, -117.197124244
47.644079, -117.197124244
47.653079, -117.197124244
47.662079, -117.197124244
47.671079, -117.197124244
47.680079, -117.197124244
47.689079, -117.197124244
47.698079, -117.197124244
47.707079, -117.197124244
47.716079, -117.197124244
47.725079, -117.197124244
47.734079, -117.197124244
47.743079, -117.197124244
47.752079, -117.197124244
47.761079, -117.197124244
47.770079, -117.197124244
47.779079, -117.197124244
47.788079, -117.197124244
47.797079, -117.197124244
47.806079, -117.197124244
47.815079, -117.197124244
47.824079, -117.197124244
47.833079, -117.197124244
47.842079, -117.197124244
47.851079, -117.197124244
47.860079, -117.197124244
47.869079, -117.197124244
47.878079, -117.197124244
47.887079, -117.197124244
47.896079, -117.197124244
47.905079, -117.197124244
47.914079, -117.197124244
47.923079, -117.197124244
47.932079, -117.197124244
47.941079, -117.197124244
47.950079, -117.197124244
47.959079, -117.197124244
47.968079, -117.197124244
47.977079, -117.197124244
47.986079, -117.197124244
47.995079, -117.197124244
48.004079, -117.197124244
48.013079, -117.197124244
48.022079, -117.197124244
48.031079, -117.197124244
48.040079, -117.197124244
48.049079, -117.197124244
48.058079, -117.197124244
48.067079, -117.197124244
48.076079, -117.197124244
48.085079, -117.197124244
48.094079, -117.197124244
48.103079, -117.197124244
48.112079, -117.197124244
48.121079, -117.197124244
48.130079, -117.197124244
48.139079, -117.197124244
48.148079, -117.197124244
48.157079, -117.197124244
48.166079, -117.197124244
48.175079, -117.197124244
48.184079, -117.197124244
48.193079, -117.197124244
48.202079, -117.197124244
48.211079, -117.197124244
48.220079, -117.197124244
48.229079, -117.197124244
48.238079, -117.197124244
48.247079, -117.197124244
48.256079, -117.197124244
48.265079, -117.197124244
48.274079, -117.197124244
48.283079, -117.197124244
48.292079, -117.197124244
48.301079, -117.197124244
48.310079, -117.197124244
48.319079, -117.197124244
48.328079, -117.197124244
48.337079, -117.197124244
48.346079, -117.197124244
48.355079, -117.197124244
48.364079, -117.197124244
48.373079, -117.197124244
48.382079, -117.197124244
48.391079, -117.197124244
48.400079, -117.197124244
48.409079, -117.197124244
48.418079, -117.197124244
48.427079, -117.197124244
48.436079, -117.197124244
48.445079, -117.197124244
48.454079, -117.197124244
48.463079, -117.197124244
48.472079, -117.197124244
48.481079, -117.197124244
48.490079, -117.197124244
48.499079, -117.197124244
48.508079, -117.197124244
48.517079, -117.197124244
48.526079, -117.197124244
48.535079, -117.197124244
48.544079, -117.197124244
48.553079, -117.197124244
48.562079, -117.197124244
48.571079, -117.197124244
48.580079, -117.197124244
48.589079, -117.197124244
48.598079, -117.197124244
48.607079, -117.197124244
48.616079, -117.197124244
48.625079, -117.197124244
48.634079, -117.197124244
48.643079, -117.197124244
48.652079, -117.197124244
48.661079, -117.197124244
48.670079, -117.197124244
48.679079, -117.197124244
48.688079, -117.197124244
48.697079, -117.197124244
48.706079, -117.197124244
48.715079, -117.197124244
48.724079, -117.197124244
48.733079, -117.197124244
48.742079, -117.197124244
48.751079, -117.197124244
48.760079, -117.197124244
48.769079, -117.197124244
48.778079, -117.197124244
48.787079, -117.197124244
48.796079, -117.197124244
48.805079, -117.197124244
48.814079, -117.197124244
48.823079, -117.197124244
48.832079, -117.197124244
48.841079, -117.197124244
48.850079, -117.197124244
48.859079, -117.197124244
48.868079, -117.197124244
48.877079, -117.197124244
48.886079, -117.197124244
48.895079, -117.197124244
48.904079, -117.197124244
48.913079, -117.197124244
48.922079, -117.197124244
48.931079, -117.197124244
48.940079, -117.197124244
48.949079, -117.197124244
46.213079, -117.183417486
46.222079, -117.183417486
46.231079, -117.183417486
46.240079, -117.183417486
46.249079, -117.183417486
46.258079, -117.183417486
46.267079, -117.183417486
46.276079, -117.183417486
46.285079, -117.183417486
46.294079, -117.183417486
46.303079, -117.183417486
46.312079, -117.183417486
46.321079, -117.183417486
46.330079, -117.183417486
46.339079, -117.183417486
46.348079, -117.183417486
46.357079, -117.183417486
46.366079, -117.183417486
46.375079, -117.183417486
46.384079, -117.183417486
46.393079, -117.183417486
46.402079, -117.183417486
46.411079, -117.183417486
46.420079, -117.183417486
46.429079, -117.183417486
46.438079, -117.183417486
46.447079, -117.183417486
46.456079, -117.183417486
46.465079, -117.183417486
46.474079, -117.183417486
46.483079, -117.183417486
46.492079, -117.183417486
46.501079, -117.183417486
46.510079, -117.183417486
46.519079, -117.183417486
46.528079, -117.183417486
46.537079, -117.183417486
46.546079, -117.183417486
46.555079, -117.183417486
46.564079, -117.183417486
46.573079, -117.183417486
46.582079, -117.183417486
46.591079, -117.183417486
46.600079, -117.183417486
46.609079, -117.183417486
46.618079, -117.183417486
46.627079, -117.183417486
46.636079, -117.183417486
46.645079, -117.183417486
46.654079, -117.183417486
46.663079, -117.183417486
46.672079, -117.183417486
46.681079, -117.183417486
46.690079, -117.183417486
46.699079, -117.183417486
46.708079, -117.183417486
46.717079, -117.183417486
46.726079, -117.183417486
46.735079, -117.183417486
46.744079, -117.183417486
46.753079, -117.183417486
46.762079, -117.183417486
46.771079, -117.183417486
46.780079, -117.183417486
46.789079, -117.183417486
46.798079, -117.183417486
46.807079, -117.183417486
46.816079, -117.183417486
46.825079, -117.183417486
46.834079, -117.183417486
46.843079, -117.183417486
46.852079, -117.183417486
46.861079, -117.183417486
46.870079, -117.183417486
46.879079, -117.183417486
46.888079, -117.183417486
46.897079, -117.183417486
46.906079, -117.183417486
46.915079, -117.183417486
46.924079, -117.183417486
46.933079, -117.183417486
46.942079, -117.183417486
46.951079, -117.183417486
46.960079, -117.183417486
46.969079, -117.183417486
46.978079, -117.183417486
46.987079, -117.183417486
46.996079, -117.183417486
47.005079, -117.183417486
47.014079, -117.183417486
47.023079, -117.183417486
47.032079, -117.183417486
47.041079, -117.183417486
47.050079, -117.183417486
47.059079, -117.183417486
47.068079, -117.183417486
47.077079, -117.183417486
47.086079, -117.183417486
47.095079, -117.183417486
47.104079, -117.183417486
47.113079, -117.183417486
47.122079, -117.183417486
47.131079, -117.183417486
47.140079, -117.183417486
47.149079, -117.183417486
47.158079, -117.183417486
47.167079, -117.183417486
47.176079, -117.183417486
47.185079, -117.183417486
47.194079, -117.183417486
47.203079, -117.183417486
47.212079, -117.183417486
47.221079, -117.183417486
47.230079, -117.183417486
47.239079, -117.183417486
47.248079, -117.183417486
47.257079, -117.183417486
47.266079, -117.183417486
47.275079, -117.183417486
47.284079, -117.183417486
47.293079, -117.183417486
47.302079, -117.183417486
47.311079, -117.183417486
47.320079, -117.183417486
47.329079, -117.183417486
47.338079, -117.183417486
47.347079, -117.183417486
47.356079, -117.183417486
47.365079, -117.183417486
47.374079, -117.183417486
47.383079, -117.183417486
47.392079, -117.183417486
47.401079, -117.183417486
47.410079, -117.183417486
47.419079, -117.183417486
47.428079, -117.183417486
47.437079, -117.183417486
47.446079, -117.183417486
47.455079, -117.183417486
47.464079, -117.183417486
47.473079, -117.183417486
47.482079, -117.183417486
47.491079, -117.183417486
47.500079, -117.183417486
47.509079, -117.183417486
47.518079, -117.183417486
47.527079, -117.183417486
47.536079, -117.183417486
47.545079, -117.183417486
47.554079, -117.183417486
47.563079, -117.183417486
47.572079, -117.183417486
47.581079, -117.183417486
47.590079, -117.183417486
47.599079, -117.183417486
47.608079, -117.183417486
47.617079, -117.183417486
47.626079, -117.183417486
47.635079, -117.183417486
47.644079, -117.183417486
47.653079, -117.183417486
47.662079, -117.183417486
47.671079, -117.183417486
47.680079, -117.183417486
47.689079, -117.183417486
47.698079, -117.183417486
47.707079, -117.183417486
47.716079, -117.183417486
47.725079, -117.183417486
47.734079, -117.183417486
47.743079, -117.183417486
47.752079, -117.183417486
47.761079, -117.183417486
47.770079, -117.183417486
47.779079, -117.183417486
47.788079, -117.183417486
47.797079, -117.183417486
47.806079, -117.183417486
47.815079, -117.183417486
47.824079, -117.183417486
47.833079, -117.183417486
47.842079, -117.183417486
47.851079, -117.183417486
47.860079, -117.183417486
47.869079, -117.183417486
47.878079, -117.183417486
47.887079, -117.183417486
47.896079, -117.183417486
47.905079, -117.183417486
47.914079, -117.183417486
47.923079, -117.183417486
47.932079, -117.183417486
47.941079, -117.183417486
47.950079, -117.183417486
47.959079, -117.183417486
47.968079, -117.183417486
47.977079, -117.183417486
47.986079, -117.183417486
47.995079, -117.183417486
48.004079, -117.183417486
48.013079, -117.183417486
48.022079, -117.183417486
48.031079, -117.183417486
48.040079, -117.183417486
48.049079, -117.183417486
48.058079, -117.183417486
48.067079, -117.183417486
48.076079, -117.183417486
48.085079, -117.183417486
48.094079, -117.183417486
48.103079, -117.183417486
48.112079, -117.183417486
48.121079, -117.183417486
48.130079, -117.183417486
48.139079, -117.183417486
48.148079, -117.183417486
48.157079, -117.183417486
48.166079, -117.183417486
48.175079, -117.183417486
48.184079, -117.183417486
48.193079, -117.183417486
48.202079, -117.183417486
48.211079, -117.183417486
48.220079, -117.183417486
48.229079, -117.183417486
48.238079, -117.183417486
48.247079, -117.183417486
48.256079, -117.183417486
48.265079, -117.183417486
48.274079, -117.183417486
48.283079, -117.183417486
48.292079, -117.183417486
48.301079, -117.183417486
48.310079, -117.183417486
48.319079, -117.183417486
48.328079, -117.183417486
48.337079, -117.183417486
48.346079, -117.183417486
48.355079, -117.183417486
48.364079, -117.183417486
48.373079, -117.183417486
48.382079, -117.183417486
48.391079, -117.183417486
48.400079, -117.183417486
48.409079, -117.183417486
48.418079, -117.183417486
48.427079, -117.183417486
48.436079, -117.183417486
48.445079, -117.183417486
48.454079, -117.183417486
48.463079, -117.183417486
48.472079, -117.183417486
48.481079, -117.183417486
48.490079, -117.183417486
48.499079, -117.183417486
48.508079, -117.183417486
48.517079, -117.183417486
48.526079, -117.183417486
48.535079, -117.183417486
48.544079, -117.183417486
48.553079, -117.183417486
48.562079, -117.183417486
48.571079, -117.183417486
48.580079, -117.183417486
48.589079, -117.183417486
48.598079, -117.183417486
48.607079, -117.183417486
48.616079, -117.183417486
48.625079, -117.183417486
48.634079, -117.183417486
48.643079, -117.183417486
48.652079, -117.183417486
48.661079, -117.183417486
48.670079, -117.183417486
48.679079, -117.183417486
48.688079, -117.183417486
48.697079, -117.183417486
48.706079, -117.183417486
48.715079, -117.183417486
48.724079, -117.183417486
48.733079, -117.183417486
48.742079, -117.183417486
48.751079, -117.183417486
48.760079, -117.183417486
48.769079, -117.183417486
48.778079, -117.183417486
48.787079, -117.183417486
48.796079, -117.183417486
48.805079, -117.183417486
48.814079, -117.183417486
48.823079, -117.183417486
48.832079, -117.183417486
48.841079, -117.183417486
48.850079, -117.183417486
48.859079, -117.183417486
48.868079, -117.183417486
