46.429448, -118.8951407
46.429463, -118.8956731
46.429478, -118.8962054
46.429493, -118.8967378
46.4434245, -118.9009347
46.4454494, -118.8969779
46.4513194, -118.8874792
46.4578952, -118.9098629
46.4795339, -118.9081864
46.4844385, -118.9011741
46.4869369, -118.8956639
46.5022522, -118.8967209
46.5140106, -118.9003588
46.5173983, -118.8935411
46.5266563, -118.8867451
46.5336138, -118.8844106
46.5413303, -118.8798343
46.562641, -118.8890016
46.5656381, -118.8951564
46.5737351, -118.8993498
46.58154450000001, -118.8983975
46.5901059, -118.8969428
46.590501, -118.8999122
46.61548980000001, -118.9049774
46.6194713, -118.8986192
46.623763, -118.8923634
46.6279171, -118.8857378
46.6516946, -118.9001198
46.65407709999999, -118.9001227
46.66342119999999, -118.8967641
46.6721169, -118.899713
46.6811137, -118.899468
46.6900981, -118.8992253
46.6990423, -118.8990092
46.7081227, -118.8989121
46.717091, -118.8986057
46.7260751, -118.8986103
46.7360428, -118.89674
46.7440731, -118.8987107
46.75307979999999, -118.8987912
46.7620374, -118.8989863
46.7710843, -118.8989668
46.7795666, -118.8967662
46.7890696, -118.8990702
46.7980917, -118.8991181
46.8070872, -118.8990192
46.8160601, -118.8991239
46.8251269, -118.8989982
46.834063, -118.8988852
46.843093, -118.8988619
46.8521764, -118.8967612
46.8610724, -118.898463
46.8700864, -118.8984637
46.87908729999999, -118.8983717
46.8880874, -118.8982658
46.8970932, -118.8982524
46.9060934, -118.8981292
46.9150779, -118.8974573
46.92408, -118.8974436
46.9330747, -118.8975247
46.9420852, -118.8976155
46.95108, -118.8975272
46.9600782, -118.8974686
46.9690865, -118.8971813
46.9780848, -118.8974738
46.98708389999999, -118.897274
46.9959205, -118.8977842
46.9987062, -118.896725
47.0135326, -118.8967704
47.02808, -118.8968465
47.0280812, -118.896695
47.04261049999999, -118.8967277
47.0500772, -118.8965728
47.0550526, -118.8964695
47.0716761, -118.8966991
47.0716774, -118.8968572
47.0863427, -118.8967794
47.100517, -118.896938
47.1005213, -118.8966474
47.1152194, -118.8967511
47.11521949999999, -118.8967983
47.1299639, -118.8967541
47.1299641, -118.8966877
47.15900269999999, -118.8967424
47.15900269999999, -118.8967604
47.1598692, -118.8953964
47.1732964, -118.9060448
47.1825684, -118.8797493
47.20192780000001, -118.8971469
47.2019378, -118.8967064
47.2092185, -118.8973672
47.2227036, -118.8963865
47.2231242, -118.8989468
47.2451899, -118.897066
47.2480862, -118.8957489
47.2570812, -118.8958013
47.2614156, -118.8967869
47.2757918, -118.8967462
47.2790994, -118.9050938
47.3050417, -118.8966833
47.3050418, -118.8967427
47.305042, -118.8968022
47.3240609, -118.8947564
47.3250203, -118.898873
47.33697189999999, -118.8976159
47.3485818, -118.8850309
47.3694834, -118.892737
47.3726224, -118.8972977
47.3757388, -118.9031081
47.3921836, -118.8968008
47.3922695, -118.8959759
47.406185, -118.8714319
47.4361799, -118.906854
47.4505864, -118.8966485
47.455096, -118.892521
47.46514, -118.896717
47.4730662, -118.8925547
47.4834925, -118.8978889
47.4944114, -118.8966812
47.4944138, -118.8969002
47.5090301, -118.8967633
47.5162558, -118.8968582
47.5270866, -118.8924799
47.53608440000001, -118.8925085
47.5451018, -118.8925759
47.5526577, -118.896802
47.5526609, -118.8970533
47.5758294, -118.8893965
47.5814505, -118.8967548
47.5958171, -118.9015872
47.6116323, -118.8967834
47.6116324, -118.89673
47.6261058, -118.9132203
47.6404565, -118.9107618
47.6442908, -118.9081757
47.64462779999999, -118.9082872
47.6553356, -118.9140762
47.66696659999999, -118.8738608
47.691329, -118.8935748
47.6913549, -118.8937668
47.6981033, -118.8939598
47.707123, -118.897738
47.7161392, -118.8949062
47.7253245, -118.8968902
47.7340539, -118.8949304
47.7430323, -118.8945464
47.7534287, -118.8950801
47.76111119999999, -118.8940775
47.770117, -118.8943762
47.7719292, -118.8967834
47.7912492, -118.9147273
47.7972764, -118.9162688
47.8156534, -118.8976926
47.815708, -118.8973153
47.8240699, -118.8944641
47.8330745, -118.8943915
47.8420693, -118.8943148
47.8523573, -118.8967709
47.8596218, -118.8967624
47.8690693, -118.8940946
47.8780776, -118.8939985
47.8889056, -118.8967644
47.8960645, -118.8938528
47.9034488, -118.8937705
47.9148386, -118.8961842
47.9181454, -118.9024731
47.9341434, -118.8992469
47.94126, -118.8967885
47.9430055, -118.8900865
47.9434036, -118.8888009
47.9798254, -118.8801887
47.980943, -118.8811785
47.989936, -118.8955633
47.995117, -118.8941388
48.0038419, -118.8970266
48.01292609999999, -118.8985915
48.02164250000001, -118.8986047
48.0296472, -118.9011428
48.0367329, -118.9001501
48.05023389999999, -118.8951232
48.060865, -118.8963947
48.0634918, -118.8993054
48.0709245, -118.9088442
48.0886974, -118.8888057
48.0931682, -118.896885
48.1045867, -118.8914376
48.11346700000001, -118.8952409
48.1209091, -118.9009175
48.1356764, -118.9019213
48.139001, -118.8969543
48.1432774, -118.8912992
48.1569477, -118.8967913
48.1664436, -118.8981248
48.1775582, -118.8934761
48.1814802, -118.9000779
48.1930936, -118.9103779
48.2076797, -118.8968132
48.2110703, -118.8995563
48.2199711, -118.8967625
48.23172030000001, -118.8938314
48.2380576, -118.8962785
48.246964, -118.8985617
48.25649, -118.9004607
48.2671889, -118.9041183
48.2729566, -118.8995399
48.2812575, -118.90473
48.2863094, -118.9091074
48.3071497, -118.910441
48.3129825, -118.8989981
48.3137631, -118.8959658
48.33209249999999, -118.9012036
48.3362756, -118.8950696
48.3457166, -118.8895731
48.3561366, -118.8965826
48.3645542, -118.8904814
48.3730066, -118.8932239
48.3829366, -118.8972584
48.3845637, -118.893373
48.4007637, -118.8967449
48.4088795, -118.897256
48.4194366, -118.9000988
48.4271508, -118.8970519
48.4344969, -118.8997578
48.4463569, -118.897952
48.453871, -118.8959425
48.46659229999999, -118.8922759
48.4726985, -118.897203
48.4802827, -118.8977352
48.4931943, -118.8843563
48.4958312, -118.8830833
48.5129619, -118.8964794
48.5145321, -118.8998892
48.5292113, -118.9021188
48.5360239, -118.89689
48.5434707, -118.8923078
48.551278, -118.8892936
48.557681, -118.9092748
48.5782347, -118.9015028
48.5909093, -118.8961139
48.5958401, -118.8898338
48.61451340000001, -118.9003415
48.6162934, -118.8975601
48.6249593, -118.8947828
48.6347077, -118.8929234
48.6404291, -118.8914652
48.6542914, -118.8995052
48.66107479999999, -118.8962513
48.671205, -118.8935971
48.677692, -118.8976288
48.6815929, -118.905586
48.6819585, -118.9066614
48.683073, -118.9108724
48.68708179999999, -118.9236717
48.749914, -118.8782276
48.7528106, -118.8840711
48.7571801, -118.8930963
48.7586919, -118.8978297
48.7679255, -118.8963639
48.7771597, -118.8979687
48.7901019, -118.9038193
48.7968879, -118.8962791
48.8044976, -118.9014468
48.8166229, -118.8980933
48.820468, -118.9013782
48.8321756, -118.8976242
48.8397963, -118.8938022
48.8483634, -118.8899878
48.8583347, -118.8968168
48.8680732, -118.9089143
48.8786717, -118.9035142
48.8788395, -118.9034992
48.9083899, -118.8987619
48.9084869, -118.8976629
48.9094801, -118.8951764
48.93601109999999, -118.8955152
48.9368351, -118.8986644
48.9409192, -118.9072828
46.2150898, -118.8830246
46.2150908, -118.8831629
46.2325937, -118.8856983
46.240059, -118.8831502
46.2466933, -118.8822239
46.2584093, -118.8873648
46.2670833, -118.8885853
46.2760685, -118.8780719
46.2841647, -118.8830713
46.2841659, -118.8832177
46.2841664, -118.8833037
46.3038451, -118.8476712
46.3044351, -118.8472506
46.35474019999999, -118.9119204
46.35496130000001, -118.9116628
46.36044649999999, -118.9046304
46.3710545, -118.8906778
46.3719395, -118.8886486
46.4291004, -118.8826936
46.4291365, -118.883043
46.429344, -118.8845382
46.4506508, -118.8879193
46.4544602, -118.8816756
46.4571711, -118.8745503
46.484401, -118.8874711
46.4851452, -118.8847506
46.4883657, -118.8806602
46.5020803, -118.8830467
46.5020806, -118.8831261
46.5240916, -118.882963
46.5285236, -118.8861846
46.5369106, -118.8824555
46.5446265, -118.877879
46.5616728, -118.8829478
46.561674, -118.8830948
46.56420019999999, -118.8922034
46.59076659999999, -118.8830657
46.59076659999999, -118.8830551
46.6052893, -118.8837119
46.60906629999999, -118.8795327
46.6180721, -118.8794825
46.6282573, -118.8846077
46.63255179999999, -118.878342
46.6487438, -118.8771165
46.650782, -118.8761461
46.6633288, -118.8832253
46.6728041, -118.8788897
46.6785884, -118.8811826
46.6902053, -118.8992235
46.6988194, -118.8990015
46.70840219999999, -118.8989
46.7214135, -118.8828914
46.7260335, -118.8772405
46.7358929, -118.8830364
46.7504553, -118.8829049
46.7504577, -118.8831174
46.7649582, -118.8829668
46.7710636, -118.8778103
46.7794158, -118.8830825
46.7938128, -118.8829384
46.7938154, -118.8831609
46.8071377, -118.8990189
46.8227876, -118.8828717
46.8227907, -118.8831182
46.8339609, -118.8988836
46.8521209, -118.8830931
46.8521209, -118.8830557
46.852121, -118.8830183
46.8701468, -118.8984632
46.8812996, -118.8830677
46.8812997, -118.8830184
46.8972248, -118.8982497
46.9114486, -118.8831464
46.9150606, -118.8865679
46.9219574, -118.8865439
46.94055340000001, -118.882902
46.9405551, -118.8830868
46.9560508, -118.8732848
46.96030589999999, -118.8829239
46.9690573, -118.8760231
46.9780559, -118.8759414
46.9842904, -118.883108
46.9987419, -118.8830505
47.0049939, -118.8763049
47.0134378, -118.8830651
47.02299960000001, -118.875642
47.0281708, -118.8830349
47.0426996, -118.8830604
47.050048, -118.8754978
47.059, -118.8754455
47.0716878, -118.8830694
47.077552, -118.8751564
47.0869453, -118.8830396
47.0940845, -118.8751951
47.1006587, -118.8829763
47.1152393, -118.88306
47.1219704, -118.8744215
47.1300112, -118.883045
47.1401829, -118.8744952
47.14909410000001, -118.8745232
47.15887009999999, -118.8831581
47.167036, -118.8743486
47.175693, -118.8740769
47.1941217, -118.8739426
47.20201360000001, -118.8830536
47.2120782, -118.8743574
47.2238966, -118.8870253
47.226804, -118.8805671
47.2391014, -118.87455
47.2452885, -118.8830237
47.2613373, -118.882978
47.2613387, -118.8831417
47.2756543, -118.8830553
47.2824777, -118.8835099
47.3049794, -118.8830361
47.3049796, -118.8830964
47.321234, -118.8824782
47.3312044, -118.8814059
47.3382203, -118.8787666
47.3468391, -118.8838652
47.3674563, -118.8816721
47.3689202, -118.8856862
47.391994, -118.8826552
47.39200229999999, -118.8830589
47.4010117, -118.8714982
47.4062841, -118.8712739
47.4503385, -118.8825007
47.4503457, -118.882877
47.4503529, -118.8832532
47.4649721, -118.8830347
47.47365660000001, -118.8830798
47.4826147, -118.8823979
47.4942532, -118.8829636
47.4942566, -118.8832241
47.5088955, -118.8830591
47.523452, -118.8829503
47.5305726, -118.8829886
47.5305741, -118.8831608
47.5480847, -118.8908317
47.55247749999999, -118.8831068
47.56667789999999, -118.8710324
47.5812852, -118.883048
47.5956231, -118.8761342
47.6090412, -118.8847516
47.611664, -118.8830159
47.6261635, -118.8705547
47.6351423, -118.8707594
47.6404423, -118.8707445
47.6406393, -118.8704667
47.68788439999999, -118.8717664
47.6914411, -118.8831173
47.6914439, -118.8828819
47.707518, -118.8976986
47.7156964, -118.8948745
47.7253306, -118.883249
47.7283763, -118.8830078
47.7466956, -118.8884155
47.7609475, -118.8940732
47.77188839999999, -118.8830349
47.7718889, -118.8831373
47.7784988, -118.8640606
47.8082365, -118.8725195
47.8085208, -118.8728346
47.816069, -118.8830572
47.8209044, -118.8833332
47.83309029999999, -118.8727902
47.8451719, -118.8831016
47.8451728, -118.8829674
47.8597083, -118.8830491
47.8743304, -118.883055
47.8743304, -118.8830559
47.8888915, -118.8830569
47.8888915, -118.8830498
47.9080277, -118.8797235
47.91137819999999, -118.8871264
47.9129563, -118.890796
47.9346132, -118.8826025
47.9410254, -118.8832661
47.9446613, -118.8802814
47.9454247, -118.8776714
47.979722, -118.8798718
47.9868574, -118.8811019
47.995436, -118.8828894
48.0019235, -118.8939158
48.01546339999999, -118.8955424
48.0208958, -118.898308
48.0341011, -118.8997928
48.0475119, -118.881633
48.04832529999999, -118.8821321
48.058571, -118.8840994
48.0597412, -118.885362
48.0826564, -118.8770282
48.0865309, -118.8841222
48.09688, -118.879051
48.10280840000001, -118.8831682
48.1115286, -118.883387
48.1159523, -118.877497
48.139639, -118.8715368
48.1428516, -118.8829444
48.1434297, -118.8858784
48.1569967, -118.8859051
48.1677645, -118.883927
48.1764492, -118.8830735
48.1843759, -118.8794552
48.2235395, -118.8830924
48.2293003, -118.8842528
48.23517289999999, -118.8774586
48.2511105, -118.8885553
48.2554822, -118.8815556
48.2606567, -118.8775587
48.2716163, -118.8723836
48.274704, -118.8708979
48.2907447, -118.8604718
48.3142838, -118.8926195
48.3155702, -118.8789792
48.318706, -118.8830705
48.3298315, -118.870555
48.33697840000001, -118.8739717
48.3477541, -118.8887387
48.3565353, -118.8819755
48.3608519, -118.8842116
48.3724296, -118.8825441
48.3822628, -118.8865238
48.3909569, -118.8826976
48.3991123, -118.883975
48.4074628, -118.8848305
48.4243586, -118.8795685
48.4261765, -118.8839845
48.4310088, -118.8901268
48.4470154, -118.8840431
48.4540703, -118.8854512
48.4659686, -118.8817451
48.468486, -118.883223
48.48495310000001, -118.8762295
48.4903493, -118.8820867
48.4985373, -118.8805585
48.5083606, -118.8820189
48.5121934, -118.8865051
48.5261791, -118.8829654
48.5350887, -118.8837298
48.5447917, -118.8915029
48.5549803, -118.8831177
48.5550651, -118.883463
48.5699301, -118.8653853
48.58577649999999, -118.8842701
48.58740479999999, -118.8839557
48.6199605, -118.8943714
48.6297386, -118.8866113
48.6353258, -118.8838821
48.6399176, -118.8778375
48.65020759999999, -118.8715121
48.6648033, -118.8900927
48.66998299999999, -118.8829744
48.6766869, -118.886537
48.6767535, -118.8866419
48.689493, -118.8612152
48.75177619999999, -118.8820686
48.7555341, -118.8883169
48.7687081, -118.882844
48.770824, -118.8847567
48.7944144, -118.8792464
48.7948955, -118.8831056
48.7952148, -118.8854113
48.8337168, -118.8972159
48.8418278, -118.8921729
48.8507873, -118.8844704
48.8589754, -118.8836272
48.8676351, -118.8806695
48.8740665, -118.8767399
48.8836526, -118.8723015
48.895098, -118.8720318
48.90837579999999, -118.8838535
48.90855260000001, -118.8821047
48.9094331, -118.8889671
48.93564079999999, -118.8854451
48.9392281, -118.8802745
48.9488367, -118.8773325
46.2133849, -118.867399
46.220172, -118.8672345
46.2234905, -118.8609447
46.2458942, -118.8719602
46.2482388, -118.8700104
46.2532151, -118.8776171
46.2712417, -118.8780648
46.2760978, -118.8780718
46.2840542, -118.8693643
46.2840552, -118.8695007
46.3029659, -118.8478373
46.3042268, -118.8474358
46.3047906, -118.8468186
46.3301156, -118.8272227
46.3390611, -118.8271863
46.3710934, -118.8905448
46.4291464, -118.8749499
46.42923469999999, -118.8745783
46.4557248, -118.8772199
46.4581719, -118.8678257
46.4650651, -118.8667778
46.4740702, -118.8666803
46.48307, -118.8666172
46.49207990000001, -118.8665905
46.5020221, -118.8693402
46.510072, -118.8665713
46.5190784, -118.866535
46.5280703, -118.8664821
46.5370688, -118.8664186
46.5461318, -118.8661812
46.5547391, -118.8686043
46.5640346, -118.8660815
46.571169, -118.8628958
46.5820073, -118.859094
46.59074589999999, -118.8693502
46.5999555, -118.858728
46.6091165, -118.8795323
46.6198833, -118.8693139
46.6257106, -118.8789808
46.636478, -118.8697281
46.6473449, -118.8714499
46.6543555, -118.8693493
46.6630842, -118.8690269
46.6687833, -118.8674151
46.6767402, -118.8613297
46.6845219, -118.8570215
46.7179863, -118.8667423
46.71809409999999, -118.8669857
46.7211917, -118.8695101
46.7351696, -118.8774495
46.7502483, -118.8691199
46.7502541, -118.8694536
46.7647081, -118.8692748
46.7711044, -118.8778101
46.7791434, -118.8693804
46.7936504, -118.8692369
46.7936529, -118.8694571
46.80707659999999, -118.8564936
46.8226016, -118.8690445
46.8226107, -118.869464
46.8339887, -118.8565372
46.8429712, -118.8564241
46.8521167, -118.8693487
46.8521168, -118.8693817
46.8702108, -118.8559638
46.8812416, -118.8693011
46.8812437, -118.8694996
46.9115194, -118.8693748
46.9115194, -118.8693586
46.9115194, -118.8693424
46.940495, -118.8694698
46.9404962, -118.869323
46.9531007, -118.8680361
46.96003109999999, -118.8760267
46.9691, -118.8760228
46.9781008, -118.8759411
46.98422799999999, -118.8693521
46.998772, -118.8693443
47.00516710000001, -118.8763002
47.0142059, -118.8760571
47.0231467, -118.8756386
47.0282541, -118.8693184
47.0427021, -118.8693282
47.0500841, -118.8754975
47.0572336, -118.8694065
47.0681349, -118.8751878
47.0763657, -118.8696278
47.0867409, -118.8693598
47.0956525, -118.8747874
47.1007099, -118.8693463
47.1131174, -118.874565
47.1221431, -118.8744168
47.1299909, -118.869378
47.1400169, -118.8744909
47.1490701, -118.8745231
47.1589184, -118.8693477
47.16710399999999, -118.8743478
47.1762802, -118.8740222
47.1849925, -118.8738673
47.19405769999999, -118.8739419
47.2020475, -118.8693446
47.2120798, -118.8743574
47.2209853, -118.8744073
47.2306556, -118.8694283
47.2390656, -118.8745498
47.245407, -118.8692787
47.257063, -118.8746719
47.2612175, -118.8694486
47.27562409999999, -118.8693458
47.2756242, -118.8693951
47.3048045, -118.8690748
47.3048067, -118.8692851
47.3111205, -118.8727691
47.3207318, -118.8695746
47.3271197, -118.8717746
47.3377129, -118.8787294
47.3431754, -118.8796215
47.3653078, -118.8700037
47.3653933, -118.8694672
47.3676831, -118.8644798
47.3847963, -118.8597644
47.3916823, -118.8693604
47.4010916, -118.8714972
47.4070729, -118.866724
47.4308454, -118.8497894
47.4500828, -118.8694434
47.450083, -118.8693779
47.45008319999999, -118.8693124
47.4648265, -118.8693349
47.4737339, -118.8762811
47.4794814, -118.8694137
47.4941122, -118.8692477
47.5000756, -118.8709795
47.5090794, -118.8710194
47.5180794, -118.8710145
47.5270608, -118.8710897
47.5360751, -118.8711943
47.5523449, -118.8692194
47.5523462, -118.8693797
47.572076, -118.8710031
47.5811104, -118.8693486
47.5900848, -118.8710873
47.599076, -118.8710601
47.608068, -118.8711417
47.61707879999999, -118.8705028
47.62607089999999, -118.8705533
47.6350718, -118.8707586
47.6406436, -118.8693205
47.6418216, -118.8639045
47.6669567, -118.8691697
47.666962, -118.8694906
47.6878766, -118.8702555
47.6879315, -118.8692154
47.6914725, -118.872049
47.6914964, -118.8722673
47.728393, -118.8694437
47.7283933, -118.8693743
47.7309785, -118.866991
47.7329229, -118.8613895
47.7617705, -118.8585865
47.7718526, -118.8693488
47.7767949, -118.8652509
47.8077905, -118.8714349
47.8161218, -118.8693748
47.8240992, -118.8728782
47.83307540000001, -118.8727902
47.8421178, -118.8726709
47.8463614, -118.8721889
47.8575494, -118.8727013
47.871738, -118.866294
47.878093, -118.8724647
47.8888911, -118.8693633
47.8960698, -118.8614793
47.9044209, -118.8698767
47.9141159, -118.8611205
47.9210812, -118.8611895
47.9365035, -118.8726221
47.9414078, -118.8700874
47.9454263, -118.8735117
47.9454886, -118.8737982
47.9790925, -118.8741256
47.9905491, -118.8662998
47.9927818, -118.8717054
47.9946723, -118.8759442
48.0178524, -118.8466186
48.0182884, -118.8466206
48.0419332, -118.8625593
48.04204439999999, -118.8627232
48.0473849, -118.8692432
48.0551229, -118.8780857
48.0593137, -118.8842301
48.0825311, -118.8717196
48.0836893, -118.8685207
48.0999111, -118.8660427
48.10208, -118.8698042
48.113844, -118.8688366
48.1208045, -118.8643439
48.1298203, -118.8614232
48.139033, -118.8693981
48.1419331, -118.8754658
48.1688501, -118.856206
48.1801559, -118.8693518
48.1801559, -118.8693465
48.2109716, -118.8542315
48.21324320000001, -118.8567035
48.2235179, -118.8693422
48.22669450000001, -118.8665333
48.2405799, -118.8698342
48.2463665, -118.8630304
48.2613811, -118.8748956
48.2654675, -118.8709191
48.27435370000001, -118.8689876
48.2829426, -118.8622845
48.29080709999999, -118.8604101
48.3127997, -118.8624649
48.3184232, -118.8695404
48.3285552, -118.8691172
48.3385573, -118.8728078
48.3481299, -118.866539
48.3557745, -118.8659324
48.3629226, -118.8651617
48.3730071, -118.8693806
48.3866198, -118.8786538
48.3910616, -118.8696088
48.4006784, -118.8704102
48.4093203, -118.8680093
48.4181, -118.8692523
48.4270679, -118.86326
48.4290531, -118.8633082
48.4477455, -118.8701428
48.4517593, -118.8710387
48.4619289, -118.8690274
48.4736509, -118.8626431
48.4810459, -118.8693944
48.4894261, -118.8612188
48.4998809, -118.868347
48.507556, -118.865863
48.51629699999999, -118.8668248
48.5264524, -118.8694252
48.5318786, -118.8737286
48.5446743, -118.8542131
48.5866058, -118.8729514
48.58899539999999, -118.8689687
48.59793519999999, -118.8688084
48.6002641, -118.8641496
48.6007089, -118.8621613
48.6304846, -118.8857259
48.6377254, -118.8788612
48.6438687, -118.8698658
48.652258, -118.8703975
48.6603552, -118.8656653
48.6710477, -118.8686042
48.6743748, -118.8724108
48.7109603, -118.8313711
48.7511851, -118.8798484
48.77187439999999, -118.8688334
48.7719222, -118.8696149
48.7904632, -118.8643977
48.7934883, -118.8717919
48.7939491, -118.8734893
48.8411413, -118.8925632
48.8499679, -118.8854046
48.853674, -118.8822593
48.8565028, -118.882503
48.8699714, -118.8793378
48.8782261, -118.8735538
48.88640969999999, -118.8709106
48.8950745, -118.8720318
48.9040276, -118.8693044
48.9104965, -118.8597395
48.9196493, -118.8542103
48.9401988, -118.874639
48.9419913, -118.8700752
48.9486164, -118.8712487
46.21174329999999, -118.8556523
46.2247397, -118.8585878
46.2280662, -118.8523081
46.2401686, -118.8466261
46.2483022, -118.8553056
46.2564143, -118.8468039
46.2602383, -118.8458544
46.2765613, -118.84762
46.2847407, -118.8558992
46.2919013, -118.8519897
46.3030161, -118.8478368
46.30488949999999, -118.8466607
46.3052535, -118.8458296
46.330102, -118.8272226
46.33906529999999, -118.8271863
46.3408758, -118.8269563
46.3416548, -118.8263345
46.4581434, -118.8553683
46.458146, -118.8555909
46.4581486, -118.8558134
46.4727322, -118.8556621
46.483116, -118.8666169
46.4920762, -118.8665905
46.5019021, -118.8556282
46.5101073, -118.8665712
46.519082, -118.866535
46.5281127, -118.8664819
46.5371172, -118.8664182
46.5459039, -118.8661732
46.5616777, -118.8557226
46.5616784, -118.8556127
46.5745534, -118.8607999
46.5821033, -118.8590925
46.5911072, -118.8589014
46.600115, -118.858724
46.609111, -118.8585417
46.6181096, -118.8583269
46.62710269999999, -118.8581391
46.6360995, -118.8579485
46.6451405, -118.8557941
46.65351159999999, -118.854632
46.6633964, -118.8556283
46.673446, -118.8550544
46.6810938, -118.8570523
46.6988622, -118.8366712
46.7181574, -118.8647763
46.72117979999999, -118.8555786
46.7211808, -118.8557178
46.735191, -118.8360191
46.75009319999999, -118.8570172
46.7530751, -118.8564989
46.7620746, -118.8565873
46.7710747, -118.8566532
46.7800768, -118.8567403
46.7890767, -118.856779
46.7980826, -118.8567362
46.8070792, -118.8564936
46.8160778, -118.8564427
46.8250857, -118.856654
46.8340836, -118.8565359
46.8430865, -118.8564219
46.8518903, -118.8556366
46.8610802, -118.8559322
46.8700759, -118.855961
46.8790755, -118.8560901
46.8811283, -118.8554528
46.8969272, -118.8347774
46.91158799999999, -118.8557115
46.9115887, -118.855598
46.9115894, -118.8554844
46.9406404, -118.8558354
46.9420852, -118.8544097
46.9511137, -118.8546359
46.9521881, -118.855163
46.970009, -118.843488
46.98422300000001, -118.8556699
46.98422300000001, -118.855629
46.9987526, -118.8556619
47.00507229999999, -118.8550319
47.01407, -118.8548193
47.0230858, -118.8547083
47.0320706, -118.8546183
47.0410693, -118.8544591
47.0500717, -118.8543062
47.0590614, -118.8540943
47.0680655, -118.8539134
47.0793316, -118.8545528
47.0864612, -118.8555931
47.1007579, -118.8557878
47.1007606, -118.8555568
47.115595, -118.8478945
47.1224904, -118.8556324
47.1298189, -118.8556553
47.1400397, -118.8533741
47.1490693, -118.8531767
47.1589095, -118.8556407
47.1670538, -118.8531153
47.1761186, -118.8530075
47.1850923, -118.8532018
47.1940792, -118.8532348
47.2022914, -118.8556072
47.2120897, -118.8532794
47.2210842, -118.8535654
47.2311145, -118.8556367
47.2390815, -118.8537858
47.2480779, -118.8537821
47.2570777, -118.8537573
47.26605439999999, -118.8516053
47.2755912, -118.8556395
47.2840438, -118.8517284
47.2930412, -118.8514876
47.3046587, -118.8555811
47.3106715, -118.84794
47.3191451, -118.8561807
47.3290677, -118.8470561
47.3389818, -118.847586
47.3477368, -118.8497152
47.35438500000001, -118.8526335
47.36507169999999, -118.8556555
47.3740345, -118.8508118
47.38442209999999, -118.8556205
47.3917322, -118.8556303
47.3991187, -118.8555996
47.4100121, -118.8502826
47.4136252, -118.8500024
47.436956, -118.8495549
47.4500566, -118.8555882
47.4550846, -118.8495124
47.46470910000001, -118.8556301
47.4731082, -118.849488
47.4793242, -118.8557115
47.4935613, -118.8555584
47.49362989999999, -118.8567169
47.5090839, -118.8710194
47.5230561, -118.8555347
47.523058, -118.8557287
47.5375947, -118.8555901
47.541564, -118.849652
47.5521719, -118.8557133
47.5664993, -118.8496338
47.5720762, -118.8496279
47.58106, -118.8556422
47.5901284, -118.8495779
47.595479, -118.8557239
47.6117847, -118.855681
47.6170749, -118.8491426
47.6259313, -118.8490806
47.6350875, -118.8490563
47.64084829999999, -118.8554853
47.6536358, -118.8504988
47.6620845, -118.8490459
47.6671849, -118.8553503
47.6803251, -118.8499998
47.6884431, -118.8556665
47.6884492, -118.8560134
47.7074337, -118.8299822
47.7284601, -118.855849
47.7284612, -118.8556986
47.7347397, -118.8561493
47.73663320000001, -118.8506929
47.7612226, -118.8543603
47.7615497, -118.8553757
47.7719746, -118.8556873
47.8161829, -118.8556645
47.816183, -118.8556445
47.824054, -118.8511141
47.8330689, -118.8510953
47.84208460000001, -118.8510001
47.8510804, -118.850947
47.86009989999999, -118.8509894
47.8690683, -118.8509003
47.878065, -118.8508438
47.8867667, -118.8564342
47.8991329, -118.858487
47.9051592, -118.8612614
47.9140547, -118.8611198
47.9326026, -118.854133
47.9400962, -118.853709
47.9403277, -118.8522186
47.9670018, -118.8451126
47.9674892, -118.845586
47.9812468, -118.8569762
47.9882991, -118.8570123
47.9967332, -118.8486084
47.998873, -118.8499888
48.03631379999999, -118.8503472
48.0400874, -118.8556274
48.0506149, -118.8521269
48.052982, -118.85503
48.06495109999999, -118.8461439
48.0789055, -118.8546767
48.0838956, -118.8609937
48.09632, -118.8532184
48.1002164, -118.8574156
48.1162669, -118.8512768
48.1227504, -118.8563271
48.1321825, -118.8561022
48.1346397, -118.8625481
48.14928039999999, -118.8494458
48.1538878, -118.849788
48.1664746, -118.8544777
48.1750821, -118.8563858
48.1801411, -118.8556605
48.19329030000001, -118.8429293
48.2057353, -118.8492819
48.2114995, -118.8548819
48.219715, -118.8569744
48.2286498, -118.854783
48.2391683, -118.858211
48.2484467, -118.8550844
48.2535228, -118.8548038
48.2674595, -118.8698616
48.277319, -118.8634686
48.2838934, -118.8615831
48.2926061, -118.8543954
48.2994912, -118.8506994
48.3114035, -118.8552336
48.3191189, -118.8558616
48.3269798, -118.8573958
48.3290045, -118.8601254
48.3467714, -118.8622684
48.3554187, -118.8487227
48.3646266, -118.8571119
48.37053239999999, -118.855888
48.388644, -118.8488856
48.3928077, -118.8553379
48.3948781, -118.8595198
48.409138, -118.855904
48.417986, -118.8557302
48.4259594, -118.8588794
48.4356269, -118.8532535
48.4448448, -118.8526695
48.4543852, -118.8574487
48.4574448, -118.8581525
48.4716586, -118.8556382
48.4837599, -118.858111
48.4900191, -118.8558467
48.5019315, -118.8587781
48.5060353, -118.8530717
48.5137305, -118.858451
48.5292336, -118.8586048
48.5320546, -118.8541228
48.54443209999999, -118.8541144
48.5508199, -118.8493437
48.565499, -118.8528297
48.5696753, -118.8583205
48.5850002, -118.8520694
48.5887381, -118.8552157
48.59815750000001, -118.8548098
48.6025012, -118.8515513
48.61295, -118.8424774
48.6197439, -118.8381763
48.6418044, -118.8460543
48.6451501, -118.8537951
48.65147049999999, -118.8540299
48.6613068, -118.8553962
48.6686835, -118.8549359
48.67903769999999, -118.8556588
48.6876326, -118.8591591
48.7049106, -118.832102
48.7155077, -118.8307207
48.7204902, -118.8295147
48.7473699, -118.844623
48.7476659, -118.8452762
48.7492117, -118.8455182
48.7646936, -118.844766
48.7701277, -118.855138
48.7706021, -118.8581201
48.7886262, -118.8563266
48.7890349, -118.8542654
48.8070278, -118.8381386
48.8166101, -118.8281187
48.8514464, -118.8837517
48.8542517, -118.881941
48.855006, -118.8818465
48.8752854, -118.8754604
48.8794505, -118.8729
48.8871073, -118.8706193
48.901117, -118.8669674
48.9057384, -118.8625578
48.913625, -118.8578056
48.921279, -118.8531084
48.9263725, -118.8480188
48.94145830000001, -118.8545479
48.9493899, -118.8584516
46.2116343, -118.841926
46.2293229, -118.8499332
46.2326358, -118.843656
46.2400327, -118.8466233
46.25024730000001, -118.843089
46.2580351, -118.8423089
46.2619258, -118.8407367
46.2764999, -118.8423775
46.2812825, -118.8478435
46.29543719999999, -118.8481153
46.3054363, -118.8418947
46.3054376, -118.8420497
46.3211569, -118.8271737
46.33009, -118.8272226
46.339071, -118.8271863
46.3413708, -118.8266143
46.3456593, -118.8215673
46.3510034, -118.8152346
46.3565263, -118.8086818
46.4292021, -118.8254417
46.4381093, -118.825474
46.4580979, -118.841971
46.458098, -118.8419418
46.458098, -118.8419127
46.4755175, -118.8448859
46.4816963, -118.8370955
46.4863248, -118.8339208
46.5017766, -118.8419218
46.5017782, -118.8420956
46.5190872, -118.866535
46.5281567, -118.8664816
46.5371672, -118.8664179
46.56175169999999, -118.8421086
46.5617522, -118.8420091
46.5617528, -118.8419096
46.5617533, -118.84181
46.5822011, -118.8590911
46.591227, -118.8588992
46.60027609999999, -118.85872
46.6199764, -118.8374635
46.6200497, -118.8376556
46.6270549, -118.8376025
46.6344133, -118.8419267
46.64735899999999, -118.8402793
46.6536757, -118.842174
46.6633123, -118.8419334
46.6740013, -118.84367
46.68112720000001, -118.8421907
46.6895524, -118.8391749
46.6990185, -118.8366673
46.7080165, -118.8364562
46.7210744, -118.8418637
46.7260769, -118.8358958
46.7351124, -118.8360182
46.7440234, -118.8359677
46.7501036, -118.8355314
46.7599416, -118.8310973
46.7789654, -118.8419286
46.7789654, -118.8419362
46.7933497, -118.8419392
46.7933497, -118.841931
46.8078171, -118.8419197
46.82235619999999, -118.8417423
46.8223601, -118.8420189
46.8372976, -118.8418821
46.8429785, -118.8357528
46.8519796, -118.841935
46.860988, -118.8352954
46.8666523, -118.841981
46.8813448, -118.8420125
46.887997, -118.8349937
46.8970265, -118.8347758
46.9060636, -118.8347338
46.9116595, -118.8418852
46.9240921, -118.8335772
46.9329954, -118.8334603
46.9408973, -118.8419286
46.9511593, -118.8419205
46.9601195, -118.8330274
46.97001059999999, -118.8419374
46.9780859, -118.8334833
46.9842453, -118.8419345
46.9987554, -118.8419713
47.0051018, -118.8336298
47.0140498, -118.8335298
47.02787170000001, -118.8420112
47.0278727, -118.8418687
47.0411826, -118.8544571
47.0571186, -118.8420748
47.0571202, -118.8418965
47.0708796, -118.8400758
47.0758508, -118.8431997
47.0861921, -118.8419388
47.10115889999999, -118.8419136
47.10115889999999, -118.8419457
47.1154081, -118.842018
47.1261851, -118.840816
47.1264853, -118.8431914
47.1402779, -118.8533652
47.14912409999999, -118.8531763
47.1589337, -118.8419395
47.1737511, -118.8422318
47.1737593, -118.8418322
47.18501819999999, -118.8532009
47.1951139, -118.8508
47.2024969, -118.8419207
47.2097513, -118.85189
47.2210505, -118.8535652
47.2313885, -118.8419698
47.2313914, -118.8417327
47.2480868, -118.8537821
47.2609735, -118.8418753
47.2609745, -118.842014
47.2756073, -118.8419383
47.2841676, -118.851726
47.2931665, -118.8514851
47.3047143, -118.8420323
47.3113927, -118.847857
47.3193466, -118.8419117
47.3290861, -118.8470561
47.3374846, -118.8472202
47.3462557, -118.8493572
47.3557052, -118.8418739
47.36410799999999, -118.8509669
47.3773115, -118.8420959
47.3773217, -118.8416493
47.3920258, -118.8419324
47.4011268, -118.850485
47.4132994, -118.8429326
47.4163612, -118.8377721
47.4287359, -118.8429133
47.4372331, -118.8495426
47.4460594, -118.8494797
47.4550725, -118.8495123
47.4647154, -118.841955
47.4730437, -118.8494874
47.4820844, -118.8390801
47.4910797, -118.8390873
47.4999259, -118.8412641
47.508311, -118.8397296
47.5189477, -118.838906
47.5229665, -118.8419581
47.5375339, -118.8419496
47.5520484, -118.848471
47.5663756, -118.8399515
47.572083, -118.8496278
47.580963, -118.8419376
47.5900172, -118.8495759
47.5952862, -118.8420691
47.6118454, -118.8419677
47.6170839, -118.8491425
47.62624, -118.8490653
47.6350702, -118.8490563
47.6409569, -118.8419353
47.6530935, -118.8490187
47.6620735, -118.8490458
47.6700122, -118.8419736
47.6787618, -118.8454492
47.6843051, -118.8417684
47.6994584, -118.8281619
47.7072587, -118.8299764
47.7138841, -118.8280433
47.728612, -118.8420924
47.7353506, -118.8431652
47.7403835, -118.8398823
47.7584356, -118.8385491
47.75954979999999, -118.8425872
47.7720139, -118.8419288
47.772014, -118.8419591
47.7880836, -118.8304914
47.7970732, -118.8304991
47.8060306, -118.8304227
47.8161902, -118.8419408
47.8241303, -118.8511132
47.8330998, -118.8510952
47.8452746, -118.8418664
47.8456328, -118.8439941
47.8600389, -118.8509887
47.8707485, -118.8387733
47.8763726, -118.8452766
47.8880841, -118.8472275
47.8970797, -118.8436611
47.90526939999999, -118.8416921
47.913573, -118.8414262
47.92597259999999, -118.8436608
47.93533850000001, -118.8458005
47.9401518, -118.8478243
47.9404383, -118.8482581
47.9648301, -118.84063
47.9690789, -118.8427096
47.9729277, -118.8393472
47.9861215, -118.8419589
47.995143, -118.8419243
48.0031293, -118.8416921
48.0129684, -118.8420982
48.0178017, -118.8432044
48.0365777, -118.8388106
48.0397215, -118.8412975
48.0474176, -118.8404866
48.05905629999999, -118.8412418
48.0673196, -118.8450245
48.0770874, -118.8405058
48.0849012, -118.8416623
48.0922943, -118.8449637
48.1035613, -118.8436962
48.1099746, -118.837628
48.12435139999999, -118.8420259
48.1307508, -118.8396763
48.1378681, -118.840441
48.1460073, -118.844544
48.1577527, -118.8457024
48.16159469999999, -118.8480401
48.1808543, -118.8345719
48.18523099999999, -118.8437589
48.1932511, -118.8429278
48.2064202, -118.8429648
48.2069798, -118.8437526
48.2294634, -118.8456839
48.2373085, -118.8462413
48.2483884, -118.8447229
48.25329490000001, -118.8393244
48.26428000000001, -118.838337
48.2736853, -118.8430232
48.2838471, -118.8394263
48.2920008, -118.8399985
48.30363209999999, -118.8392348
48.3076033, -118.8455893
48.320276, -118.8390416
48.3272209, -118.844332
48.34166339999999, -118.8346034
48.345795, -118.8420435
48.3545514, -118.848527
48.3670157, -118.854286
48.3697832, -118.8549839
48.38751449999999, -118.8443593
48.3911615, -118.8425106
48.3990155, -118.8404764
48.40785529999999, -118.8422183
48.4187203, -118.8481505
48.4277224, -118.8454145
48.4354076, -118.8426835
48.4428447, -118.8472858
48.4478412, -118.8526577
48.4673131, -118.8416376
48.46986099999999, -118.8466902
48.481722, -118.848737
48.4901238, -118.8418156
48.4990246, -118.8420168
48.5057616, -118.8390815
48.5166811, -118.8358376
48.5310431, -118.8395676
48.5350088, -118.8388449
48.54118630000001, -118.8439422
48.5531427, -118.8432266
48.5630614, -118.8444178
48.569987, -118.8448155
48.579687, -118.8453342
48.58368710000001, -118.8464134
48.5991575, -118.8391839
48.6070923, -118.8420137
48.6157605, -118.8407017
48.6209943, -118.8367502
48.6315494, -118.8361798
48.6417118, -118.8458768
48.64984270000001, -118.839641
48.6609985, -118.8430505
48.6731707, -118.8500361
48.677376, -118.8493765
48.6914242, -118.8332996
48.69598939999999, -118.8332026
48.7051768, -118.8320462
48.7228217, -118.8287961
48.7367252, -118.8283035
48.7469486, -118.8420362
48.7513516, -118.8432346
48.7631711, -118.8403841
48.7667404, -118.8430086
48.7880929, -118.8404653
48.7881764, -118.8417742
48.791019, -118.83674
48.8336821, -118.8162259
48.8414059, -118.8153478
48.8416854, -118.8153134
48.876461, -118.8746339
48.8797113, -118.8728487
48.9051898, -118.8630369
48.90983250000001, -118.8601988
48.91626489999999, -118.8526799
48.9242553, -118.8501681
48.93108400000001, -118.8422066
48.9394196, -118.8418841
48.9394248, -118.8417286
46.2115288, -118.828283
46.21153409999999, -118.8285994
46.2372276, -118.8349944
46.2405351, -118.8287308
46.2490931, -118.8258823
46.2551301, -118.8282684
46.26182559999999, -118.8403719
46.2787128, -118.8341814
46.2790465, -118.8341331
46.3003979, -118.815871
46.3053737, -118.8283099
46.3120922, -118.8270839
46.3210845, -118.8271729
46.3300797, -118.8272226
46.3390784, -118.8271863
46.344858, -118.8225116
46.3502476, -118.8161353
46.3557067, -118.8096423
46.36104700000001, -118.8033416
46.3664435, -118.796949
46.3754596, -118.7871378
46.4380839, -118.8254739
46.4470885, -118.8255229
46.4560941, -118.8256031
46.4580794, -118.8282563
46.478863, -118.8388812
46.48718470000001, -118.8281934
46.487185, -118.8282703
46.5017355, -118.8282311
46.5017355, -118.8281954
46.5281187, -118.8110781
46.530764, -118.8132347
46.5382694, -118.8170356
46.5462603, -118.8153891
46.5617306, -118.8281723
46.5617309, -118.8282483
46.5730812, -118.8174136
46.5800446, -118.8155837
46.5938144, -118.8170531
46.6000765, -118.8170604
46.6089522, -118.8169741
46.6199629, -118.8282244
46.6274028, -118.8375857
46.63448469999999, -118.8282059
46.64347, -118.8294809
46.6504051, -118.830374
46.6636066, -118.8283919
46.6776808, -118.8355449
46.6811687, -118.8283498
46.685398, -118.8218318
46.6991653, -118.8362588
46.7081709, -118.8360595
46.721031, -118.8282325
46.7266634, -118.8293087
46.7355805, -118.8282251
46.7441516, -118.8359652
46.75296489999999, -118.8327146
46.7624574, -118.8295308
46.7709291, -118.826863
46.7800107, -118.8278125
46.7880091, -118.824825
46.7933599, -118.8282203
46.8077848, -118.8282418
46.8165311, -118.8281764
46.82161, -118.8333589
46.837142, -118.8281352
46.84320160000001, -118.8357451
46.8522354, -118.8354294
46.8611762, -118.8352898
46.86673709999999, -118.8282438
46.8815213, -118.8282919
46.8881592, -118.8349896
46.8971274, -118.8347742
46.90609329999999, -118.8347336
46.9117385, -118.8281969
46.9240709, -118.8335771
46.93313089999999, -118.8334575
46.9430798, -118.8269631
46.954315, -118.8291309
46.9600575, -118.8330268
46.9700304, -118.8282331
46.978075, -118.8334833
46.9842729, -118.8281981
46.99886600000001, -118.8283145
47.0050645, -118.8336296
47.01409779999999, -118.8335295
47.0232855, -118.8332631
47.0279834, -118.8281751
47.0410792, -118.8114855
47.057216, -118.8282874
47.0572163, -118.8282131
47.0685264, -118.8277755
47.0716993, -118.8280316
47.0862367, -118.8282289
47.1011332, -118.8281986
47.1040826, -118.8323943
47.1155627, -118.828256
47.1274927, -118.8318975
47.1296451, -118.8276321
47.1444779, -118.8282599
47.1444781, -118.8281956
47.1589643, -118.8282327
47.1740316, -118.8285356
47.17403969999999, -118.8281384
47.1870179, -118.8234458
47.1893434, -118.8227897
47.2028592, -118.8282044
47.202909, -118.8272221
47.2211085, -118.8146525
47.2317455, -118.8283956
47.231787, -118.8274973
47.2482537, -118.8148578
47.2609619, -118.8282202
47.2609619, -118.8282394
47.2756213, -118.8282272
47.2756213, -118.828249
47.3048932, -118.8281238
47.3048936, -118.8282036
47.316683, -118.8274463
47.31951129999999, -118.8282246
47.3292478, -118.8210154
47.3334009, -118.8208955
47.3553629, -118.840648
47.369456, -118.8235613
47.3740853, -118.8287212
47.3773731, -118.8288468
47.3917235, -118.8352746
47.4087492, -118.8285104
47.4093739, -118.8295183
47.4220914, -118.8316328
47.42727319999999, -118.8244269
47.4345669, -118.8183398
47.4494944, -118.8120778
47.46495669999999, -118.8286618
47.4649639, -118.8282463
47.4793677, -118.8283125
47.4793684, -118.8281923
47.4938778, -118.828286
47.4938796, -118.828101
47.51160489999999, -118.8318677
47.51865859999999, -118.826513
47.5270415, -118.8278487
47.53607969999999, -118.8282109
47.5450762, -118.8284909
47.5540786, -118.82856
47.5630786, -118.8285834
47.5720757, -118.8287529
47.58081910000001, -118.8282307
47.5900759, -118.8290328
47.5990858, -118.8289749
47.6080841, -118.8287895
47.61708050000001, -118.8277132
47.6260799, -118.8277671
47.6350798, -118.8278069
47.64408, -118.827839
47.6530816, -118.8279599
47.6620778, -118.8280739
47.6710793, -118.8282053
47.680075, -118.8284757
47.6890758, -118.8287021
47.6981301, -118.827829
47.7070529, -118.8299696
47.715881, -118.8272099
47.7259742, -118.8264686
47.7330896, -118.8273564
47.7424717, -118.828842
47.7520691, -118.8299441
47.76108019999999, -118.8300075
47.77007829999999, -118.8300052
47.7790411, -118.8302076
47.78711329999999, -118.8282277
47.7970803, -118.8304991
47.8060884, -118.8304222
47.81617500000001, -118.8282136
47.82408119999999, -118.8303261
47.8330873, -118.8302535
47.842087, -118.8301718
47.8510876, -118.8301006
47.8607251, -118.8270086
47.8690836, -118.8299386
47.8780912, -118.8297831
47.8817501, -118.8297196
47.8993915, -118.8412648
47.9031951, -118.8406177
47.9161255, -118.8273084
47.9192851, -118.8300417
47.9270559, -118.8393704
47.94321559999999, -118.8156074
47.95360729999999, -118.8138599
47.9635319, -118.8232143
47.9666471, -118.8289074
47.9769668, -118.8283853
47.9819263, -118.8340937
47.99506460000001, -118.8281638
48.0019571, -118.8264188
48.01130389999999, -118.832727
48.0177485, -118.8430877
48.0345716, -118.8299627
48.0413429, -118.828485
48.04887240000001, -118.8274445
48.0588922, -118.8282114
48.0719792, -118.8300704
48.0724311, -118.8287433
48.0837741, -118.8284107
48.0943749, -118.8272259
48.0977505, -118.8244471
48.1138166, -118.8281335
48.1226188, -118.8280899
48.1297763, -118.8331426
48.13961579999999, -118.8280989
48.1482434, -118.8335496
48.157079, -118.8273044
48.16581499999999, -118.83049
48.17472249999999, -118.8280115
48.1850348, -118.8281806
48.1919564, -118.8288926
48.2021025, -118.8242071
48.2102628, -118.8246603
48.2107277, -118.8240936
48.2442676, -118.821553
48.2470502, -118.8225532
48.255731, -118.8280246
48.26162249999999, -118.8272102
48.2711993, -118.8270972
48.2830794, -118.8373099
48.2962842, -118.8229989
48.2996512, -118.8286399
48.3096347, -118.8298818
48.31610569999999, -118.8316211
48.3287939, -118.8319971
48.3375424, -118.8296377
48.3430097, -118.8250314
48.34356260000001, -118.8236912
48.3852407, -118.8258052
48.39087689999999, -118.8282285
48.4016455, -118.8334335
48.4112454, -118.8328751
48.41738669999999, -118.8264763
48.42089929999999, -118.8224669
48.4374866, -118.8309632
48.4436322, -118.8261171
48.4493022, -118.8193151
48.46703489999999, -118.8282646
48.4670636, -118.8290342
48.4825106, -118.8294623
48.4891533, -118.8307486
48.49483, -118.8316171
48.5070519, -118.8257821
48.5147481, -118.8298482
48.52575419999999, -118.8251817
48.5293951, -118.8280184
48.5444671, -118.8359753
48.5575787, -118.8255421
48.56187380000001, -118.8327806
48.5630304, -118.8342329
48.5793273, -118.8452846
48.5991598, -118.8340378
48.5999601, -118.8291703
48.6024407, -118.8239691
48.6199114, -118.8342163
48.6263167, -118.8291873
48.6309797, -118.8245988
48.64292349999999, -118.8312637
48.6506173, -118.8236954
48.6617111, -118.8283169
48.6684808, -118.8264526
48.6791023, -118.8281481
48.6883022, -118.8302822
48.698624, -118.8317973
48.70445420000001, -118.8272545
48.7149203, -118.8304688
48.7240982, -118.8284497
48.73630259999999, -118.8273941
48.741645, -118.8283316
48.7488324, -118.8319043
48.7604752, -118.8331002
48.763878, -118.833927
48.7846528, -118.8162795
48.787056, -118.8195462
48.7947458, -118.826317
48.805119, -118.8282685
48.8196237, -118.8232689
48.8486824, -118.805526
48.8577174, -118.7981006
48.86183519999999, -118.7931809
48.9149987, -118.8537248
48.91663370000001, -118.8524268
48.9301235, -118.842403
48.9351648, -118.8316789
48.93930049999999, -118.827193
48.9409753, -118.8222759
46.2114289, -118.8145483
46.2114301, -118.8146936
46.24060660000001, -118.8146063
46.2406069, -118.8145264
46.24841139999999, -118.8138023
46.2581475, -118.8049158
46.2671646, -118.8050668
46.2695254, -118.8050137
46.2949053, -118.8076597
46.2962742, -118.809874
46.303045, -118.8163343
46.3052962, -118.8165858
46.32101369999999, -118.8271721
46.330071, -118.8272226
46.3415474, -118.8145361
46.349495, -118.8170278
46.3548558, -118.8106623
46.3602836, -118.8042457
46.3656794, -118.7978542
46.37105740000001, -118.7914793
46.3849409, -118.7795439
46.4380601, -118.8254738
46.4470412, -118.8255225
46.4580833, -118.8145247
46.4580833, -118.8145113
46.483587, -118.805656
46.4871077, -118.8144706
46.4935418, -118.808958
46.501663, -118.8145132
46.5118067, -118.8083562
46.5187911, -118.8058002
46.5291429, -118.8121879
46.5375318, -118.8147485
46.5460669, -118.8153834
46.5550686, -118.8153018
46.5640515, -118.8172473
46.5730586, -118.8174133
46.5821212, -118.8147381
46.592033, -118.8138245
46.60007969999999, -118.8170604
46.6091067, -118.8169704
46.6181043, -118.8167548
46.6270884, -118.8166429
46.6370261, -118.8136052
46.647511, -118.8135028
46.6482052, -118.816849
46.66534859999999, -118.8185658
46.6702125, -118.8125991
46.6866916, -118.8172046
46.6900878, -118.815533
46.6990896, -118.8152944
46.70808359999999, -118.8150464
46.7170821, -118.8148774
46.7260776, -118.8148413
46.73529, -118.814676
46.7424895, -118.8115835
46.74803559999999, -118.8051941
46.7677585, -118.8062214
46.7717818, -118.8145026
46.7790195, -118.8145107
46.7933673, -118.8145321
46.79872599999999, -118.8176673
46.8070727, -118.8144991
46.8179153, -118.8158332
46.82176159999999, -118.8090761
46.8369358, -118.8143666
46.8430859, -118.8149323
46.8520743, -118.8144844
46.85921030000001, -118.8133149
46.866811, -118.8149258
46.8818703, -118.8145422
46.88187050000001, -118.814476
46.8972299, -118.8347726
46.9117978, -118.8145743
46.9117982, -118.8144915
46.9214182, -118.8006761
46.93585849999999, -118.8113348
46.9383545, -118.8175907
46.9554968, -118.8145531
46.95549700000001, -118.8144892
46.9700379, -118.8145213
46.9845521, -118.8149266
46.98456840000001, -118.8143647
46.9989985, -118.8145615
47.005114, -118.8122625
47.0140195, -118.8121864
47.0229357, -118.8120635
47.0321092, -118.8114445
47.0410789, -118.8114855
47.05016080000001, -118.8119017
47.0572776, -118.8145126
47.0678889, -118.8143094
47.0779671, -118.8167395
47.0858648, -118.8145204
47.0950438, -118.8115618
47.10392849999999, -118.8111244
47.1153832, -118.8143492
47.1220901, -118.8106813
47.130075, -118.8145179
47.1405153, -118.812831
47.149089, -118.8104604
47.1590229, -118.8145327
47.1673555, -118.81259
47.176089, -118.8147425
47.1850832, -118.8142205
47.19408019999999, -118.814304
47.2030789, -118.8143215
47.2120809, -118.8143839
47.2210787, -118.8146523
47.2300789, -118.8146707
47.2390781, -118.8146894
47.2480747, -118.8148527
47.2570767, -118.8150624
47.2660772, -118.8089947
47.2756038, -118.814521
47.2840666, -118.8088221
47.2930853, -118.8087824
47.3048722, -118.8145522
47.31100929999999, -118.8086603
47.3197233, -118.8145091
47.32813789999999, -118.8207893
47.36417360000001, -118.8068074
47.3649719, -118.8075122
47.37660469999999, -118.8159881
47.3772296, -118.8140652
47.3908905, -118.7944882
47.407748, -118.822092
47.42212170000001, -118.802264
47.4309401, -118.8210047
47.43785, -118.8158781
47.445836, -118.8105499
47.4528317, -118.8122295
47.464893, -118.8145123
47.4794648, -118.8146494
47.4794665, -118.8144694
47.49397740000001, -118.8145452
47.5000098, -118.8063761
47.5121175, -118.8152339
47.5176712, -118.8144485
47.5252473, -118.8259201
47.5355524, -118.8281662
47.5531045, -118.8089095
47.5664715, -118.8145348
47.5664716, -118.8145001
47.58075729999999, -118.8163198
47.5952819, -118.8147481
47.5952897, -118.8143568
47.6119583, -118.814568
47.6119589, -118.8144606
47.6260193, -118.8060212
47.6351311, -118.8059755
47.6409698, -118.8145119
47.65295099999999, -118.8279571
47.6638429, -118.8135503
47.664006, -118.8150777
47.6847983, -118.8194296
47.68915029999999, -118.8145413
47.6901376, -118.8099033
47.7092353, -118.8294972
47.7174049, -118.8266001
47.7245359, -118.8256075
47.73481289999999, -118.8139915
47.7426816, -118.8145663
47.7497822, -118.8127707
47.757207, -118.8149
47.7716376, -118.8143599
47.7791243, -118.8085571
47.7871179, -118.8145211
47.7970976, -118.8087638
47.8060568, -118.8087178
47.8160721, -118.8144952
47.8240447, -118.8087192
47.833018, -118.808529
47.8451891, -118.8145683
47.8506925, -118.8152546
47.86167529999999, -118.8094162
47.8675053, -118.8163478
47.8730988, -118.8230846
47.9092535, -118.8058161
47.9107202, -118.8122945
47.9135207, -118.8155155
47.9164114, -118.8181128
47.93365290000001, -118.8036964
47.95125669999999, -118.8127454
47.9587201, -118.8133378
47.9682101, -118.8145733
47.9771163, -118.8127266
47.9791096, -118.8168519
47.9997321, -118.8216111
48.0049022, -118.8162908
48.0109868, -118.8156592
48.02229250000001, -118.8107321
48.0301825, -118.813427
48.0400936, -118.8148026
48.0486872, -118.8144557
48.0576439, -118.8150282
48.0627921, -118.8158448
48.0713405, -118.8068584
48.0839363, -118.8142392
48.0958049, -118.814336
48.1052105, -118.813184
48.1128945, -118.8121815
48.1164931, -118.8197647
48.128925, -118.8111333
48.1389519, -118.8137042
48.1465153, -118.8071729
48.1574229, -118.8216538
48.1656219, -118.8111588
48.1744618, -118.8084402
48.1842842, -118.8194903
48.1931113, -118.8145639
48.20187190000001, -118.8145233
48.2093041, -118.8121656
48.2193365, -118.8045615
48.23152760000001, -118.8038639
48.2413312, -118.8066108
48.2465218, -118.8151757
48.2537546, -118.8173966
48.2684663, -118.8132133
48.27153879999999, -118.8193834
48.2848318, -118.8127722
48.2917087, -118.8167368
48.3023639, -118.8192712
48.3077105, -118.8122813
48.3119667, -118.8059845
48.3343017, -118.8046311
48.3416663, -118.8135534
48.34341269999999, -118.8161685
48.3441577, -118.8197043
48.3866113, -118.8090772
48.3866299, -118.8091616
48.3888093, -118.8130576
48.39052660000001, -118.8076565
48.4185072, -118.8203456
48.4195141, -118.8174336
48.4197821, -118.8174391
48.4418561, -118.8277124
48.447161, -118.8212032
48.4525659, -118.8135344
48.4634388, -118.8139773
48.4666803, -118.8189252
48.4828602, -118.8121559
48.49029549999999, -118.8150595
48.498176, -118.8114129
48.5095429, -118.8135744
48.5171545, -118.8126975
48.5265064, -118.8116898
48.5348722, -118.8143775
48.5438015, -118.8153245
48.55229509999999, -118.8157901
48.5573691, -118.8148419
48.5742676, -118.8056699
48.5748889, -118.8054981
48.59105049999999, -118.8074498
48.59718729999999, -118.8144139
48.6040544, -118.8149098
48.61650600000001, -118.8033103
48.6269102, -118.8130391
48.6336576, -118.8191203
48.6434097, -118.8159154
48.65230409999999, -118.8146927
48.6587653, -118.8166599
48.670095, -118.8135777
48.6766196, -118.8169596
48.68835790000001, -118.8302683
48.7062021, -118.8094082
48.7090729, -118.8139552
48.7108388, -118.81601
48.7318289, -118.818806
48.7340615, -118.8161194
48.7424143, -118.8148224
48.7513225, -118.8120767
48.76023430000001, -118.8155798
48.76850049999999, -118.8143836
48.7772836, -118.8121862
48.78690839999999, -118.8148002
48.7991648, -118.8201672
48.808359, -118.8114829
48.8139708, -118.8152473
48.82307369999999, -118.8125988
48.8335348, -118.8156489
48.8409068, -118.8151272
48.8450875, -118.8101942
48.8576272, -118.7981405
48.8577738, -118.7980549
48.8775452, -118.7862066
48.8803655, -118.7858076
48.88091480000001, -118.7853979
48.9159898, -118.8528688
48.93516349999999, -118.8316825
48.9355993, -118.8306739
48.9411338, -118.8140609
48.9411437, -118.8143088
48.9423419, -118.8101577
46.2113599, -118.8008374
46.21136060000001, -118.8009547
46.2386333, -118.8051419
46.2406296, -118.8008145
46.2530042, -118.8050969
46.2563482, -118.7988686
46.2670408, -118.8050645
46.294684, -118.8067086
46.2975639, -118.81106
46.3051995, -118.8163408
46.3342161, -118.7851758
46.341577, -118.8008449
46.341577, -118.8008215
46.341577, -118.8007981
46.3595227, -118.8051469
46.3649178, -118.7987565
46.37030619999999, -118.7923714
46.3769678, -118.7856646
46.3853036, -118.7793038
46.389744, -118.7743774
46.438038, -118.8254737
46.4580793, -118.8007514
46.4580795, -118.8008034
46.4580796, -118.8008554
46.483643, -118.805192
46.48384009999999, -118.8049282
46.4910766, -118.8050021
46.501576, -118.8008099
46.5090887, -118.8050716
46.5192615, -118.8057636
46.52551099999999, -118.8075154
46.5376038, -118.8110129
46.5449254, -118.8152309
46.5627113, -118.7964323
46.5640903, -118.796217
46.5730723, -118.796221
46.5762355, -118.800804
46.59094169999999, -118.8120553
46.6000846, -118.8170604
46.6200366, -118.8009303
46.6200371, -118.8008356
46.6200375, -118.8007409
46.6346968, -118.8008082
46.6461347, -118.8004171
46.6528883, -118.7998879
46.670518, -118.8007782
46.6705181, -118.8008227
46.681037, -118.7944171
46.6923281, -118.8008417
46.6944364, -118.7970142
46.7082055, -118.8150441
46.72123939999999, -118.8009485
46.7212437, -118.8006598
46.7354893, -118.8008133
46.7468905, -118.8060374
46.7526011, -118.799919
46.7622423, -118.8001179
46.7675693, -118.8059455
46.7790291, -118.800836
46.7933765, -118.8008205
46.7933765, -118.800809
46.8067068, -118.8008448
46.8161157, -118.8041756
46.8242618, -118.8050173
46.8359307, -118.8012545
46.842074, -118.7990277
46.857809, -118.8029615
46.8590397, -118.7998099
46.8667205, -118.8008879
46.8817092, -118.8008398
46.8817096, -118.800755
46.9118564, -118.8012063
46.9118593, -118.8009681
46.9150929, -118.8013193
46.9238863, -118.7995614
46.931297, -118.8027456
46.93538909999999, -118.8105115
46.9555869, -118.8008845
46.96008339999999, -118.8012738
46.96908, -118.8015095
46.9780758, -118.8015102
46.9869443, -118.8013811
46.996106, -118.8015095
47.0062009, -118.806726
47.01436899999999, -118.8121672
47.02808710000001, -118.8007934
47.02808719999999, -118.8008322
47.04108009999999, -118.8114855
47.05733170000001, -118.8017625
47.0727674, -118.801741
47.0729242, -118.8000151
47.0859074, -118.8008139
47.10121969999999, -118.8009516
47.1012217, -118.8007514
47.1155379, -118.8008373
47.1155382, -118.8007557
47.1301206, -118.8007963
47.138234, -118.8099817
47.1490558, -118.8104603
47.1590545, -118.800817
47.1695139, -118.7908577
47.1758459, -118.7936605
47.1892024, -118.8012386
47.1892461, -118.8003185
47.2038096, -118.800846
47.2122301, -118.7934214
47.2210869, -118.7934913
47.2319781, -118.800888
47.23905620000001, -118.7936017
47.2481122, -118.7937977
47.2609708, -118.8008292
47.267329, -118.8068098
47.2756088, -118.8008162
47.28409689999999, -118.8088219
47.2902663, -118.8007833
47.3021043, -118.8087625
47.3149097, -118.8002644
47.3179611, -118.8022807
47.3193634, -118.8067883
47.3628775, -118.7954861
47.3630581, -118.7963183
47.36398579999999, -118.801096
47.37520689999999, -118.8060194
47.3809911, -118.7991454
47.4064835, -118.8008443
47.4101396, -118.8001767
47.4188998, -118.8004788
47.4273436, -118.7985997
47.435828, -118.79728
47.447161, -118.8103079
47.4565332, -118.8021514
47.46489889999999, -118.8008295
47.47954860000001, -118.8009081
47.4795495, -118.8007786
47.4940525, -118.8008626
47.50012659999999, -118.8063739
47.5102258, -118.805164
47.5158876, -118.8058196
47.5197814, -118.8087715
47.5371629, -118.7824845
47.5531683, -118.8073115
47.5539237, -118.8071428
47.5665546, -118.8008986
47.56655689999999, -118.8006822
47.5811581, -118.7859643
47.5954328, -118.8008935
47.5954337, -118.8007616
47.6120485, -118.8008887
47.6171196, -118.806141
47.62611589999999, -118.8060197
47.6350479, -118.8059744
47.6410405, -118.8007408
47.6629643, -118.7961806
47.6632672, -118.7966945
47.6702975, -118.7932806
47.6849909, -118.7965323
47.699188, -118.7866486
47.7072052, -118.7867793
47.7159887, -118.7868528
47.73012869999999, -118.7989183
47.7311655, -118.8026757
47.742261, -118.8008386
47.7535415, -118.8019249
47.7569302, -118.8005669
47.7711633, -118.8009736
47.7790206, -118.8085554
47.7871227, -118.8008127
47.7972433, -118.8087571
47.8061097, -118.8087173
47.8151277, -118.8007765
47.82412619999999, -118.8087181
47.83510709999999, -118.7969701
47.8406649, -118.8035037
47.8511108, -118.8083888
47.85987, -118.8008125
47.8684769, -118.7969464
47.869159, -118.7967105
47.88915069999999, -118.7844007
47.9013047, -118.7918044
47.9078672, -118.7994133
47.9089808, -118.8028638
47.923812, -118.7906224
47.9313847, -118.8017139
47.9406125, -118.8004003
47.94864219999999, -118.8004687
47.9602532, -118.8011481
47.9709151, -118.8039842
47.9771276, -118.800819
47.9774579, -118.7977816
48.0046819, -118.8012656
48.00470350000001, -118.8010959
48.013091, -118.8014056
48.0213408, -118.8008706
48.0288637, -118.8063785
48.0398264, -118.8002339
48.0481012, -118.7989011
48.05798739999999, -118.7965887
48.0670771, -118.8008434
48.0756636, -118.7997514
48.0852257, -118.8002279
48.0931487, -118.8002039
48.102765, -118.8017313
48.1099007, -118.8045178
48.1207883, -118.8006772
48.128027, -118.7977724
48.1401088, -118.8042005
48.1471386, -118.8058993
48.1574131, -118.8011162
48.1666533, -118.8055446
48.1752049, -118.8010962
48.1841461, -118.801114
48.1929141, -118.8004897
48.20168719999999, -118.7999731
48.2108783, -118.8013829
48.2200181, -118.8007279
48.2290193, -118.802719
48.2405687, -118.7992134
48.2464705, -118.7974933
48.2559419, -118.7962721
48.266313, -118.8034883
48.268186, -118.7980939
48.2848033, -118.8010538
48.2850259, -118.8014943
48.3086539, -118.8093552
48.3129408, -118.8040157
48.3176047, -118.79741
48.3370519, -118.8047133
48.3427516, -118.802185
48.3428664, -118.8029343
48.3852764, -118.7988846
48.3853357, -118.7992749
48.3882749, -118.8043775
48.3972695, -118.7860166
48.4083035, -118.7809959
48.4195704, -118.8173996
48.450661, -118.8151368
48.45375079999999, -118.8021473
48.45414710000001, -118.8011722
48.4588075, -118.8048381
48.4634101, -118.8139341
48.4845473, -118.8061755
48.4899553, -118.7993458
48.5027508, -118.807392
48.51095249999999, -118.8036525
48.5170578, -118.8005597
48.526524, -118.8030305
48.5355097, -118.8013534
48.5434237, -118.7970118
48.5530797, -118.8007904
48.56227819999999, -118.8017564
48.5711107, -118.8025883
48.5800698, -118.8001765
48.5902258, -118.7997152
48.5981505, -118.800629
48.6065667, -118.803213
48.6159858, -118.803265
48.621222, -118.8047308
48.6344115, -118.801703
48.6425109, -118.799914
48.6505241, -118.8021927
48.662477, -118.8007262
48.6657007, -118.8054129
48.67380010000001, -118.8140975
48.7103754, -118.810309
48.7252357, -118.7899212
48.7371217, -118.8035782
48.7388687, -118.7975331
48.750379, -118.7999062
48.7600401, -118.8013163
48.7720239, -118.8068374
48.7807915, -118.7989651
