46.7660073, -119.0063076
46.7710738, -119.0056563
46.7800771, -119.005689
46.78907359999999, -119.0056596
46.7978614, -119.0063284
46.8070742, -119.0054809
46.8160776, -119.0054301
46.8250664, -119.0053769
46.83406249999999, -119.0051219
46.84306979999999, -119.0049515
46.8520475, -119.0046761
46.8610884, -119.0045046
46.8700718, -119.0043575
46.8790689, -119.0042747
46.8880474, -119.0040508
46.89708539999999, -119.0038927
46.9060673, -119.0039261
46.91138309999999, -119.0063951
46.918287, -118.993275
46.93370420000001, -119.014455
46.94068000000001, -119.0064106
46.9510592, -119.0035173
46.9600003, -119.0033628
46.9694752, -119.0062183
46.97624709999999, -119.0029748
46.9840791, -119.006463
46.9989105, -119.0064125
47.005049, -119.0064701
47.0135488, -119.0064076
47.02299319999999, -119.0029785
47.0281494, -119.0064577
47.0426466, -119.0064112
47.0510769, -119.009157
47.0588597, -119.008575
47.0680722, -119.0025802
47.0768064, -119.0092523
47.086758, -119.006413
47.0950861, -119.002336
47.1040503, -119.0023475
47.1157099, -119.00644
47.1220721, -119.0021756
47.1303525, -119.006408
47.1400735, -119.0020862
47.1490591, -119.0020411
47.1595245, -119.0064246
47.167069, -119.001903
47.1740767, -119.0064021
47.1850417, -119.0016892
47.1940286, -119.0014843
47.20306799999999, -119.0014033
47.2120666, -119.0012978
47.217786, -119.0063945
47.2324105, -119.0064862
47.2390348, -119.0011578
47.2470668, -119.0064108
47.25706599999999, -119.0010164
47.26599419999999, -119.0008949
47.27607769999999, -119.0064469
47.2840479, -119.0004874
47.2930701, -119.0004144
47.3020656, -119.0004014
47.3110706, -119.0003948
47.3199372, -119.0064144
47.3290748, -119.0003062
47.3380762, -119.0002962
47.3491935, -119.0064576
47.3560688, -119.0002592
47.3638518, -119.0064123
47.374412, -119.0061919
47.3759758, -119.0112353
47.3888237, -118.9901708
47.4087779, -119.0043935
47.4090518, -119.0066218
47.4090848, -119.0072405
47.427945, -118.9785135
47.452068, -119.0130094
47.4560927, -119.0081516
47.4665173, -119.0013077
47.4673185, -119.0016409
47.50412739999999, -119.0032861
47.5042522, -119.0038395
47.5100805, -119.0105751
47.517508, -119.0094403
47.5184671, -119.0099835
47.5396649, -118.9982239
47.544512, -118.9987815
47.5513797, -119.0017867
47.5609116, -119.004718
47.5678632, -119.0063427
47.58240120000001, -119.0064405
47.5900734, -118.9990489
47.59695780000001, -119.0063597
47.6118444, -119.006428
47.6168914, -118.9989794
47.6258591, -118.9988039
47.635173, -118.9984076
47.6409117, -119.0064393
47.6530858, -118.9982873
47.6619829, -118.9982168
47.6699208, -119.0064022
47.6844398, -119.0064576
47.6844402, -119.0063726
47.6989753, -119.0064136
47.7070489, -118.9975448
47.7160285, -118.9974719
47.7282035, -119.0086877
47.7290302, -119.0054871
47.7430248, -118.9972015
47.7518693, -118.9970654
47.76104770000001, -118.9968777
47.7716779, -119.0064422
47.7790245, -118.9966901
47.7881608, -118.9968146
47.7964329, -119.0071394
47.8011973, -119.0064117
47.8155839, -119.0064124
47.82358439999999, -119.0069248
47.8300945, -119.0064111
47.8446884, -119.0064247
47.8446885, -119.0063962
47.8599274, -118.9964955
47.86893329999999, -118.9962747
47.87422979999999, -118.9960047
47.8950822, -119.0193026
47.8953077, -119.0192434
47.9081317, -119.0132772
47.9149912, -119.0067597
47.92178819999999, -118.9979084
47.931616, -119.0064388
47.9409743, -119.0063693
47.9490051, -119.0059948
47.9580885, -119.0067136
47.9674848, -119.0072038
47.974008, -119.004749
47.986839, -119.00073
48.0007473, -119.003689
48.0013952, -119.007299
48.01543299999999, -119.015243
48.0216887, -119.0096708
48.0350999, -119.0054313
48.035384, -119.007409
48.048043, -118.9867209
48.0546253, -118.9866606
48.0561873, -118.985567
48.07678139999999, -118.9823528
48.0843717, -118.9825346
48.0987891, -118.989394
48.1123389, -118.9973336
48.1304411, -119.0137076
48.1328958, -119.0104568
48.1390991, -119.0018799
48.14821360000001, -119.0052234
48.1593392, -119.0129692
48.1660768, -119.0074538
48.1757631, -119.0132747
48.18354470000001, -119.0064979
48.19102789999999, -119.0040391
48.2029252, -119.0050962
48.20764699999999, -119.0118434
48.22455160000001, -119.0004251
48.2305591, -119.0047895
48.2380526, -119.003767
48.24679810000001, -119.0095604
48.25613560000001, -119.0062609
48.26527129999999, -119.0113181
48.274331, -119.0088959
48.2795153, -119.0104803
48.29537209999999, -119.0027694
48.3009959, -119.007374
48.31089, -119.0020391
48.3154947, -119.0038992
48.3295975, -119.0050143
48.3376489, -119.0063451
48.349512, -119.0018149
48.3550481, -119.0068606
48.3640447, -119.0086158
48.3666281, -119.0142986
48.3876372, -118.9975524
48.3914936, -119.0066483
48.3943614, -119.0089431
48.40763219999999, -118.9933074
48.4144499, -118.986957
48.4146593, -118.9867794
48.4521424, -119.0050034
48.4528022, -119.0076101
48.4633087, -119.0061505
48.4716984, -119.0103583
48.4804176, -119.0062884
48.4889357, -119.0036289
48.4987305, -119.0104576
48.5116722, -119.0084229
48.5124404, -119.0064822
48.5285699, -118.9995535
48.5391543, -119.0011616
48.54256789999999, -119.006502
48.5526581, -119.0057795
48.5624811, -119.0086433
48.5696068, -119.000556
48.5771691, -118.9937365
48.59247329999999, -119.0030316
48.598035, -119.0062483
48.6062345, -119.0123247
48.6126299, -119.0104325
48.6282726, -119.0077123
48.6345667, -119.0047639
48.6431427, -119.006897
48.6519544, -119.0098961
48.6611304, -119.0071994
48.6702119, -119.0056858
48.68013329999999, -119.0069363
48.6822144, -119.012812
48.6989497, -119.0037613
48.7055949, -119.0044099
48.7146463, -119.0088727
48.72317040000001, -119.0082563
48.732757, -119.006066
48.7420544, -119.0116125
48.750295, -119.0117941
48.7604218, -118.9927593
48.7676249, -118.990663
48.7784604, -119.0160683
48.7878421, -119.005493
48.7923693, -119.0121349
48.8023325, -119.0080174
48.8147579, -119.0079613
48.8218433, -119.0060533
48.8276016, -118.9958205
48.8396493, -119.0164245
48.85664999999999, -119.0075485
48.8568672, -119.0058819
48.8658951, -119.0083022
48.8778652, -119.0100871
48.88541960000001, -119.0094773
48.900502, -119.0049179
48.9040797, -119.0064122
48.9127445, -119.0053494
48.92071809999999, -119.0070046
48.9554136, -119.009285
46.2130678, -118.9921957
46.2220606, -118.9917912
46.22706489999999, -118.9879102
46.2318862, -118.9811374
46.2562216, -119.002538
46.2626182, -118.9969165
46.2652377, -118.9910031
46.285604, -118.9928214
46.2856045, -118.9927158
46.2856051, -118.9926102
46.3032057, -119.0092695
46.3118743, -119.0092213
46.329288, -118.988231
46.3300873, -118.9882341
46.3382975, -118.9944213
46.34311599999999, -118.999088
46.3653865, -118.9927504
46.3653866, -118.9927062
46.36538669999999, -118.992662
46.3840024, -119.0089525
46.393111, -119.0089643
46.40238189999999, -119.0088865
46.4112413, -119.0088485
46.4311649, -118.9928953
46.4311661, -118.9927446
46.43116730000001, -118.9925938
46.4475092, -118.9925164
46.456406, -118.9988933
46.46518469999999, -118.9930987
46.47126069999999, -118.9896219
46.4764834, -118.9801214
46.4890462, -119.0125915
46.5024491, -119.0146201
46.5127124, -119.0116777
46.5164523, -119.0116461
46.530895, -119.0064109
46.5434144, -119.0033081
46.5435595, -119.0032921
46.5568613, -118.9985955
46.5645063, -118.9934906
46.5725563, -118.9922448
46.5805348, -118.9991812
46.5863739, -119.002285
46.6001406, -119.0062977
46.6090998, -119.0062123
46.6181152, -119.0061823
46.6270016, -119.0062373
46.6360401, -119.0063292
46.64780649999999, -118.987469
46.6540733, -118.9850618
46.6638447, -118.9925412
46.6645162, -118.9961753
46.6811512, -119.0060654
46.69302589999999, -118.98468
46.6991171, -118.9847744
46.7074142, -118.9927109
46.7219069, -118.9927401
46.72190699999999, -118.9926832
46.7366339, -118.9926588
46.7440694, -118.9843398
46.7512356, -118.9927656
46.7638459, -118.9894207
46.7700731, -118.9939694
46.7821323, -118.9890922
46.7853917, -118.9946238
46.7947736, -118.9926586
46.8071448, -119.0054801
46.8240928, -118.992357
46.8241009, -118.9927526
46.8343685, -119.0051113
46.8431568, -119.0049504
46.853238, -118.9926742
46.8677925, -118.9925615
46.8677945, -118.99276
46.8822262, -118.9926458
46.8895333, -118.9927012
46.9040353, -118.9926236
46.9060724, -118.9933069
46.9150846, -118.9933361
46.9405711, -118.9925675
46.9405726, -118.9927382
46.95728769999999, -118.9904074
46.9596761, -118.992954
46.9696596, -118.9927122
46.97831499999999, -119.0007164
46.9840175, -118.9927655
46.998863, -118.992686
47.007881, -118.9993891
47.013528, -118.9927166
47.0222992, -118.9917619
47.0281187, -118.9927275
47.0426704, -118.9927217
47.0506928, -118.990463
47.0572188, -118.9926916
47.0718241, -118.992852
47.0718301, -118.99251
47.0848497, -118.9928207
47.09465700000001, -118.9923037
47.1041476, -119.002346
47.1157385, -118.9927162
47.1157385, -118.9926939
47.1303876, -118.9927088
47.1448838, -118.9927872
47.1448849, -118.9926418
47.1595851, -118.9927153
47.168935, -118.9969171
47.1741494, -118.9927016
47.1886398, -118.9927245
47.1886399, -118.9926868
47.2030986, -119.0014031
47.2178707, -118.9928156
47.2210617, -118.9905181
47.2301048, -118.9905547
47.2391504, -119.0011557
47.247117, -118.9927005
47.2615694, -118.9928408
47.261573, -118.9925779
47.2761649, -118.9927109
47.2841202, -119.0004866
47.2930909, -119.0004143
47.3020966, -119.0004012
47.3127092, -118.9927273
47.3200905, -119.0003439
47.3290847, -119.0003062
47.338083, -119.0002962
47.347083, -119.0002866
47.356092, -119.0002591
47.3638674, -118.9927075
47.3709007, -118.9948623
47.3831038, -118.9928199
47.3913297, -118.9891168
47.403627, -118.9927265
47.4094519, -118.989867
47.4143919, -118.9859881
47.42801, -118.9785128
47.4369628, -118.9783925
47.446046, -118.9782634
47.460988, -118.9975269
47.4630923, -118.991931
47.468937, -118.9871023
47.4820494, -118.9777135
47.4910157, -118.9776199
47.5049479, -118.9944196
47.5057272, -118.9914442
47.5242415, -118.9898443
47.539924, -118.9965492
47.5452559, -118.9929544
47.5552284, -118.9911233
47.5630055, -118.9924194
47.5707952, -118.9884584
47.5826201, -118.9880476
47.5904422, -118.988052
47.5991058, -118.9990051
47.6097699, -118.9915541
47.617237, -118.9989602
47.6267195, -118.998554
47.63501249999999, -118.9984035
47.6440993, -118.9983094
47.6530746, -118.9982873
47.6621439, -118.9982126
47.671121, -118.9979244
47.6801221, -118.9977412
47.6891099, -118.9975907
47.6989392, -118.9927104
47.7070957, -118.9975444
47.71347770000001, -118.9926611
47.7251147, -118.9973337
47.73410399999999, -118.9973748
47.7426979, -118.9926996
47.7522425, -118.9970342
47.7610929, -118.9968774
47.7718218, -118.9927507
47.7791015, -118.9966892
47.786545, -118.9926984
47.7970141, -118.9969819
47.8061005, -118.9968784
47.8155996, -118.9927185
47.8241025, -118.9966583
47.83307420000001, -118.9965873
47.8420742, -118.9966124
47.8510983, -118.9965924
47.8601411, -118.9964877
47.86913029999999, -118.9962684
47.8761138, -118.9907487
47.8891596, -118.9837323
47.89485, -118.9867982
47.9050733, -118.9921191
47.914474, -118.9916327
47.9236447, -118.9947949
47.9326923, -118.9927183
47.9421574, -118.9921888
47.9505548, -118.9934237
47.9571903, -118.9913604
47.9705822, -118.9917631
47.978618, -118.997193
47.985311, -118.991274
47.99504899999999, -118.994728
48.0048155, -118.9943822
48.00892109999999, -118.9858838
48.0263161, -118.9823879
48.033601, -118.992046
48.035111, -118.99479
48.0555888, -118.9861271
48.0721067, -118.9795336
48.0766094, -118.9823416
48.0846549, -118.9825111
48.1035192, -118.9896189
48.1113762, -118.9930981
48.1161274, -118.9826949
48.13457289999999, -118.9857662
48.1389389, -118.994215
48.1466178, -118.9911161
48.15674680000001, -118.9960334
48.1646875, -118.9913659
48.1750037, -118.9857188
48.1854756, -118.9862133
48.1927895, -118.9928055
48.2020511, -118.9857696
48.213032, -118.9899978
48.2200875, -118.9957409
48.2295779, -118.9876672
48.2374391, -118.9879866
48.24974470000001, -118.9967822
48.25615879999999, -118.9932491
48.2630215, -118.9905296
48.2716244, -119.0061746
48.294669, -118.9958159
48.30270729999999, -118.9944928
48.30863859999999, -118.9945836
48.3223431, -118.9919807
48.3260905, -118.99667
48.3378789, -118.992534
48.3458987, -118.9931262
48.3510007, -118.993363
48.3630605, -118.9936623
48.3645194, -118.9973005
48.3840693, -118.9916864
48.3898986, -118.9938335
48.4021711, -118.9918065
48.407793, -118.9928344
48.41474700000001, -118.986614
48.4476687, -118.9863749
48.4491954, -118.9897738
48.4548193, -118.9888216
48.4604158, -118.9978086
48.471559, -118.989427
48.4802235, -118.9927379
48.4900568, -118.9917463
48.4955206, -118.9974078
48.5127487, -118.9990981
48.5174025, -118.9956347
48.52476830000001, -118.9926463
48.5352155, -118.9908143
48.5444814, -118.9916848
48.5532114, -118.9922634
48.5638724, -118.9956477
48.5709543, -118.9930334
48.5796733, -118.9902228
48.5876184, -118.9951684
48.5939746, -118.9998746
48.6065811, -118.9805974
48.6112822, -118.9782509
48.6310367, -118.9952067
48.634086, -118.9949144
48.6422539, -118.9916131
48.651985, -118.9925161
48.660308, -118.9893966
48.6683987, -118.9854862
48.6774774, -118.9997449
48.68840789999999, -118.9804148
48.6985866, -118.9893564
48.7056591, -118.9943447
48.7150496, -118.9839632
48.7246986, -118.9898572
48.7319122, -118.9940172
48.7418478, -118.9886161
48.75136579999999, -118.9927035
48.7600786, -118.992717
48.7688656, -118.9903992
48.77811939999999, -118.9897544
48.7870861, -118.9937843
48.7966523, -118.9900586
48.7998938, -118.9918997
48.8124271, -118.9926479
48.82433260000001, -118.9939267
48.8308784, -118.991341
48.84105539999999, -118.98715
48.8515851, -118.9937514
48.8609884, -118.9894196
48.8641515, -118.9958877
48.8781301, -118.9919307
48.8856157, -118.9928911
48.8946244, -118.9931516
48.9047771, -118.9958293
48.9126263, -118.9945279
48.9214271, -118.9877055
48.9291225, -118.9840238
48.9375988, -118.9786989
48.95909959999999, -118.9823145
46.2117549, -118.9789984
46.22564819999999, -118.9787331
46.2307615, -118.9796194
46.2529781, -118.9719882
46.2580711, -118.9722673
46.2695442, -118.9812908
46.2721691, -118.9753729
46.2850464, -118.9790039
46.299882, -118.972926
46.3119874, -118.9701243
46.3144436, -118.970071
46.3300625, -118.988234
46.3339442, -118.9902516
46.3402065, -118.99625
46.3655327, -118.9792713
46.3655371, -118.9789856
46.3655414, -118.9786999
46.3655457, -118.9784142
46.3856526, -118.9512086
46.4026402, -119.0088763
46.4308112, -118.9813988
46.4308393, -118.9809292
46.4310109, -118.9796162
46.4311914, -118.9780334
46.4483044, -118.9877559
46.4602389, -118.9773928
46.4634407, -118.9824152
46.4753213, -118.9813967
46.48036099999999, -118.9755942
46.4814786, -118.9728538
46.5006755, -118.950637
46.513395, -118.95627
46.55401260000001, -119.0005791
46.5664981, -118.987996
46.5672075, -118.9869851
46.5709358, -118.9794987
46.5796772, -118.9757101
46.5839755, -118.9690782
46.5912269, -118.9612388
46.6091224, -119.0062122
46.61815370000001, -119.0061821
46.6269247, -119.0062364
46.6479226, -118.9863482
46.6483831, -118.9857122
46.6564489, -118.9834539
46.6637375, -118.9790007
46.678404, -118.973893
46.6928945, -118.9789891
46.6990516, -118.9847738
46.7074006, -118.9790043
46.7170895, -118.984727
46.726101, -118.9846844
46.73653840000001, -118.9790168
46.74407249999999, -118.9753746
46.7558143, -118.981787
46.76013529999999, -118.9832073
46.7657433, -118.9790269
46.7802437, -118.9736896
46.7948775, -118.9790224
46.7948776, -118.978992
46.8069906, -118.9628926
46.8165664, -118.9700779
46.823849, -118.979041
46.8238531, -118.9793208
46.8530112, -118.9787786
46.85301330000001, -118.9789817
46.86757129999999, -118.978976
46.86757129999999, -118.9790132
46.8820956, -118.9789409
46.8894435, -118.9789748
46.9039931, -118.9828386
46.9060946, -118.9827171
46.91134960000001, -118.9789893
46.9405304, -118.9792304
46.9405343, -118.9789556
46.95603970000001, -118.9786303
46.9565411, -118.97941
46.9695861, -118.9790159
46.9780645, -118.9820972
46.98710150000001, -118.9821036
46.9960965, -118.9819794
47.0067841, -118.9783135
47.0134619, -118.979006
47.0236421, -118.9800797
47.0317489, -118.97901
47.0426745, -118.9790156
47.0493298, -118.9821812
47.0590978, -118.9813386
47.0680689, -118.9812684
47.0770967, -118.9812866
47.08652, -118.9789985
47.09509000000001, -118.9811725
47.1040714, -118.9812689
47.1130773, -118.981264
47.1168796, -118.9812235
47.1303547, -118.9790162
47.1400835, -118.9811656
47.1491157, -118.9810001
47.1580757, -118.9809166
47.1740344, -118.9780157
47.1741174, -118.9792812
47.1875044, -118.9786109
47.1897386, -118.9740356
47.1983663, -118.9658649
47.2178195, -118.9779564
47.21795540000001, -118.9795722
47.2324591, -118.9785148
47.23908, -118.9798432
47.2471263, -118.9792149
47.26173499999999, -118.9790029
47.26173499999999, -118.9790027
47.2762902, -118.9789542
47.2762964, -118.9792892
47.2930425, -118.9581326
47.3068315, -118.9849604
47.3105521, -118.9815214
47.3151002, -118.9731765
47.326571, -118.960865
47.33953, -118.9580062
47.3551886, -118.9668078
47.3597723, -118.9734487
47.36508380000001, -118.9792383
47.3740788, -118.9789694
47.3818458, -118.9817303
47.3941969, -118.9857028
47.401086, -118.9811449
47.4094834, -118.9792466
47.419452, -118.9802001
47.4280766, -118.9785121
47.437074, -118.9783905
47.4460773, -118.9782633
47.4550657, -118.9781829
47.4632503, -118.9813492
47.473038, -118.9786598
47.4820764, -118.9777134
47.4910731, -118.9776194
47.5000966, -118.9775987
47.5090924, -118.9776972
47.5180753, -118.9778038
47.52423690000001, -118.9789563
47.5418353, -118.9897907
47.55022049999999, -118.9822495
47.554112, -118.9790164
47.5594782, -118.9800232
47.57238960000001, -118.9862248
47.5811117, -118.9792772
47.5937644, -118.9854929
47.5994518, -118.9796642
47.6073201, -118.9811435
47.6123503, -118.9759311
47.6315458, -118.9693694
47.644395, -118.9763561
47.6530577, -118.9766399
47.6620258, -118.9764283
47.671071, -118.9764038
47.6800566, -118.9762683
47.6884873, -118.9783349
47.6990195, -118.9790247
47.7070891, -118.9758737
47.71602009999999, -118.9757955
47.7249094, -118.9757438
47.7340862, -118.9756103
47.7428103, -118.9789991
47.75197000000001, -118.9754749
47.7610806, -118.9754576
47.7719476, -118.9789473
47.7790745, -118.9753259
47.7865863, -118.9789991
47.7970832, -118.9752818
47.8011534, -118.9790095
47.8156237, -118.9790052
47.8240577, -118.9701019
47.8303464, -118.9789717
47.8420557, -118.9748442
47.8510579, -118.974732
47.8600376, -118.9746115
47.8690147, -118.9745429
47.8780109, -118.9742548
47.8864558, -118.9764243
47.8966377, -118.9862213
47.9059445, -118.9790212
47.907584, -118.9823372
47.9309674, -118.9789286
47.9317558, -118.9797224
47.9370761, -118.9804155
47.9501676, -118.988681
47.9596989, -118.9756583
47.9680595, -118.9793246
47.9765336, -118.9783887
47.9846925, -118.9731197
47.9984403, -118.983258
48.0029877, -118.9838906
48.0137521, -118.9793432
48.02216070000001, -118.9783484
48.0308984, -118.9794845
48.04449520000001, -118.9745135
48.0490903, -118.9789919
48.0593833, -118.9810254
48.0681529, -118.976167
48.0754208, -118.9819325
48.0852229, -118.9824581
48.0942471, -118.9791405
48.10317089999999, -118.9776056
48.1143879, -118.9844617
48.1210554, -118.9786598
48.1300777, -118.9775566
48.137476, -118.9785005
48.1473313, -118.975684
48.1570881, -118.9778654
48.1660779, -118.9789601
48.17507149999999, -118.9750947
48.1836869, -118.9855352
48.1965777, -118.9871839
48.2042982, -118.983567
48.2125472, -118.9826939
48.2189247, -118.9806669
48.22718, -118.9750696
48.2376545, -118.9720567
48.247089, -118.9750223
48.2544412, -118.9825208
48.2652576, -118.9707193
48.2670215, -118.9697065
48.2867083, -118.9616947
48.2995771, -118.9681968
48.302785, -118.9708868
48.3115703, -118.9763402
48.3179163, -118.9836407
48.3300996, -118.9730357
48.3383669, -118.9777025
48.3456415, -118.982594
48.3546063, -118.9774314
48.3617344, -118.9732001
48.3801034, -118.9757885
48.3821498, -118.9783797
48.3851913, -118.984322
48.4057671, -118.9845848
48.408254, -118.9785309
48.412736, -118.9806024
48.421915, -118.9658652
48.4426, -118.972907
48.44706009999999, -118.9798333
48.4528353, -118.9772193
48.4630991, -118.9787212
48.4717199, -118.985142
48.483764, -118.9778726
48.4898386, -118.9790861
48.4941441, -118.9712819
48.51784, -118.983515
48.5286731, -118.9789874
48.5375237, -118.9757066
48.5430532, -118.9773286
48.55796, -118.9780333
48.5588157, -118.9797899
48.5731876, -118.9903656
48.5831924, -118.9788448
48.5892205, -118.979595
48.59845809999999, -118.9802575
48.6075118, -118.9799683
48.6250443, -118.9791055
48.63416110000001, -118.9798509
48.6432486, -118.9794241
48.6519725, -118.9781846
48.6610616, -118.978906
48.6700866, -118.9789201
48.6792249, -118.9796971
48.6878404, -118.9801494
48.6974023, -118.9804641
48.706132, -118.9824234
48.71373579999999, -118.9829997
48.7241188, -118.977218
48.7269329, -118.9819836
48.7426976, -118.9884925
48.7506811, -118.9876711
48.7605261, -118.9797315
48.7691171, -118.9793568
48.7760522, -118.9815743
48.7872222, -118.9807414
48.7914919, -118.9816686
48.79977, -118.9913227
48.8160242, -118.9761039
48.8212421, -118.9805194
48.8319315, -118.9787309
48.8419742, -118.9808084
48.8490545, -118.984728
48.8576501, -118.9812045
48.8604519, -118.9855999
48.8816306, -118.9747373
48.88674779999999, -118.9769919
48.8932341, -118.9857212
48.9040616, -118.9763221
48.9140404, -118.9865084
48.9245648, -118.9807031
48.9312385, -118.980355
48.939239, -118.9767661
48.9470173, -118.9733114
46.2117751, -118.9652924
46.2190138, -118.9653045
46.2298188, -118.9710587
46.2426976, -118.9612869
46.2498035, -118.9652989
46.2588116, -118.9653005
46.2670357, -118.9723717
46.276458, -118.9656485
46.2820335, -118.9695112
46.29981679999999, -118.9651262
46.30309889999999, -118.9677026
46.3121291, -118.9701213
46.3299339, -118.951984
46.339244, -118.9521351
46.3438461, -118.9517459
46.3654841, -118.9649717
46.3654905, -118.9653188
46.3724689, -118.9570124
46.3838231, -118.951279
46.4308239, -118.9640883
46.4308399, -118.9646379
46.4308558, -118.9651874
46.4308718, -118.965737
46.445232, -118.9587375
46.459962, -118.9651466
46.4599683, -118.9654929
46.4736955, -118.9657747
46.4827491, -118.9650636
46.4844781, -118.9599107
46.5008695, -118.9506311
46.5268598, -118.9352579
46.5688053, -118.9600317
46.569028, -118.9620649
46.5692506, -118.9640981
46.5694732, -118.9661314
46.5841796, -118.9681773
46.5898864, -118.9625266
46.593167, -118.9582738
46.59406329999999, -118.9558148
46.595398, -118.9512732
46.6491175, -118.9639204
46.65405459999999, -118.9636925
46.6637221, -118.965295
46.6720661, -118.9632962
46.6810454, -118.96312
46.6900297, -118.9628134
46.6990737, -118.9626946
46.7074058, -118.9652926
46.7170734, -118.962615
46.7260712, -118.962545
46.7357872, -118.9634237
46.7397312, -118.965745
46.7657134, -118.9652788
46.7710886, -118.9628603
46.7802388, -118.9652959
46.7890727, -118.9629545
46.7980663, -118.9629985
46.8070657, -118.9628917
46.81657329999999, -118.9653013
46.8236674, -118.9653342
46.8340646, -118.9626318
46.8430757, -118.9624664
46.8528341, -118.9652738
46.8610801, -118.9624482
46.8700287, -118.9623373
46.8790111, -118.961922
46.8893041, -118.9652684
46.8970935, -118.9619561
46.9059898, -118.9617053
46.91137190000001, -118.9652836
46.91137190000001, -118.9652534
46.9406739, -118.9653776
46.9406744, -118.965281
46.9552743, -118.9653641
46.9565737, -118.9646922
46.9697513, -118.9652963
46.9781478, -118.9615468
46.9870929, -118.9664118
46.99627419999999, -118.9678294
47.0050254, -118.961641
47.0134282, -118.9652996
47.02796319999999, -118.9610764
47.0321277, -118.9654778
47.0401788, -118.9644065
47.0500962, -118.9653249
47.058364, -118.9653142
47.0680572, -118.9603449
47.07757729999999, -118.9652433
47.0864576, -118.9652923
47.086458, -118.9653818
47.1040263, -118.9812686
47.1152968, -118.9651852
47.1153072, -118.9656348
47.1302008, -118.9653258
47.1302055, -118.9656297
47.1594018, -118.9651902
47.1594023, -118.9652825
47.173327, -118.9647795
47.17337, -118.965559
47.1859786, -118.9635463
47.19458239999999, -118.9675183
47.2020273, -118.9625629
47.2170493, -118.9694976
47.2311871, -118.9650686
47.2391006, -118.9586616
47.2457294, -118.9658155
47.25732499999999, -118.9591281
47.2617185, -118.965316
47.2761422, -118.9653137
47.2840341, -118.9581771
47.293066, -118.9581325
47.3039991, -118.9606651
47.3110394, -118.9579989
47.3173775, -118.9635555
47.3393143, -118.9579545
47.3471044, -118.9581072
47.3551302, -118.9667232
47.36185709999999, -118.9677727
47.3741438, -118.9789687
47.37909930000001, -118.9791693
47.404137, -118.957462
47.4055088, -118.9655347
47.406513, -118.9625834
47.4217914, -118.9652156
47.421795, -118.9654825
47.4366597, -118.9653035
47.4461101, -118.9782631
47.4597852, -118.9732549
47.46650580000001, -118.9653456
47.4730657, -118.9673605
47.48212059999999, -118.9653607
47.4911283, -118.9568253
47.5000797, -118.9569169
47.50963830000001, -118.9652898
47.5180203, -118.9569988
47.524249, -118.9653295
47.5361646, -118.9571081
47.5451317, -118.9571508
47.5541501, -118.9652101
47.5629461, -118.9574422
47.5797112, -118.964577
47.579811, -118.9656842
47.5969139, -118.9641617
47.5977708, -118.9661612
47.6117242, -118.9652112
47.61172639999999, -118.9654207
47.6316095, -118.9690559
47.6337331, -118.9639461
47.6445444, -118.9763174
47.6531818, -118.9766375
47.6623093, -118.9764154
47.6711137, -118.9764035
47.6801697, -118.9762662
47.6929324, -118.9696488
47.6991413, -118.9652849
47.7071133, -118.9581899
47.7137543, -118.9652394
47.7286151, -118.9655844
47.7359134, -118.9651123
47.7430226, -118.9586466
47.7505171, -118.9617129
47.7610945, -118.9586294
47.77249579999999, -118.9656659
47.7725343, -118.9647516
47.7867728, -118.9648881
47.8011706, -118.9653413
47.80572069999999, -118.969055
47.81572999999999, -118.9653024
47.8258789, -118.963012
47.8302467, -118.9702384
47.842133, -118.9748432
47.85112609999999, -118.9747312
47.86242439999999, -118.9611016
47.866035, -118.9681219
47.8810526, -118.9635338
47.8887752, -118.965303
47.8954256, -118.9635898
47.9042438, -118.9659867
47.90512409999999, -118.9687397
47.9259551, -118.9631297
47.9322826, -118.9648005
47.93553600000001, -118.9645351
47.9497476, -118.9661451
47.9606567, -118.9630535
47.9684469, -118.966063
47.9772005, -118.9654357
47.985336, -118.96222
47.9953771, -118.9685094
48.0025929, -118.9618088
48.0134644, -118.9570596
48.0244596, -118.9639544
48.0329266, -118.9649703
48.0394182, -118.9665021
48.0482509, -118.9733388
48.0586732, -118.9654996
48.0645537, -118.9718704
48.0710033, -118.9785906
48.0946148, -118.9584199
48.0960075, -118.9644526
48.0985983, -118.9708777
48.1183658, -118.9545621
48.1235643, -118.960261
48.1298135, -118.9652991
48.1372228, -118.9621092
48.14839809999999, -118.9753183
48.156422, -118.9778112
48.16780439999999, -118.967095
48.17293189999999, -118.9662531
48.1845332, -118.9698867
48.1932852, -118.9662445
48.2023261, -118.9625118
48.2116368, -118.9637284
48.219984, -118.9652951
48.2307472, -118.9681694
48.2384287, -118.9719616
48.2468007, -118.964855
48.2567943, -118.9718632
48.2678519, -118.967799
48.2709021, -118.9635256
48.2832636, -118.9603279
48.2927189, -118.9621845
48.3010191, -118.9654195
48.3091605, -118.9694855
48.3195341, -118.9628447
48.3265117, -118.9690738
48.3354306, -118.9755266
48.3509159, -118.9791345
48.3562197, -118.9758199
48.3670052, -118.9655786
48.37139750000001, -118.9629229
48.3821622, -118.9652731
48.3823889, -118.9659149
48.4008168, -118.9632797
48.4095218, -118.9641289
48.4180647, -118.9654453
48.422264, -118.965041
48.4370398, -118.9615085
48.44550640000001, -118.9656447
48.4562319, -118.971745
48.4632884, -118.9658827
48.47238979999999, -118.965166
48.4801727, -118.9655943
48.49192490000001, -118.96583
48.4955295, -118.9661214
48.496792, -118.960952
48.5244171, -118.9571753
48.5284854, -118.9644236
48.5350797, -118.9650949
48.5439977, -118.965133
48.55790529999999, -118.9657796
48.5583381, -118.9638742
48.5652657, -118.9554606
48.583965, -118.9678544
48.591082, -118.9659626
48.5962774, -118.9561393
48.6092976, -118.9789165
48.6218498, -118.9695761
48.6258024, -118.9661532
48.63311849999999, -118.9697699
48.6437305, -118.973618
48.6519267, -118.9572529
48.657117, -118.9561067
48.6664086, -118.9767734
48.6800204, -118.9793137
48.68760229999999, -118.9800357
48.7000039, -118.9574078
48.70608, -118.9568486
48.71370330000001, -118.9544665
48.7264949, -118.9684173
48.7328345, -118.962684
48.7615728, -118.9751088
48.7722524, -118.9630722
48.7774189, -118.9648754
48.7868769, -118.9644936
48.7961836, -118.962912
48.79860439999999, -118.9638056
48.8166812, -118.9662333
48.8259479, -118.9656382
48.831115, -118.9679362
48.83910700000001, -118.967546
48.8499272, -118.965276
48.8608201, -118.9546806
48.8727435, -118.9616797
48.8768251, -118.9654901
48.8871545, -118.9594295
48.8877775, -118.9595346
48.9052089, -118.9650412
48.9128858, -118.9650211
48.9217735, -118.9653489
48.9257658, -118.9659377
48.9444673, -118.960626
48.9478263, -118.9659797
46.21306329999999, -118.9505471
46.22205899999999, -118.9502633
46.2310976, -118.9502165
46.2362403, -118.9487831
46.2498712, -118.9516319
46.25807529999999, -118.9513304
46.26163990000001, -118.9514972
46.2772805, -118.9513647
46.285079, -118.9515876
46.29407399999999, -118.9518853
46.30307800000001, -118.9519801
46.31208669999999, -118.9518895
46.3210771, -118.9519073
46.33008359999999, -118.9519803
46.3390462, -118.9521089
46.3439734, -118.9509951
46.365313, -118.9519376
46.3653151, -118.9518317
46.3750795, -118.9516155
46.38407309999999, -118.9512694
46.4304562, -118.9504918
46.4304699, -118.9510008
46.4304836, -118.9515097
46.4417349, -118.9508922
46.44457269999999, -118.9546695
46.4597092, -118.9514474
46.4695723, -118.9475767
46.4713859, -118.9501768
46.4864668, -118.9539888
46.492069, -118.950898
46.5010652, -118.9506252
46.5100642, -118.9503822
46.51388499999999, -118.950728
46.5265513, -118.9354049
46.53879149999999, -118.9307843
46.5451936, -118.9288611
46.5680002, -118.9523402
46.5680158, -118.9520692
46.5692142, -118.9490947
46.5883188, -118.9627501
46.5941559, -118.9533402
46.59606, -118.9490033
46.5972551, -118.9449052
46.5982534, -118.9409141
46.6546192, -118.9424626
46.6636953, -118.9515828
46.6719526, -118.9420885
46.6855068, -118.9515288
46.6855076, -118.9516518
46.69901, -118.9416135
46.7073488, -118.9516097
46.7218732, -118.9514228
46.7218775, -118.9517198
46.7364915, -118.9515526
46.7440619, -118.9411863
46.7530703, -118.9411872
46.7655965, -118.9515107
46.7655986, -118.9517117
46.7801802, -118.9565796
46.7945933, -118.9514598
46.7945956, -118.9516711
46.8092025, -118.9522992
46.82349139999999, -118.9516305
46.8341394, -118.9626309
46.8430924, -118.9624664
46.85270449999999, -118.9515904
46.864056, -118.9516956
46.8700781, -118.9513586
46.87907480000001, -118.951247
46.8818719, -118.9517401
46.8970347, -118.9619556
46.9114196, -118.9515846
46.9114196, -118.9515925
46.9241529, -118.9400442
46.9406915, -118.9515923
46.9406915, -118.9515888
46.9561536, -118.9550495
46.9601921, -118.9537211
46.9690989, -118.9513076
46.9841409, -118.9516726
46.9841417, -118.9515489
46.99875770000001, -118.9515888
46.99875770000001, -118.9515905
47.0125226, -118.9612552
47.0279705, -118.951597
47.0279705, -118.9515828
47.0425865, -118.9515754
47.0495256, -118.9517043
47.0583359, -118.9497674
47.0681181, -118.9603443
47.0771725, -118.9601653
47.0863936, -118.9515861
47.0888158, -118.9443567
47.1045857, -118.9386531
47.1151907, -118.9516059
47.115191, -118.9515351
47.1299582, -118.9516374
47.1299658, -118.9520236
47.1593411, -118.951519
47.1593413, -118.9515807
47.1731744, -118.9516448
47.1731748, -118.9515629
47.1852725, -118.9587482
47.2012155, -118.950447
47.2013553, -118.9519242
47.2085283, -118.9379279
47.2305463, -118.9514853
47.2305468, -118.9515842
47.2390564, -118.9586613
47.2450191, -118.9515696
47.2616841, -118.9515505
47.2616844, -118.9516264
47.2762846, -118.9516169
47.2841209, -118.9581759
47.2930912, -118.9581324
47.3053021, -118.9515237
47.3151249, -118.951216
47.3213562, -118.9560838
47.329042, -118.9511612
47.3364711, -118.9544664
47.3470564, -118.9581068
47.3560974, -118.9515752
47.35804719999999, -118.9570529
47.3599758, -118.962482
47.3935546, -118.9395173
47.39769339999999, -118.9450328
47.4015117, -118.9507641
47.40389159999999, -118.9559414
47.4189783, -118.9515995
47.4216218, -118.9567716
47.43654189999999, -118.9515931
47.4365422, -118.9516566
47.455166, -118.9354075
47.4664859, -118.9515665
47.46648630000001, -118.9516517
47.4867334, -118.9583532
47.4910489, -118.9568243
47.5000789, -118.9569169
47.5095415, -118.9515792
47.5181176, -118.9569973
47.52787499999999, -118.9557174
47.5360216, -118.9571049
47.5450433, -118.9571496
47.5521643, -118.9527982
47.5631782, -118.9574336
47.5794754, -118.9538693
47.5803154, -118.9506848
47.589719, -118.9455563
47.596778, -118.9516737
47.6098759, -118.95504
47.6116742, -118.9516342
47.63413569999999, -118.96198
47.63874370000001, -118.9536122
47.63968329999999, -118.9499875
47.6398963, -118.9485176
47.6624005, -118.927572
47.6711579, -118.9764032
47.6918825, -118.9556805
47.7006825, -118.9539551
47.7077974, -118.9526351
47.7138746, -118.9515579
47.7245095, -118.9530457
47.7341195, -118.9587835
47.7431393, -118.9586444
47.7520998, -118.9585407
47.7610631, -118.9586293
47.7727476, -118.9514818
47.7727542, -118.951844
47.7868685, -118.9515718
47.8012738, -118.9516591
47.803227, -118.9495732
47.8157894, -118.951596
47.825441, -118.9615798
47.8329732, -118.9376499
47.8450703, -118.9426554
47.85228910000001, -118.9443401
47.8616099, -118.952625
47.87423219999999, -118.9504465
47.8754466, -118.9542278
47.8887994, -118.9515958
47.8990519, -118.9580515
47.90504989999999, -118.9516355
47.9163572, -118.9481905
47.92366579999999, -118.9512048
47.9316884, -118.9517819
47.9468496, -118.9535452
47.9474008, -118.9507096
47.9580592, -118.955468
47.9687327, -118.952204
47.9769432, -118.9580777
47.9877323, -118.9578285
47.9956807, -118.9510464
48.0041988, -118.9518673
48.0128506, -118.9494532
48.0221032, -118.951526
48.0298163, -118.953395
48.0341572, -118.9601581
48.0539462, -118.9474573
48.0568195, -118.9515711
48.0568204, -118.9514408
48.08329250000001, -118.9287979
48.09489079999999, -118.9590424
48.1156695, -118.9482269
48.1191947, -118.9555021
48.12867660000001, -118.9595892
48.1398501, -118.953741
48.1480379, -118.9515448
48.1533794, -118.9440619
48.1724439, -118.9554173
48.1746073, -118.9513778
48.1789905, -118.9533319
48.1931112, -118.9429441
48.2018737, -118.9624413
48.2103999, -118.9511272
48.21961200000001, -118.950135
48.2280007, -118.9509698
48.2353978, -118.9464771
48.250298, -118.9567311
48.2555148, -118.9502539
48.2616641, -118.9432761
48.2751053, -118.9588649
48.28384759999999, -118.9467383
48.2922944, -118.949185
48.3011874, -118.9503729
48.3099704, -118.95289
48.3131491, -118.9548346
48.3220776, -118.9639563
48.3289872, -118.9709558
48.3379032, -118.9768565
48.3656197, -118.9457029
48.3666567, -118.9481455
48.37220139999999, -118.9524836
48.37761769999999, -118.9604088
48.3952825, -118.9489232
48.3995409, -118.9521295
48.4055214, -118.9532486
48.4185764, -118.9500585
48.42600840000001, -118.9497729
48.4343139, -118.9493977
48.4466319, -118.9622929
48.4562199, -118.957737
48.465039, -118.954032
48.4735076, -118.9503075
48.4808898, -118.9509442
48.4947589, -118.961879
48.5229155, -118.9521185
48.52514679999999, -118.9549635
48.5340623, -118.9582599
48.54282509999999, -118.9534111
48.5592811, -118.9582478
48.5630076, -118.9550059
48.5925995, -118.9539651
48.5967691, -118.9486794
48.5997782, -118.944541
48.6195149, -118.9378053
48.6299967, -118.9533222
48.6340405, -118.9517915
48.6431366, -118.9514975
48.6502074, -118.9558103
48.6599156, -118.9525245
48.6899393, -118.9385938
48.6933945, -118.9451403
48.6967148, -118.9519338
48.70610749999999, -118.9568483
48.7153732, -118.9539873
48.7224616, -118.9558838
48.7322705, -118.9598863
48.73272350000001, -118.9600415
48.7674737, -118.950297
48.7678731, -118.9497077
48.77424740000001, -118.9505569
48.78632289999999, -118.9460678
48.796979, -118.9579965
48.79931759999999, -118.957644
48.8178212, -118.9632877
48.82330839999999, -118.9523632
48.8287679, -118.951615
48.8520716, -118.9530346
48.86012299999999, -118.9502507
48.8681024, -118.9512509
48.8770749, -118.9521904
48.8859566, -118.9532159
48.8863315, -118.9537258
48.9075598, -118.9536734
48.9124838, -118.9498359
48.9190502, -118.9489515
48.9248272, -118.9596832
48.9443517, -118.9541722
48.9486165, -118.9501966
46.2147245, -118.9393408
46.2219675, -118.9296199
46.2335156, -118.9378907
46.2380698, -118.9382509
46.2500027, -118.9510634
46.2582745, -118.9513244
46.2615906, -118.9513583
46.2844469, -118.9379965
46.2844477, -118.937874
46.2844485, -118.9377515
46.3030438, -118.9519799
46.3124405, -118.9518703
46.32099410000001, -118.9519062
46.3302449, -118.9519764
46.3440391, -118.9381529
46.3443063, -118.9395738
46.3475008, -118.9275706
46.3753312, -118.9516058
46.38432479999999, -118.9512597
46.4301603, -118.9369443
46.4301706, -118.9373863
46.430181, -118.9378284
46.4402469, -118.9379223
46.4402484, -118.9377576
46.4594678, -118.9377674
46.4594727, -118.9380732
46.4734895, -118.9370663
46.4901863, -118.9429227
46.4919188, -118.937769
46.506342, -118.9291732
46.509987, -118.9294059
46.5188964, -118.9291735
46.5270748, -118.9350943
46.53867640000001, -118.9307538
46.5452991, -118.9288436
46.5645449, -118.9363761
46.5647192, -118.9370419
46.56783240000001, -118.9400345
46.5684184, -118.9434328
46.5973799, -118.9415286
46.5991194, -118.9373862
46.6001248, -118.9332822
46.6054074, -118.9221493
46.60960679999999, -118.9152733
46.6636144, -118.9378753
46.6721351, -118.9420833
46.6811169, -118.9418529
46.6900986, -118.9417227
46.699105, -118.9416121
46.7072376, -118.9378816
46.7171087, -118.9413297
46.72608719999999, -118.9412145
46.7363504, -118.9378711
46.7440846, -118.9411862
46.7509763, -118.9378798
46.7620237, -118.9412766
46.7654466, -118.9380603
46.794441, -118.9377541
46.7956875, -118.9415883
46.82220179999999, -118.9367199
46.823312, -118.9379447
46.82331720000001, -118.9382606
46.8525883, -118.9376587
46.8525907, -118.9378706
46.8610892, -118.9410062
46.8671056, -118.9379732
46.8817369, -118.9378244
46.88173889999999, -118.9380214
46.9114029, -118.9377428
46.9114033, -118.9378306
46.9150814, -118.9399583
46.9240653, -118.940043
46.9330816, -118.9400294
46.94074910000001, -118.937857
46.9510713, -118.940053
46.9593733, -118.9379607
46.9705558, -118.9505563
46.9842233, -118.9379409
46.9870797, -118.9404592
46.9960797, -118.9404545
47.0050996, -118.9403302
47.0140845, -118.9398291
47.0230903, -118.9398584
47.0321434, -118.9395055
47.0410858, -118.9390035
47.0500734, -118.9390312
47.0572953, -118.9394413
47.068536, -118.939063
47.0770966, -118.9389036
47.0859464, -118.937851
47.1007946, -118.9380248
47.1040506, -118.938608
47.1130298, -118.9394339
47.1152474, -118.9378346
47.12989830000001, -118.9378807
47.12989830000001, -118.9378662
47.1592851, -118.9373433
47.1592971, -118.9378739
47.1732025, -118.937954
47.17320309999999, -118.9378491
47.1732036, -118.9377441
47.2014307, -118.9380158
47.2030795, -118.9380151
47.2302888, -118.9374766
47.2302968, -118.937873
47.2447722, -118.93787
47.2447722, -118.9378899
47.26160489999999, -118.937821
47.2616057, -118.9379435
47.2762845, -118.937878
47.2762846, -118.9379125
47.3052284, -118.9377405
47.305229, -118.9378458
47.3052296, -118.937951
47.33434810000001, -118.9379231
47.33434829999999, -118.9378539
47.3503397, -118.9353782
47.3522775, -118.9408336
47.3542244, -118.946303
47.3853704, -118.9242578
47.3898965, -118.9313393
47.3925195, -118.9375171
47.396763, -118.9434758
47.41880800000001, -118.948985
47.4364673, -118.937774
47.436468, -118.9378905
47.4461094, -118.9353328
47.4550922, -118.9354067
47.4655029, -118.9384007
47.465645, -118.937075
47.48783239999999, -118.9236779
47.4948013, -118.9377957
47.5000851, -118.935415
47.5094101, -118.9378767
47.5146236, -118.9355783
47.527095, -118.9354504
47.5360941, -118.9355799
47.5514137, -118.9407226
47.5530692, -118.937198
47.5531503, -118.9367859
47.575227, -118.935986
47.5821348, -118.9378604
47.59217090000001, -118.9424069
47.59654630000001, -118.9378288
47.6087623, -118.9422464
47.6170917, -118.9348244
47.6261107, -118.9349159
47.6350937, -118.9351555
47.6401259, -118.9377296
47.6523951, -118.926679
47.6690941, -118.9243583
47.6800209, -118.9246916
47.6916313, -118.9365895
47.69803, -118.9371626
47.7064888, -118.9374245
47.7160859, -118.9369179
47.72509609999999, -118.9372825
47.7340768, -118.9373942
47.7430768, -118.937302
47.7520666, -118.9373958
47.7610846, -118.9371767
47.7700842, -118.9373309
47.7790835, -118.9373879
47.788083, -118.9379045
47.7975631, -118.9372514
47.8061354, -118.936258
47.815079, -118.9376455
47.8240785, -118.9377703
47.8330772, -118.9376482
47.8419652, -118.938033
47.8510787, -118.9374971
47.8600794, -118.9374111
47.86907780000001, -118.9373173
47.8780785, -118.937272
47.8870785, -118.9372544
47.896078, -118.9372694
47.9034836, -118.9370238
47.91398239999999, -118.942699
47.923395, -118.9387114
47.9320146, -118.9381022
47.9350525, -118.9372101
47.9497396, -118.9399824
47.9619231, -118.9359276
47.9681928, -118.9393596
47.9817277, -118.9347776
47.9819525, -118.9352456
47.993814, -118.9468519
48.0059134, -118.9474242
48.0143091, -118.9426988
48.0180006, -118.938786
48.0257509, -118.9438691
48.0424707, -118.9168564
48.0555815, -118.939309
48.0569624, -118.935648
48.0589092, -118.9316192
48.08003, -118.9263532
48.0869624, -118.930622
48.0947367, -118.9293185
48.1035496, -118.9335855
48.11127279999999, -118.939112
48.1140629, -118.9443409
48.1351751, -118.9380096
48.1394064, -118.9412615
48.141985, -118.9368677
48.1573119, -118.9380594
48.1742815, -118.9395634
48.17487939999999, -118.9377246
48.1828928, -118.9393343
48.1947444, -118.9359275
48.1992288, -118.9351538
48.2119313, -118.9349457
48.22410989999999, -118.9428714
48.2287664, -118.938405
48.238278, -118.9419114
48.2594158, -118.9453837
48.2657684, -118.940886
48.2741561, -118.9395846
48.2830958, -118.9322889
48.29140839999999, -118.9317407
48.3015538, -118.9340255
48.3082643, -118.9329344
48.314695, -118.9316015
48.3240251, -118.9188141
48.32421950000001, -118.9187122
48.3652583, -118.9423644
48.3660866, -118.9382507
48.3734923, -118.9385548
48.3826218, -118.9373962
48.3908815, -118.9375196
48.4001634, -118.9371398
48.4090832, -118.938096
48.4180746, -118.9378217
48.4268144, -118.9371872
48.4334927, -118.9342114
48.4389019, -118.9281298
48.4455853, -118.9232086
48.4670256, -118.9375692
48.4718374, -118.9402539
48.4810779, -118.937646
48.481375, -118.936821
48.521268, -118.923451
48.52299, -118.9269994
48.5272121, -118.9316911
48.5359034, -118.9371962
48.5421995, -118.9358875
48.55553339999999, -118.927871
48.5632926, -118.9335068
48.5658885, -118.9324541
48.5818793, -118.9233099
48.5949086, -118.9471105
48.597495, -118.94426
48.6120254, -118.9274349
48.6244534, -118.9391715
48.6298701, -118.9464028
48.64548569999999, -118.9303246
48.649477, -118.93168
48.6595856, -118.9522702
48.6655139, -118.919849
48.6873082, -118.9326619
48.6889849, -118.936781
48.6925037, -118.9434575
48.71069240000001, -118.955459
48.7169098, -118.95354
48.7200476, -118.9537263
48.7281844, -118.9574009
48.7678618, -118.9469374
48.76788080000001, -118.9468884
48.7707355, -118.9444811
48.778327, -118.9391178
48.7868632, -118.9374987
48.7956242, -118.9428111
48.8102446, -118.9339904
48.8108639, -118.9353341
48.8238834, -118.9357424
48.8283857, -118.939057
48.853168, -118.9421574
48.8533708, -118.9414463
48.8594752, -118.9410208
48.8690799, -118.9365346
48.8759369, -118.9399822
48.8822435, -118.9414405
48.9077803, -118.9534069
48.91691549999999, -118.9369495
48.9190652, -118.9431572
48.9362506, -118.9366969
48.9413694, -118.9391719
48.9459289, -118.9411614
46.2153254, -118.9241487
46.2221527, -118.9296147
46.2310367, -118.9296288
46.2397852, -118.9240973
46.2400429, -118.9220317
46.240164, -118.9206904
46.2812117, -118.9171896
46.284447, -118.9241853
46.284448, -118.9243211
46.284449, -118.9244569
46.3125894, -118.9518623
46.3209127, -118.9519052
46.344046, -118.9354947
46.3464517, -118.9294388
46.3486195, -118.9247086
46.3515512, -118.9181371
46.3590348, -118.9076982
46.3678553, -118.9030827
46.3845781, -118.95125
46.4300799, -118.9243519
46.4300803, -118.9242685
46.4300807, -118.9241851
46.4358144, -118.9245153
46.4399623, -118.9149835
46.4591846, -118.9240215
46.4591962, -118.924485
46.4741951, -118.9241034
46.480011, -118.9175658
46.4953045, -118.9290843
46.5008901, -118.9237403
46.510136, -118.9294025
46.5191838, -118.9291607
46.5242724, -118.9302015
46.5368727, -118.9296591
46.5466127, -118.924162
46.5521705, -118.9164399
46.5644849, -118.923933
46.5658373, -118.9284858
46.588856, -118.912932
46.6022185, -118.9267656
46.6063491, -118.9206073
46.6102794, -118.9141715
46.6142754, -118.9075845
46.6574538, -118.9212543
46.6635316, -118.9241709
46.6720397, -118.9209745
46.6810694, -118.9208009
46.6900966, -118.9207983
46.6990201, -118.9205928
46.7072043, -118.9241871
46.7169807, -118.9200431
46.7260672, -118.9198519
46.73627459999999, -118.9241591
46.7440978, -118.9199767
46.7508966, -118.9242027
46.7620725, -118.9201983
46.767457, -118.9231636
46.7897784, -118.9202234
46.7981258, -118.9203466
46.799735, -118.9200596
46.8231745, -118.9241063
46.8231749, -118.9241945
46.8340472, -118.9200547
46.8430457, -118.9199109
46.8524277, -118.9241664
46.8669061, -118.9239976
46.8669101, -118.9242727
46.8815959, -118.92412
46.881598, -118.9243194
46.9113396, -118.924033
46.91134, -118.9241231
46.91134049999999, -118.9242132
46.92397930000001, -118.9400419
46.9407521, -118.9240534
46.9407532, -118.924197
46.9603032, -118.9275861
46.960859, -118.9244702
46.9614486, -118.9211905
46.9843048, -118.9242206
46.984305, -118.9241558
46.9988617, -118.9241691
46.9988618, -118.9241908
47.0141238, -118.9398289
47.0280725, -118.9241997
47.02807259999999, -118.9241566
47.0427622, -118.924278
47.0500509, -118.9179553
47.0590425, -118.9178624
47.0718692, -118.9241503
47.0770096, -118.9175845
47.0872641, -118.924232
47.0955788, -118.92131
47.1006904, -118.9241357
47.1152515, -118.9242108
47.1221002, -118.9170834
47.1299207, -118.9241798
47.1400094, -118.9165757
47.149102, -118.9166275
47.1590216, -118.924161
47.1670937, -118.9168529
47.1732447, -118.9241915
47.1850698, -118.9164548
47.19404309999999, -118.9164304
47.20171149999999, -118.924118
47.2121189, -118.916611
47.2214508, -118.9172276
47.2301988, -118.924182
47.2389185, -118.9171302
47.2448246, -118.92415
47.2615296, -118.9241225
47.2615302, -118.9242303
47.2750896, -118.9158011
47.2840743, -118.9157934
47.293141, -118.9158093
47.305176, -118.924153
47.3110059, -118.9156186
47.32002920000001, -118.9154384
47.3316266, -118.9230673
47.3323467, -118.9266702
47.3465162, -118.9246135
47.3529721, -118.9150067
47.353193, -118.914712
47.3822375, -118.9163717
47.38476319999999, -118.9225302
47.3893724, -118.9264752
47.3921832, -118.9148469
47.396444, -118.9429386
47.4363871, -118.9240095
47.43638869999999, -118.9241896
47.4509424, -118.9240805
47.450944, -118.9242568
47.4655668, -118.9241326
47.4655703, -118.9243936
47.48303689999999, -118.9197728
47.4910759, -118.9253961
47.4947007, -118.9242878
47.5093129, -118.9241717
47.5238616, -118.9240457
47.5238637, -118.9242481
47.5362316, -118.9141327
47.5451293, -118.9142343
47.5530353, -118.9242103
47.5632617, -118.9142121
47.5719656, -118.9142942
47.5818966, -118.924167
47.59639139999999, -118.9240896
47.5963922, -118.9242125
47.6115947, -118.9241528
47.6115948, -118.9242116
47.62836009999999, -118.9198497
47.6326134, -118.921857
47.6448178, -118.9224437
47.6533394, -118.9265072
47.66178970000001, -118.9274531
47.6710992, -118.923582
47.68009720000001, -118.9246856
47.6893962, -118.9221397
47.6979264, -118.9251261
47.7070681, -118.9240371
47.7148788, -118.9217677
47.7288775, -118.9240221
47.7288842, -118.924386
47.7430613, -118.9159051
47.7520199, -118.9156501
47.7611919, -118.9157956
47.7720525, -118.9240876
47.779172, -118.916049
47.7868977, -118.9241794
47.797, -118.9162749
47.8060088, -118.9161571
47.8159157, -118.9241802
47.8240674, -118.9160482
47.83301030000001, -118.9160549
47.8451029, -118.9241653
47.8510078, -118.9157979
47.8601234, -118.9157714
47.8742584, -118.9242412
47.874259, -118.9241275
47.8888866, -118.9241796
47.8960634, -118.9155003
47.9035416, -118.9241606
47.9203487, -118.9275392
47.9213789, -118.9232638
47.9311287, -118.9235152
47.9606659, -118.9314157
47.9718339, -118.92777
47.9769551, -118.9236474
47.9813209, -118.9276671
47.9814069, -118.928082
48.0123191, -118.920242
48.0138894, -118.9227595
48.0154982, -118.9250094
48.0399837, -118.9141969
48.0419579, -118.9166333
48.0495161, -118.9182844
48.058398, -118.9240072
48.0667249, -118.9189119
48.0770022, -118.9227618
48.08474229999999, -118.9294116
48.0932031, -118.9266692
48.10142560000001, -118.9315781
48.1079935, -118.934473
48.1244425, -118.9161332
48.1322761, -118.9190874
48.1377745, -118.9264286
48.1471587, -118.9230885
48.1594977, -118.9252764
48.1598861, -118.9228489
48.1787536, -118.9266335
48.18557819999999, -118.9230282
48.1915703, -118.930633
48.1996096, -118.9246236
48.2087119, -118.9201665
48.2240139, -118.9137038
48.2299738, -118.9295818
48.23638829999999, -118.9236491
48.2439063, -118.9229295
48.25899400000001, -118.9142178
48.2601617, -118.9139137
48.2756438, -118.9328537
48.2830552, -118.9322886
48.2923682, -118.9243007
48.298404, -118.9193839
48.31320789999999, -118.9276603
48.3181822, -118.9222057
48.3243372, -118.9185164
48.3309022, -118.9035127
48.3683135, -118.93141
48.369862, -118.927215
48.3716623, -118.9231762
48.3820503, -118.9242291
48.3892606, -118.9290269
48.4021595, -118.9207469
48.40904279999999, -118.924333
48.4185029, -118.9270748
48.42670409999999, -118.9279696
48.4367133, -118.9218495
48.4451658, -118.9231295
48.467666, -118.91274
48.4753379, -118.9216969
48.48102369999999, -118.9239833
48.4816537, -118.9242362
48.520362, -118.9205774
48.5206899, -118.9218352
48.5276082, -118.9237356
48.5364009, -118.9212001
48.5442054, -118.9244461
48.552519, -118.9244393
48.5621275, -118.9235958
48.5711314, -118.9277572
48.5805278, -118.9224874
48.5994396, -118.9184953
48.6062224, -118.9206341
48.6150412, -118.9284506
48.6253276, -118.9250768
48.6332876, -118.9257462
48.6421237, -118.9281946
48.6491218, -118.9300876
48.684117, -118.9210056
48.6874317, -118.9245731
48.6880404, -118.9270101
48.7178099, -118.9532953
48.7193812, -118.9534042
48.7279634, -118.9572931
48.7595261, -118.9047225
48.7595758, -118.9047947
48.7621419, -118.9070653
48.7753013, -118.9254844
48.7758707, -118.9249321
48.7846749, -118.9299626
48.7855058, -118.9309027
48.8097311, -118.9252624
48.8117974, -118.9202532
48.8215131, -118.9276801
48.8260867, -118.9310713
48.8261572, -118.9312209
48.8576446, -118.9248345
48.8580751, -118.9232737
48.86892719999999, -118.926594
48.87598149999999, -118.9243244
48.9105536, -118.9153377
48.91167009999999, -118.920166
48.9126346, -118.9244916
48.9154595, -118.9318649
48.9443051, -118.9163392
48.9494942, -118.9209143
46.2152444, -118.9104399
46.21949739999999, -118.9060552
46.2287678, -118.907198
46.24087189999999, -118.9103852
46.2409053, -118.9110447
46.262637, -118.89856
46.2660934, -118.8985876
46.2843496, -118.910483
46.287374, -118.9018752
46.3478281, -118.9263937
46.3506241, -118.9198865
46.3528252, -118.9156994
46.3567584, -118.9096996
46.3671945, -118.9028788
46.3680028, -118.9028585
46.3717354, -118.8953382
46.3720467, -118.8946655
46.4298942, -118.9095314
46.429899, -118.9098347
46.4299039, -118.9101379
46.4299088, -118.9104411
46.4413443, -118.9111348
46.4420676, -118.9086813
46.45607870000001, -118.9088871
46.45891599999999, -118.911966
46.4792226, -118.909964
46.4813627, -118.906513
46.48555289999999, -118.9002102
46.5024922, -118.9104037
46.5097583, -118.9101797
46.5123126, -118.9042776
46.5228111, -118.9290932
46.5469524, -118.9209337
46.5492098, -118.9187938
46.5561379, -118.913285
46.5628155, -118.9075668
46.5681192, -118.9096515
46.5904735, -118.9098047
46.6069241, -118.9190488
46.6108033, -118.9126999
46.6149582, -118.9064626
46.6190739, -118.8998446
46.6516946, -118.9001198
46.6540854, -118.9001227
46.6634641, -118.9104647
46.6722087, -118.9209701
46.681109, -118.9208007
46.6900257, -118.9207975
46.6992458, -118.9205849
46.7071238, -118.9104857
46.7215977, -118.9104448
46.7215979, -118.9104932
46.7361657, -118.9104492
46.7440369, -118.9199762
46.75304999999999, -118.9200618
46.7651775, -118.9104149
46.7651788, -118.9105723
46.7802137, -118.8989485
46.7941303, -118.9103434
46.7941329, -118.9105673
46.80703829999999, -118.8990196
46.8230544, -118.9103071
46.8230567, -118.9105161
46.8341535, -118.9200529
46.8431532, -118.9199091
46.8523003, -118.9104661
46.8667735, -118.9104346
46.87004030000001, -118.9092123
46.8789017, -118.908878
46.8814222, -118.9106739
46.8969633, -118.898255
46.9113634, -118.9105193
46.9113638, -118.9104338
46.9240606, -118.8974437
46.9407308, -118.9104826
46.9407309, -118.9104667
46.9510636, -118.8975273
46.9631822, -118.9115743
46.96357039999999, -118.9090734
46.98442499999999, -118.9105682
46.9844261, -118.9104277
46.9987641, -118.9104423
46.9987691, -118.9107752
47.01353659999999, -118.8973461
47.0280761, -118.9104233
47.0280765, -118.9105058
47.042789, -118.9104261
47.0501133, -118.9179547
47.0591222, -118.9178614
47.071787, -118.9104049
47.0771543, -118.9175812
47.0856276, -118.9104178
47.100562, -118.9101927
47.1005726, -118.9106459
47.1152693, -118.9104504
47.1220596, -118.9170832
47.12992080000001, -118.9104635
47.1401353, -118.9165732
47.1490606, -118.9166272
47.1590146, -118.9104675
47.1670665, -118.9168528
47.1732919, -118.9104077
47.1850865, -118.9164547
47.1940998, -118.9164298
47.2016626, -118.910471
47.212047, -118.9166102
47.2231838, -118.9118305
47.2261117, -118.9132669
47.2392308, -118.9171147
47.2449384, -118.9103824
47.2570921, -118.9167799
47.2660997, -118.9158316
47.2759763, -118.9104337
47.28408229999999, -118.9157934
47.2930398, -118.9158077
47.3050979, -118.9104079
47.3111233, -118.9156165
47.3201076, -118.9154374
47.3290934, -118.9104624
47.3408065, -118.9084473
47.3446176, -118.9096063
47.3733644, -118.899854
47.376541, -118.9087319
47.3806699, -118.9124348
47.3923674, -118.9104698
47.3923674, -118.9104478
47.3923674, -118.9104258
47.436259, -118.9101207
47.4362607, -118.9103032
47.4362624, -118.9104857
47.4507707, -118.9103278
47.4507744, -118.9105988
47.4653697, -118.9104122
47.4653777, -118.9108086
47.484445, -118.9033692
47.4945629, -118.9103852
47.5002423, -118.9135949
47.5091407, -118.9104681
47.5163915, -118.9105057
47.5270144, -118.91376
47.5360237, -118.9141258
47.54506019999999, -118.9142335
47.5528075, -118.9104969
47.5630108, -118.914202
47.572109, -118.9142907
47.58170759999999, -118.910428
47.5900722, -118.9143825
47.5990836, -118.9144353
47.60811409999999, -118.9143324
47.6170883, -118.9132866
47.6260833, -118.9132204
47.63471209999999, -118.9133807
47.645086, -118.909124
47.6522473, -118.9142853
47.6561641, -118.9160303
47.67104260000001, -118.9235778
47.6835298, -118.9205094
47.6861559, -118.9202604
47.6985696, -118.9130326
47.7052656, -118.9135267
47.7159122, -118.9103403
47.7222454, -118.9084751
47.73418789999999, -118.9161865
47.743091, -118.9159049
47.7521152, -118.9156486
47.7609734, -118.9157879
47.7719466, -118.9104641
47.7790155, -118.916045
47.78809469999999, -118.9162876
47.7971374, -118.9162719
47.80790320000001, -118.9142153
47.81596469999999, -118.9104797
47.8240873, -118.9160482
47.8331266, -118.9160527
47.8451082, -118.9104827
47.8511246, -118.9157957
47.8596222, -118.9104691
47.8690935, -118.9157445
47.8780936, -118.9156566
47.8888977, -118.9104717
47.8960884, -118.9155002
47.90343060000001, -118.9154702
47.9194295, -118.9051347
47.92129569999999, -118.9111699
47.9295883, -118.9096653
47.9399068, -118.9047981
47.9401622, -118.9038904
47.9735844, -118.9254911
47.9786947, -118.9221565
47.9900755, -118.902707
48.0098329, -118.9057842
48.0118951, -118.9114334
48.0248184, -118.9008505
48.0313245, -118.9046319
48.0394464, -118.911308
48.0503665, -118.910631
48.0580968, -118.9105249
48.067103, -118.9084052
48.0709245, -118.9088442
48.0906517, -118.9095137
48.0910871, -118.9116071
48.0918467, -118.9052674
48.118007, -118.9004984
48.1219089, -118.914341
48.1278206, -118.9124431
48.1367788, -118.9105101
48.1458081, -118.9143718
48.1547185, -118.9104983
48.1614588, -118.9091401
48.1792919, -118.9177973
48.1840793, -118.9103587
48.1930789, -118.9103779
48.202079, -118.910367
48.21015999999999, -118.9118967
48.2200694, -118.9107329
48.2286223, -118.9099027
48.2378005, -118.9093826
48.2459387, -118.9060147
48.2562753, -118.9099746
48.26482499999999, -118.9078764
48.2756224, -118.9026413
48.2843644, -118.9073367
48.28872579999999, -118.9148866
48.3023231, -118.9138795
48.3094484, -118.9086727
48.3228217, -118.914775
48.326401, -118.9101125
48.3312473, -118.902939
48.3414232, -118.8919951
48.3575343, -118.8981969
48.359452, -118.8981545
48.3738855, -118.912983
48.3794704, -118.9086244
48.3967799, -118.9128226
48.3988885, -118.9095049
48.4102027, -118.9103993
48.41821729999999, -118.9091993
48.42678900000001, -118.9090264
48.4359165, -118.9098691
48.4451404, -118.9109241
48.4518008, -118.9074031
48.4706716, -118.9077246
48.4799632, -118.9092561
48.4818003, -118.9067868
48.5133585, -118.8977705
48.5151231, -118.9009751
48.517734, -118.9102393
48.5295006, -118.9080515
48.5323524, -118.9131167
48.5440383, -118.9103259
48.5541068, -118.9072091
48.5620118, -118.911401
48.5705764, -118.9097605
48.5805476, -118.907596
48.5891506, -118.9131964
48.59611779999999, -118.915101
48.6093702, -118.9153603
48.61457850000001, -118.9101649
48.6246892, -118.90806
48.6371668, -118.9184548
48.6438119, -118.9129403
48.6525476, -118.9131412
48.6604097, -118.9111681
48.6679018, -118.9118328
48.6809168, -118.9093405
48.6836618, -118.9131369
48.6849305, -118.91793
48.6874, -118.9244545
48.7182199, -118.9532112
48.7189209, -118.9532734
48.7583508, -118.9015182
48.7619747, -118.9070146
48.7694927, -118.9088512
48.77810299999999, -118.9125743
48.7863939, -118.9063863
48.7959927, -118.9042238
48.8054865, -118.9044729
48.8145014, -118.913137
48.8222453, -118.9035769
48.82939589999999, -118.9001962
48.8365613, -118.8958431
48.85924199999999, -118.9137263
48.8598808, -118.9104491
48.8677159, -118.9091169
48.8749826, -118.9060704
48.8788395, -118.9034992
48.909094, -118.9055276
48.9097658, -118.9095803
48.9100151, -118.9108463
48.910562, -118.9138134
48.9379482, -118.9019905
48.9408287, -118.9097683
48.9453659, -118.917577
46.2151706, -118.896749
46.2225951, -118.8976804
46.2311507, -118.8934471
46.2404005, -118.8955733
46.25132139999999, -118.8924256
46.2679216, -118.8967459
46.2760515, -118.888482
46.2842503, -118.8967727
46.3489678, -118.9235714
46.3543806, -118.9126473
46.3558044, -118.9106808
46.36044649999999, -118.9046304
46.3687532, -118.8985123
46.372055, -118.8946408
46.3722107, -118.8940814
