48.62995890000001, -124.7537899
48.6315614, -124.7572768
48.6320861, -124.758178
48.6399631, -124.7683275
48.6440263, -124.7705117
48.65195, -124.7686279
48.65937750000001, -124.7691751
48.665954, -124.7656833
48.6673566, -124.7635424
48.67930150000001, -124.7486079
48.7062475, -124.7531533
48.7080765, -124.7537911
48.711985, -124.754102
48.713092, -124.753461
48.729095, -124.748306
48.729386, -124.748057
48.7324849, -124.74486
48.736119, -124.74013
48.8025009, -124.7980662
48.802754, -124.797143
48.8043772, -124.7931456
48.807635, -124.785808
48.80947020000001, -124.7823784
48.8138576, -124.7768248
48.825167, -124.781294
48.8303976, -124.779969
48.83082, -124.780514
48.864007, -124.765915
48.8657753, -124.7717885
48.868029, -124.777047
48.8768259, -124.7765681
48.8837718, -124.7678037
48.9023613, -124.7824788
48.9049601, -124.781422
48.91821460000001, -124.7743133
48.924512, -124.7747086
48.931423, -124.7778807
48.9391016, -124.7753989
48.9497689, -124.7799012
48.354673, -124.702672
48.3730337, -124.7219071
48.3734173, -124.7223574
48.37369839999999, -124.7226101
48.3745123, -124.7227677
48.3751062, -124.7226307
48.37827129999999, -124.7208642
48.38605159999999, -124.7155663
48.3861523, -124.7154719
48.6313983, -124.7569656
48.63363890000001, -124.759047
48.6435928, -124.7610104
48.6521343, -124.7662139
48.6608729, -124.7677714
48.6674416, -124.7630703
48.67881269999999, -124.7487903
48.6844159, -124.7457433
48.705219, -124.751774
48.7069141, -124.7535612
48.7126718, -124.7537043
48.728611, -124.74818
48.759828, -124.710482
48.80466200000001, -124.792444
48.810882, -124.771253
48.8110965, -124.7701811
48.8118567, -124.7663809
48.8126169, -124.7625806
48.8252987, -124.7669164
48.8298558, -124.7597081
48.835033, -124.752154
48.8606407, -124.7549514
48.8625404, -124.7605335
48.86659, -124.7646829
48.87789799999999, -124.7650317
48.8867827, -124.7649416
48.8919594, -124.7584179
48.908447, -124.761353
48.913312, -124.7622918
48.9220239, -124.763203
48.9293756, -124.7628294
48.9403075, -124.7633395
48.9487096, -124.7622315
48.2014405, -124.6837469
48.3440604, -124.6937233
48.3557934, -124.7033396
48.3736319, -124.7225596
48.3744011, -124.7227558
48.3754791, -124.7224706
48.3784918, -124.7206855
48.3866488, -124.7144796
48.625307, -124.7298002
48.6354327, -124.751054
48.64192689999999, -124.7488439
48.6520716, -124.7491392
48.6599444, -124.7464621
48.6704458, -124.7485864
48.6789475, -124.74874
48.6868635, -124.7435412
48.70198600000001, -124.745436
48.7048286, -124.7510042
48.7155757, -124.7494594
48.727995, -124.747275
48.73188769999999, -124.7454509
48.7760537, -124.708583
48.8132732, -124.7513975
48.8132927, -124.7507635
48.8133121, -124.7501295
48.8133315, -124.7494954
48.8296426, -124.7600167
48.83392, -124.753151
48.840197, -124.7468
48.853421, -124.742694
48.85935079999999, -124.749598
48.8628999, -124.7546453
48.8795536, -124.7632769
48.8930381, -124.7539621
48.893079, -124.753813
48.908721, -124.759902
48.9181494, -124.7481894
48.9243436, -124.7501839
48.92924499999999, -124.74966
48.938525, -124.746365
48.94871699999999, -124.754097
48.1675318, -124.6752747
48.3692115, -124.7151632
48.3741614, -124.7227185
48.637815, -124.738276
48.642878, -124.736057
48.65222, -124.7340004
48.66089119999999, -124.7352058
48.6700342, -124.7393521
48.6823192, -124.7355831
48.689046, -124.7366653
48.697337, -124.732772
48.705554, -124.734414
48.7153957, -124.7329982
48.72414939999999, -124.7369213
48.7330438, -124.7364916
48.7359199, -124.7382865
48.736161, -124.739683
48.813728, -124.743919
48.816202, -124.7385535
48.822114, -124.7321723
48.8271143, -124.7269131
48.842754, -124.737757
48.8488622, -124.738658
48.8622782, -124.7354302
48.8623421, -124.7365788
48.862403, -124.737674
48.9059262, -124.7288936
48.9144461, -124.7355128
48.9221788, -124.7351661
48.93060329999999, -124.7361241
48.939874, -124.7347491
48.94887199999999, -124.736127
48.000032, -124.659577
48.006008, -124.662546
48.0073358, -124.6629158
48.0079113, -124.6628707
48.0290835, -124.6639103
48.0406608, -124.6628434
48.0427129, -124.6629291
48.0505856, -124.6618707
48.0518759, -124.6611731
48.15369450000001, -124.6686722
48.1537261, -124.6686982
48.1537452, -124.668706
48.1873687, -124.676945
48.2287679, -124.6662509
48.2382271, -124.6661869
48.2470078, -124.6663328
48.2670343, -124.6638177
48.2705036, -124.6634116
48.2937957, -124.6649059
48.2968098, -124.666369
48.3731351, -124.7220286
48.3793442, -124.7194366
48.626938, -124.7288132
48.63392100000001, -124.7222498
48.6422445, -124.7210274
48.6508231, -124.7223973
48.6585374, -124.7204631
48.6666409, -124.7366667
48.689395, -124.714617
48.6966455, -124.7207932
48.70606009999999, -124.7221231
48.718623, -124.720818
48.7255253, -124.7244356
48.7297602, -124.7219809
48.734976, -124.712495
48.751615, -124.709183
48.7694752, -124.706074
48.806347, -124.710008
48.8166065, -124.7124839
48.8232115, -124.7170007
48.832073, -124.7186389
48.8362229, -124.71792
48.8471696, -124.7345267
48.86419069999999, -124.7217322
48.8642148, -124.722439
48.868495, -124.710502
48.8950684, -124.7085893
48.9011268, -124.7183516
48.9035922, -124.7190683
48.910986, -124.7211183
48.9220001, -124.7221176
48.9363429, -124.7244573
48.9398888, -124.7219706
48.95077999999999, -124.721059
47.97490699999999, -124.6514574
47.97513499999999, -124.6515809
47.978068, -124.6517682
48.0254629, -124.663048
48.0534191, -124.6598488
48.1536346, -124.6686044
48.2288417, -124.66625
48.2381883, -124.6661867
48.27056289999999, -124.6634034
48.3059529, -124.6630223
48.363025, -124.705936
48.37454049999999, -124.7086978
48.3813365, -124.7099424
48.3858414, -124.7095987
48.6291647, -124.709394
48.6331801, -124.7055075
48.64493969999999, -124.7088146
48.6524548, -124.7084508
48.65905859999999, -124.7088897
48.6634239, -124.6981072
48.690136, -124.710783
48.69698, -124.709126
48.70660059999999, -124.7098548
48.715979, -124.706847
48.724474, -124.706685
48.7338643, -124.70885
48.7422169, -124.705314
48.7510106, -124.7090233
48.76005199999999, -124.7083732
48.7765397, -124.7068719
48.7842896, -124.6967769
48.8113696, -124.705453
48.8231229, -124.7069062
48.83057489999999, -124.7135098
48.866172, -124.711868
48.8685859, -124.7084021
48.876451, -124.703613
48.89313569999999, -124.7048557
48.8950684, -124.7084279
48.9027159, -124.7082796
48.91306119999999, -124.7107077
48.922093, -124.7081427
48.9302488, -124.7050924
48.9402436, -124.708521
48.949214, -124.7082639
47.908037, -124.6392427
47.9080715, -124.6392656
47.9081076, -124.6392642
47.92135709999999, -124.6382023
47.9708791, -124.6482569
47.9745137, -124.6512062
48.0296828, -124.6638495
48.05021199999999, -124.661881
48.14457489999999, -124.653062
48.1452513, -124.6540882
48.1989755, -124.681088
48.2242014, -124.6663107
48.2289171, -124.666249
48.2381511, -124.6661865
48.2933973, -124.6646445
48.31109989999999, -124.6608537
48.3441015, -124.6935642
48.3540127, -124.6962098
48.36600600000001, -124.696432
48.37260089999999, -124.6949973
48.3809196, -124.6969124
48.3871356, -124.6966198
48.6294058, -124.7079778
48.62963269999999, -124.707334
48.6304269, -124.7060251
48.6340289, -124.7049093
48.64536, -124.7081753
48.6524887, -124.7071731
48.6611492, -124.6986544
48.689684, -124.70184
48.690486, -124.701106
48.6983259, -124.6989422
48.707181, -124.693975
48.717858, -124.699568
48.72417799999999, -124.69868
48.73161899999999, -124.69496
48.74067489999999, -124.6947712
48.747565, -124.698353
48.76358399999999, -124.697968
48.7677167, -124.6948886
48.7809764, -124.696417
48.7845211, -124.6946566
48.7872205, -124.686471
48.811919, -124.704299
48.8159229, -124.6990728
48.8229542, -124.6944595
48.8236989, -124.6949422
48.843538, -124.683087
48.845065, -124.682634
48.8688999, -124.707461
48.871522, -124.687053
48.8762956, -124.6910869
48.885917, -124.6954436
48.8956777, -124.6924891
48.9036389, -124.6950225
48.9127425, -124.6952333
48.9218784, -124.6967254
48.9309571, -124.6947064
48.9397302, -124.6947371
48.9503956, -124.6941582
48.0063703, -124.6626469
48.0299631, -124.6638131
48.08206089999999, -124.620291
48.1441621, -124.6521402
48.1571569, -124.6691468
48.1755778, -124.6708828
48.1912999, -124.6752981
48.2008525, -124.6823671
48.2239476, -124.6661618
48.2289942, -124.666248
48.2381156, -124.6661863
48.3067283, -124.6627015
48.3281475, -124.6598027
48.3448937, -124.6760098
48.3473443, -124.6818817
48.355168, -124.675955
48.3638, -124.683128
48.3741668, -124.6813808
48.3807328, -124.6809864
48.3879369, -124.6801685
48.629973, -124.7066259
48.6456202, -124.7080743
48.66029169999999, -124.6990943
48.699288, -124.6819
48.7048296, -124.6797706
48.7158469, -124.679039
48.7232718, -124.6753977
48.731998, -124.685072
48.741632, -124.685135
48.751219, -124.682286
48.7674621, -124.6937728
48.7857344, -124.6895432
48.7888695, -124.681938
48.7936413, -124.674731
48.804998, -124.6774328
48.808501, -124.675417
48.8247243, -124.6825013
48.8287978, -124.6764123
48.84302899999999, -124.681611
48.8488238, -124.6763124
48.854386, -124.674548
48.8707275, -124.6819162
48.87486999999999, -124.6817458
48.8850273, -124.6782756
48.89505279999999, -124.6810088
48.9049978, -124.6824894
48.91259789999999, -124.6804731
48.921153, -124.6746798
48.9338973, -124.6813703
48.9398712, -124.6803275
48.9508194, -124.6804611
47.8986826, -124.6253227
47.9018019, -124.6294107
47.9080151, -124.6392074
47.9081536, -124.6392483
47.9744588, -124.6511578
47.9834334, -124.6490569
48.0129789, -124.660601
48.022942, -124.661236
48.0302316, -124.6637547
48.0496847, -124.6617831
48.1401604, -124.6424233
48.1424181, -124.6478202
48.1444732, -124.6528348
48.1460248, -124.6550105
48.1534313, -124.6663322
48.1575222, -124.6676028
48.1643926, -124.6687589
48.1751789, -124.6658113
48.1836517, -124.6697814
48.1930394, -124.6675356
48.2016929, -124.6701418
48.2114309, -124.6646902
48.2229459, -124.6649127
48.2290728, -124.6662469
