47.3062298, -124.2764586
47.3217542, -124.2809957
47.3372141, -124.2910686
47.3456057, -124.2964545
47.3471195, -124.296948
47.3555006, -124.2979123
47.3762477, -124.307436
47.3806054, -124.3106828
47.3913745, -124.3165051
47.3990383, -124.3247025
47.4041394, -124.3292243
47.4102576, -124.3303863
47.4200343, -124.3308559
47.4283075, -124.3335845
47.437256, -124.3345444
47.4461346, -124.3354762
47.4548924, -124.3345778
47.4655433, -124.3341219
47.4731533, -124.3375129
47.4820019, -124.3391388
47.4923282, -124.3412225
47.4998002, -124.3424767
47.5085311, -124.3341215
47.51849259999999, -124.3383409
47.5271193, -124.3376471
47.5369986, -124.3385075
47.5448242, -124.3388728
47.551348, -124.335024
47.564955, -124.3361702
47.5721086, -124.3383788
47.578506, -124.3344591
47.5899273, -124.3352385
47.6001171, -124.3413611
47.6065629, -124.3354713
47.6089795, -124.3284045
47.6357138, -124.3469033
47.6359086, -124.3467223
47.6432885, -124.3359839
47.6561506, -124.3393962
47.660708, -124.336896
47.673982, -124.3333966
47.676958, -124.3392262
47.6869462, -124.3454229
47.6990422, -124.3367077
47.7012569, -124.3413852
47.7172906, -124.3392914
47.7231605, -124.333744
47.72883460000001, -124.3291997
47.744349, -124.3398413
47.7482538, -124.3447703
47.7649941, -124.3458688
47.7699921, -124.3382937
47.7770845, -124.3371413
47.7787154, -124.3302248
47.814175, -124.341489
47.8149668, -124.3414896
47.8258938, -124.3438228
47.8330439, -124.3382959
47.8421057, -124.3357878
47.8507833, -124.3362528
47.8602634, -124.3390028
47.8690147, -124.3375645
47.8789509, -124.3370881
47.8876968, -124.3443825
47.8989284, -124.3492833
47.9013551, -124.3498998
47.9035745, -124.3515836
47.9200168, -124.3687646
47.9501311, -124.358317
47.9582233, -124.3322738
47.96046459999999, -124.3375758
47.9671956, -124.3357597
47.9718237, -124.3403622
47.987642, -124.333265
47.9981141, -124.3400214
48.0001583, -124.3343247
48.0018876, -124.3307081
48.0201376, -124.3196566
48.0365169, -124.3376159
48.0379668, -124.3394847
48.0471338, -124.3363668
48.0580952, -124.3384178
48.0665467, -124.3377959
48.0713293, -124.3319797
48.0872521, -124.3399395
48.0929948, -124.333805
48.1035766, -124.3374761
48.112221, -124.3383276
48.1215811, -124.3392786
48.1320628, -124.3397427
48.1379794, -124.3386546
48.1479828, -124.3386088
48.1580081, -124.339197
48.16716049999999, -124.3407421
48.1722095, -124.3410226
48.1849008, -124.339844
48.1877733, -124.3353362
48.201667, -124.3397104
48.2123954, -124.339959
48.2191268, -124.3380208
48.2198175, -124.3342096
48.2400047, -124.3358904
48.248171, -124.340607
48.2557875, -124.337798
48.2660878, -124.3381403
48.27250369999999, -124.3389481
48.28094, -124.3484365
48.2823796, -124.3499818
48.2853699, -124.3567801
48.5010238, -124.2963338
48.5155888, -124.3190371
48.5169799, -124.3229987
48.5194641, -124.3304021
48.5213415, -124.3368067
48.5226398, -124.3409739
48.52428, -124.3460189
48.55313169999999, -124.3562156
48.5587246, -124.3530235
48.5593078, -124.3529875
48.5594803, -124.3531589
48.5881248, -124.343388
48.589593, -124.3382023
48.5972939, -124.3379265
48.59861300000001, -124.333788
48.614102, -124.313667
48.620627, -124.310336
48.652079, -124.356895
48.654339, -124.355191
48.66063399999999, -124.319765
48.678738, -124.347517
48.681734, -124.345206
48.6876371, -124.3413074
48.69292, -124.344852
48.692989, -124.345153
48.741085, -124.339635
48.7419922, -124.3397113
48.746477, -124.34239
48.7626429, -124.3431229
48.76911570000001, -124.338452
48.7777953, -124.3345516
48.7816323, -124.3318117
48.7912562, -124.3191494
48.8089097, -124.3554144
48.8109957, -124.3544486
48.82125440000001, -124.3211783
48.8358278, -124.3301259
48.8427523, -124.3367272
48.8456815, -124.3404793
48.85566439999999, -124.34866
48.8696268, -124.3297595
48.8777139, -124.338325
48.8777175, -124.3385865
48.9106516, -124.3309445
48.9118299, -124.3365609
48.9123475, -124.3388893
48.9281453, -124.3311104
48.9292363, -124.3308081
48.9360547, -124.325347
48.956846, -124.3491257
47.3723907, -124.3043989
47.3792126, -124.3097184
47.3852446, -124.3124061
47.3943768, -124.3192392
47.400591, -124.3257173
47.41016579999999, -124.320762
47.4194, -124.3209688
47.4275487, -124.3210862
47.4413054, -124.3253618
47.44139089999999, -124.3241758
47.4555683, -124.3345045
47.4676654, -124.3214029
47.47229859999999, -124.3231822
47.4781561, -124.3248939
47.4918452, -124.3223556
47.500281, -124.3239932
47.5080415, -124.3194703
47.5165276, -124.3256072
47.53428950000001, -124.3278749
47.5362806, -124.3255577
47.5407306, -124.3286448
47.5537766, -124.3319889
47.5615454, -124.3269396
47.5736848, -124.3209725
47.5815277, -124.3245836
47.5920751, -124.3301681
47.6003032, -124.3195088
47.60676890000001, -124.3245925
47.6158073, -124.3226783
47.6241609, -124.31862
47.6442436, -124.328897
47.6454461, -124.3264866
47.65250229999999, -124.3261477
47.6591789, -124.3188804
47.6710815, -124.3306413
47.6818986, -124.3292457
47.6891861, -124.3225064
47.70110349999999, -124.324578
47.706969, -124.3239545
47.71930280000001, -124.322108
47.7205622, -124.3255062
47.7321314, -124.3245857
47.7406969, -124.3192134
47.751591, -124.3225238
47.7580184, -124.3191039
47.7708649, -124.3245991
47.7785822, -124.3265498
47.7790968, -124.3275753
47.8145099, -124.3414534
47.830773, -124.3407585
47.8344283, -124.3363149
47.8446505, -124.3342231
47.8549128, -124.3219146
47.8583862, -124.3254461
47.8670979, -124.3252613
47.8772872, -124.3244366
47.8866569, -124.3237293
47.8899413, -124.3250321
47.956717, -124.324058
47.95909109999999, -124.326505
47.9663457, -124.3248253
47.9762736, -124.3209858
47.9877214, -124.3290212
47.99328740000001, -124.323061
48.0037227, -124.3243084
48.0195282, -124.3194539
48.02033369999999, -124.3195218
48.0313045, -124.3230681
48.0367539, -124.3286329
48.049191, -124.3236567
48.05817889999999, -124.3252613
48.0652418, -124.3189447
48.0756278, -124.3234492
48.0830821, -124.3179336
48.0963425, -124.3191374
48.1015403, -124.325748
48.1113926, -124.3246387
48.1211148, -124.3277544
48.12890429999999, -124.3277336
48.14125869999999, -124.3277404
48.1486166, -124.3292383
48.15551430000001, -124.3203239
48.1662222, -124.324585
48.1743229, -124.323688
48.1862433, -124.3244344
48.1961985, -124.3220918
48.20133000000001, -124.3274429
48.2102494, -124.3267396
48.21975579999999, -124.3239969
48.2282828, -124.3214054
48.2376184, -124.3268491
48.246891, -124.3255994
48.2569479, -124.322092
48.2648813, -124.3246774
48.2700032, -124.3252281
48.2703077, -124.3284568
48.2811068, -124.3485508
48.5141132, -124.3144212
48.5175501, -124.3239908
48.5190721, -124.3267351
48.5210588, -124.3338806
48.5532152, -124.3561305
48.55885989999999, -124.3529494
48.5591963, -124.3529517
48.5888529, -124.3321594
48.5892184, -124.33076
48.5908758, -124.3266866
48.5992137, -124.3246282
48.6016509, -124.318445
48.682153, -124.310396
48.6852173, -124.3097896
48.6917339, -124.343978
48.7096656, -124.2912064
48.741552, -124.339647
48.7565508, -124.3148375
48.7609825, -124.3234347
48.76881299999999, -124.3239463
48.7825662, -124.3268883
48.78607520000001, -124.3224666
48.7927077, -124.3179225
48.8074005, -124.3134135
48.816522, -124.3188696
48.8225145, -124.3207557
48.8317092, -124.3249458
48.8386733, -124.3319163
48.84229759999999, -124.3353121
48.86943979999999, -124.3293089
48.8701667, -124.3239605
48.8748948, -124.3273671
48.8751849, -124.3280136
48.90811679999999, -124.3204741
48.9083353, -124.3213059
48.91019800000001, -124.3266233
48.9283416, -124.3256183
48.9308167, -124.3272184
48.9391821, -124.3213538
48.9459855, -124.3158456
47.3058224, -124.275713
47.3214728, -124.2808443
47.3244453, -124.2817077
47.3685146, -124.3013551
47.3755422, -124.3068804
47.3834135, -124.3113729
47.3910762, -124.3109155
47.4013554, -124.3082032
47.4136209, -124.3091125
47.41782509999999, -124.3101751
47.4272448, -124.3115781
47.441787, -124.3128974
47.4453647, -124.307757
47.4521939, -124.3096706
47.4661516, -124.3137328
47.4741969, -124.3130112
47.4823878, -124.3140396
47.4936781, -124.3068175
47.4993739, -124.310957
47.5117898, -124.3162988
47.5182757, -124.3109895
47.526359, -124.308083
47.5588411, -124.3133746
47.559366, -124.310377
47.5735017, -124.3108266
47.5810602, -124.3095069
47.589715, -124.3119754
47.598236, -124.309801
47.6076882, -124.3107113
47.6162535, -124.3102932
47.6229325, -124.3133251
47.6346898, -124.3075795
47.6435489, -124.3041553
47.6576647, -124.3201109
47.6622372, -124.3109487
47.6633826, -124.3071297
47.6854914, -124.3052258
47.6895459, -124.3098482
47.6987766, -124.3173078
47.71136, -124.317514
47.7159877, -124.311004
47.7186591, -124.31647
47.7342901, -124.3189937
47.7445142, -124.3134537
47.7464896, -124.3144529
47.7623061, -124.3127408
47.7733111, -124.3147503
47.7779531, -124.3092961
47.7808562, -124.3061152
47.7895557, -124.2952157
47.7920626, -124.2918158
47.8343146, -124.3363914
47.8522824, -124.3068166
47.8530178, -124.3090521
47.8590211, -124.3103874
47.8696187, -124.3104066
47.87624, -124.3092408
47.8863122, -124.3153968
47.8885176, -124.3186597
47.8895989, -124.3216323
47.8896167, -124.3216897
47.9443104, -124.2814922
47.9444242, -124.2816123
47.9636405, -124.3073017
47.965951, -124.3111387
47.979735, -124.3182839
47.9864296, -124.3107924
47.9980053, -124.3103586
48.0016059, -124.3079906
48.0141358, -124.3055484
48.0233561, -124.3173632
48.0288365, -124.3093246
48.03545039999999, -124.304422
48.0513086, -124.3066195
48.0594776, -124.3126908
48.0688946, -124.3081857
48.0772017, -124.3135457
48.08548020000001, -124.316521
48.09238939999999, -124.3123657
48.1024114, -124.3206832
48.11261469999999, -124.3107968
48.12071299999999, -124.3115149
48.1292404, -124.3083311
48.1431942, -124.3036272
48.1481613, -124.3110277
48.1577199, -124.3171809
48.1674031, -124.3222538
48.1757122, -124.3138376
48.1777257, -124.3172371
48.1940056, -124.3173487
48.2051477, -124.3106333
48.2099596, -124.3108877
48.2202318, -124.310804
48.2300332, -124.3105299
48.235048, -124.305006
48.2494018, -124.3141342
48.2526906, -124.3126131
48.2650076, -124.31096
48.267957, -124.3118103
48.2698546, -124.3243499
48.2821369, -124.3496907
48.4845659, -124.2667326
48.484673, -124.2668706
48.5140593, -124.3123498
48.5144507, -124.3097722
48.5145862, -124.3087753
48.5189748, -124.3263157
48.5590696, -124.3529283
48.5923423, -124.3122496
48.5923566, -124.311721
48.5923739, -124.3111675
48.602134, -124.310753
48.6102765, -124.3110838
48.6141628, -124.3110246
48.6477642, -124.2964245
48.65510800000001, -124.298669
48.6624956, -124.312207
48.665276, -124.308763
48.6790226, -124.30906
48.685725, -124.309565
48.697495, -124.294962
48.7008045, -124.2931814
48.70993619999999, -124.2909835
48.75167920000001, -124.3075876
48.7517152, -124.3079046
48.7523782, -124.3095032
48.760534, -124.3102884
48.7677994, -124.3177277
48.7747448, -124.3110193
48.7891938, -124.3201756
48.7965763, -124.3130159
48.8049557, -124.3115129
48.8113335, -124.315524
48.823833, -124.3203134
48.8303349, -124.3228547
48.8309078, -124.3232755
48.8419148, -124.3349118
48.8702944, -124.3071711
48.8706881, -124.3101559
48.871004, -124.3126622
48.8713823, -124.3155352
48.9037523, -124.305117
48.9056155, -124.3083427
48.90872599999999, -124.3130047
48.93031999999999, -124.314626
48.930688, -124.3147142
48.9401842, -124.3160419
48.9483482, -124.3103864
47.321756, -124.2809961
47.333319, -124.286481
47.3561659, -124.2975928
47.3646673, -124.2984
47.3716884, -124.3038459
47.3845234, -124.2944902
47.3927887, -124.2960575
47.4039964, -124.2974166
47.4099523, -124.2993138
47.41887370000001, -124.2973454
47.42822169999999, -124.2978214
47.4371145, -124.3011569
47.4519019, -124.2954251
47.4530681, -124.2974662
47.4530852, -124.297998
47.4759401, -124.3111255
47.4879459, -124.3044
47.4903815, -124.3040542
47.49798819999999, -124.3028287
47.50337529999999, -124.3114609
47.5210983, -124.2973536
47.5289377, -124.2998097
47.5331416, -124.2931548
47.541964, -124.283907
47.5598784, -124.2872425
47.5646543, -124.2920149
47.5721266, -124.2920227
47.5810332, -124.2943824
47.59047890000001, -124.2947601
47.6004867, -124.2919717
47.607329, -124.3027285
47.6171752, -124.2994489
47.6246824, -124.3015923
47.6370424, -124.3049597
47.6462935, -124.3014765
47.6506508, -124.2955281
47.6647774, -124.2990268
47.6678809, -124.2952853
47.680246, -124.2972405
47.68506199999999, -124.302503
47.6877156, -124.3059708
47.7157688, -124.2893932
47.7174834, -124.2970634
47.72539190000001, -124.2957201
47.73372, -124.299206
47.74019, -124.2988038
47.7444146, -124.3064055
47.7670936, -124.3028088
47.7695657, -124.2968255
47.77771629999999, -124.2928791
47.7877133, -124.2962482
47.7921941, -124.2914474
47.8211357, -124.2643784
47.8363132, -124.2758111
47.83708070000001, -124.2763766
47.85022319999999, -124.2942908
47.8507231, -124.2973572
47.858328, -124.298402
47.87025089999999, -124.2999282
47.87558569999999, -124.2956498
47.887957, -124.2846424
47.893586, -124.278944
47.9441411, -124.2811152
47.9455869, -124.2824574
47.9502985, -124.2844874
47.9626814, -124.2938848
47.9656609, -124.3010438
47.9870415, -124.3023723
47.9878227, -124.2982882
47.9942956, -124.2938949
48.00468919999999, -124.297489
48.0129004, -124.2972224
48.0220202, -124.2892598
48.0314232, -124.2973522
48.0363791, -124.2950009
48.0511911, -124.3050002
48.0604168, -124.3033889
48.0675721, -124.2981557
48.07524249999999, -124.2984219
48.0797284, -124.3007687
48.0939967, -124.3056548
48.1081914, -124.2963512
48.1118432, -124.2971455
48.1175366, -124.3030533
48.129748, -124.3059658
48.1397882, -124.297414
48.1477221, -124.3017589
48.1499544, -124.3045809
48.1758365, -124.3138039
48.1760443, -124.313902
48.204301, -124.295248
48.208097, -124.2955594
48.2198455, -124.2956015
48.2263808, -124.2984712
48.2399223, -124.2947333
48.2472554, -124.2973441
48.2583399, -124.2959897
48.2658307, -124.2989544
48.2663643, -124.3011333
48.4845318, -124.2666655
48.5053721, -124.2935158
48.5148801, -124.2950499
48.5149153, -124.2948827
48.56165, -124.245922
48.5925198, -124.29839
48.59252559999999, -124.2980458
48.5925297, -124.2978018
48.5925381, -124.2976421
48.5942763, -124.29303
48.606229, -124.302665
48.614638, -124.301348
48.623239, -124.287727
48.635297, -124.28988
48.64322, -124.293313
48.6520692, -124.2975704
48.66125299999999, -124.299384
48.671236, -124.295633
48.6783266, -124.2969333
48.684767, -124.301252
48.707702, -124.2908371
48.71004420000001, -124.2907739
48.7475934, -124.2893932
48.7486955, -124.292822
48.7501452, -124.297943
48.7606517, -124.2950475
48.76247, -124.296305
48.77786529999999, -124.2970677
48.7804217, -124.2906348
48.79785769999999, -124.3126302
48.8084291, -124.2967578
48.81136619999999, -124.2924921
48.8140896, -124.2880617
48.826209, -124.3200845
48.8307544, -124.3230621
48.8682064, -124.2917055
48.8685536, -124.2943402
48.8688872, -124.2969758
48.8692631, -124.2997811
48.8934919, -124.2819515
48.899444, -124.2892745
48.9033904, -124.2975166
48.9038637, -124.2997997
48.9446232, -124.3135337
48.9531162, -124.2979248
47.2389079, -124.2186222
47.25865719999999, -124.2253089
47.2769798, -124.2328352
47.3212533, -124.2806621
47.329119, -124.283249
47.3380229, -124.2840064
47.3472685, -124.2849032
47.3549178, -124.2861303
47.36084779999999, -124.2862767
47.3736807, -124.2837148
47.380492, -124.2854693
47.3938359, -124.283358
47.4041802, -124.2836684
47.4113063, -124.2818804
47.4171535, -124.2869479
47.4284379, -124.2833736
47.429581, -124.282957
47.448393, -124.274826
47.4525102, -124.2835594
47.4525112, -124.2837031
47.47781500000001, -124.266464
47.521141, -124.296849
47.5335835, -124.2924531
47.5376269, -124.2844454
47.556864, -124.282158
47.562408, -124.287791
47.5695597, -124.2837248
47.5770631, -124.29015
47.58997429999999, -124.2909898
47.59759529999999, -124.2818582
47.6079454, -124.2829144
47.6150301, -124.2818405
47.620378, -124.2855921
47.634527, -124.266726
47.646879, -124.291171
47.6538021, -124.2897314
47.6606634, -124.2837176
47.6703213, -124.2875298
47.67572639999999, -124.291787
47.679778, -124.2954041
47.7002971, -124.2687712
47.71189769999999, -124.2813374
47.7150317, -124.2842735
47.7251325, -124.2836486
47.738293, -124.2831277
47.73832789999999, -124.2839589
47.7383627, -124.2847901
47.7714869, -124.2893663
47.77249399999999, -124.2859486
47.77815409999999, -124.2797113
47.7921492, -124.2836267
47.7921521, -124.2833873
47.7959553, -124.2712609
47.81992469999999, -124.2637508
47.83322690000001, -124.2709027
47.836462, -124.2759697
47.8432451, -124.2803416
47.84866299999999, -124.2854518
47.8593179, -124.2821028
47.8675422, -124.2786221
47.8783616, -124.2842934
47.8878076, -124.2833081
47.94411059999999, -124.2808874
47.9497037, -124.2842092
47.959181, -124.2826252
47.96399880000001, -124.2851141
47.9640586, -124.2857486
47.990172, -124.2943735
47.9957423, -124.2929186
48.0088731, -124.2814563
48.0108458, -124.2856876
48.0229878, -124.2871526
48.0298796, -124.2882144
48.040109, -124.2835215
48.0450591, -124.2837059
48.0629466, -124.2817847
48.0659321, -124.2849254
48.0739451, -124.2779692
48.0930902, -124.2826771
48.0937224, -124.2840958
48.1023568, -124.287719
48.1110715, -124.2844955
48.122288, -124.2800277
48.13087729999999, -124.2846253
48.1361163, -124.2877056
48.140286, -124.2944134
48.1656049, -124.2657813
48.16581009999999, -124.2658829
48.166751, -124.2650473
48.1841714, -124.26471
48.189601, -124.2659763
48.2041968, -124.2915854
48.2055335, -124.2910168
48.221399, -124.292667
48.2308507, -124.2851305
48.2384342, -124.2845809
48.2446727, -124.2877269
48.2563618, -124.283217
48.2576554, -124.283635
48.4824569, -124.2596761
48.4844981, -124.2665594
48.48478619999999, -124.2669634
48.4998359, -124.2791104
48.5003274, -124.2797821
48.50870279999999, -124.2861396
48.5149073, -124.2788426
48.5155227, -124.2771993
48.5926055, -124.2810445
48.5926488, -124.2815379
48.5975774, -124.2832866
48.6074762, -124.2841683
48.618145, -124.287937
48.62508440000001, -124.2869425
48.63636959999999, -124.2791565
48.6430859, -124.283658
48.6524024, -124.285577
48.6605579, -124.2771124
48.6714855, -124.2829911
48.6807691, -124.2849268
48.6884272, -124.2824923
48.6973879, -124.2856474
48.7054733, -124.289537
48.7108818, -124.2828659
48.7461396, -124.2809192
48.7461846, -124.2813144
48.7468257, -124.2837906
48.7600795, -124.2946639
48.781938, -124.2860174
48.7827417, -124.2819625
48.7827616, -124.2817474
48.8100227, -124.2941234
48.8154179, -124.2851928
48.8178583, -124.2795689
48.8179021, -124.2794103
48.8463151, -124.2505217
48.8656101, -124.2796477
48.8656503, -124.2798122
48.86713659999999, -124.283879
48.8675115, -124.2864343
48.89304200000001, -124.2802971
48.8951927, -124.2833586
48.90071709999999, -124.2904762
48.9026174, -124.2940741
48.9028505, -124.2947651
48.9519759, -124.2842335
47.2189789, -124.2084989
47.2983722, -124.2470831
47.3107871, -124.2693218
47.3205463, -124.2690226
47.32908440000001, -124.2725836
47.3382391, -124.2707696
47.345963, -124.2720737
47.3558774, -124.272016
47.3650107, -124.269773
47.3736521, -124.2714101
47.3784322, -124.2638535
47.39229340000001, -124.2687743
47.4004087, -124.2705995
47.412447, -124.264341
47.4156987, -124.2713022
47.4285513, -124.2695051
47.43193300000001, -124.271307
47.4453019, -124.2712239
47.45202889999999, -124.2755848
47.4745331, -124.2613364
47.4770942, -124.2657015
47.4967012, -124.253108
47.5102078, -124.2463979
47.524714, -124.25304
47.540855, -124.2728638
47.5418848, -124.2688882
47.5527878, -124.2765747
47.56327210000001, -124.2701514
47.570063, -124.2657352
47.5743096, -124.2622361
47.598275, -124.2805677
47.6020287, -124.270962
47.6078441, -124.2704099
47.6167025, -124.2698047
47.628289, -124.269551
47.6496273, -124.2609692
47.654505, -124.2635828
47.6585677, -124.2696233
47.6703846, -124.2598796
47.6839038, -124.2606151
47.6886451, -124.2625087
47.6992559, -124.2679179
47.7086975, -124.2677352
47.7114419, -124.2684719
47.7310855, -124.2743178
47.73370870000001, -124.2687549
47.7382198, -124.2721529
47.7727436, -124.2854741
47.7757058, -124.2813038
47.7810585, -124.2680842
47.788455, -124.2692053
47.7967798, -124.2695013
47.805312, -124.261863
47.8159741, -124.2623263
47.823442, -124.2643407
47.8327852, -124.2701518
47.840574, -124.2718478
47.8461799, -124.2827509
47.861794, -124.2784903
47.870807, -124.272697
47.8825656, -124.2743129
47.8876129, -124.2711049
47.8933449, -124.276827
47.9431977, -124.2737019
47.9444103, -124.2743129
47.9622845, -124.2702574
47.9634239, -124.2664516
47.9642294, -124.26361
47.9904902, -124.2941685
48.00930229999999, -124.2753361
48.0135196, -124.2689548
48.01663509999999, -124.2637904
48.0292076, -124.260232
48.0404981, -124.2692369
48.0504961, -124.2693804
48.05794849999999, -124.2709269
48.070097, -124.2690698
48.07735590000001, -124.2723659
48.08385089999999, -124.2648429
48.0945104, -124.2693753
48.1008101, -124.263281
48.1087962, -124.2602439
48.12033410000001, -124.270145
48.1300341, -124.2693513
48.13120989999999, -124.2666205
48.1542103, -124.2557858
48.1600326, -124.2581488
48.16806219999999, -124.2636038
48.201327, -124.2558879
48.2102811, -124.2499069
48.22232030000001, -124.2544888
48.23543309999999, -124.2757355
48.2388785, -124.270229
48.2462158, -124.2702242
48.2535237, -124.2704355
48.2572475, -124.2819489
48.2604661, -124.2515512
48.4760564, -124.2384043
48.4816529, -124.2568056
48.4817121, -124.2570136
48.48983579999999, -124.2674205
48.4987617, -124.2697595
48.5053271, -124.2732896
48.5153429, -124.2698179
48.5153429, -124.2698506
48.51534299999999, -124.2698832
48.559779, -124.244182
48.561328, -124.245697
48.574948, -124.245774
48.5926979, -124.2752234
48.5932457, -124.2736418
48.5944859, -124.2688927
48.6113182, -124.2699149
48.61955709999999, -124.2658407
48.625135, -124.2685579
48.6333385, -124.2727404
48.6431587, -124.2696563
48.652722, -124.272972
48.6611778, -124.2700639
48.67068829999999, -124.2667546
48.67962199999999, -124.268025
48.68736, -124.268777
48.7077341, -124.2686624
48.7150001, -124.2687354
48.7155082, -124.2679203
48.7376538, -124.2573196
48.7465916, -124.2705716
48.7468484, -124.2699298
48.7747131, -124.26113
48.7802939, -124.2685729
48.7811247, -124.2730858
48.7821072, -124.2765571
48.81483559999999, -124.2615709
48.81753029999999, -124.2690244
48.817942, -124.2710647
48.81815650000001, -124.2732474
48.8497358, -124.2498994
48.8660643, -124.269546
48.86607739999999, -124.2700725
48.8661431, -124.2712369
48.8905237, -124.2662007
48.89314419999999, -124.2720155
48.89393030000001, -124.2740454
48.93926399999999, -124.248835
48.9486206, -124.2542561
48.9545505, -124.263835
47.16679629999999, -124.1925435
47.1754813, -124.1953176
47.18252469999999, -124.1971329
47.1901393, -124.1993777
47.19561909999999, -124.2009493
47.2070677, -124.2038861
47.23190839999999, -124.2134876
47.2910315, -124.2379799
47.30430279999999, -124.2547243
47.31095190000001, -124.2563552
47.3159121, -124.2630335
47.3293314, -124.2559854
47.3374161, -124.261335
47.3463111, -124.2552749
47.360524, -124.251294
47.3635092, -124.2553192
47.37114589999999, -124.256207
47.3849641, -124.2532901
47.3902161, -124.2579359
47.4006853, -124.2564121
47.408461, -124.259084
47.420998, -124.252409
47.4269995, -124.2607521
47.44157209999999, -124.2561676
47.44495149999999, -124.2542744
47.4471224, -124.252
47.46977589999999, -124.244375
47.4754671, -124.2564588
47.4792867, -124.2561084
47.5098602, -124.2463423
47.5233092, -124.2499975
47.5395623, -124.2548552
47.5401154, -124.2580959
47.5614643, -124.2650907
47.565171, -124.255792
47.5724543, -124.2570039
47.5776343, -124.2527771
47.5778165, -124.2521821
47.6043824, -124.2604729
47.6069484, -124.2580064
47.6169824, -124.2576273
47.6251805, -124.2615175
47.6359815, -124.2558778
47.6488242, -124.2548964
47.65394449999999, -124.2518565
47.6616734, -124.2547663
47.6710966, -124.2591808
47.6800959, -124.2562031
47.6899604, -124.2619476
47.7007312, -124.2488411
47.7077727, -124.2562162
47.7079969, -124.2584385
47.7333823, -124.2690372
47.7346693, -124.2682498
47.73656039999999, -124.2681628
47.7368712, -124.2689331
47.7810296, -124.2613018
47.7813587, -124.2571588
47.7813977, -124.2563626
47.78932529999999, -124.2588238
47.7982387, -124.2560755
47.8066191, -124.2600614
47.8139735, -124.2605287
47.82617949999999, -124.2627408
47.8322594, -124.255519
47.8427822, -124.2567922
47.8456169, -124.2505741
47.8485739, -124.2441576
47.8712923, -124.2720543
47.8840155, -124.2723146
47.8876953, -124.2710603
47.8898591, -124.272143
47.9576995, -124.249849
47.96015329999999, -124.2556545
47.964318, -124.2592384
47.9646363, -124.2605512
48.0107125, -124.2646673
48.0108007, -124.26447
48.0170125, -124.2611033
48.02285089999999, -124.255737
48.0314765, -124.2570409
48.0396044, -124.255838
48.0458763, -124.2543704
48.05931220000001, -124.2568789
48.0670079, -124.2570802
48.078406, -124.2575441
48.0858157, -124.2633436
48.09150200000001, -124.2637755
48.1046408, -124.2592493
48.1121276, -124.2551164
48.1210867, -124.2560731
48.1540671, -124.2551268
48.1570773, -124.2560237
48.167464, -124.2586206
48.17326449999999, -124.2543585
48.1848563, -124.258262
48.1952483, -124.2501457
48.2017094, -124.2555375
48.21059940000001, -124.2498747
48.2209624, -124.2529952
48.2297459, -124.2554365
48.23836920000001, -124.2570177
48.2466507, -124.2569897
48.2562375, -124.2562533
48.4669777, -124.2153937
48.4759414, -124.2381233
48.4762603, -124.2387587
48.4816099, -124.2562599
48.4816142, -124.2561551
48.4938379, -124.2574275
48.4955828, -124.2587599
48.51123459999999, -124.2564397
48.5137132, -124.2564711
48.51512, -124.261599
48.515153, -124.261857
48.559053, -124.242334
48.575309, -124.245702
48.5930832, -124.2601629
48.5950509, -124.2547615
48.6054258, -124.2554953
48.616196, -124.259109
48.6246125, -124.2564304
48.6347171, -124.2560686
48.6421238, -124.261546
48.656717, -124.261503
48.6607479, -124.2597535
48.6700324, -124.2571378
48.67856, -124.258285
48.682241, -124.26142
48.7044238, -124.2538422
48.7051332, -124.2563393
48.7164562, -124.2592424
48.7184125, -124.2569699
48.7361935, -124.255376
48.742079, -124.2564325
48.745808, -124.2608391
48.7718342, -124.2570722
48.7759967, -124.2622129
48.7790613, -124.2658171
48.8114152, -124.2494663
48.811753, -124.2504746
48.8137887, -124.2562714
48.81448, -124.2583042
48.8447688, -124.2455649
48.8498213, -124.2498912
48.8599101, -124.2527035
48.8639001, -124.2578474
48.88116369999999, -124.2495119
48.8859218, -124.2563586
48.889046, -124.2615897
48.892318, -124.2704005
48.8937846, -124.2734571
48.9397932, -124.2488146
48.9494573, -124.2552004
47.1112869, -124.1792832
47.1141976, -124.1800708
47.1411114, -124.1859106
47.14686589999999, -124.188053
47.1561358, -124.1901563
47.165906, -124.1922441
47.1824389, -124.1971098
47.1882801, -124.1990027
47.2266093, -124.2111118
47.2687478, -124.2264099
47.2861512, -124.2346599
47.2938481, -124.240251
47.2989246, -124.2425502
47.3083721, -124.2439506
47.3151363, -124.2436095
47.3297642, -124.2410453
47.3348765, -124.2382589
47.3484693, -124.2424013
47.3554508, -124.2402596
47.363737, -124.245758
47.3712282, -124.2425903
47.38331849999999, -124.2431243
47.3930354, -124.2428549
47.3999641, -124.2425469
47.4055494, -124.2396253
47.4228015, -124.2414081
47.4230838, -124.2437265
47.4431266, -124.2391705
47.4459162, -124.2426661
47.4470015, -124.244937
47.4688805, -124.2402298
47.4720991, -124.2462635
47.4782311, -124.2473299
47.4959427, -124.2454493
47.5019225, -124.2461388
47.5087796, -124.2459798
47.5181023, -124.2448607
47.5263748, -124.2424041
47.5374184, -124.2419045
47.5379364, -124.2450075
47.5653346, -124.234999
47.56740689999999, -124.2448967
47.5682954, -124.2419773
47.5809156, -124.2422075
47.5854119, -124.2350092
47.6107456, -124.2537477
47.6214773, -124.2410765
47.6262939, -124.2422451
47.6332941, -124.2438724
47.6470957, -124.2412782
47.6551939, -124.2387624
47.663025, -124.2408929
47.6707411, -124.239689
47.6802511, -124.2375386
47.6891978, -124.2425678
47.6989899, -124.2457221
47.706531, -124.2439576
47.7076208, -124.2448821
47.7076387, -124.2450484
47.7353336, -124.2681785
47.7816333, -124.2542619
47.7818686, -124.2536543
47.782802, -124.2523923
47.7880383, -124.2495344
47.7968978, -124.2423575
47.8046595, -124.2492811
47.8108862, -124.2503492
47.8321795, -124.2375529
47.8333947, -124.2423573
47.8470504, -124.2474305
47.8494475, -124.2421481
47.8521186, -124.2362151
47.8842007, -124.2722207
47.8895051, -124.2719042
47.8901162, -124.2723648
47.9574193, -124.2442968
47.9580192, -124.2413411
47.9590596, -124.2364366
48.0083618, -124.240704
48.0101947, -124.2374111
48.0230166, -124.2548016
48.0347081, -124.2529219
48.0384459, -124.2511733
48.051519, -124.2452083
48.0581669, -124.2423715
48.06689069999999, -124.2424486
48.07402090000001, -124.240956
48.0782696, -124.2509906
48.0912106, -124.2636353
48.1060873, -124.229897
48.1144742, -124.2443785
48.1244729, -124.242219
48.1250191, -124.2408057
48.1421384, -124.2362543
48.1527383, -124.2406904
48.1559006, -124.2424649
48.1689605, -124.2418433
48.1751681, -124.2447458
48.1856529, -124.244878
48.1928092, -124.2466431
48.2033009, -124.2414401
48.2117496, -124.2373856
48.2207128, -124.2419437
48.22873999999999, -124.2428734
48.23623, -124.233496
48.2474433, -124.2470258
48.2583063, -124.2491142
48.2600922, -124.2506278
48.4650948, -124.2101204
48.46677709999999, -124.214905
48.4721311, -124.225628
48.4750812, -124.2350034
48.47906130000001, -124.2446774
48.49568499999999, -124.239425
48.496593, -124.2425182
48.511429, -124.256064
48.513367, -124.254825
48.5135099, -124.254964
48.513666, -124.255483
48.558898, -124.24168
48.56207029999999, -124.2423954
48.5743275, -124.2424792
48.579015, -124.241576
48.5882639, -124.2422925
48.5962756, -124.2400475
48.60653, -124.252018
48.6188519, -124.245755
48.6280151, -124.2413963
48.6371581, -124.2432183
48.6378143, -124.2415296
48.66160600000001, -124.247949
48.664126, -124.241981
48.6700762, -124.2424571
48.67840899999999, -124.240648
48.687603, -124.237355
48.6966001, -124.240649
48.7078098, -124.2434317
48.7151565, -124.242477
48.7244798, -124.2394524
48.7306609, -124.244252
48.74207990000001, -124.2564325
48.743851, -124.257078
48.7724385, -124.2571458
48.777533, -124.2636976
48.81135459999999, -124.2461981
48.8113791, -124.2459939
48.81299990000001, -124.2413369
48.8131628, -124.2404862
48.8360223, -124.2306455
48.8415138, -124.2380816
48.8520408, -124.2428881
48.85880539999999, -124.2434106
48.8611095, -124.2451988
48.8786022, -124.2424282
48.8864003, -124.2424616
48.8875083, -124.2399557
48.8875253, -124.2397635
48.9280482, -124.2153324
48.9402717, -124.2485969
48.9463034, -124.251222