48.7831913, -118.8047647
48.8029186, -118.7993687
48.8035231, -118.8019284
48.8158665, -118.8063221
48.825133, -118.8025777
48.830359, -118.7993191
48.8407389, -118.8032007
48.8497745, -118.7995472
48.8577738, -118.7980549
48.8630493, -118.7915527
48.8775452, -118.7862066
48.88091480000001, -118.7853979
48.8972524, -118.773103
48.9218363, -118.7775843
48.92413699999999, -118.779446
48.9396171, -118.8017161
48.9397156, -118.8006918
48.9423419, -118.8101577
46.2097114, -118.7952705
46.2109014, -118.7970383
46.2406231, -118.7870975
46.2406231, -118.7871076
46.2406231, -118.7871176
46.2609068, -118.7902281
46.2642229, -118.7839423
46.2777629, -118.7777487
46.2809448, -118.7759508
46.294684, -118.8067086
46.31445739999999, -118.7678397
46.3342161, -118.7851758
46.339066, -118.7850957
46.3480603, -118.784932
46.3570262, -118.7844925
46.3660189, -118.7841119
46.3751738, -118.7873743
46.3820544, -118.7811279
46.386239, -118.7781859
46.4001624, -118.7674626
46.4025062, -118.7665007
46.4079163, -118.7611694
46.4460825, -118.7633877
46.4517917, -118.7702369
46.4536707, -118.7732114
46.4595273, -118.78781
46.46062850000001, -118.784998
46.4846715, -118.7848389
46.48485549999999, -118.7857247
46.4920756, -118.7836983
46.50150989999999, -118.7871014
46.5096335, -118.7862885
46.5153203, -118.7788884
46.5210614, -118.7732565
46.5376038, -118.8110129
46.5627113, -118.7964323
46.5640572, -118.7962169
46.5760243, -118.7872576
46.5762569, -118.7855963
46.5910332, -118.7748374
46.59989400000001, -118.7747342
46.60905289999999, -118.774544
46.6200859, -118.7871023
46.6200859, -118.7871289
46.6347106, -118.7871057
46.6439657, -118.7875193
46.6568613, -118.7869607
46.6568732, -118.7874371
46.6721105, -118.7945137
46.6777988, -118.7870744
46.6924304, -118.7871472
46.6990635, -118.7870683
46.7046697, -118.7820488
46.72133849999999, -118.7871601
46.72133909999999, -118.7870505
46.7354498, -118.787105
46.7440984, -118.7935874
46.7531005, -118.7934771
46.7620013, -118.7870977
46.7682484, -118.78187
46.7788518, -118.7871478
46.7933844, -118.7871154
46.7933844, -118.7871004
46.80765419999999, -118.7872141
46.8217815, -118.7870661
46.8217817, -118.7871325
46.8366862, -118.787057
46.8463858, -118.7939313
46.8521101, -118.787193
46.8616188, -118.7886138
46.8667658, -118.7871533
46.8816621, -118.7870862
46.8816624, -118.7871629
46.912025, -118.7875002
46.9120279, -118.7872642
46.9120307, -118.7870283
46.925885, -118.7851634
46.9267791, -118.7888301
46.9556169, -118.7873364
46.9556181, -118.7871847
46.9556192, -118.787033
46.96910099999999, -118.8015094
46.98471199999999, -118.787128
46.98471199999999, -118.7871011
46.9960587, -118.7909769
46.9991218, -118.7870675
47.02806700000001, -118.7871316
47.02806700000001, -118.7871166
47.02806700000001, -118.7871015
47.0410142, -118.7688041
47.0577858, -118.7741244
47.0739712, -118.7882318
47.0741214, -118.7865416
47.0859487, -118.7871074
47.1013094, -118.7870998
47.1013094, -118.7871119
47.1153856, -118.7878479
47.1156807, -118.7858144
47.1302278, -118.7871078
47.1302278, -118.787104
47.158958, -118.7872054
47.1589584, -118.7871169
47.1665387, -118.7891394
47.1763601, -118.7936168
47.18499629999999, -118.7931514
47.1940475, -118.7932975
47.2039012, -118.7870949
47.21195059999999, -118.7934091
47.2210725, -118.7934913
47.2297176, -118.7872778
47.2391, -118.7936014
47.2480538, -118.7937971
47.2609907, -118.7871321
47.26099079999999, -118.7870771
47.2756467, -118.7871106
47.2904404, -118.7873137
47.2904451, -118.787017
47.303755, -118.7783329
47.314025, -118.7866903
47.31428649999999, -118.787599
47.3160308, -118.7962286
47.3496748, -118.7640865
47.350719, -118.764622
47.3627934, -118.7869632
47.3650801, -118.7861871
47.36822189999999, -118.7861953
47.385913, -118.7929952
47.3896277, -118.7906356
47.4027979, -118.7781116
47.410354, -118.7887496
47.41907519999999, -118.7864125
47.4234714, -118.7896331
47.4357734, -118.7870841
47.4463759, -118.7804071
47.4607602, -118.7911372
47.4650082, -118.7871542
47.47351099999999, -118.7846034
47.4820771, -118.7848462
47.4910767, -118.7848272
47.5000879, -118.7848916
47.509088, -118.7849658
47.5179597, -118.7845568
47.52684199999999, -118.7833769
47.53673440000001, -118.782391
47.54515199999999, -118.7854596
47.5540935, -118.7856467
47.56309359999999, -118.7858241
47.5720844, -118.7858942
47.58108499999999, -118.7859635
47.5900815, -118.7860932
47.5990796, -118.7861512
47.6080821, -118.7861181
47.6170686, -118.7846962
47.626088, -118.7846236
47.6350829, -118.7845917
47.6440846, -118.7846264
47.6530795, -118.7846607
47.6629554, -118.7871183
47.6703057, -118.7870608
47.6801034, -118.7848487
47.68919340000001, -118.7852477
47.6981185, -118.7864906
47.707082, -118.7867769
47.71607729999999, -118.7868515
47.7250772, -118.7867498
47.7311726, -118.7899678
47.7429481, -118.7870093
47.75722469999999, -118.7880952
47.7573291, -118.787624
47.7715611, -118.7871408
47.771563, -118.7869429
47.7871001, -118.7871066
47.7873738, -118.7894035
47.8091737, -118.7854485
47.8150797, -118.7869289
47.824079, -118.7869313
47.83307869999999, -118.7869543
47.8420769, -118.7868651
47.84531310000001, -118.7871352
47.86020629999999, -118.7925678
47.869159, -118.7967105
47.8772181, -118.7801516
47.88736100000001, -118.7837892
47.8966703, -118.7861102
47.90666239999999, -118.7871372
47.9066744, -118.7865414
47.9243181, -118.7877011
47.9316669, -118.78568
47.9451752, -118.7927105
47.949791, -118.7868539
47.9585526, -118.7852425
47.9688781, -118.7873786
47.9746385, -118.7954256
47.9774022, -118.7973548
48.0048701, -118.7903247
48.0055962, -118.7866319
48.0130198, -118.78684
48.0235032, -118.7819619
48.03471159999999, -118.7895308
48.0419668, -118.7889689
48.0494233, -118.7896262
48.06062679999999, -118.7925738
48.0650374, -118.7957517
48.07621899999999, -118.7900198
48.08405080000001, -118.7843384
48.0942307, -118.7871507
48.102949, -118.7867763
48.1066612, -118.7892629
48.122397, -118.7860481
48.1302834, -118.7885945
48.1377964, -118.7856057
48.1463696, -118.7898499
48.1569593, -118.7877426
48.1659545, -118.788246
48.1750184, -118.7868145
48.1839627, -118.7865738
48.1918758, -118.7887484
48.2018859, -118.785877
48.2118183, -118.7870999
48.2193147, -118.7882042
48.2290809, -118.7870914
48.2364398, -118.7893048
48.2448606, -118.7839842
48.2582503, -118.7953268
48.2666653, -118.7894842
48.2723182, -118.7827459
48.2825865, -118.7876607
48.2834612, -118.7894216
48.3145351, -118.8006304
48.31536819999999, -118.7991535
48.3220635, -118.7893517
48.3234746, -118.7850597
48.3368322, -118.7876496
48.3394203, -118.7919313
48.34139760000001, -118.7975234
48.3834349, -118.7754983
48.3849496, -118.7827311
48.3856765, -118.7852093
48.3910966, -118.7877716
48.39869239999999, -118.7850993
48.4083035, -118.7809959
48.4184466, -118.7793772
48.4226713, -118.7802747
48.4579111, -118.7895118
48.4581152, -118.7874766
48.4582402, -118.786271
48.4589528, -118.7827551
48.4912855, -118.7792037
48.49338789999999, -118.7849851
48.4958675, -118.7889277
48.5156907, -118.7915674
48.5176703, -118.7869368
48.518939, -118.7817486
48.5393403, -118.776342
48.5476782, -118.793196
48.55306179999999, -118.7859324
48.5569518, -118.7930378
48.5740639, -118.7972903
48.5798625, -118.7978873
48.5895819, -118.7870303
48.597197, -118.7859101
48.6076199, -118.7783094
48.624377, -118.7818416
48.6246802, -118.782362
48.6393423, -118.7902062
48.6428174, -118.7858313
48.6519695, -118.7873268
48.6629777, -118.7918115
48.66929529999999, -118.7852225
48.6766937, -118.7786058
48.6794697, -118.7745269
48.6905464, -118.7655324
48.7062021, -118.8094082
48.7229179, -118.7892864
48.7239894, -118.7892576
48.7330234, -118.7871803
48.73857659999999, -118.7852906
48.7528198, -118.7875216
48.7541137, -118.782424
48.763742, -118.802136
48.78166479999999, -118.7874632
48.7817825, -118.7866418
48.7974888, -118.7865494
48.80944909999999, -118.7855254
48.812259, -118.7860536
48.8297567, -118.781912
48.8324922, -118.7858661
48.8361717, -118.7908247
48.85078050000001, -118.7987218
48.8605607, -118.7935024
48.8661626, -118.7855545
48.88284110000001, -118.7817606
48.8955614, -118.7732119
48.8979444, -118.7726346
48.92090200000001, -118.776369
48.9243353, -118.7793982
48.9401292, -118.7871062
48.9405528, -118.7904285
46.2089137, -118.7947057
46.2406269, -118.773424
46.2406269, -118.7734131
46.240627, -118.7734022
46.2460531, -118.7647462
46.2653951, -118.7817362
46.26884769999999, -118.7753536
46.2759607, -118.7768317
46.2833564, -118.7727468
46.2985279, -118.7611149
46.312779, -118.7670699
46.31702139999999, -118.7671477
46.33231869999999, -118.7668304
46.3389611, -118.7689147
46.3444449, -118.7714424
46.3572024, -118.7653026
46.3709004, -118.7734759
46.3709014, -118.7733371
46.3869666, -118.7767694
46.3920772, -118.7711653
46.4011851, -118.7672475
46.4061563, -118.7629059
46.41230909999999, -118.7568345
46.4448186, -118.7612111
46.4458704, -118.7630552
46.4514061, -118.7695374
46.4554238, -118.7748658
46.4650933, -118.7734241
46.47734819999999, -118.7672473
46.4818, -118.7752534
46.49209, -118.7836983
46.5015021, -118.7734036
46.5133985, -118.780727
46.5196537, -118.774638
46.5263915, -118.7683099
46.5313539, -118.7627224
46.5328743, -118.7601746
46.57628649999999, -118.7734174
46.57628649999999, -118.7734057
46.5820894, -118.774944
46.5910844, -118.774837
46.6000989, -118.7747277
46.6090814, -118.7745439
46.6180975, -118.7742992
46.627081, -118.7741758
46.6349008, -118.7734303
46.6430041, -118.7730868
46.6567538, -118.78264
46.67788669999999, -118.7734832
46.6778875, -118.7733566
46.6924527, -118.7733988
46.6924527, -118.7734092
46.7091076, -118.7747154
46.7170776, -118.7727525
46.7260741, -118.7726258
46.7354111, -118.7734008
46.7427196, -118.7723037
46.7629841, -118.7735738
46.7724531, -118.7759382
46.7789224, -118.7733558
46.7933902, -118.773396
46.79808, -118.7726229
46.80685949999999, -118.7734089
46.8160677, -118.7723295
46.82509229999999, -118.7722829
46.83408679999999, -118.7724669
46.843076, -118.7724897
46.852078, -118.7724276
46.861068, -118.7723492
46.8700891, -118.7721825
46.8779798, -118.7711029
46.8870544, -118.7653377
46.89187769999999, -118.7621494
46.9121649, -118.773494
46.9121659, -118.7733572
46.9236815, -118.773628
46.9241142, -118.7760284
46.955782, -118.7738225
46.9557859, -118.7735461
46.9557899, -118.7732697
46.9557938, -118.7729933
46.984664, -118.7733925
46.984664, -118.7734048
46.9991811, -118.7734408
46.9991817, -118.7733268
47.0280778, -118.7734407
47.0280778, -118.7734155
47.0321344, -118.7686623
47.04106240000001, -118.7688037
47.0500603, -118.7687518
47.0577701, -118.7734083
47.0751633, -118.7747628
47.0753139, -118.7730659
47.0859883, -118.7734009
47.0950923, -118.7689218
47.1013021, -118.7733904
47.115737, -118.7734134
47.1219994, -118.7685548
47.130219, -118.7734042
47.1400143, -118.7680593
47.1490739, -118.7679359
47.15902, -118.7734105
47.1683286, -118.7685284
47.176074, -118.7724717
47.1850664, -118.7723337
47.19407959999999, -118.7722103
47.203078, -118.7722011
47.212091, -118.7720897
47.2210851, -118.772342
47.2300847, -118.7724868
47.2390829, -118.7725295
47.2480527, -118.7725643
47.2570327, -118.7719523
47.2660375, -118.7662131
47.2757108, -118.7734281
47.2906576, -118.7736276
47.2906625, -118.7733185
47.3039607, -118.7778907
47.3131208, -118.7731045
47.3138661, -118.7712705
47.3139352, -118.7706696
47.3435798, -118.7580574
47.36506430000001, -118.786187
47.3848706, -118.7599449
47.3961079, -118.7703537
47.3996663, -118.7748201
47.4100563, -118.7790123
47.4191077, -118.7734411
47.4317658, -118.7738569
47.4344619, -118.7742139
47.449658, -118.7773734
47.4547348, -118.7717107
47.4658769, -118.7698107
47.4721999, -118.7743331
47.4848623, -118.7792123
47.49417010000001, -118.7734115
47.49417010000001, -118.7733825
47.5087334, -118.7734071
47.5185981, -118.7844913
47.5281485, -118.7831015
47.5353086, -118.7818061
47.5470692, -118.7758076
47.5488545, -118.7709728
47.5660096, -118.7805308
47.5664238, -118.7803553
47.58101360000001, -118.7859626
47.5954528, -118.773795
47.5955429, -118.7732429
47.6123018, -118.7735696
47.6123083, -118.7732115
47.6259806, -118.7634128
47.6412375, -118.7735752
47.6412408, -118.7733214
47.6528924, -118.7641224
47.6620539, -118.7639805
47.6707939, -118.7638105
47.6775926, -118.7734278
47.6885579, -118.7851808
47.6972512, -118.7863682
47.7069604, -118.7867745
47.7243065, -118.7730399
47.7246923, -118.7741124
47.7260946, -118.7702986
47.7430613, -118.7734016
47.75736819999999, -118.7734118
47.75838, -118.7753862
47.77169869999999, -118.773453
47.7717028, -118.773167
47.7871291, -118.773399
47.7871291, -118.7733754
47.8089652, -118.7734476
47.8150381, -118.7734785
47.8206141, -118.7800248
47.8331035, -118.7869542
47.8453429, -118.773396
47.8510911, -118.7650852
47.8606244, -118.7696848
47.8609766, -118.7697706
47.87906359999999, -118.777581
47.885431, -118.782153
47.8952825, -118.7848868
47.904142, -118.776482
47.92026490000001, -118.7747444
47.9212915, -118.7715904
47.9365099, -118.778692
47.9395897, -118.7755232
47.9507819, -118.7648932
47.95731019999999, -118.7628789
47.9675576, -118.7802164
47.9811458, -118.7630527
47.9818467, -118.7633224
48.0078857, -118.7739427
48.0116646, -118.7726969
48.0228195, -118.773352
48.0318091, -118.7739953
48.0400488, -118.7749553
48.0490122, -118.7800866
48.0503654, -118.7823289
48.0797368, -118.7700545
48.0856931, -118.7745376
48.0919366, -118.7738461
48.1032345, -118.7817676
48.1085185, -118.7605937
48.1242178, -118.7832801
48.1297355, -118.7828453
48.1408768, -118.7804811
48.149157, -118.7706224
48.1590652, -118.7737608
48.1671383, -118.7730043
48.1749681, -118.7719219
48.1859573, -118.7718308
48.1930935, -118.7735311
48.2020417, -118.7729637
48.2101309, -118.7790059
48.2224596, -118.7768981
48.2312672, -118.7760829
48.2377459, -118.7718655
48.2449145, -118.7713617
48.2598189, -118.7658906
48.262342, -118.7680107
48.2739212, -118.7654219
48.2836079, -118.7744213
48.29015159999999, -118.7668506
48.29573200000001, -118.7621364
48.3213988, -118.7681892
48.3220149, -118.771215
48.3267732, -118.7761596
48.3319445, -118.7797284
48.3377879, -118.7886872
48.3503017, -118.7457578
48.3696942, -118.7493835
48.3833584, -118.7737813
48.3909921, -118.7748647
48.397132, -118.7724225
48.41161899999999, -118.7777315
48.4177536, -118.7769441
48.4256406, -118.7699158
48.4260823, -118.7695019
48.4587177, -118.7782969
48.4594566, -118.7754344
48.4600257, -118.7721828
48.4649324, -118.7637777
48.4907389, -118.7758334
48.4911708, -118.7747915
48.49464709999999, -118.7730793
48.51336329999999, -118.7700341
48.51714310000001, -118.7734002
48.5248774, -118.7677105
48.5349973, -118.7723724
48.5568045, -118.7761451
48.5577584, -118.7727778
48.5852164, -118.7710317
48.5889853, -118.773459
48.5982751, -118.7717676
48.6071594, -118.7737091
48.6188866, -118.768097
48.62511, -118.7749486
48.6341055, -118.7724325
48.6433522, -118.7730146
48.6514101, -118.7738992
48.6650765, -118.769585
48.6682924, -118.7742776
48.67965270000001, -118.7742397
48.6888985, -118.7656671
48.6930558, -118.7633338
48.7056634, -118.7572042
48.7300382, -118.7836661
48.7302906, -118.783582
48.73852710000001, -118.7849534
48.7545528, -118.7752417
48.7556622, -118.7727921
48.7797766, -118.7769506
48.7799333, -118.7766824
48.7870443, -118.7755356
48.7960268, -118.774308
48.8037348, -118.7741993
48.8113991, -118.780794
48.8276988, -118.7679614
48.8318315, -118.7728705
48.8359848, -118.7712645
48.8541795, -118.7615558
48.8614591, -118.7701892
48.8683366, -118.7734722
48.872228, -118.7661615
48.8857052, -118.7733875
48.8950869, -118.7731738
48.902618, -118.7682394
48.916436, -118.7683111
48.9205335, -118.7753083
48.9324687, -118.7672616
48.940244, -118.7717348
48.9500505, -118.7704759
46.2109274, -118.7458041
46.2279342, -118.7475014
46.2282089, -118.7475917
46.2404285, -118.7596703
46.2499669, -118.7619166
46.2572525, -118.7564214
46.2681323, -118.7564348
46.2766744, -118.7603504
46.2840505, -118.7615627
46.29895579999999, -118.7588777
46.31326809999999, -118.7659782
46.3206218, -118.7589243
46.326989, -118.7553234
46.34058, -118.7623084
46.3483792, -118.7613702
46.3547762, -118.7600665
46.36615980000001, -118.762862
46.3710059, -118.7596385
46.3914731, -118.7717768
46.3957768, -118.7678749
46.4043989, -118.7646397
46.4105511, -118.7585694
46.416703, -118.7524978
46.4208118, -118.7480769
46.4428958, -118.7535831
46.4452681, -118.7621001
46.4505247, -118.7668312
46.4695131, -118.7675445
46.4750716, -118.7608105
46.4813526, -118.7543882
46.5014475, -118.7595247
46.5014489, -118.759688
46.5161023, -118.7595802
46.5161039, -118.7597513
46.53009840000001, -118.7638911
46.5332106, -118.7588949
46.5371376, -118.7503371
46.5550354, -118.7414373
46.57629319999999, -118.7597026
46.57629319999999, -118.7596968
46.57629319999999, -118.7596909
46.5911373, -118.7748366
46.6017603, -118.7596748
46.6017609, -118.7597815
46.6200485, -118.7596826
46.632147, -118.7560559
46.6343049, -118.7609101
46.64342449999999, -118.7599128
46.6434468, -118.7603438
46.6779391, -118.7599309
46.67794010000001, -118.7597879
46.6779412, -118.7596448
46.6924952, -118.7597977
46.6925029, -118.7594145
46.7133996, -118.7618148
46.7173734, -118.7552927
46.726043, -118.7566734
46.7354634, -118.7596936
46.7440221, -118.7510719
46.7494708, -118.7509948
46.7646494, -118.7598441
46.7646636, -118.7593218
46.77902, -118.7596626
46.7869415, -118.7569163
46.7933417, -118.7609802
46.8077636, -118.7597024
46.82186069999999, -118.759814
46.82186249999999, -118.7596283
46.8366785, -118.7597496
46.8430446, -118.7511921
46.8516211, -118.7597005
46.8663918, -118.7596409
46.8663923, -118.759732
46.8814067, -118.7595907
46.889115, -118.7645401
46.8959938, -118.7581063
46.9121918, -118.7596962
46.9165996, -118.7574233
46.92092520000001, -118.7636979
46.92185749999999, -118.7653309
46.95586670000001, -118.759839
46.95586710000001, -118.7597448
46.9558676, -118.7596506
46.9691489, -118.7484755
46.9847723, -118.7598793
46.9847755, -118.7596312
46.9993829, -118.7597437
46.9993839, -118.7596102
47.0140179, -118.7478024
47.0281093, -118.7597145
47.0281093, -118.7596791
47.04111229999999, -118.7688033
47.050116, -118.7687513
47.05907209999999, -118.7581363
47.0680718, -118.7580507
47.0765118, -118.759587
47.0860215, -118.7596943
47.10130239999999, -118.7597034
47.10130239999999, -118.7596908
47.11566939999999, -118.759647
47.122225, -118.7685468
47.1301417, -118.7597133
47.1401808, -118.7680549
47.1518327, -118.7596891
47.1580818, -118.7679293
47.16701949999999, -118.7679014
47.1731438, -118.7711943
47.1902978, -118.7599405
47.190307, -118.7595171
47.2047243, -118.7597618
47.2047312, -118.759395
47.225271, -118.761892
47.2263035, -118.7595442
47.23911289999999, -118.7512564
47.2481698, -118.7513927
47.2610041, -118.7596885
47.2661171, -118.7662121
47.2751391, -118.7660264
47.2908554, -118.754803
47.2930877, -118.7548711
47.3021188, -118.7549799
47.3128592, -118.760034
47.3138728, -118.7597544
47.3344957, -118.7447142
47.3409358, -118.7555048
47.34705049999999, -118.7597534
47.3506774, -118.7644251
47.38939449999999, -118.761115
47.4015413, -118.7607741
47.4031015, -118.7596551
47.4201448, -118.759238
47.4211077, -118.7617462
47.4360771, -118.7568093
47.4581974, -118.7557149
47.4639586, -118.7586927
47.4727205, -118.7562935
47.4832394, -118.7576659
47.49104519999999, -118.7633052
47.4941787, -118.763404
47.50868270000001, -118.7596972
47.5086829, -118.7597544
47.5296218, -118.7827453
47.5499565, -118.7650364
47.55055540000001, -118.7623327
47.5544646, -118.7568541
47.5631177, -118.7594142
47.5721776, -118.7584152
47.5803137, -118.7551741
47.5955447, -118.7596812
47.5990778, -118.7602374
47.6125269, -118.7596982
47.6170756, -118.7633534
47.6261289, -118.7634084
47.63503559999999, -118.7641826
47.6414899, -118.7596696
47.65316809999999, -118.7641101
47.6620907, -118.7639803
47.6704695, -118.7596718
47.6789141, -118.7578188
47.6830974, -118.7519915
47.6838379, -118.7499621
47.7141087, -118.7485662
47.72138220000001, -118.7549605
47.7269191, -118.7632588
47.7285176, -118.7596434
47.7430165, -118.7596927
47.7521275, -118.7649799
47.7584593, -118.758812
47.77194420000001, -118.7597406
47.7719466, -118.7595191
47.7871645, -118.7596835
47.79943069999999, -118.7552453
47.8075533, -118.7605756
47.8089902, -118.7596452
47.8241735, -118.7435005
47.83295529999999, -118.7435963
47.845382, -118.7597057
47.8510715, -118.7650851
47.8599744, -118.7651051
47.867306, -118.75359
47.8796775, -118.77773
47.9099124, -118.7447042
47.9220603, -118.7597361
47.92206040000001, -118.7596894
47.93297889999999, -118.7581889
47.9415173, -118.7575741
47.9501415, -118.7598509
47.9711454, -118.7498522
47.9770669, -118.7595914
47.9848996, -118.7585528
47.9896542, -118.7537066
48.0190656, -118.7641665
48.021739, -118.7591468
48.0292635, -118.7649532
48.0371571, -118.7681337
48.0563651, -118.7573789
48.0573342, -118.7568174
48.0635668, -118.7524572
48.0775878, -118.7584517
48.08420270000001, -118.7597576
48.0949578, -118.7658625
48.10162769999999, -118.7611145
48.1134539, -118.7575324
48.1210372, -118.7542792
48.131122, -118.7602417
48.13441539999999, -118.7566685
48.1481085, -118.7596876
48.1572694, -118.7664462
48.1659582, -118.7701065
48.17483730000001, -118.759759
48.1848896, -118.7597548
48.1934809, -118.7598128
48.2020936, -118.7598215
48.2108603, -118.7567032
48.2252303, -118.7558834
48.2280386, -118.7606929
48.2392759, -118.759122
48.2479065, -118.7664106
48.25535439999999, -118.7587382
48.26478059999999, -118.7608693
48.274212, -118.7587438
48.2878491, -118.7681458
48.2932695, -118.7640879
48.2986249, -118.7572435
48.316707, -118.7511991
48.3199716, -118.7594326
48.3203974, -118.7603922
48.3374245, -118.749285
48.3435093, -118.7473516
48.3512809, -118.745304
48.3683971, -118.7484663
48.3722377, -118.7498888
48.3825443, -118.7590919
48.3841099, -118.7620967
48.4182265, -118.7547081
48.4198662, -118.7602941
48.4253134, -118.7690132
48.4485943, -118.744879
48.4595616, -118.7612988
48.4629319, -118.7623542
48.4682118, -118.7525014
48.4912875, -118.7684332
48.4930321, -118.7625754
48.5000189, -118.7616982
48.5083063, -118.7608506
48.5148315, -118.7622449
48.52929220000001, -118.7580654
48.532959, -118.7628352
48.5489433, -118.7568207
48.5522445, -118.7617081
48.55541760000001, -118.7646387
48.5694176, -118.7478738
48.58365999999999, -118.7610555
48.5892569, -118.7599676
48.5995036, -118.7571003
48.6071213, -118.758468
48.6160895, -118.759879
48.6252035, -118.7600834
48.6311028, -118.7601424
48.6439035, -118.7627202
48.6516944, -118.7604846
48.6630572, -118.7515464
48.669959, -118.7597366
48.6793579, -118.7613006
48.6879314, -118.7605319
48.6970085, -118.7595126
48.7154086, -118.750001
48.7210958, -118.746133
48.7385686, -118.7418559
48.74934349999999, -118.7474111
48.7543451, -118.7571496
48.755601, -118.760407
48.7739923, -118.7453287
48.7804343, -118.7554917
48.78648930000001, -118.7592191
48.79453179999999, -118.7633156
48.8010577, -118.7640785
48.8154119, -118.7498709
48.827559, -118.7656231
48.8331246, -118.7646678
48.8423418, -118.7612148
48.8501909, -118.7593757
48.8564085, -118.7636972
48.87155019999999, -118.7648982
48.8767554, -118.7585898
48.88608199999999, -118.7606927
48.889826, -118.7623511
48.9073204, -118.7622647
48.91211819999999, -118.7632067
48.9217546, -118.7657944
48.93029929999999, -118.759162
48.9401052, -118.7596347
48.9477978, -118.7631448
46.2239988, -118.7450035
46.22992439999999, -118.7438552
46.2400113, -118.7459925
46.2543392, -118.7417445
46.2638904, -118.7516549
46.2812401, -118.7516687
46.2845472, -118.7454001
46.2942865, -118.7407612
46.2995804, -118.7454115
46.3183807, -118.7610184
46.3249714, -118.7465597
46.3281416, -118.749848
46.3411462, -118.7619232
46.3517802, -118.7594787
46.3543291, -118.7593707
46.36864449999999, -118.7476136
46.3730767, -118.7409887
46.3788485, -118.7374883
46.3837882, -118.731314
46.4087956, -118.7603017
46.4149468, -118.7542312
46.4211909, -118.7474933
46.425356, -118.7409804
46.4424201, -118.7441013
46.4432783, -118.7463026
46.4432914, -118.7467596
46.4756954, -118.7596469
46.47872, -118.756036
46.4854467, -118.7478342
46.4920554, -118.7415181
46.5013321, -118.7459835
46.5100832, -118.7415375
46.5159802, -118.7460472
46.5338422, -118.753882
46.5380836, -118.7470261
46.54547720000001, -118.7409825
46.5650224, -118.7398253
46.5762916, -118.7460074
46.5819841, -118.7398024
46.5898803, -118.7383996
46.6016828, -118.7459686
46.6016834, -118.7460776
46.6199733, -118.7459865
46.6311336, -118.7453174
46.6312483, -118.746787
46.6412061, -118.7470973
46.6415412, -118.7495792
46.6779169, -118.7454936
46.6779216, -118.7457933
46.6779263, -118.746093
46.6925268, -118.7458853
46.6925342, -118.7462626
46.7157916, -118.749059
46.7164159, -118.745724
46.721483, -118.75148
46.73553940000001, -118.7459976
46.7441129, -118.7510706
46.7647346, -118.7459536
46.7647353, -118.7460701
46.7791273, -118.7488222
46.78908149999999, -118.7459885
46.79623900000001, -118.7437801
46.8078124, -118.7459891
46.8219959, -118.7461175
46.8219979, -118.7459206
46.8368446, -118.7460788
46.8431004, -118.7511916
46.8515756, -118.7459898
46.8611565, -118.7511079
46.8706809, -118.7477818
46.8812923, -118.7460589
46.88810489999999, -118.7401643
46.89853369999999, -118.7470356
46.9122345, -118.7460115
46.9122346, -118.7459771
46.9210924, -118.7315709
46.925443, -118.7284649
46.9559649, -118.7462428
46.9559663, -118.7460777
46.9600644, -118.7483549
46.9706201, -118.7459948
46.9780802, -118.7484877
46.9870788, -118.7485435
46.9960788, -118.7485449
47.0051797, -118.7480061
47.0140884, -118.7478016
47.0231601, -118.7475308
47.0281783, -118.7459889
47.0323384, -118.7370247
47.0578233, -118.7457293
47.05782800000001, -118.7460298
47.0681328, -118.7580501
47.0777108, -118.7460996
47.0860606, -118.7459879
47.1013777, -118.746071
47.1040883, -118.7473813
47.11308529999999, -118.7471661
47.1155529, -118.7459269
47.1300323, -118.7460008
47.14426049999999, -118.732716
47.15173550000001, -118.7459751
47.15173559999999, -118.7460189
47.1664405, -118.7456151
47.167023, -118.7437031
47.1906687, -118.7466138
47.1907205, -118.745612
47.20425239999999, -118.7450078
47.20493570000001, -118.7457263
47.2266956, -118.7466322
47.22674989999999, -118.7456062
47.2390582, -118.7512559
47.2480203, -118.7513891
47.2575368, -118.7509467
47.2660736, -118.7448435
47.2750673, -118.7446811
47.2828185, -118.7445296
47.2904068, -118.7462841
47.3020036, -118.7549777
47.313798, -118.7461668
47.31688399999999, -118.7434138
47.3331582, -118.7429023
47.33795139999999, -118.7461375
47.3422008, -118.7527219
47.3477351, -118.7604787
47.3703621, -118.7218687
47.3875427, -118.7468597
47.3875579, -118.746303
47.39207, -118.7427913
47.4011432, -118.7465905
47.4065933, -118.7418598
47.4212182, -118.7460506
47.4280917, -118.7420113
47.4357795, -118.7459737
47.449452, -118.7408491
47.45361219999999, -118.747871
47.4664251, -118.7455465
47.4760374, -118.7451438
47.4857714, -118.7491565
47.4898846, -118.7471611
47.5086374, -118.7459141
47.50863770000001, -118.7459918
47.508638, -118.7460695
47.5248778, -118.7287082
47.53161919999999, -118.7245215
47.55221479999999, -118.7562613
47.5528254, -118.7563592
47.561423, -118.7589465
47.5749327, -118.7573008
47.5830425, -118.7517628
47.5909544, -118.7468044
47.5990811, -118.7433055
47.6080491, -118.7435195
47.6171322, -118.7420137
47.6261427, -118.7422843
47.6351124, -118.7428472
47.6440815, -118.7430103
47.6530815, -118.7430267
47.6620824, -118.7430893
47.6706626, -118.7459794
47.6839442, -118.7487424
47.6856336, -118.7454994
47.6894283, -118.7380027
47.714064, -118.7467838
47.71600859999999, -118.748887
47.72871629999999, -118.7460686
47.7287183, -118.7458693
47.74327599999999, -118.7434098
47.7577901, -118.7463626
47.7604504, -118.7457789
47.7721522, -118.7460926
47.7791018, -118.7433806
47.7871837, -118.7459995
47.7970756, -118.7435064
47.80606419999999, -118.7434337
47.8150838, -118.7434578
47.8240934, -118.7434995
47.833058, -118.7435943
47.8420565, -118.7434191
47.8509372, -118.7456172
47.8600724, -118.7431898
47.8672885, -118.7459558
47.8673302, -118.7447705
47.8929031, -118.7213483
47.9077931, -118.7407712
47.9083456, -118.7426706
47.9140763, -118.7448989
47.9230925, -118.7459932
47.9318773, -118.7458777
47.9359068, -118.7415336
47.9541473, -118.7475645
47.9558454, -118.7507245
47.9675802, -118.7466022
47.9790521, -118.7518202
47.9851829, -118.7463754
47.990249, -118.7441526
48.0201763, -118.7393343
48.0230968, -118.7455347
48.0232462, -118.7468276
48.0368184, -118.7679759
48.0609169, -118.7547707
48.0665949, -118.7455554
48.07580489999999, -118.7447563
48.08528570000001, -118.7458346
48.087169, -118.7519042
48.10933290000001, -118.7553065
48.1134978, -118.7474721
48.12264159999999, -118.7530461
48.1287346, -118.7467663
48.1387371, -118.7468408
48.146018, -118.7454438
48.1528258, -118.7386514
48.17460089999999, -118.7544643
48.1765303, -118.7470559
48.1857058, -118.7461069
48.1952796, -118.7549658
48.2021239, -118.7556708
48.21166789999999, -118.748518
48.22055, -118.7466633
48.22830399999999, -118.7481716
48.2386399, -118.7499261
48.2429273, -118.7475148
48.2565361, -118.7562837
48.2663363, -118.756032
48.2735983, -118.7565817
48.2740128, -118.7569475
48.2991017, -118.7392421
48.3009467, -118.7459679
48.3122744, -118.74308
48.319902, -118.741856
48.32818260000001, -118.7454745
48.3365367, -118.7437088
48.3460996, -118.7463298
48.3544356, -118.7429732
48.3649551, -118.7439999
48.3735402, -118.7495636
48.382003, -118.7482207
48.3912117, -118.7469383
48.3944566, -118.7412087
48.4113965, -118.7367869
48.4187616, -118.7460684
48.4189971, -118.7433106
48.4385841, -118.7390525
48.4457108, -118.7433246
48.45369119999999, -118.7476269
48.4617132, -118.7519541
48.4727256, -118.7465779
48.4835827, -118.7378824
48.4918907, -118.739843
48.4989454, -118.7411895
48.5058847, -118.7392544
48.5163405, -118.7391442
48.5282336, -118.7542386
48.5375704, -118.7406265
48.5435911, -118.7477694
48.5526199, -118.744747
48.560994, -118.7441516
48.57129639999999, -118.7469897
48.580022, -118.744589
48.5888766, -118.7483327
48.5959626, -118.7429976
48.6107829, -118.7492355
48.6130802, -118.7417521
48.629988, -118.7423791
48.6342964, -118.7436146
48.6427584, -118.746615
48.6523099, -118.7445988
48.66255659999999, -118.7440354
48.6700593, -118.7459439
48.6735112, -118.7406051
48.6954962, -118.7541609
48.6976637, -118.7525693
48.7050433, -118.7454041
48.714944, -118.7499647
48.7234583, -118.7444855
48.7341424, -118.7384487
48.7499759, -118.7457047
48.75878429999999, -118.7461041
48.7711131, -118.742739
48.7782329, -118.7457075
48.7874347, -118.7486298
48.7958594, -118.7450215
48.8051196, -118.7408084
48.8140909, -118.7459985
48.8231577, -118.7473092
48.83197, -118.7474599
48.8385119, -118.750378
48.8528196, -118.7403082
48.8598985, -118.7477863
48.861705, -118.7446523
48.879607, -118.7567443
48.88658119999999, -118.7510833
48.8950249, -118.7456026
48.909097, -118.7433141
48.9124499, -118.7484211
48.92249289999999, -118.7430458
48.931425, -118.7448776
48.9377426, -118.7501713
48.9416111, -118.7560421
46.2106053, -118.7324057
46.2251366, -118.7321493
46.2251446, -118.7325373
46.2427013, -118.7348846
46.2465674, -118.7295362
46.25421100000001, -118.7323925
46.2667456, -118.7210607
46.27627589999999, -118.7220029
46.2847697, -118.7270934
46.29242319999999, -118.7304542
46.3031683, -118.7213009
46.3122098, -118.7213984
46.32703679999999, -118.7322528
46.3270369, -118.7322957
46.327037, -118.7323386
46.3526171, -118.7590531
46.36708489999999, -118.7229046
46.3722271, -118.7327345
46.3722838, -118.7318524
46.3836701, -118.7314489
46.3868377, -118.725621
46.4033829, -118.7211182
46.4112938, -118.7208847
46.419635, -118.7240656
46.4301288, -118.7339358
46.440154, -118.7291355
46.442835, -118.7335148
46.4428597, -118.7339
46.4552154, -118.7071702
46.4859534, -118.7467337
46.4885397, -118.7439178
46.4946983, -118.7348268
46.4957062, -118.7314543
46.5100708, -118.7415374
46.5159536, -118.7415216
46.516066, -118.741674
46.54155490000001, -118.7423672
46.5461886, -118.7408529
46.5541974, -118.7317251
46.563009, -118.7391734
46.573319, -118.7403946
46.5821947, -118.7397955
46.5907966, -118.7322787
46.6002363, -118.7327553
46.6091904, -118.7332023
46.6184218, -118.7310245
46.6270775, -118.7317751
46.6364429, -118.7287431
46.6445578, -118.7286957
46.6514558, -118.7243807
46.652259, -118.7233093
46.6777133, -118.7321012
46.6810686, -118.7305809
46.69007389999999, -118.7305
46.69907329999999, -118.7304045
46.7080792, -118.7303556
46.7170841, -118.7303753
46.7261454, -118.7292663
46.7356809, -118.7322864
46.7440717, -118.7304008
46.7530776, -118.7303679
46.7620499, -118.7303765
46.7655608, -118.7326007
46.793852, -118.7325515
46.7997344, -118.7343485
46.8077954, -118.7322874
46.8160622, -118.7299771
46.8250781, -118.7298787
46.8340781, -118.7298712
46.8430687, -118.729815
46.8517662, -118.732266
46.8610644, -118.729627
46.87006400000001, -118.7295763
46.87906539999999, -118.7294765
46.8880445, -118.7401637
46.8970315, -118.7295927
46.9063154, -118.7340292
46.9154116, -118.7339936
46.9233822, -118.7304073
46.9307217, -118.7247187
46.937788, -118.7196304
46.9559765, -118.7321412
46.9559796, -118.73239
46.9705017, -118.732243
46.9850333, -118.7322632
46.9850334, -118.7322865
46.9995955, -118.7322751
46.9995955, -118.7322908
47.0141605, -118.7478008
47.0284232, -118.7329163
47.0317429, -118.736925
47.0409702, -118.7266614
47.0500761, -118.7265116
47.0577538, -118.7322437
47.0669257, -118.7264161
47.0791568, -118.7333704
47.0860956, -118.7322813
47.0953391, -118.7261097
47.1014522, -118.7322774
47.11572049999999, -118.7324616
47.1221561, -118.7268868
47.1301541, -118.7321955
47.140134, -118.7273054
47.1518935, -118.7325136
47.158108, -118.7275564
47.1668506, -118.7322905
47.1760601, -118.7300304
47.1850587, -118.7298665
47.1940708, -118.7297536
47.2030706, -118.7296904
47.2120672, -118.729612
47.2210812, -118.7295698
47.2300827, -118.7294603
47.239051, -118.7292775
47.2480354, -118.7290557
47.2570512, -118.7289747
47.2665308, -118.7262565
47.274997, -118.7232754
47.288863, -118.7306887
47.2900784, -118.7306118
47.302101, -118.7231341
47.3121367, -118.7396031
47.3207887, -118.7328627
47.3306716, -118.7320833
47.3317226, -118.7361764
47.339448, -118.746863
47.3702552, -118.7216916
47.3739247, -118.7217545
47.3885169, -118.7322879
47.3885169, -118.7322768
47.4011089, -118.7427358
47.4098661, -118.7380132
47.41748, -118.7313289
47.4280486, -118.742011
47.435892, -118.7322568
47.4446293, -118.7348441
47.4579283, -118.7324605
47.4650541, -118.7322637
47.4793147, -118.7254287
47.4905182, -118.7366824
47.5060739, -118.7296898
47.5088955, -118.7316316
47.5173808, -118.7296287
47.5255101, -118.7283012
47.53186170000001, -118.7243531
47.5451199, -118.721123
47.5541184, -118.721183
47.5641402, -118.7213876
47.5721188, -118.721464
47.5811103, -118.7215975
47.5939784, -118.7373461
47.5945731, -118.736423
47.6124973, -118.7323203
47.6124976, -118.7322407
47.6259077, -118.7422754
47.6415587, -118.732199
47.6415594, -118.7323132
47.6557913, -118.7331698
47.65615950000001, -118.7322167
47.6706531, -118.7322803
47.67704819999999, -118.7236624
47.690988, -118.7337084
47.6915973, -118.7310819
47.7070422, -118.7221332
47.713899, -118.7322363
47.728706, -118.7322815
47.728706, -118.7322807
47.7433331, -118.7322906
47.7579244, -118.7322005
47.7617642, -118.7337591
47.7724225, -118.7323791
47.7793461, -118.7317746
47.787228, -118.7322717
47.79703989999999, -118.7218173
47.8090232, -118.7322831
47.8090232, -118.7322772
47.8309247, -118.732366
47.8309253, -118.7322545
47.84217719999999, -118.7434168
47.8521525, -118.7433324
47.861695, -118.7263465
47.8665509, -118.7265082
47.8799042, -118.7188978
47.8928227, -118.7212987
47.89484849999999, -118.7220862
47.9081917, -118.7330077
47.9141825, -118.7307644
47.9232832, -118.7321983
47.9321029, -118.7318452
47.9404786, -118.7299989
47.9489098, -118.7337061
47.9591581, -118.7364964
47.9681103, -118.7358197
47.979329, -118.7359225
47.985156, -118.7389551
48.0140594, -118.7288831
48.0145594, -118.7306141
48.0189106, -118.7362111
48.0308994, -118.7217811
48.0396311, -118.7204868
48.0426251, -118.719536
48.0672254, -118.7441575
48.0710541, -118.731522
48.0743762, -118.7321298
48.0812217, -118.7339042
48.0838007, -118.742169
48.1109708, -118.7239034
48.1147285, -118.7286808
48.1167805, -118.7334901
48.1306052, -118.73199
48.1321396, -118.733253
48.1517951, -118.7326348
48.1522297, -118.7295629
48.1744429, -118.7255296
48.17769690000001, -118.7304471
48.1804903, -118.7352114
48.1866269, -118.743383
48.20130229999999, -118.7142841
48.2251572, -118.7329584
48.2279816, -118.7340735
48.2324049, -118.731795
48.25711190000001, -118.7562278
48.2729453, -118.7129286
48.2800139, -118.719536
48.28606389999999, -118.7259868
48.2922404, -118.7317174
48.30063699999999, -118.7352531
48.310234, -118.7317593
48.3190751, -118.7343135
48.3281998, -118.7324943
48.3337234, -118.724737
48.34554319999999, -118.7423139
48.3565364, -118.737519
48.3615355, -118.7379904
48.365624, -118.7447596
48.3888926, -118.7384729
48.3917323, -118.732952
48.4000302, -118.7319469
48.4091592, -118.7319499
48.4178347, -118.7312352
48.42683340000001, -118.7313673
48.43616919999999, -118.7321612
48.4448519, -118.7322976
48.4496046, -118.7333068
48.4732299, -118.736808
48.4741376, -118.7346159
48.4816424, -118.7327647
48.48987229999999, -118.7388245
48.4992988, -118.7411675
48.5083951, -118.737719
48.5187393, -118.7378839
48.526447, -118.7338386
48.5333082, -118.7364141
48.5412817, -118.7231528
48.55426910000001, -118.7437061
48.5631105, -118.7311406
48.56489, -118.7329598
48.5770067, -118.7390343
48.5875477, -118.7400461
48.5981006, -118.7393593
48.6081304, -118.7357598
48.6160492, -118.7321926
48.6250738, -118.7324324
48.6341228, -118.732001
48.6430875, -118.7322765
48.6521981, -118.7323351
48.6614747, -118.7347468
48.672745, -118.7326972
48.6792685, -118.7316264
48.6879404, -118.7298905
48.6968033, -118.72938
48.7075002, -118.7326398
48.7077375, -118.7304651
48.7253708, -118.7420895
48.7339947, -118.7365124
48.7409427, -118.731953
48.7515103, -118.7286391
48.7606739, -118.734383
48.7675851, -118.7389641
48.7783719, -118.7283386
48.7892447, -118.7303732
48.7968138, -118.7297114
48.8000957, -118.7311789
48.812602, -118.7436282
48.82332419999999, -118.7472863
48.8372934, -118.7209013
48.8404021, -118.7208459
48.8531643, -118.7395177
48.85970450000001, -118.733995
48.8659624, -118.7255113
48.8685289, -118.7227913
48.896535, -118.7233244
48.89897029999999, -118.7281864
48.9054655, -118.731304
48.9104889, -118.7351058
48.9209438, -118.7425276
48.9285144, -118.7432397
48.9343131, -118.7463572
48.93868759999999, -118.7511355
46.2130243, -118.7213949
46.2219755, -118.7216493
46.231069, -118.7216289
46.2400002, -118.7217143
46.2491374, -118.7216262
46.2581321, -118.7213753
46.2675418, -118.7207105
46.2754136, -118.7213685
46.28505149999999, -118.7211524
46.2941153, -118.721197
46.303057, -118.721299
46.3117863, -118.7185881
46.3210442, -118.7215006
46.3265658, -118.7230152
46.3268829, -118.7237964
46.3652466, -118.7161796
46.3652546, -118.7162384
46.3660317, -118.7186077
46.3714398, -118.7251246
46.38298109999999, -118.7183832
46.3932766, -118.7196481
46.402046, -118.7207894
46.4106181, -118.720674
46.4189073, -118.719334
46.4267533, -118.7139297
46.4392209, -118.7179216
46.44568839999999, -118.7149599
46.4525179, -118.7093923
46.4576272, -118.7049613
46.4584249, -118.7037829
46.49352589999999, -118.715184
46.4940495, -118.717679
46.499275, -118.7165361
46.5100881, -118.7078854
46.5174877, -118.7051558
46.5247633, -118.7016577
46.5425666, -118.7004941
46.5548392, -118.7302501
46.5590656, -118.7188104
46.5590804, -118.7182785
46.5605853, -118.7119721
46.59094810000001, -118.7187831
46.5909505, -118.7185714
46.5909528, -118.7183597
46.6107511, -118.7139438
46.6199892, -118.7186144
46.6259031, -118.7222353
46.6339172, -118.7221513
46.6463915, -118.7208007
46.6536227, -118.7183145
46.6548299, -118.7138224
46.6777834, -118.7306864
46.68670609999999, -118.7178891
46.6923269, -118.718619
46.6990894, -118.7146
46.7067844, -118.7185404
46.7211878, -118.7201926
46.721798, -118.7168914
46.7357622, -118.7185778
46.7441257, -118.7304004
46.7530881, -118.7303679
46.7650347, -118.7188144
46.76757749999999, -118.7215195
46.7801154, -118.7145766
46.7942438, -118.7188949
46.79426, -118.7183374
46.8084816, -118.7182146
46.8120876, -118.7138453
46.8224369, -118.7184834
46.8340763, -118.7145946
46.8430613, -118.7145363
46.8520627, -118.7185743
46.8610426, -118.7144058
46.8700429, -118.7142402
46.8817232, -118.71854
46.8817239, -118.7186572
46.89636369999999, -118.7185689
46.8963639, -118.7184998
46.9179251, -118.7329371
46.9267967, -118.7272673
46.93429150000001, -118.7221595
46.9411985, -118.7165854
46.9559171, -118.7185966
46.9601366, -118.716262
46.9702448, -118.7185859
46.9780765, -118.7165134
46.9850532, -118.7186107
46.9997283, -118.7186759
46.9997315, -118.7184256
46.9997348, -118.7181753
47.02885389999999, -118.7187643
47.0288584, -118.7184685
47.0412359, -118.7266503
47.0500835, -118.7265116
47.0578858, -118.7185494
47.0668556, -118.7263642
47.0826518, -118.7227013
47.0863248, -118.718627
47.0968956, -118.7255191
47.1015412, -118.7185257
47.1160034, -118.7186544
47.1219608, -118.7268807
47.1303621, -118.7185556
47.13998309999999, -118.7273018
47.1522687, -118.7187176
47.1522771, -118.718314
47.1661041, -118.728282
47.1761759, -118.7300283
47.1914185, -118.7185646
47.1914185, -118.7185785
47.2060357, -118.7184595
47.2060419, -118.7188089
47.2275113, -118.7238234
47.2288882, -118.7185876
47.2391794, -118.7292749
47.2482212, -118.7290503
47.255116, -118.721146
47.2661144, -118.7234584
47.2757538, -118.7186355
47.2840741, -118.7230956
47.2930535, -118.723067
47.30206829999999, -118.7231339
47.3110767, -118.7231683
47.3201006, -118.7228415
47.3283411, -118.7179167
47.3304796, -118.7178789
47.352613, -118.69714
47.3567869, -118.6995882
47.3702654, -118.7188502
47.3741257, -118.721748
47.3831046, -118.7215743
47.3897363, -118.7182527
47.3943069, -118.706906
47.4174893, -118.72742
47.4294457, -118.7160901
47.4347759, -118.7226691
47.4527906, -118.7102861
47.4556435, -118.7183268
47.4640709, -118.7206719
47.4730731, -118.7207043
47.4820782, -118.720731
47.4901449, -118.7209302
47.5001077, -118.7205887
47.5087865, -118.7183672
47.5177112, -118.7161296
47.52602599999999, -118.7146267
47.53606430000001, -118.7210428
47.5450698, -118.7211226
47.55406989999999, -118.7211827
47.5630174, -118.7210875
47.5720685, -118.7214636
47.5810703, -118.7215972
47.5900152, -118.7218141
47.5984557, -118.7212761
47.607978, -118.7179544
47.6170639, -118.720548
47.62606840000001, -118.7206797
47.6350544, -118.7208466
47.6440636, -118.7210449
47.6530549, -118.7212307
47.6620473, -118.7214364
47.6707286, -118.7185563
47.6800493, -118.7218041
47.6890648, -118.7219487
47.6995199, -118.7186
47.7070921, -118.7221328
47.71609309999999, -118.7220574
47.7250847, -118.7219774
47.734096, -118.7219198
47.7433385, -118.7185625
47.7520935, -118.721738
47.7620394, -118.7178737
47.769616, -118.7221418
47.7790826, -118.7219415
47.7872671, -118.7185814
47.7962532, -118.7194935
47.8060718, -118.7218104
47.815079, -118.7217982
47.82408230000001, -118.7218201
47.8335735, -118.7199128
47.8419801, -118.7157983
47.8511377, -118.7181759
47.8588497, -118.7205051
47.8711085, -118.7195452
47.8783347, -118.7180268
47.8862624, -118.715865
47.8945876, -118.716674
47.9093499, -118.728413
47.9154794, -118.7209628
47.91768649999999, -118.7179208
47.9287128, -118.7254588
47.9410677, -118.7185813
47.9505695, -118.7196267
47.9592331, -118.7178613
47.96823269999999, -118.7191932
47.9775324, -118.7186898
47.9856888, -118.7186439
47.985837, -118.7195427
48.0095197, -118.7107807
48.0139447, -118.7179136
48.0217957, -118.7196515
48.0311375, -118.7217714
48.0400569, -118.7186459
48.0427456, -118.7192412
48.0519748, -118.7027692
48.071018, -118.7195114
48.0728115, -118.7204417
48.0816143, -118.7222921
48.0960736, -118.7066915
48.10797489999999, -118.7150146
48.1101499, -118.7211978
48.12915220000001, -118.7193438
48.1295934, -118.7180315
48.12994339999999, -118.7167383
48.1516878, -118.7182855
48.15258980000001, -118.7203716
48.173131, -118.7170861
48.173593, -118.7193201
48.1849551, -118.7105164
48.1937291, -118.7126659
48.201908, -118.7142253
48.2115632, -118.7156675
48.21819439999999, -118.7080067
48.2297409, -118.7291333
48.2306343, -118.7295421
48.2444975, -118.6937977
48.2702185, -118.7086682
48.27097310000001, -118.7107339
48.2754415, -118.7152143
48.2839865, -118.7181688
48.29031519999999, -118.7233685
48.30086499999999, -118.7280571
48.3088627, -118.7155467
48.3219595, -118.7125119
48.33235149999999, -118.7190709
48.3341292, -118.7185905
48.353315, -118.7094155
48.3542692, -118.7094454
48.36451599999999, -118.7157472
48.3934401, -118.7271308
48.3950282, -118.7163233
48.3966863, -118.7196416
48.4051025, -118.7250825
48.4217759, -118.7283341
48.4266766, -118.7265356
48.4315833, -118.7274139
48.4450294, -118.718013
48.45035009999999, -118.7224751
48.4504433, -118.7227902
48.4765845, -118.7303907
48.4801748, -118.7280396
48.481489, -118.7291693
48.4940873, -118.7003115
48.5086629, -118.7376914
48.5218192, -118.7349027
48.5337527, -118.720514
48.5353615, -118.7181562
48.54287919999999, -118.7170743
48.546586, -118.7126616
48.5637905, -118.7165254
48.5645998, -118.7196302
48.5826179, -118.714393
48.5842169, -118.712534
48.5894374, -118.7051644
48.6109016, -118.7243166
48.6151784, -118.7270654
48.6209593, -118.7281715
48.6357014, -118.7191786
48.6452262, -118.7222439
48.649729, -118.7178427
48.6610568, -118.7185624
48.6723182, -118.7155847
48.6803588, -118.7180149
48.688159, -118.7205546
48.6967975, -118.7186765
48.7069293, -118.7189712
48.7129085, -118.7163259
48.7244663, -118.7152572
48.7297062, -118.7118567
48.7413102, -118.7184909
48.7511174, -118.716642
48.7592132, -118.7156233
48.7690962, -118.7176152
48.7780815, -118.7178649
48.7837252, -118.7211564
48.798028, -118.7225186
48.80401320000001, -118.717333
48.8159956, -118.7126867
48.8234962, -118.7143078
48.84101260000001, -118.7206409
48.8481256, -118.7176574
48.8621293, -118.7263874
48.8674408, -118.7193182
48.8752969, -118.714827
48.89094619999999, -118.7102054
48.89618489999999, -118.7166216
48.9016057, -118.722045
48.9082877, -118.7292086
48.9198515, -118.6959689
48.9330788, -118.697073
48.943687, -118.7004233
48.94735, -118.7006368
46.2100122, -118.7049221
46.2215163, -118.721617
46.2310253, -118.7216286
46.2466102, -118.7136944
46.2506663, -118.7073897
46.2541496, -118.7051759
46.25916429999999, -118.6941752
46.2750045, -118.7212322
46.2849517, -118.7211502
46.2976267, -118.7047883
46.3013206, -118.702219
46.3115284, -118.715045
46.3208821, -118.7214966
46.3254953, -118.7217562
46.3264609, -118.7228609
46.3652598, -118.715906
46.3655614, -118.7153739
46.3681843, -118.7126049
46.3848858, -118.7051131
46.3931792, -118.6998628
46.3982118, -118.6991903
46.4100853, -118.7204987
46.4274402, -118.7011494
46.4292285, -118.7046574
46.4378677, -118.7066967
46.4497209, -118.7116778
46.4565497, -118.7060654
46.4587945, -118.702538
46.47074380000001, -118.6899365
46.4936579, -118.705978
46.4937232, -118.7054667
46.5033936, -118.7104271
46.5107988, -118.7076714
46.5190735, -118.7047817
46.5271942, -118.7006429
46.54244569999999, -118.7003772
46.5461003, -118.7005436
46.5550984, -118.7006346
46.5600745, -118.7070046
46.5668474, -118.6949762
46.5898291, -118.7039516
46.5900957, -118.7053835
46.5908694, -118.7085558
46.6201185, -118.7049159
46.6201209, -118.7047031
46.6321095, -118.720554
46.6466509, -118.7206176
46.6567523, -118.7070401
46.6607975, -118.7009748
46.6684141, -118.695933
46.6811303, -118.693396
46.6924889, -118.7056304
46.69461889999999, -118.7005644
46.7064578, -118.7146693
46.723401, -118.7086993
46.7249491, -118.7040543
46.7357257, -118.7048604
46.7431594, -118.6937991
46.7652852, -118.7048931
46.7652852, -118.7048744
46.7652853, -118.7048557
46.780182, -118.7048697
46.7944251, -118.7049048
46.7944253, -118.7048423
46.8085438, -118.704858
46.81595369999999, -118.7047814
46.8226147, -118.704806
46.8374805, -118.7049027
46.837481, -118.7048102
46.8521457, -118.7048684
46.8611629, -118.7144035
46.8701575, -118.7142382
46.8817046, -118.7049201
46.8890292, -118.7035586
46.896412, -118.7048628
46.9061278, -118.6928614
46.9268961, -118.7043303
46.9453135, -118.7070935
46.9478161, -118.7013437
46.9591533, -118.7027305
46.9656297, -118.6967221
46.9849829, -118.7049269
46.9870743, -118.705879
46.996071, -118.7059828
46.9998245, -118.7065948
46.9998295, -118.7066278
47.0290738, -118.7046196
47.0290809, -118.7049918
47.02908530000001, -118.7052197
47.058009, -118.705006
47.0580103, -118.7048491
47.0580116, -118.7046921
47.0863982, -118.7117747
47.0882221, -118.7064484
47.09164550000001, -118.7022738
47.1015684, -118.7122585
47.1161187, -118.7048691
47.122068, -118.7076838
47.1305767, -118.7048715
47.14004329999999, -118.7080471
47.1490518, -118.7082509
47.1580784, -118.7083167
47.1670611, -118.7084258
47.1680202, -118.7084363
47.1914226, -118.7051059
47.1914284, -118.7047682
47.206025, -118.7054793
47.2062233, -118.703519
47.2277441, -118.7048299
47.22789059999999, -118.7057467
47.2284966, -118.7088844
47.24803379999999, -118.6860715
47.2610749, -118.7048793
47.261075, -118.7048532
47.275904, -118.704848
47.2759064, -118.7050626
47.2932412, -118.6900995
47.30219, -118.6902788
47.311143, -118.690401
47.3260085, -118.7022812
47.3303597, -118.7057869
47.33445529999999, -118.6996258
47.3508499, -118.6957636
47.356578, -118.6995667
47.3650267, -118.6994861
47.3706932, -118.7046267
47.3816178, -118.6921303
47.39251040000001, -118.704891
47.4221945, -118.6958858
47.4243424, -118.7022806
47.42587959999999, -118.706278
47.43667790000001, -118.6985875
47.4492691, -118.7021323
47.4516208, -118.7080552
47.4640193, -118.7206714
47.47705149999999, -118.6985354
47.4792917, -118.7049363
47.4910998, -118.6985842
47.50012, -118.69869
47.5081441, -118.7048951
47.5181628, -118.6988851
47.5307129, -118.70721
47.5373071, -118.7071216
47.5431726, -118.7070675
47.5485938, -118.7160829
47.5666867, -118.6992843
47.572615, -118.6989339
47.5811097, -118.7001173
47.59004770000001, -118.6999877
47.5974443, -118.7064167
47.6123353, -118.7045296
47.612361, -118.7052425
47.6260005, -118.720679
47.6417391, -118.7049243
47.6417394, -118.7048478
47.6537772, -118.6997836
47.6631831, -118.7006454
47.6708273, -118.7048646
47.6801347, -118.7002351
47.68912599999999, -118.7004189
47.69965570000001, -118.7049151
47.7070411, -118.7006059
47.71606569999999, -118.7002705
47.7250947, -118.7002763
47.7341101, -118.700365
47.7432133, -118.7048636
47.7518536, -118.7049655
47.7613487, -118.705787
47.772217, -118.7047456
47.779009, -118.7027334
47.7871356, -118.7048932
47.7970684, -118.7005929
47.8061185, -118.7005639
47.81505989999999, -118.7004974
47.824042, -118.7005166
47.8308236, -118.704923
47.8423699, -118.7016746
47.85117469999999, -118.7003537
47.8600042, -118.7004453
47.867162, -118.7003114
47.87576019999999, -118.7081952
47.8877433, -118.7151898
47.8983832, -118.7066893
47.9075043, -118.7025109
47.913748, -118.7029778
47.9224902, -118.7013791
47.9277847, -118.695235
47.9409657, -118.7179641
47.955848, -118.7090475
47.95799419999999, -118.7041363
47.9709114, -118.7015896
47.97516239999999, -118.7044666
47.9814096, -118.7086981
47.9944855, -118.6932927
48.0086456, -118.7041214
48.0155176, -118.7051947
48.0228552, -118.7048146
48.0309987, -118.7038915
48.0417005, -118.7097283
48.0481755, -118.7045288
48.0706044, -118.7089841
48.0772078, -118.7028637
48.0825904, -118.7054435
48.0946164, -118.7046319
48.1058568, -118.7037191
48.1116012, -118.6989262
48.125709, -118.7039162
48.1271728, -118.7078268
48.1381923, -118.6936142
48.15026839999999, -118.7032485
48.1577643, -118.7032114
48.1659693, -118.7058451
48.1750889, -118.705718
48.1841844, -118.7043891
48.19292009999999, -118.7054344
48.2016557, -118.7053874
48.2107938, -118.7041094
48.2204765, -118.7070852
48.2285481, -118.7032891
48.23568640000001, -118.6978616
48.2461979, -118.6934446
48.2585701, -118.6923042
48.2683963, -118.70151
48.2699292, -118.7064927
48.28031060000001, -118.7152171
48.28982999999999, -118.6909133
48.3060525, -118.6991728
48.307144, -118.701677
48.31920969999999, -118.7050253
48.3236472, -118.7048992
48.3343334, -118.7050354
48.3523521, -118.7037061
48.35432429999999, -118.7032413
48.3647074, -118.7052868
48.3746004, -118.7006142
48.3748839, -118.700842
48.396608, -118.7039376
48.39758920000001, -118.7074246
48.3981328, -118.7100044
48.422735, -118.7274968
48.4468556, -118.7032777
48.4468982, -118.7034906
48.4503837, -118.7041124
48.4584832, -118.6905796
48.4784716, -118.697298
48.4809123, -118.6993502
48.48864289999999, -118.7007172
48.494251, -118.7000988
48.5244812, -118.6918829
48.5290822, -118.6952089
48.5370317, -118.7094361
48.54034799999999, -118.7014234
48.55830419999999, -118.7042526
48.56036959999999, -118.7067872
48.5703485, -118.6991802
48.583109, -118.702959
48.5892863, -118.7043835
48.5978804, -118.6970975
48.59931049999999, -118.695534
48.6358604, -118.7184097
48.6508106, -118.7082617
48.6517871, -118.7046319
48.6607607, -118.7046218
48.66781899999999, -118.7093999
48.67871820000001, -118.7119444
48.6884463, -118.7046882
48.697596, -118.7092369
48.7063962, -118.6968313
48.7155785, -118.704275
48.7241028, -118.7049551
48.732887, -118.7038576
48.740578, -118.7068811
48.7466307, -118.7113392
48.7599349, -118.704812
48.7695979, -118.7071419
48.7792404, -118.7051883
48.7875672, -118.698068
48.79090490000001, -118.6989208
48.8066063, -118.7132156
48.8147464, -118.7107289
48.8266819, -118.7098288
48.8313233, -118.7082142
48.8404741, -118.7085331
48.8484385, -118.7018341
48.8610558, -118.6975376
48.8686233, -118.7050931
48.8775428, -118.712927
48.8881853, -118.703558
48.8940205, -118.7039645
48.8980772, -118.7141185
48.9155034, -118.6950795
48.9205947, -118.6956904
48.9425563, -118.6998007
48.9476166, -118.700472
46.2098312, -118.6912747
46.2219234, -118.6791113
46.2311339, -118.6791053
46.2401473, -118.6791943
46.2538333, -118.6909005
46.2596984, -118.6933481
46.2638814, -118.6868586
46.2681106, -118.6803104
46.2973759, -118.6907989
46.29738030000001, -118.6909918
46.30365279999999, -118.6988975
46.32534, -118.7217056
46.3587813, -118.6771216
46.369106, -118.6861181
46.37490940000001, -118.6870387
46.38639149999999, -118.6997076
46.3980432, -118.6888256
46.3987067, -118.6914986
46.4101892, -118.6828361
46.4238325, -118.684072
46.4273223, -118.692095
46.434937, -118.6785573
46.4589159, -118.6985553
46.4597572, -118.6971002
46.4651669, -118.6917402
46.4721842, -118.6886024
46.4794372, -118.6809701
46.4972387, -118.6912833
46.4986503, -118.687163
46.515502, -118.6997374
46.5168545, -118.6981245
46.529523, -118.6987431
46.5385935, -118.6936369
46.5419955, -118.6929758
46.5591105, -118.691086
46.56588929999999, -118.6958468
46.5717806, -118.6876237
46.5820747, -118.6919777
46.5909239, -118.6911641
46.5913678, -118.6920708
46.6202385, -118.6912859
46.6202391, -118.6911851
46.6202396, -118.6910843
46.6202401, -118.6909834
46.6594834, -118.697975
46.659657, -118.6975031
46.6622917, -118.6915122
46.6722816, -118.6915002
46.68106909999999, -118.6933954
46.6900605, -118.6935168
46.6990783, -118.6935685
46.7060635, -118.68868
46.7070507, -118.6866075
46.7293303, -118.6945411
46.7350931, -118.6938614
46.7653038, -118.6911307
46.7711047, -118.693439
46.78010130000001, -118.6911601
46.7890666, -118.6935567
46.794435, -118.6911229
46.8086275, -118.6911833
46.8185192, -118.6921068
46.8227537, -118.6910924
46.8375354, -118.6912368
46.8375374, -118.6910392
46.8523175, -118.6911714
46.8523256, -118.6907761
46.8815912, -118.6916887
46.881604, -118.6914107
46.88181789999999, -118.6906132
46.8965203, -118.6911425
46.9060563, -118.6928594
46.918733, -118.6845962
46.9270122, -118.691082
46.9270152, -118.6913241
46.9483415, -118.7003814
46.9531534, -118.693596
46.9566725, -118.6871618
46.9699205, -118.6920187
46.9849566, -118.6913252
46.984959, -118.6911103
46.9878823, -118.685124
46.9996061, -118.7061272
47.0288013, -118.6905081
47.0288096, -118.6909068
47.0288178, -118.6913055
47.028826, -118.6917042
47.0578561, -118.6910698
47.0578567, -118.6911752
47.05785729999999, -118.6912807
47.086926, -118.685592
47.08734889999999, -118.6866509
47.0950071, -118.6911069
47.1053028, -118.6867833
47.1130659, -118.6867333
47.1220641, -118.6866485
47.130541, -118.691165
47.1401317, -118.6868457
47.1489672, -118.6867327
47.1580793, -118.6868082
47.1702205, -118.688077
47.17600849999999, -118.6908624
47.185028, -118.6870285
47.19170279999999, -118.6909642
47.203014, -118.6866288
47.2119896, -118.6863066
47.2210784, -118.6863098
47.2287115, -118.69095
47.2390778, -118.6861789
47.2480665, -118.6860713
47.2570461, -118.6859159
47.2660801, -118.6912393
47.2750754, -118.6909225
47.2840579, -118.6904659
47.2930906, -118.6900959
47.3020857, -118.6902771
47.3110823, -118.6904004
47.3200751, -118.6904446
47.3290709, -118.6910554
47.3377559, -118.6910635
47.3470771, -118.6934445
47.3540358, -118.6979535
47.3651603, -118.6994833
47.37414140000001, -118.6954482
47.3830195, -118.6909636
47.3924072, -118.6912252
47.400528, -118.685732
47.4093115, -118.6837076
47.420069, -118.6895328
47.43100279999999, -118.6992777
47.43771539999999, -118.6983973
47.446019, -118.6974514
47.4502527, -118.6861101
47.4642481, -118.6767414
47.47924099999999, -118.691103
47.4792414, -118.6911876
47.4910549, -118.6985839
47.5000294, -118.6986887
47.5079521, -118.691175
47.5179714, -118.6988793
47.5273214, -118.6937275
47.5326586, -118.6953821
47.5421261, -118.7054877
47.5633267, -118.6914406
47.5633305, -118.6911685
47.5711225, -118.6981327
47.5810162, -118.6868512
47.59003209999999, -118.69147
47.595541, -118.6909748
47.612254, -118.6988002
47.6179526, -118.693399
47.6199158, -118.6906714
47.641827, -118.6913483
47.6441003, -118.6890866
47.6535967, -118.6910202
47.6602215, -118.6928633
47.6742578, -118.6879014
47.6758851, -118.6928629
47.68553379999999, -118.6909335
47.6996981, -118.6911782
47.7071635, -118.7006035
47.7143053, -118.6911138
47.7250483, -118.7002759
47.7340159, -118.7003635
47.7432971, -118.6911657
47.7559409, -118.6916327
47.757752, -118.6910854
47.771989, -118.6911088
47.7788544, -118.7000127
47.78708450000001, -118.6911661
47.7971029, -118.7005927
47.8105015, -118.689607
47.81507089999999, -118.6896403
47.8241592, -118.7005144
47.8307724, -118.6909256
47.8401048, -118.7005189
47.8508849, -118.7003401
47.8599252, -118.6911595
47.87853, -118.6788137
47.8845938, -118.6801315
47.9011092, -118.6997066
47.9056906, -118.6948016
47.913189, -118.6894246
47.9230933, -118.6895845
47.932078, -118.6909024
47.9410777, -118.6908266
47.9501787, -118.6905388
47.9567116, -118.6954074
47.9685837, -118.6992863
47.9785137, -118.6965968
47.9862628, -118.6931203
47.9954192, -118.6930549
48.004179, -118.6883094
48.0132984, -118.6919508
48.0265459, -118.694138
48.0306373, -118.6900692
48.0400593, -118.6912055
48.04502309999999, -118.6875037
48.05188090000001, -118.698582
48.0692011, -118.6909058
48.0754303, -118.6869976
48.0842572, -118.6912049
48.0935369, -118.6911581
48.1039983, -118.6904968
48.112091, -118.6912884
48.121031, -118.6894096
48.1299852, -118.6928488
48.139392, -118.6891425
48.1476115, -118.692602
48.1550539, -118.6956711
48.1684298, -118.6994916
48.1753582, -118.6980047
48.1803058, -118.7003126
48.1970562, -118.6896374
48.19837889999999, -118.6934051
48.2155665, -118.698918
48.2212611, -118.6950435
48.229098, -118.6911951
48.2391686, -118.6952456
48.24727250000001, -118.6932312
48.2560718, -118.6914492
48.2656793, -118.6897013
48.2738349, -118.6898139
48.2829163, -118.6918088
48.2919972, -118.68974
48.3018959, -118.6856115
48.3097845, -118.6917537
48.31887589999999, -118.6952751
48.32712979999999, -118.6953399
48.3371263, -118.6919352
48.34581780000001, -118.6902088
48.35547769999999, -118.6890693
48.364151, -118.690857
48.3730114, -118.6912404
48.3748775, -118.6955035
48.3971519, -118.6952674
48.39913079999999, -118.6907561
48.4012019, -118.6839664
48.4014191, -118.6834267
