48.426821, -122.8071831
48.427211, -122.8066224
48.4284663, -122.8058458
48.4301729, -122.805804
48.4502984, -122.8052703
48.4515089, -122.8052248
48.4637055, -122.8189261
48.49664749999999, -122.7995111
48.5003375, -122.7957028
48.5077712, -122.7906022
48.5171493, -122.7970945
48.5271498, -122.7893555
48.5280671, -122.7903568
48.543795, -122.7926068
48.5471535, -122.7954153
48.5620117, -122.7870373
48.5673337, -122.7955594
48.57995890000001, -122.801014
48.6035954, -122.8046169
48.6046349, -122.8041191
48.6124375, -122.8067075
48.6291221, -122.7991354
48.6339738, -122.7910299
48.64171469999999, -122.7893604
48.6528552, -122.7856064
48.6642295, -122.7860162
48.6703309, -122.7896286
48.67465989999999, -122.788641
48.6849517, -122.8095007
48.6897725, -122.8159555
48.7270521, -122.7630951
48.733233, -122.7696342
48.7392776, -122.7760412
48.7453218, -122.7824499
48.7502654, -122.7902016
48.7525716, -122.7961578
48.7548735, -122.8021144
48.7571751, -122.8080716
48.7594764, -122.8140294
48.7617774, -122.8199876
48.8632733, -122.7490277
48.8659746, -122.7523282
48.8682436, -122.7541173
48.8847462, -122.7820444
48.8848969, -122.7824308
48.886943, -122.785987
48.8942863, -122.7896149
48.8943066, -122.7898939
48.90374629999999, -122.7707235
48.932364, -122.791116
48.93259700000001, -122.789723
48.9400972, -122.7896121
48.9490272, -122.7865742
46.21206249999999, -122.7766291
46.2214627, -122.7750217
46.230841, -122.7745362
46.2402386, -122.7759968
46.25208440000001, -122.7717096
46.2572608, -122.7760109
46.2659596, -122.7755452
46.2765037, -122.7746794
46.285162, -122.777061
46.288113, -122.7771172
46.3069678, -122.7688318
46.3119627, -122.7774908
46.3210467, -122.7760553
46.3345455, -122.7763301
46.3354644, -122.7726849
46.3500145, -122.7720736
46.3581559, -122.7737001
46.3654242, -122.7755036
46.374741, -122.7757775
46.3802859, -122.7756846
46.3890529, -122.761142
46.407709, -122.7702094
46.4129461, -122.7754859
46.42011730000001, -122.7758906
46.4254316, -122.7737825
46.43819209999999, -122.7758125
46.4470739, -122.7748818
46.456651, -122.772655
46.4642194, -122.7745648
46.4733419, -122.781918
46.4801199, -122.7742037
46.4929773, -122.776146
46.5011056, -122.7824993
46.5105491, -122.7773374
46.5177329, -122.7757748
46.5280869, -122.7719508
46.538456, -122.7751348
46.5467443, -122.7757728
46.5467443, -122.7758029
46.5675588, -122.7776383
46.5753749, -122.7757416
46.582424, -122.7763994
46.5904229, -122.7757851
46.5989002, -122.7763132
46.60728, -122.7658637
46.6205196, -122.7799648
46.6270826, -122.7755214
46.6387538, -122.7758825
46.6456047, -122.7798386
46.6547654, -122.7767105
46.6631673, -122.77577
46.67111680000001, -122.7719486
46.6819716, -122.7747388
46.6900771, -122.7757452
46.69639309999999, -122.7755194
46.7088972, -122.7771887
46.7166171, -122.7768442
46.7252659, -122.7767484
46.7363843, -122.7752266
46.7439203, -122.7758321
46.7530917, -122.7764439
46.760305, -122.7702198
46.7705144, -122.7765078
46.7712865, -122.7782219
46.7935142, -122.7752784
46.7970707, -122.772836
46.8070743, -122.7742928
46.8153642, -122.7784905
46.8246985, -122.7771949
46.8303042, -122.7803946
46.8407845, -122.7770511
46.852949, -122.7768279
46.8608389, -122.775696
46.8704598, -122.7757845
46.8799524, -122.7750795
46.8901338, -122.7759333
46.8960418, -122.7767157
46.90470190000001, -122.7743638
46.9153568, -122.7728356
46.9238218, -122.7779045
46.932538, -122.774852
46.9417812, -122.7715377
46.9498817, -122.7772691
46.9608901, -122.7757686
46.9691781, -122.7762331
46.98140660000001, -122.7749312
46.9870708, -122.7763793
46.99622309999999, -122.7755078
47.0046078, -122.775073
47.0142054, -122.7749014
47.0242132, -122.7739211
47.0323804, -122.7755114
47.04112790000001, -122.7760091
47.0498775, -122.775778
47.0597263, -122.7759028
47.067966, -122.775775
47.0762903, -122.7776929
47.084027, -122.77582
47.0951561, -122.7757758
47.1040392, -122.777228
47.1130783, -122.7760528
47.1231547, -122.7776946
47.1251192, -122.7800252
47.14140200000001, -122.7881405
47.1422499, -122.7887665
47.1521262, -122.7943585
47.1763591, -122.7712234
47.1843065, -122.775675
47.1940998, -122.7776692
47.2031304, -122.7730438
47.2099503, -122.7758247
47.2208351, -122.7757772
47.2300342, -122.7757436
47.2393557, -122.7705398
47.24752590000001, -122.7741505
47.2575544, -122.7757738
47.2658242, -122.7756415
47.2742982, -122.7746688
47.2837594, -122.7758688
47.2910664, -122.7745666
47.302414, -122.775552
47.3100876, -122.777757
47.3197911, -122.7757669
47.3296664, -122.7757612
47.3364304, -122.775697
47.347066, -122.7746472
47.3560779, -122.7799732
47.365055, -122.77805
47.3740068, -122.7758448
47.3831158, -122.7772715
47.39209930000001, -122.7771791
47.40037479999999, -122.7758089
47.4027869, -122.7744339
47.42156139999999, -122.7827307
47.424799, -122.7828376
47.4392536, -122.7771797
47.4458571, -122.7754834
47.4544457, -122.7713062
47.4649864, -122.7750026
47.46895550000001, -122.7815959
47.4848605, -122.7799585
47.4894192, -122.7733208
47.5001945, -122.7762909
47.5112227, -122.7795091
47.5184645, -122.7762848
47.5254485, -122.77603
47.5374589, -122.7806482
47.545489, -122.7767438
47.5502838, -122.7764535
47.5643869, -122.7795218
47.571664, -122.7753024
47.5810745, -122.7758403
47.5885512, -122.7758743
47.5990767, -122.775642
47.6080215, -122.7762799
47.6176372, -122.7757858
47.6270979, -122.7791278
47.6330622, -122.7757253
47.6439868, -122.7753506
47.6531251, -122.7748877
47.659122, -122.7738854
47.6606902, -122.7699964
47.688294, -122.7870103
47.6927549, -122.7751641
47.6953921, -122.7750345
47.7081082, -122.7829122
47.7139387, -122.7818815
47.7300292, -122.7872216
47.7399765, -122.7799095
47.7426278, -122.7736759
47.7560177, -122.7794025
47.7623032, -122.7770519
47.77025279999999, -122.7741821
47.7789042, -122.7757765
47.7878915, -122.7734254
47.7974155, -122.774193
47.8062932, -122.7724293
47.8150329, -122.7760052
47.82407269999999, -122.7801404
47.8355807, -122.7744458
47.8422318, -122.7759659
47.8487811, -122.7715526
47.8647912, -122.7708567
47.8682077, -122.7746522
47.8683205, -122.7743792
47.8905174, -122.7732132
47.8966667, -122.7748346
47.9053551, -122.775383
47.9123588, -122.7773442
47.9255939, -122.7758039
47.9329954, -122.775483
47.93629250000001, -122.7751886
47.9498319, -122.7797944
47.9591883, -122.7709875
47.96828920000001, -122.7763184
47.9763186, -122.7791413
47.9860773, -122.7763771
47.9946633, -122.7698934
48.00227109999999, -122.7701449
48.0130021, -122.7765184
48.0223007, -122.7757639
48.0309552, -122.7756741
48.03964329999999, -122.7757734
48.0475793, -122.7746036
48.0580326, -122.7759638
48.0629607, -122.7790418
48.0759937, -122.7881026
48.1015758, -122.7880652
48.1064098, -122.7784503
48.11303179999999, -122.7740449
48.1216071, -122.7756207
48.1302345, -122.7756425
48.13905150000001, -122.7737533
48.1423701, -122.7735288
48.2139607, -122.7536452
48.2163531, -122.7607135
48.2165308, -122.7609193
48.2254668, -122.7683973
48.2295506, -122.7677956
48.2321288, -122.7665638
48.24398129999999, -122.7582048
48.2524141, -122.7553528
48.2597897, -122.7513959
48.2643925, -122.7481305
48.2655199, -122.746526
48.2718882, -122.7385906
48.2977151, -122.72483
48.29991450000001, -122.7241086
48.30331349999999, -122.7225067
48.3042719, -122.7217494
48.4280461, -122.8059568
48.45043769999999, -122.8051657
48.4508874, -122.805022
48.5033111, -122.7939776
48.5263897, -122.7746749
48.5264445, -122.7757318
48.5273214, -122.7767453
48.5435879, -122.7925639
48.560694, -122.787008
48.5613116, -122.7866969
48.5637135, -122.7869666
48.6355839, -122.78504
48.6401078, -122.7774495
48.6411563, -122.7763611
48.6518182, -122.7753306
48.6609252, -122.7739043
48.66934130000001, -122.7758449
48.6723241, -122.7835849
48.7062974, -122.7470931
48.713572, -122.7524598
48.7208464, -122.7578279
48.728986, -122.7651335
48.7350316, -122.7715403
48.74107679999999, -122.7779487
48.7471216, -122.7843586
48.7494154, -122.7879918
48.7509445, -122.7919614
48.7532355, -122.7978755
48.755538, -122.8038342
48.79426489999999, -122.7104327
48.8016149, -122.7095464
48.8267087, -122.7124362
48.8847374, -122.7818593
48.8860697, -122.7817346
48.89506, -122.7757517
48.9022684, -122.7724638
48.9061995, -122.7666485
48.933466, -122.786321
48.93550219999999, -122.7817272
48.9404066, -122.7766788
48.9492375, -122.7757434
46.2132942, -122.7621659
46.22342039999999, -122.7650494
46.231222, -122.7619463
46.2399884, -122.7625369
46.2501442, -122.7622064
46.2557936, -122.7644687
46.2674727, -122.7622417
46.2758506, -122.7618411
46.2865674, -122.7611983
46.2901063, -122.7628178
46.3032556, -122.7618717
46.3120786, -122.762161
46.31986910000001, -122.7614758
46.3304273, -122.7596477
46.3387499, -122.7619756
46.3485497, -122.7591898
46.356519, -122.762289
46.3627076, -122.7671338
46.3751014, -122.7620351
46.3819745, -122.7627622
46.4049877, -122.7590428
46.4107231, -122.7650983
46.4192195, -122.7651799
46.4290933, -122.7538112
46.43807880000001, -122.7622345
46.4470553, -122.7537928
46.4562133, -122.7615531
46.4648413, -122.76265
46.4727405, -122.7606089
46.4825163, -122.7617869
46.4950116, -122.7647825
46.50083559999999, -122.7617045
46.5100768, -122.7616037
46.5190801, -122.7615449
46.5280806, -122.7615813
46.5357032, -122.7627082
46.5467518, -122.7620701
46.5467519, -122.7620447
46.5649126, -122.7614813
46.5737691, -122.761816
46.582474, -122.767792
46.5903865, -122.7620688
46.5960664, -122.7640417
46.607251, -122.7620981
46.6221581, -122.7619083
46.6264218, -122.7620779
46.6362845, -122.7674582
46.6471516, -122.7640256
46.6485188, -122.7605932
46.6675703, -122.7622304
46.6721167, -122.7659931
46.6808719, -122.7625787
46.6899307, -122.7616879
46.6987516, -122.7625326
46.7087411, -122.7616442
46.7169593, -122.7618718
46.7252377, -122.7600822
46.7356875, -122.7588669
46.7414838, -122.7656247
46.7517617, -122.761905
46.7635833, -122.758837
46.7693429, -122.7628207
46.7822653, -122.7579111
46.78757419999999, -122.7647176
46.797785, -122.7625842
46.8091704, -122.7637776
46.8169598, -122.7624677
46.8255808, -122.7615052
46.8343669, -122.7603181
46.8424299, -122.762863
46.85223389999999, -122.7621267
46.8619104, -122.7637301
46.8706514, -122.7635431
46.87854919999999, -122.7617091
46.8853049, -122.7612708
46.8950504, -122.7594465
46.903803, -122.7651948
46.92873549999999, -122.7532057
46.9344337, -122.7589934
46.943259, -122.765754
46.9506539, -122.7655312
46.9606516, -122.7636378
46.96951250000001, -122.7642542
46.9775475, -122.7627133
46.9870939, -122.7584039
46.9960055, -122.7620688
47.00452110000001, -122.7613876
47.0141968, -122.7619781
47.0222268, -122.7620861
47.0318323, -122.7620325
47.0410765, -122.7624855
47.0506517, -122.7620707
47.0590787, -122.762017
47.0680166, -122.7620659
47.0764877, -122.7620601
47.08590179999999, -122.759367
47.0942091, -122.7627037
47.1042405, -122.7621075
47.1134037, -122.767603
47.11934189999999, -122.7637345
47.1505394, -122.7366265
47.17133159999999, -122.759075
47.1772182, -122.7620402
47.18441929999999, -122.7620775
47.1941056, -122.7590353
47.2022994, -122.7614252
47.2124007, -122.7619826
47.2201899, -122.763288
47.2310364, -122.7600766
47.2390651, -122.7625681
47.2478166, -122.7612674
47.2569609, -122.7626057
47.2670789, -122.7627115
47.275264, -122.7618834
47.28338129999999, -122.7637155
47.2918773, -122.7620457
47.3000148, -122.761927
47.3117492, -122.7625859
47.3189685, -122.7620864
47.3316184, -122.7622144
47.33803090000001, -122.762469
47.3470535, -122.7639462
47.3566913, -122.7612898
47.3663995, -122.7620981
47.3735306, -122.7616445
47.3830893, -122.7614161
47.3914386, -122.762258
47.4016732, -122.7630931
47.4096821, -122.7606496
47.4189789, -122.7583582
47.4280757, -122.7623478
47.4320774, -122.7607186
47.4465136, -122.7624778
47.45611100000001, -122.7699684
47.4645738, -122.7616451
47.4730792, -122.7560491
47.4829359, -122.7534451
47.4941296, -122.7659
47.5000221, -122.7619622
47.50549720000001, -122.7665788
47.5168227, -122.7619264
47.5277798, -122.7633446
47.5373561, -122.7578623
47.5472349, -122.7685125
47.5534605, -122.7590958
47.56139, -122.7631204
47.5731003, -122.7630624
47.5751728, -122.76396
47.5927617, -122.7634497
47.59945399999999, -122.7628414
47.6089926, -122.7620659
47.6171887, -122.7615704
47.6253209, -122.7655808
47.6358082, -122.7620623
47.6448884, -122.7616796
47.6555121, -122.7647705
47.6622101, -122.7621279
47.66610240000001, -122.7543474
47.67292399999999, -122.7487005
47.6951359, -122.7748408
47.7085356, -122.7466698
47.7190032, -122.7482013
47.7191821, -122.7481304
47.741827, -122.7734292
47.74203259999999, -122.7733594
47.765133, -122.7737134
47.7758871, -122.7626653
47.77930569999999, -122.7640662
47.7871416, -122.7613141
47.7976802, -122.7615739
47.8053958, -122.7669278
47.8165218, -122.7661231
47.8222527, -122.7574283
47.8326696, -122.7646712
47.8420596, -122.7572194
47.85148, -122.758723
47.8602394, -122.7637631
47.8704473, -122.7577418
47.87985949999999, -122.7607467
47.8839273, -122.7608973
47.8964959, -122.7614588
47.9025151, -122.7640581
47.9095232, -122.7716607
47.924975, -122.7615859
47.9281095, -122.7577501
47.936304, -122.77062
47.9520561, -122.7643584
47.95908010000001, -122.7626486
47.9687498, -122.7617696
47.97701730000001, -122.7588965
47.9865416, -122.7619447
47.9952871, -122.7605417
48.0049812, -122.7637941
48.0148911, -122.7669508
48.0225815, -122.7631394
48.0308637, -122.7627586
48.0385759, -122.7631252
48.0444501, -122.768291
48.0566385, -122.7711681
48.0592521, -122.772789
48.0748954, -122.7444581
48.1054348, -122.7522974
48.1072005, -122.7544909
48.1120832, -122.762072
48.121044, -122.7620327
48.130223, -122.76311
48.139078, -122.7621133
48.1432046, -122.7587175
48.1433461, -122.7579762
48.1436848, -122.7556326
48.206792, -122.735479
48.2200743, -122.762112
48.229724, -122.76113
48.2378233, -122.7612969
48.2464686, -122.7570002
48.2610806, -122.7501906
48.2707464, -122.7400106
48.2906513, -122.7257085
48.3021468, -122.723071
48.3040612, -122.7219392
48.3044747, -122.7215076
48.30656560000001, -122.7182061
48.5256276, -122.75999
48.5256827, -122.7610493
48.5259115, -122.7620881
48.5265741, -122.7631342
48.5266356, -122.7642546
48.6424701, -122.7690491
48.6460889, -122.764862
48.6520703, -122.7623799
48.660174, -122.76281
48.6685477, -122.7664102
48.668856, -122.76694
48.6954594, -122.7391011
48.7027351, -122.7444658
48.7100105, -122.7498321
48.7172856, -122.7552
48.7245605, -122.7605694
48.7307864, -122.7670413
48.7368326, -122.7734494
48.7428785, -122.779859
48.747978, -122.7852668
48.7487551, -122.78674
48.78988589999999, -122.7103333
48.8022686, -122.7094656
48.8564159, -122.7317384
48.87059, -122.754201
48.8850876, -122.7544789
48.8950933, -122.7652113
48.90338939999999, -122.7623938
48.9073217, -122.7600445
48.9234563, -122.74516
48.9374794, -122.753222
48.940978, -122.7614021
48.9506287, -122.7620305
46.2126813, -122.74889
46.2220926, -122.7480331
46.2308549, -122.7486508
46.2398608, -122.7489634
46.2484939, -122.7465809
46.258626, -122.746868
46.2672088, -122.7482327
46.2760915, -122.7485303
46.2844128, -122.746686
46.2904176, -122.741787
46.30377120000001, -122.7480153
46.315033, -122.7444457
46.3221101, -122.7483522
46.3275559, -122.7481962
46.3386206, -122.7476265
46.3510966, -122.7438172
46.358255, -122.748427
46.3671205, -122.747497
46.3752896, -122.7537184
46.3904612, -122.7467318
46.3922405, -122.7487034
46.4019162, -122.7480642
46.4108015, -122.7488357
46.4195739, -122.7475616
46.42797669999999, -122.7504166
46.4387119, -122.7483581
46.4459145, -122.7483706
46.4577782, -122.7519576
46.46062790000001, -122.7474423
46.4743599, -122.7484418
46.4840153, -122.7484563
46.49302, -122.7533735
46.5010441, -122.7475698
46.5102099, -122.7486432
46.5174007, -122.7434212
46.5323, -122.7471508
46.536549, -122.748853
46.5467318, -122.7483583
46.55092459999999, -122.7419206
46.5647555, -122.7483493
46.5726714, -122.748476
46.586639, -122.744253
46.5903144, -122.7483773
46.6071345, -122.7482607
46.6071353, -122.7483891
46.6230413, -122.7502526
46.6264543, -122.7483579
46.6390093, -122.7493409
46.6393072, -122.7478748
46.6522273, -122.7476604
46.6674271, -122.7528792
46.668401, -122.7540895
46.6808387, -122.7483696
46.6900694, -122.7525582
46.6979476, -122.7471854
46.708248, -122.7501236
46.71714739999999, -122.7482524
46.7231271, -122.7439394
46.7350527, -122.7483546
46.7513903, -122.7491374
46.7515462, -122.7479498
46.7624817, -122.7522171
46.7685345, -122.7495946
46.7769233, -122.7517829
46.7915207, -122.746819
46.797374, -122.7486067
46.8073542, -122.7497744
46.8156449, -122.7489485
46.8248189, -122.7474903
46.83906570000001, -122.7463149
46.8430103, -122.7475512
46.8502899, -122.7514581
46.8607879, -122.7483332
46.8698268, -122.7482701
46.8766337, -122.7493547
46.8882623, -122.7480798
46.8949067, -122.7539231
46.9058772, -122.7472338
46.919314, -122.7450487
46.9237952, -122.7492967
46.9282072, -122.7510616
46.9349503, -122.7595594
46.9550203, -122.7552483
46.9597315, -122.748363
46.9687081, -122.7490894
46.9777678, -122.7447326
46.9870782, -122.7492033
46.9959458, -122.7483583
47.0050809, -122.7484433
47.0113361, -122.7479492
47.0228852, -122.7496671
47.030412, -122.7464523
47.0417132, -122.7479961
47.0500816, -122.748316
47.0591927, -122.7484055
47.0656474, -122.7475834
47.0775696, -122.7486803
47.0860776, -122.7483951
47.0951745, -122.7483498
47.1040778, -122.7480768
47.1101971, -122.7495338
47.1192477, -122.7636714
47.14989380000001, -122.7364518
47.156462, -122.736156
47.1723176, -122.7553368
47.1780388, -122.7506684
47.1852514, -122.7504161
47.194137, -122.7467643
47.20028749999999, -122.7512584
47.2116054, -122.7440843
47.2198557, -122.7517228
47.2300792, -122.7484542
47.23921559999999, -122.7475474
47.2480791, -122.7483154
47.2570766, -122.7484663
47.2661303, -122.7515377
47.2729043, -122.7494049
47.2842474, -122.7543196
47.29493009999999, -122.7499671
47.3021398, -122.7484703
47.3108781, -122.7483121
47.32130309999999, -122.7482599
47.3307338, -122.7482549
47.3377928, -122.7475622
47.34707479999999, -122.7494282
47.35681959999999, -122.759261
47.3653589, -122.748358
47.3744717, -122.7483541
47.3803091, -122.7464427
47.38896889999999, -122.7482969
47.40115, -122.7485329
47.4091165, -122.7467639
47.4197729, -122.7483656
47.42917629999999, -122.7514035
47.4362412, -122.7459475
47.4461261, -122.7487114
47.4551609, -122.7512613
47.464676, -122.7484218
47.474042, -122.7497317
47.4821798, -122.7532565
47.4904243, -122.7471546
47.5000779, -122.7488931
47.5078417, -122.7464817
47.5196723, -122.7468063
47.5249142, -122.7499347
47.5360808, -122.7483633
47.5423189, -122.745202
47.55435259999999, -122.7486393
47.56126889999999, -122.7506918
47.576775, -122.7491429
47.5773856, -122.747638
47.589624, -122.7484526
47.5994447, -122.7485387
47.6075467, -122.7486684
47.617655, -122.7576906
47.6274491, -122.7533501
47.6350741, -122.7487096
47.6428272, -122.7458283
47.65307989999999, -122.7485552
47.6611713, -122.7482812
47.6709799, -122.7482703
47.6812964, -122.7449961
47.6904304, -122.742874
47.6977203, -122.7432313
47.7070291, -122.7459552
47.71618729999999, -122.7458982
47.7213952, -122.7464903
47.7393563, -122.7295074
47.7471421, -122.7269307
47.7656748, -122.773384
47.7810037, -122.7569508
47.7869436, -122.7512144
47.7971131, -122.7519826
47.8060844, -122.7487163
47.81507879999999, -122.7483591
47.8240802, -122.7479226
47.8331125, -122.7481908
47.8421134, -122.7494856
47.8510613, -122.7469987
47.8603354, -122.7480256
47.86991889999999, -122.7486857
47.8782443, -122.7443947
47.8862837, -122.7454707
47.89284079999999, -122.7495882
47.9004797, -122.7568737
47.9226823, -122.7472326
47.9229445, -122.74845
47.9350923, -122.7428536
47.9524803, -122.7495611
47.9622644, -122.7442735
47.9731976, -122.7497639
47.9767205, -122.7483843
47.9872361, -122.7440391
47.9949673, -122.748707
48.0019098, -122.7493305
48.0130655, -122.7456511
48.0204669, -122.7454983
48.03278, -122.7517181
48.0358446, -122.7545743
48.0490111, -122.7416049
48.05794059999999, -122.7377978
48.0730975, -122.7421369
48.0784308, -122.738578
48.1048661, -122.7485565
48.1048664, -122.7485136
48.1157748, -122.7521271
48.1192003, -122.751681
48.1240057, -122.7570449
48.1924855, -122.7086082
48.22014799999999, -122.7485478
48.23193870000001, -122.7483693
48.2380485, -122.7476931
48.2489445, -122.7497997
48.2562248, -122.7493947
48.2644361, -122.7479691
48.2699794, -122.7409751
48.2753117, -122.7343123
48.2908263, -122.7256866
48.2980645, -122.7247498
48.304438, -122.7215529
48.3068185, -122.7178082
48.3269469, -122.6997163
48.32701220000001, -122.6996704
48.4940824, -122.701739
48.49409559999999, -122.7017467
48.5248634, -122.7453008
48.5249187, -122.7463626
48.524974, -122.7474243
48.52576330000001, -122.7484011
48.5258251, -122.7495238
48.525887, -122.7506465
48.5634161, -122.7868301
48.6178391, -122.6975687
48.6480538, -122.7600695
48.6486708, -122.7587249
48.6511929, -122.7562299
48.6559193, -122.756377
48.6682651, -122.7661816
48.684621, -122.7311125
48.6918976, -122.7364754
48.699174, -122.7418399
48.7064502, -122.7472059
48.7137261, -122.7525734
48.7210017, -122.7579426
48.7266083, -122.7626326
48.73258939999999, -122.768952
48.7386363, -122.7753614
48.7469038, -122.7145359
48.746982, -122.714464
48.7897031, -122.7102952
48.7944468, -122.7104146
48.8029938, -122.7093759
48.8150948, -122.7085064
48.8565273, -122.7318888
48.8632356, -122.7482051
48.8680856, -122.7490075
48.8770842, -122.7488375
48.8860778, -122.7487887
48.8950813, -122.7487892
48.9040824, -122.7486414
48.91303749999999, -122.7482544
48.922433, -122.7449666
48.9314914, -122.7467276
48.9400781, -122.7481955
48.94907689999999, -122.7480647
46.2117714, -122.7332305
46.2203479, -122.7382294
46.2309911, -122.7350748
46.2391298, -122.73413
46.2512567, -122.734687
46.25892289999999, -122.7323325
46.26846949999999, -122.7375417
46.2764758, -122.7343333
46.2846272, -122.7338756
46.2941708, -122.7356945
46.3033928, -122.7314182
46.3118372, -122.7375802
46.32194510000001, -122.7346343
46.3276729, -122.7375537
46.3415309, -122.734027
46.3479482, -122.7346704
46.3603411, -122.7340366
46.3653011, -122.7370569
46.3744583, -122.7349741
46.3836574, -122.7346751
46.3939809, -122.7337501
46.40288959999999, -122.7354074
46.4100386, -122.7326401
46.4196585, -122.7384589
46.4289932, -122.7347466
46.4386917, -122.7346534
46.4457815, -122.7410026
46.4571445, -122.7344408
46.4634594, -122.7348134
46.4749406, -122.7324542
46.4844507, -122.7308025
46.490339, -122.732618
46.5011174, -122.7406332
46.5127975, -122.7373004
46.5191037, -122.7404972
46.52806469999999, -122.7405114
46.53570879999999, -122.7347806
46.5466566, -122.7346345
46.558248, -122.7352058
46.5640593, -122.7352572
46.5716969, -122.7343698
46.5811874, -122.7365651
46.5902091, -122.7346665
46.6012152, -122.734657
46.609066, -122.7299426
46.6162054, -122.7296807
46.6271896, -122.7347007
46.6362475, -122.7328943
46.6430714, -122.7317458
46.6532135, -122.7345452
46.6624389, -122.7330614
46.6754641, -122.7306586
46.6801305, -122.7341758
46.6905148, -122.7363579
46.6992074, -122.7347673
46.7081044, -122.7349882
46.7158904, -122.7310296
46.7256326, -122.7352398
46.7322061, -122.7433124
46.7501127, -122.7292047
46.7522469, -122.7341394
46.76203450000001, -122.7346814
46.7706859, -122.7345339
46.77506349999999, -122.733039
46.7905336, -122.735445
46.8003908, -122.7400916
46.8064386, -122.7337945
46.8146827, -122.7334041
46.82777069999999, -122.7281191
46.83633589999999, -122.7278874
46.8440228, -122.7345486
46.853686, -122.7286563
46.8612869, -122.7341848
46.8708114, -122.733174
46.87999749999999, -122.738485
46.8878063, -122.7355616
46.8954041, -122.7313241
46.9079426, -122.7315758
46.9143018, -122.7363344
46.9240271, -122.7344171
46.9269347, -122.7315738
46.9524773, -122.7348803
46.952481, -122.7348091
46.9600788, -122.7385811
46.969078, -122.7334395
46.9778324, -122.7354242
46.9871223, -122.7360212
46.9959183, -122.7346642
47.0051648, -122.735554
47.0135501, -122.7340295
47.0267995, -122.7359163
47.0322188, -122.734482
47.041084, -122.7347925
47.052218, -122.7341324
47.0596429, -122.7349298
47.0675384, -122.7345426
47.0770962, -122.7384264
47.0864529, -122.7357624
47.0940401, -122.7336426
47.1023868, -122.7344239
47.1062595, -122.7435356
47.1097461, -122.747664
47.135526, -122.7170375
47.14131709999999, -122.7222557
47.1492386, -122.7328537
47.1575394, -122.7343756
47.169376, -122.725967
47.1917673, -122.7464483
47.1972329, -122.742575
47.2054646, -122.7262702
47.2127914, -122.7368184
47.2201274, -122.7359087
47.229278, -122.7325875
47.240655, -122.734137
47.247885, -122.736154
47.252829, -122.739046
47.2585101, -122.7451317
47.2725471, -122.7487778
47.2843242, -122.7543149
47.2963584, -122.7484805
47.3028707, -122.7467119
47.3122821, -122.739964
47.32139859999999, -122.7340672
47.3287264, -122.7310754
47.338454, -122.7347208
47.3470804, -122.7347553
47.3560066, -122.7344707
47.365384, -122.7347159
47.37370620000001, -122.7339852
47.3829482, -122.7349255
47.3890514, -122.7347833
47.4035794, -122.7346325
47.4114881, -122.737008
47.4176178, -122.7346189
47.4335907, -122.7343848
47.43708119999999, -122.734484
47.4457609, -122.7346529
47.4541894, -122.7321301
47.4640925, -122.734659
47.4750235, -122.7318041
47.48208349999999, -122.7335429
47.4910017, -122.7348277
47.5001514, -122.7344979
47.5091325, -122.7351811
47.5170417, -122.7331238
47.52704199999999, -122.7346382
47.5399658, -122.7395595
47.5450779, -122.7346307
47.5543876, -122.7369425
47.56186959999999, -122.7324835
47.5720967, -122.7346142
47.57975800000001, -122.7358167
47.5903907, -122.7333561
47.5994853, -122.7346146
47.60432249999999, -122.7394768
47.6157125, -122.7238904
47.62617950000001, -122.7343428
47.63508280000001, -122.7352677
47.64346490000001, -122.7355238
47.6530784, -122.735204
47.6620762, -122.7352146
47.671072, -122.7352239
47.6793519, -122.7354167
47.68921659999999, -122.7343275
47.6979116, -122.7363006
47.708423, -122.7346729
47.7182934, -122.7388437
47.7230536, -122.735346
47.7338344, -122.7293138
47.7418653, -122.7282515
47.7938129, -122.745896
47.79411469999999, -122.7457158
47.81282419999999, -122.7304286
47.8156715, -122.7358154
47.8228024, -122.7365389
47.8347586, -122.7301483
47.8413981, -122.7353281
47.8512146, -122.733887
47.8587448, -122.7399013
47.8715041, -122.7325641
47.8767352, -122.7375954
47.8863345, -122.7357722
47.8950657, -122.7299001
47.9031989, -122.7260656
47.9135951, -122.7330731
47.9259658, -122.7347236
47.9320676, -122.7358288
47.94087649999999, -122.7338316
47.9503047, -122.7330693
47.95786469999999, -122.7369714
47.9703335, -122.735702
47.9776263, -122.7346851
47.9847625, -122.7295258
47.993454, -122.7298813
48.0040011, -122.7296608
48.0130782, -122.7375757
48.0220797, -122.7347401
48.0310134, -122.7346043
48.0395797, -122.7330389
48.04939100000001, -122.7346567
48.0573088, -122.7346517
48.0671095, -122.734468
48.0753648, -122.7382926
48.0838142, -122.7310501
48.0949213, -122.7229803
48.1073805, -122.7424729
48.1127411, -122.7358581
48.1181012, -122.729242
48.1235495, -122.722576
48.1921744, -122.70812
48.2067281, -122.7351076
48.2067319, -122.7349901
48.2122711, -122.7346758
48.22034920000001, -122.7338981
48.2290632, -122.7349573
48.2378517, -122.7346515
48.2462939, -122.7343976
48.2537764, -122.7345541
48.2646173, -122.734651
48.2741932, -122.7346276
48.2815897, -122.7289163
48.2915778, -122.7255927
48.2994098, -122.7243058
48.30697370000001, -122.7175639
48.3233983, -122.7013252
48.3417687, -122.6852316
48.3417845, -122.6852196
48.3515188, -122.6759421
48.4396214, -122.6762486
48.442587, -122.6768814
48.4426506, -122.6768852
48.4427378, -122.6768701
48.49329789999999, -122.700483
48.4940776, -122.7017333
48.49422430000001, -122.7017418
48.5242082, -122.7327358
48.5242637, -122.7337999
48.5250125, -122.734789
48.5250746, -122.7359141
48.5251367, -122.7370392
48.551349, -122.6975176
48.5515655, -122.6974469
48.5517034, -122.6973422
48.6181544, -122.6975476
48.650606, -122.7561127
48.6724758, -122.7204274
48.67461669999999, -122.7234103
48.6810597, -122.7284884
48.6883371, -122.7338511
48.6956143, -122.7392152
48.7028912, -122.744581
48.71751, -122.718285
48.7236841, -122.7213686
48.7313444, -122.7217684
48.7386577, -122.7192105
48.746841, -122.7145769
48.7865428, -122.7073531
48.7892583, -122.709969
48.7949474, -122.7103614
48.80359439999999, -122.7092985
48.8147444, -122.708486
48.8422296, -122.71472
48.856339, -122.731402
48.8590505, -122.7318594
48.8680805, -122.7316825
48.87803230000001, -122.7346135
48.88606840000001, -122.7336953
48.8921327, -122.7347277
48.9068022, -122.7346018
48.9130692, -122.734165
48.9220851, -122.7351286
48.9309198, -122.7376173
48.9431162, -122.7345616
48.948836, -122.737721
46.2133865, -122.7226443
46.2220092, -122.7208646
46.2310796, -122.720948
46.2379095, -122.7216636
46.24842690000001, -122.7212919
46.2584106, -122.7222664
46.2669714, -122.7194141
46.276286, -122.721358
46.2853058, -122.7198531
46.2931843, -122.7222761
46.3029669, -122.722778
46.3111853, -122.7219654
46.3213474, -122.7180353
46.3316382, -122.7236542
46.3392308, -122.7203361
46.3481949, -122.7205366
46.35784779999999, -122.7193567
46.3659731, -122.7217186
46.375439, -122.7201833
46.3846906, -122.7212714
46.3957562, -122.7206626
46.4018403, -122.7193886
46.4117206, -122.7227022
46.4188601, -122.7256533
46.4307329, -122.7193755
46.4357636, -122.7245881
46.4471677, -122.7204571
46.4549222, -122.7187588
46.4650702, -122.7200902
46.4742918, -122.7209631
46.4822139, -122.7222139
46.492086, -122.7209451
46.5011101, -122.7098724
46.5100577, -122.7097077
46.5220035, -122.7176275
46.5280852, -122.7199051
46.53707379999999, -122.7199078
46.5465513, -122.7209398
46.5554932, -122.7215642
46.5647492, -122.7209401
46.5730762, -122.7194089
46.5823867, -122.7209424
46.5910589, -122.7194477
46.6000096, -122.7181358
46.6083753, -122.7209979
46.6166023, -122.7155109
46.627085, -122.7209408
46.6360789, -122.7212256
46.6431991, -122.7211657
46.6525736, -122.7204018
46.6624047, -122.7180448
46.6700586, -122.7205057
46.6831874, -122.7196486
46.6906363, -122.7211966
46.6997726, -122.7211136
46.7079469, -122.720199
46.71572219999999, -122.7237936
46.7230929, -122.7300579
46.7366142, -122.7166553
46.7440352, -122.7105361
46.7530429, -122.7214227
46.7611899, -122.7153436
46.7695752, -122.719965
46.7863179, -122.7198342
46.7883107, -122.7217486
46.80121519999999, -122.7208454
46.8053609, -122.7149986
46.8161407, -122.7213421
46.8250329, -122.720742
46.834697, -122.7254923
46.84331090000001, -122.7251749
46.85228619999999, -122.7230424
46.860191, -122.7208092
46.87257400000001, -122.7218141
46.88247579999999, -122.7224377
46.8871321, -122.720968
46.8992699, -122.7197959
46.9045386, -122.7182718
46.91599799999999, -122.7226689
46.9276744, -122.7242261
46.929876, -122.7201653
46.9371342, -122.708716
46.953693, -122.7279036
46.96116199999999, -122.7190297
46.9692454, -122.7198886
46.9779496, -122.7212195
46.98819899999999, -122.7213912
46.9963346, -122.7217924
47.00488900000001, -122.7208544
47.0130247, -122.72139
47.024752, -122.72291
47.0323701, -122.7198088
47.0402864, -122.7182401
47.05145419999999, -122.7218241
47.0590299, -122.7209482
47.06813409999999, -122.7209475
47.0728955, -122.7139002
47.0887249, -122.7350724
47.09706, -122.7295589
47.1008979, -122.7272817
47.12807850000001, -122.7082783
47.1352937, -122.7167375
47.1409836, -122.7209811
47.1490653, -122.7224942
47.159019, -122.719586
47.16709400000001, -122.7221788
47.176648, -122.718287
47.184597, -122.709593
47.2004424, -122.7180249
47.2030908, -122.7215434
47.2111944, -122.719084
47.22210949999999, -122.7235398
47.2295424, -122.7251362
47.239938, -122.724574
47.2486256, -122.7219963
47.2501714, -122.7191364
47.27225319999999, -122.7486633
47.28640859999999, -122.6954671
47.31007779999999, -122.7412457
47.3173533, -122.7344983
47.3234338, -122.7323769
47.3297402, -122.7302734
47.3407428, -122.722425
47.3468502, -122.7229838
47.3555656, -122.7204339
47.364385, -122.7205115
47.3741203, -122.7201834
47.3828748, -122.7209525
47.3915499, -122.7237905
47.4034086, -122.721152
47.4123672, -122.7209018
47.4178404, -122.7201324
47.4290432, -122.7209232
47.4373242, -122.7227982
47.4460622, -122.7188875
47.45341089999999, -122.7197877
47.46420519999999, -122.721385
47.4743577, -122.7209924
47.4801985, -122.7182975
47.4886089, -122.7295723
47.50041969999999, -122.7210718
47.509547, -122.7245167
47.5177281, -122.7227426
47.5283279, -122.7213907
47.5290365, -122.7187774
47.5471454, -122.7293079
47.5552708, -122.7105904
47.56459460000001, -122.7289415
47.573243, -122.7247158
47.5800729, -122.721306
47.5901096, -122.7212435
47.5990664, -122.7209869
47.6045737, -122.7190398
47.6170931, -122.7206913
47.624296, -122.7192377
47.6349805, -122.7209486
47.6441526, -122.7215326
47.6530937, -122.7192425
47.661387, -122.7212361
47.6711103, -122.7205204
47.6798224, -122.7199389
47.691664, -122.7209372
47.6954135, -122.7177512
47.7083722, -122.7209095
47.7161112, -122.7261391
47.7250514, -122.7268859
47.7343824, -122.729262
47.744343, -122.7272122
47.7710664, -122.7027848
47.7730196, -122.7027402
47.7940076, -122.7457609
47.8128143, -122.7278452
47.8158126, -122.7203396
47.8198879, -122.7176655
47.8321827, -122.7231572
47.8416664, -122.7203614
47.8516411, -122.7198537
47.8597876, -122.7221261
47.867159, -122.7257918
47.8778842, -122.7184165
47.8861246, -122.7225718
47.8952567, -122.7213956
47.904567, -122.7250952
47.9130557, -122.7201155
47.9224306, -122.7206065
47.9322952, -122.7227041
47.93926320000001, -122.7243613
47.9505396, -122.7197886
47.9523704, -122.7228077
47.9803873, -122.7155971
47.9858523, -122.720746
47.9949092, -122.7230001
48.0037646, -122.7247017
48.0142608, -122.7287874
48.0261763, -122.7208637
48.0313812, -122.720527
48.04030849999999, -122.7192489
48.0485543, -122.7211838
48.057758, -122.7214431
48.0671438, -122.7235192
48.0728647, -122.7213897
48.08602579999999, -122.7125823
48.09405880000001, -122.720896
48.095991, -122.7191288
48.1172329, -122.7303139
48.1225893, -122.723741
48.1280235, -122.7171463
48.1334573, -122.7105502
48.1363075, -122.7064179
48.13794540000001, -122.7030141
48.1848008, -122.6977396
48.1863593, -122.7008003
48.2095602, -122.7196217
48.20979089999999, -122.7214841
48.2177953, -122.7264414
48.2343156, -122.7247293
48.2380834, -122.719695
48.2484921, -122.7180496
48.2540635, -122.7209502
48.2649473, -122.7209485
48.2740804, -122.7210452
48.2828493, -122.7209463
48.29206809999999, -122.7210926
48.3015657, -122.7233384
48.3072884, -122.717054
48.3077856, -122.7159302
48.3270753, -122.6995859
48.3509103, -122.6763965
48.3604223, -122.6695491
48.3781701, -122.6638133
48.39062699999999, -122.6631137
48.4003861, -122.6642556
48.4214456, -122.6665176
48.4932907, -122.700463
48.498205, -122.700913
48.5234774, -122.7190538
48.5235368, -122.7201536
48.5242453, -122.7211881
48.52431259999999, -122.7223581
48.5510751, -122.6974121
48.5513589, -122.6975159
48.6236697, -122.6929747
48.6613724, -122.6991096
48.6648234, -122.7057334
48.6682739, -122.7123581
48.6717242, -122.7189838
48.6773118, -122.7257061
48.6847778, -122.7312281
48.6920558, -122.7365919
48.7168408, -122.7171359
48.717264, -122.718035
48.7241339, -122.7211131
48.7330423, -122.7207929
48.7412747, -122.7177401
48.7470328, -122.7143246
48.7955821, -122.7102931
48.8043899, -122.7091909
48.8143957, -122.7084656
48.852093, -122.7176843
48.8630836, -122.7208892
48.87024719999999, -122.7209552
48.8775367, -122.7209446
48.88480329999999, -122.721322
48.8920365, -122.720946
48.9067066, -122.7209042
48.9140108, -122.7209847
48.9212403, -122.7209596
48.931416, -122.720945
48.9393643, -122.722667
48.9484378, -122.7209902
46.2111139, -122.7100777
46.22371020000001, -122.707332
46.2324726, -122.7068028
46.2398615, -122.7069943
46.2484478, -122.7082531
46.2580836, -122.7073374
46.2670885, -122.7079122
46.276641, -122.706784
46.2849612, -122.7071462
46.2947505, -122.7129881
46.3030548, -122.7074433
46.310091, -122.7083774
46.3215357, -122.707015
46.3327438, -122.7040666
46.3408316, -122.7101351
46.3480762, -122.7066033
46.3583814, -122.706703
46.3713358, -122.700591
46.3748459, -122.7077244
46.3838746, -122.7089219
46.39128820000001, -122.7090342
46.401889, -122.7072495
46.4110242, -122.7064246
46.4194745, -122.7094725
46.42966879999999, -122.7071115
46.439316, -122.706442
46.4469323, -122.7055129
46.4538617, -122.7062368
46.4631243, -122.7097734
46.4733592, -122.7035021
46.482972, -122.7063606
46.4920269, -122.7074839
46.50107180000001, -122.7098722
46.5100838, -122.7097076
46.5174609, -122.7097528
46.5320048, -122.7073066
46.532006, -122.7071567
46.5465507, -122.7072449
46.557803, -122.7099346
46.5610446, -122.7072567
46.5734228, -122.7058637
46.5820693, -122.7056764
46.5881109, -122.7103576
46.6004867, -122.7073599
46.6090469, -122.7037603
46.6164987, -122.7108211
46.6272563, -122.7103235
46.638472, -122.7078965
46.6452486, -122.7069945
46.6507602, -122.706441
46.6638847, -122.7142039
46.6726141, -122.7070519
46.6800363, -122.7071072
46.6901343, -122.7072024
46.6992206, -122.7059933
46.708195, -122.7075992
46.7168898, -122.7081638
46.7268116, -122.7059558
46.7348959, -122.7115283
46.74570809999999, -122.7066729
46.74974, -122.7127586
46.764587, -122.712967
46.7692027, -122.7078017
46.7875329, -122.7148354
46.8019646, -122.7158211
46.80813190000001, -122.7104162
46.8150513, -122.7061303
46.8262008, -122.7097714
46.8312409, -122.7070492
46.8388894, -122.6998296
46.8531182, -122.7035063
46.85807699999999, -122.7085134
46.8700874, -122.7075068
46.8785382, -122.706601
46.8885823, -122.7063454
46.8970663, -122.70544
46.90600010000001, -122.7053331
46.9088299, -122.7072435
46.9250335, -122.7090852
46.9353882, -122.7100791
46.940974, -122.7047436
46.9506397, -122.7098755
46.9604868, -122.7072051
46.97080709999999, -122.7032894
46.9761971, -122.7014246
46.990313, -122.7109761
46.9951431, -122.7051357
47.0032484, -122.7039984
47.0153734, -122.7091129
47.0264421, -122.7145779
47.0300998, -122.709777
47.0402406, -122.7080909
47.0502641, -122.7066458
47.0591405, -122.7073311
47.0676827, -122.7080423
47.07221, -122.7031639
47.08288899999999, -122.6909627
47.1260376, -122.7017384
47.1310537, -122.7064983
47.1397832, -122.7088801
47.1492532, -122.7077363
47.1590613, -122.707256
47.1670616, -122.70636
47.1760821, -122.7074282
47.1852228, -122.7065556
47.1991204, -122.7071242
47.2052927, -122.7050766
47.2120772, -122.706531
47.2209393, -122.7072376
47.229122, -122.7038806
47.23065140000001, -122.7023103
47.2812464, -122.6922388
47.2862266, -122.6954157
47.288207, -122.6942421
47.2967581, -122.6891862
47.30726689999999, -122.687422
47.3408211, -122.7221893
47.3439846, -122.7137917
47.3482719, -122.7100636
47.3551311, -122.7065551
47.3650664, -122.7058132
47.375054, -122.7072572
47.3833943, -122.7072497
47.392065, -122.7081813
47.4010774, -122.7058524
47.4099813, -122.7095653
47.419084, -122.7074519
47.4278857, -122.7072409
47.4383253, -122.705688
47.4461021, -122.7108857
47.455005, -122.707066
47.4695362, -122.713036
47.4726813, -122.7069768
47.47894429999999, -122.7030083
47.4902824, -122.7067195
47.50008889999999, -122.7086056
47.5090611, -122.7060392
47.5190794, -122.7043706
47.5278859, -122.7063251
47.5315103, -122.7077669
47.541925, -122.6984774
47.5536719, -122.7048997
47.56181549999999, -122.7072438
47.571926, -122.7104033
47.5811145, -122.7071872
47.5890356, -122.7060283
47.59923269999999, -122.7080773
47.6082912, -122.7089049
47.61677359999999, -122.7083408
47.6261584, -122.7075914
47.6355075, -122.7069232
47.6441356, -122.7067108
47.65304190000001, -122.7067851
47.6618029, -122.7072069
47.6720012, -122.7072684
47.6802417, -122.7069968
47.68926279999999, -122.7072434
47.69808099999999, -122.7102161
47.7061198, -122.710623
47.7076799, -122.7130586
47.7248989, -122.691873
47.7342176, -122.6917834
47.7431436, -122.6918353
47.7463399, -122.6912186
47.7703188, -122.7025753
47.7704282, -122.7027122
47.7737884, -122.7017002
47.7843192, -122.6867782
47.79449390000001, -122.683752
47.8211686, -122.7134795
47.8247955, -122.7087222
47.8331952, -122.7067632
47.8420504, -122.707328
47.8463935, -122.7160489
47.867867, -122.714336
47.8686247, -122.7143654
47.876036, -122.7086132
47.8852512, -122.7175644
47.9114845, -122.7073604
47.9140649, -122.7071322
47.9221157, -122.7042145
47.9320835, -122.7087018
47.9419142, -122.7059004
47.9527273, -122.6986213
47.9600808, -122.7072478
47.9704203, -122.7042734
47.9769186, -122.7076199
47.98201599999999, -122.7117318
47.9921903, -122.7211264
48.000227, -122.722192
48.018862, -122.7038616
48.0201489, -122.7085046
48.0311155, -122.7071535
48.0373757, -122.713082
48.0490955, -122.7017052
48.0603985, -122.697937
48.0682296, -122.7023707
48.07533489999999, -122.708008
48.0858573, -122.7072321
48.0925476, -122.7071503
48.0979834, -122.6966859
48.12163169999999, -122.724903
48.1270652, -122.7183095
48.1324982, -122.7117146
48.13699500000001, -122.7049893
48.1393852, -122.6992188
48.16226, -122.6821798
48.1653982, -122.6826414
48.1847642, -122.697658
48.1866587, -122.7010839
48.19264, -122.7064095
48.20221249999999, -122.7075009
48.2120852, -122.7076141
48.2159928, -122.7052165
48.23765, -122.7132559
48.2386194, -122.7089447
48.2470789, -122.7072278
48.2554238, -122.7081385
48.2647043, -122.7072516
48.2764688, -122.7063508
48.28283159999999, -122.7072454
48.2884199, -122.706366
48.3010751, -122.7075258
48.30785669999999, -122.7072138
48.3224503, -122.7008324
48.3268812, -122.6997471
48.3271022, -122.6995282
48.3661207, -122.66694
48.3782467, -122.6638014
48.4003093, -122.6642547
48.4013538, -122.6641381
48.4427994, -122.6768206
48.4932832, -122.7004303
48.49966240000001, -122.6993519
48.5228011, -122.7065358
48.523463, -122.7075846
48.5235304, -122.708757
48.55146999999999, -122.6974973
48.5535636, -122.6898418
48.61906099999999, -122.6966299
48.6239172, -122.6926096
48.6569675, -122.6906572
48.6604197, -122.6972813
48.6638716, -122.7039064
48.6673231, -122.7105324
48.6707741, -122.7171592
48.6812198, -122.7286064
48.703672, -122.6854758
48.7145942, -122.6971412
48.7174128, -122.7076475
48.7236187, -122.7060354
48.7348072, -122.7017653
48.7425581, -122.7072013
48.7467529, -122.7117284
48.7469863, -122.7124216
48.7866796, -122.706916
48.7956964, -122.7049044
48.8046508, -122.7062338
48.8143136, -122.7072398
48.8230489, -122.7044976
48.8339439, -122.7072815
48.8411646, -122.707226
48.84926, -122.7068461
48.859054, -122.7043195
48.8680937, -122.7042209
48.87748029999999, -122.7072368
48.8860935, -122.7042608
48.8951044, -122.7043521
48.9040878, -122.7044687
48.9130501, -122.7045797
48.9211195, -122.7072554
48.9310885, -122.704415
48.9400736, -122.7044271
48.9501484, -122.7072333
46.2133269, -122.6922366
46.2207202, -122.6954604
46.2304406, -122.6945479
46.239221, -122.6931711
46.2492246, -122.6932448
46.2594959, -122.6915541
46.2672761, -122.6993123
46.27487989999999, -122.6943814
46.284626, -122.6936191
46.2924535, -122.6932071
46.3017455, -122.6936665
46.3118533, -122.6996507
46.3198553, -122.6945253
46.3307183, -122.692288
46.3390792, -122.6935435
46.3435592, -122.6933062
46.3573545, -122.693871
46.3664433, -122.6930656
46.37667279999999, -122.6949117
46.3837942, -122.695207
46.392747, -122.6941346
46.401846, -122.6935126
46.4111838, -122.6935065
46.4197712, -122.6930556
46.4283576, -122.6920711
46.4380933, -122.6949354
46.44679379999999, -122.6947976
46.45752419999999, -122.6937067
46.4644188, -122.6913612
46.4758625, -122.6963641
46.4828293, -122.6930453
46.4930602, -122.6944162
46.49860260000001, -122.6941101
46.5055126, -122.6993473
46.52107909999999, -122.6992554
46.5249272, -122.6942544
46.5320841, -122.6935046
46.54658999999999, -122.6935356
46.5568956, -122.6949632
46.5643632, -122.6933984
46.57634770000001, -122.6918924
46.5820174, -122.6935337
46.5863984, -122.6932951
46.5996454, -122.6929349
46.6090836, -122.6919024
46.6199513, -122.6909519
46.621237, -122.6950577
46.640889, -122.6917431
46.643978, -122.6921299
46.6546755, -122.6936654
46.662273, -122.69255
46.6685099, -122.6943738
46.6857227, -122.6935054
46.6906218, -122.693835
46.69737869999999, -122.6944539
46.7093636, -122.6925995
46.71732249999999, -122.6933257
46.7258714, -122.6935098
46.7376254, -122.6912582
46.7422875, -122.6966245
46.7525295, -122.6932885
46.7616336, -122.6915536
46.76784, -122.7000178
46.769731, -122.702827
46.7949559, -122.6845827
46.7989174, -122.6852043
46.8008369, -122.6847009
46.8192506, -122.6953302
46.8240256, -122.6911212
46.8340747, -122.693714
46.84222, -122.6921408
46.8505705, -122.6970434
46.8632928, -122.6949619
46.8702098, -122.6931807
46.87839049999999, -122.6934517
46.88816509999999, -122.6936432
46.8970669, -122.6921729
46.9060694, -122.692106
46.9157176, -122.6876884
46.9268774, -122.7009675
46.9341143, -122.6982513
46.9395505, -122.6930127
46.9526292, -122.6905515
46.9600786, -122.6934443
46.9696629, -122.6913074
46.9769279, -122.6954053
46.9881335, -122.6958728
46.9953918, -122.6908991
47.0061865, -122.6948423
47.0145685, -122.693285
47.023351, -122.6932008
47.0301863, -122.6945917
47.0432061, -122.6920352
47.0502897, -122.6935093
47.0583298, -122.6945839
47.0678716, -122.695376
47.0772144, -122.6936591
47.08588109999999, -122.689465
47.093371, -122.6840106
47.0980839, -122.6781172
47.126303, -122.699269
47.1319927, -122.6964914
47.14625789999999, -122.6946163
47.1491875, -122.6934351
47.1580823, -122.6931897
47.165235, -122.6941538
47.1759877, -122.6934945
47.1827508, -122.6940262
47.1941743, -122.6933831
47.20318229999999, -122.6943855
47.2129234, -122.6928859
47.2277292, -122.6914168
47.2292439, -122.694045
47.2306921, -122.6869467
47.2831674, -122.6930813
47.29194529999999, -122.6903823
47.318301, -122.67803
47.3289288, -122.6759618
47.345401, -122.711024
47.353975, -122.696911
47.3557893, -122.697086
47.3655288, -122.6935338
47.3744998, -122.6935223
47.3835979, -122.6935172
47.3921182, -122.6948214
47.4010543, -122.6948765
47.4100433, -122.6952417
47.4178718, -122.6935206
47.4280785, -122.6935172
47.437077, -122.6922922
47.44605, -122.6949315
47.4546166, -122.6912504
47.468129, -122.695746
47.4730675, -122.6929569
47.4828793, -122.6918835
47.49107060000001, -122.6935204
47.500044, -122.6935052
47.5097311, -122.6953109
47.5185261, -122.6908968
47.5261016, -122.6931855
47.5368885, -122.6949697
47.5454217, -122.6935603
47.5581559, -122.6935084
47.563993, -122.6942044
47.5726512, -122.6936255
47.5810054, -122.6935863
47.5902478, -122.6935168
47.5991683, -122.6937234
47.6080816, -122.6929962
47.6298861, -122.7046701
47.6373773, -122.7015272
47.6445148, -122.6939303
47.653079, -122.6935026
47.662129, -122.6936406
47.6718403, -122.6930427
47.6800594, -122.6927432
47.6895263, -122.6935793
47.6977829, -122.6937413
47.7070585, -122.6919802
47.7160769, -122.6919414
47.7250594, -122.6918688
47.7340946, -122.691781
47.743086, -122.6918347
47.7493956, -122.6879883
47.7625259, -122.6895048
47.7707424, -122.6939219
47.7798215, -122.6870713
47.7844245, -122.6867024
47.7945141, -122.6837424
47.8027814, -122.6775289
47.8240714, -122.7095945
47.8295617, -122.6934925
47.8330764, -122.6936862
47.841998, -122.6930639
47.8502214, -122.6885166
47.8601941, -122.6929536
47.8691038, -122.6925682
47.87365699999999, -122.6948915
47.8807884, -122.6787946
47.8986585, -122.6851038
47.9049009, -122.6932948
47.91391600000001, -122.6940613
47.9225686, -122.6931988
47.9320579, -122.6939774
47.941097, -122.6924388
47.9500182, -122.6937086
47.95899430000001, -122.6939573
47.9682486, -122.6937896
47.9715212, -122.6912758
47.98104319999999, -122.7106504
47.9819931, -122.7116945
48.0130708, -122.6926178
48.01337909999999, -122.6930185
48.0213543, -122.6939124
48.032047, -122.6904911
48.0400631, -122.6913636
48.049461, -122.6937481
48.058582, -122.6942382
48.06783799999999, -122.6928291
48.0752235, -122.6944667
48.0851732, -122.701658
48.0940673, -122.6934506
48.1003176, -122.6897502
48.1005085, -122.6894382
48.1315417, -122.7128757
48.1387833, -122.7007427
48.1408881, -122.6950411
48.1431316, -122.6892252
48.1595679, -122.68104
48.1655812, -122.6826253
48.1786117, -122.6873291
48.1838021, -122.6939744
48.1917477, -122.6987309
48.2028136, -122.6950017
48.2110824, -122.6930126
48.2200624, -122.6930384
48.221294, -122.690862
48.2388888, -122.6932445
48.24709199999999, -122.6916932
48.2574467, -122.6961775
48.2650923, -122.6969719
48.2753564, -122.6942706
48.28328, -122.6935538
48.2923096, -122.6940835
48.2998099, -122.6953795
48.3100793, -122.6938376
48.3196925, -122.6952404
48.3271467, -122.6940058
48.3354939, -122.6865807
48.3503468, -122.6767565
48.35852509999999, -122.6705975
48.3675655, -122.6663011
48.3809933, -122.6633965
48.4002341, -122.6642538
48.4353468, -122.6725728
48.4432549, -122.6760319
48.4920716, -122.692736
48.4920848, -122.6928207
48.4992092, -122.6929307
48.5032942, -122.6894157
48.5220456, -122.692789
48.522679, -122.6939816
48.5227467, -122.6951564
48.5495524, -122.6950353
48.552062, -122.6913498
48.6114784, -122.675501
48.615654, -122.685721
48.617962, -122.692441
48.624269, -122.691786
48.65257099999999, -122.6821868
48.6560161, -122.6888319
48.6594692, -122.6954573
48.6629219, -122.7020836
48.6663743, -122.7087108
48.696191, -122.682527
48.69716, -122.6826045
48.707881, -122.687282
48.715037, -122.692794
48.7252179, -122.6934953
48.7330452, -122.693454
48.7404636, -122.7013743
48.7432105, -122.7040337
48.745633, -122.7092436
48.7872899, -122.7030106
48.787417, -122.7025045
48.7891291, -122.7009688
48.8024005, -122.6879189
48.80507249999999, -122.6882537
48.8140813, -122.6997725
48.82308, -122.6936141
48.8322393, -122.6935368
48.8411972, -122.6935341
48.8493984, -122.6951152
48.859373, -122.6909525
48.86245779999999, -122.6907731
48.8774168, -122.6935319
48.8860962, -122.693413
48.8920599, -122.6935456
48.9040791, -122.6935245
48.9174817, -122.698096
48.9220936, -122.6879916
48.9310842, -122.6879731
48.942437, -122.695145
48.95000539999999, -122.6935189
46.210695, -122.683489
46.2214913, -122.68094
46.2312299, -122.6787749
46.241045, -122.6788895
46.24888120000001, -122.680328
46.2560793, -122.6861874
46.2750187, -122.6885896
46.2766376, -122.6878276
46.2862296, -122.6788573
46.2941249, -122.6827114
46.3009239, -122.6792089
46.31092200000001, -122.6793299
46.3189711, -122.6781417
46.329928, -122.6798007
46.33907689999999, -122.6795254
46.34744480000001, -122.6788167
46.3603608, -122.680298
46.3659661, -122.6780136
46.3750703, -122.6805462
46.382879, -122.6817614
46.39139530000001, -122.6807578
46.4017184, -122.6798866
46.4112071, -122.679842
46.4196256, -122.6819721
46.4294918, -122.6802978
46.43617889999999, -122.6781067
46.4467092, -122.6793015
46.45694959999999, -122.6793878
46.4645717, -122.6789011
46.4705301, -122.6790651
46.4833369, -122.680016
46.4911536, -122.6805801
46.502979, -122.6859832
46.5102978, -122.6798425
46.5106076, -122.6812664
46.5320962, -122.6798514
46.5357839, -122.6738069
46.5465974, -122.6798278
46.5506145, -122.6818657
46.56104699999999, -122.6798095
46.5756224, -122.679812
46.58196359999999, -122.6768109
46.585733, -122.676067
46.6000825, -122.6802748
46.6047077, -122.6798079
46.6180833, -122.6776971
46.62684100000001, -122.6776052
46.634128, -122.6721175
46.6430364, -122.6808563
46.6541392, -122.6843797
46.6642107, -122.6773411
46.6725131, -122.6814708
46.6903543, -122.680176
46.69494700000001, -122.6776559
46.7090152, -122.680739
46.714653, -122.6848623
46.7258836, -122.6781818
46.7345147, -122.6787964
46.7443325, -122.6798313
46.7506288, -122.6832884
46.7628959, -122.6791703
46.7702953, -122.67212
46.7760366, -122.6720001
46.7913142, -122.6777926
46.7985102, -122.6792257
46.8056567, -122.6783291
46.81449970000001, -122.6751817
46.8236998, -122.6802452
46.8326907, -122.6720747
46.8457465, -122.6811208
46.8530981, -122.6745705
46.8613258, -122.6792094
46.868828, -122.681947
46.8768302, -122.6819608
46.8876685, -122.6792126
46.8969831, -122.679494
46.904471, -122.679774
46.9153613, -122.6809499
46.9208638, -122.6799351
46.93807959999999, -122.6847004
46.9427798, -122.6825852
46.9510014, -122.6804173
46.9592876, -122.6844051
46.9672314, -122.6886682
46.9784996, -122.6809931
46.9815219, -122.6773732
46.99432, -122.6797797
47.0052694, -122.6796805
47.0094078, -122.6880005
47.0249191, -122.6828282
47.0277103, -122.6824918
47.0433554, -122.6747415
47.0506998, -122.6769109
47.05665880000001, -122.6829361
47.06811, -122.6903895
47.0771227, -122.6798659
47.086475, -122.679827
47.0950298, -122.6797592
47.1012296, -122.6739303
47.1015951, -122.6733543
47.128507, -122.695701
47.1414148, -122.6836921
47.14221, -122.6824169
47.1492622, -122.6837814
47.1578887, -122.6803361
47.16586849999999, -122.6797966
47.176431, -122.6801207
47.180658, -122.682433
47.1917891, -122.6794103
47.2031207, -122.6851022
47.213226, -122.6798203
47.223032, -122.6756702
47.2301639, -122.6796199
47.23113, -122.6821711
47.2312222, -122.683006
47.2677565, -122.6629372
47.2696658, -122.6654802
47.281239, -122.6841703
47.283822, -122.683
47.29308049999999, -122.6799256
47.3024065, -122.6806699
47.3107128, -122.678566
47.3311676, -122.6733099
47.3424872, -122.6693247
47.3617974, -122.6893647
47.3684327, -122.6779134
47.3737639, -122.677612
47.3831142, -122.6798671
47.3923139, -122.6804183
47.40086960000001, -122.6716515
47.4100633, -122.6794281
47.4178813, -122.6798154
47.4280671, -122.678462
47.435256, -122.6816806
47.4460788, -122.6798265
47.45505989999999, -122.6797551
47.46366829999999, -122.6798236
47.472993, -122.6799279
47.4837503, -122.6784752
47.4912909, -122.6804308
47.5002098, -122.6831578
47.5091714, -122.6800436
47.5180734, -122.6788957
47.5273027, -122.6798676
47.5366882, -122.6802901
47.5450809, -122.6796733
47.5540092, -122.6795023
47.5630803, -122.6803531
47.5716383, -122.6821588
47.58107649999999, -122.6790672
47.5901428, -122.6755972
47.6002476, -122.6873867
47.6056931, -122.6873822
47.6215674, -122.6736754
47.6250323, -122.6774044
47.6330684, -122.6726707
47.6450658, -122.6788515
47.6528889, -122.6799583
47.6626548, -122.6793155
47.6709634, -122.6793764
47.6806113, -122.6775109
47.6870789, -122.6794198
47.69949099999999, -122.6838464
47.7065131, -122.6786644
47.7161157, -122.6801066
47.7247978, -122.677774
47.7321675, -122.6781644
47.7429418, -122.6829994
47.7535914, -122.6785313
47.76257649999999, -122.6775488
47.7705639, -122.6784378
47.7790123, -122.6801684
47.7880858, -122.6815261
47.79669089999999, -122.67949
47.8028082, -122.6774838
47.80765299999999, -122.6692621
47.83095729999999, -122.6898791
47.8349711, -122.6867023
47.8411239, -122.6837794
47.84998179999999, -122.6861624
47.8570266, -122.6898954
47.8695218, -122.6799553
47.8780799, -122.6792858
47.8858733, -122.6743782
47.8966303, -122.6772718
47.9052542, -122.6795602
47.9138592, -122.6798219
47.9232066, -122.6821988
47.93187289999999, -122.6816236
47.9393519, -122.6854583
47.95067830000001, -122.6824164
47.9548055, -122.6792909
47.9684067, -122.6819325
47.97142890000001, -122.6836692
47.9714388, -122.6837282
48.01318329999999, -122.6815241
48.0132864, -122.6812722
