47.7089134, -118.4717761
47.7148749, -118.4744599
47.7298353, -118.4713951
47.734558, -118.4712136
47.7425335, -118.4753237
47.75156130000001, -118.471841
47.7660805, -118.4718028
47.7660809, -118.4718928
47.777733, -118.462032
47.7877666, -118.4753095
47.79575130000001, -118.4761284
47.8039678, -118.4715092
47.8165614, -118.4599383
47.8201794, -118.4587863
47.8340897, -118.4867318
47.8470337, -118.4637692
47.8516342, -118.4666662
47.8590374, -118.4711305
47.8690371, -118.470419
47.8755748, -118.4677759
47.8938937, -118.4834927
47.8977782, -118.470462
47.90524569999999, -118.4720346
47.9136655, -118.4724974
47.9251971, -118.4714194
47.93251, -118.4703008
47.9411183, -118.4702631
47.9492719, -118.4683083
47.9597288, -118.471633
47.9682475, -118.4725487
47.97715609999999, -118.4751302
47.9864489, -118.4718683
47.9958238, -118.4720497
48.00583719999999, -118.471567
48.01243179999999, -118.4713897
48.0167465, -118.4699709
48.0507059, -118.4953105
48.0658171, -118.4747404
48.0669158, -118.4716809
48.0777014, -118.4792659
48.0856268, -118.4715353
48.0941031, -118.4715205
48.1030171, -118.4739688
48.1117405, -118.4715034
48.1217559, -118.4685295
48.1297009, -118.4711747
48.1391736, -118.4740755
48.1479376, -118.4717723
48.15956629999999, -118.467475
48.1603909, -118.4660059
48.1802011, -118.4727847
48.182141, -118.469259
48.19151590000001, -118.4697698
48.2023604, -118.470128
48.2107508, -118.4714321
48.2189677, -118.4735985
48.22622519999999, -118.4783817
48.2384381, -118.4863322
48.2520137, -118.4733388
48.2552567, -118.4698559
48.255427, -118.4694616
48.2623392, -118.4544854
48.2642544, -118.4508037
48.2692484, -118.4415658
48.2833471, -118.4257644
48.283621, -118.4254675
48.449244, -118.4453041
48.4535581, -118.4582711
48.4541185, -118.46042
48.4565943, -118.4717639
48.4587166, -118.475981
48.4852932, -118.4762668
48.4854763, -118.4757392
48.4899741, -118.4696121
48.4981617, -118.4676007
48.5009273, -118.4655679
48.5180421, -118.485118
48.5417553, -118.4303919
48.5729719, -118.5133965
48.58806250000001, -118.4413766
48.59018570000001, -118.4432251
48.6049093, -118.470883
48.6049203, -118.4712169
48.6071416, -118.4718469
48.6125216, -118.4657265
48.6131792, -118.4644573
48.63246669999999, -118.446908
48.63250559999999, -118.4469021
48.6519664, -118.441025
48.6742159, -118.4906243
48.7090221, -118.4728799
48.7090369, -118.4725308
48.7122037, -118.4699455
48.7159233, -118.4640006
48.7333124, -118.4795114
48.7640076, -118.4858521
48.7653318, -118.4857102
48.7678525, -118.4877407
48.80453929999999, -118.4762391
48.8059917, -118.4732575
48.80709419999999, -118.4707892
48.8312593, -118.4608338
48.8352181, -118.4661141
48.8411958, -118.4717594
48.8528716, -118.4716639
48.85937149999999, -118.4692977
48.8669363, -118.470494
48.8750803, -118.4742324
48.88756129999999, -118.4707144
48.89430429999999, -118.4731025
48.90513989999999, -118.4745325
48.9131045, -118.4718113
48.9215222, -118.4725913
48.9218428, -118.4732139
48.9451872, -118.4503477
48.956656, -118.4689232
46.2119881, -118.4471935
46.2229501, -118.4450172
46.2325434, -118.4552155
46.2397231, -118.4552575
46.2492126, -118.4577745
46.2547223, -118.4578873
46.2625764, -118.4656226
46.27479899999999, -118.4736326
46.2910648, -118.4659625
46.2936049, -118.4579516
46.3033332, -118.4570229
46.312504, -118.4588754
46.32122409999999, -118.4543324
46.3279147, -118.461435
46.3422802, -118.4674582
46.3491144, -118.4626144
46.3572876, -118.4611731
46.36494640000001, -118.4558369
46.375315, -118.4496541
46.3840666, -118.4499224
46.3932242, -118.4581424
46.4020778, -118.449901
46.4113601, -118.4581397
46.420083, -118.4602679
46.4290871, -118.4602386
46.439394, -118.4608115
46.4470099, -118.4592509
46.4559449, -118.4599665
46.46101609999999, -118.4533297
46.4745727, -118.4769648
46.4866487, -118.4716713
46.4960423, -118.4582977
46.4983832, -118.4542942
46.5130721, -118.4668492
46.5209647, -118.4613233
46.526905, -118.4563665
46.5370785, -118.4582134
46.54450370000001, -118.4552563
46.5584565, -118.4528081
46.5646482, -118.4554656
46.57289369999999, -118.4581888
46.5809644, -118.4639797
46.594215, -118.4580703
46.5943688, -118.4588084
46.6060204, -118.4469591
46.6094541, -118.4430463
46.6384836, -118.4589464
46.6385045, -118.4585477
46.6445374, -118.4618218
46.6492094, -118.4643582
46.6720814, -118.4670575
46.674923, -118.4609613
46.68045250000001, -118.4586431
46.690029, -118.4641672
46.7020566, -118.4638721
46.7069258, -118.4645567
46.7150506, -118.4645887
46.7199987, -118.4514949
46.73685829999999, -118.4438533
46.7437637, -118.443701
46.7570199, -118.4661144
46.7662128, -118.4580925
46.7662135, -118.4582089
46.7807526, -118.458136
46.7888355, -118.4641194
46.795438, -118.4581841
46.8100524, -118.4581256
46.8100526, -118.4581873
46.8247131, -118.4581525
46.8340416, -118.4629724
46.843098, -118.4630323
46.8540737, -118.4581256
46.8540741, -118.4582177
46.874581, -118.4650136
46.8790567, -118.4629609
46.8881163, -118.4629554
46.898027, -118.4581396
46.9129841, -118.4581917
46.9129843, -118.4581322
46.9276713, -118.458123
46.93242679999999, -118.4635354
46.942325, -118.4581522
46.9510489, -118.4610449
46.9600861, -118.4610088
46.969075, -118.4609842
46.9716207, -118.4581375
46.9869973, -118.4717337
47.0008043, -118.4612547
47.0155504, -118.4581701
47.0173215, -118.4523422
47.0334615, -118.460272
47.0386899, -118.4544653
47.0434068, -118.4478716
47.0590678, -118.472479
47.0743274, -118.4510325
47.0771194, -118.4510851
47.08611880000001, -118.4511955
47.0951181, -118.451306
47.1033677, -118.4581414
47.1115407, -118.4581223
47.1221419, -118.451575
47.1326517, -118.4581823
47.1401301, -118.4517826
47.149105, -118.4519243
47.16204459999999, -118.4582483
47.1670489, -118.4518557
47.175441, -118.4555089
47.1849888, -118.4516338
47.193985, -118.4513633
47.2065868, -118.4588615
47.21201569999999, -118.4511049
47.2211412, -118.458159
47.2300466, -118.4508586
47.2389959, -118.4507328
47.2500895, -118.4585923
47.2608541, -118.4581578
47.2608541, -118.4581297
47.2754236, -118.4581418
47.283659, -118.466096
47.3004971, -118.4534929
47.3014337, -118.4581997
47.3128102, -118.449915
47.3339531, -118.4583295
47.333959, -118.4579909
47.3480569, -118.4581158
47.34806080000001, -118.4583939
47.3667877, -118.4591887
47.37727839999999, -118.4581369
47.3831818, -118.4650768
47.39181500000001, -118.4581522
47.4010907, -118.4646483
47.40656569999999, -118.4580757
47.419137, -118.4643666
47.4281263, -118.4642592
47.4356626, -118.4581642
47.4461182, -118.4639793
47.4550691, -118.464008
47.4649086, -118.4581905
47.4730464, -118.4641702
47.48214369999999, -118.464172
47.4941772, -118.458604
47.5000969, -118.4639102
47.5091178, -118.4638144
47.5162828, -118.4606157
47.5163537, -118.4611324
47.5582868, -118.45628
47.5633732, -118.4586441
47.5732726, -118.4500266
47.5783812, -118.4582821
47.5900733, -118.4641975
47.5952701, -118.4580826
47.6092288, -118.4612389
47.6170455, -118.4629687
47.6261316, -118.4628745
47.6356522, -118.459487
47.6428144, -118.4600939
47.6529075, -118.4637474
47.65708069999999, -118.4583795
47.6687388, -118.4443209
47.67622009999999, -118.4390328
47.6952461, -118.4523642
47.698739, -118.453845
47.708474, -118.4590828
47.7190091, -118.4517148
47.7253351, -118.4572227
47.7300944, -118.4628492
47.7468723, -118.4544669
47.7510447, -118.4582578
47.76466600000001, -118.451676
47.7700521, -118.4622211
47.7769516, -118.4577291
47.783166, -118.4518841
47.7941384, -118.4619322
47.8091798, -118.4629281
47.8151371, -118.4580774
47.8232723, -118.4564637
47.8386996, -118.4513318
47.8434751, -118.4557955
47.8499673, -118.4646272
47.8578583, -118.4645581
47.8694846, -118.4651831
47.8954599, -118.4592468
47.8961479, -118.458271
47.90499020000001, -118.4577407
47.9141489, -118.4580459
47.9234073, -118.4593309
47.9322597, -118.4568228
47.9339079, -118.4565271
47.95506229999999, -118.456086
47.9587161, -118.4593661
47.9657279, -118.4649064
47.97201279999999, -118.471077
47.99005289999999, -118.4567922
47.99644929999999, -118.45864
48.00404349999999, -118.4602215
48.01249, -118.4585439
48.0174394, -118.4584342
48.0192959, -118.4487257
48.0417895, -118.4405334
48.0460189, -118.4423413
48.0654942, -118.446759
48.0704085, -118.4567985
48.0769575, -118.4565481
48.0826389, -118.4584597
48.0946175, -118.4677703
48.1087682, -118.4629993
48.1135934, -118.4584213
48.12123949999999, -118.4588343
48.1232705, -118.4593109
48.1384049, -118.4576968
48.1494179, -118.4602721
48.1569708, -118.457976
48.1617205, -118.4612409
48.18293790000001, -118.4648972
48.1855403, -118.4602523
48.1930658, -118.4588043
48.2027887, -118.4625911
48.2086648, -118.463411
48.2196459, -118.4577827
48.2198813, -118.4567603
48.2525651, -118.4697661
48.25571799999999, -118.4614349
48.2565765, -118.4602093
48.2624649, -118.4542929
48.2654502, -118.4484184
48.2832241, -118.4258465
48.2896855, -118.4177988
48.2920247, -118.4148824
48.4425393, -118.4277179
48.44324899999999, -118.4291152
48.4493516, -118.4455778
48.452109, -118.4525868
48.4535996, -118.4584302
48.4562217, -118.4643148
48.4818024, -118.4521268
48.48249999999999, -118.4529681
48.4898415, -118.4574293
48.4948653, -118.4548836
48.5413283, -118.4304079
48.550862, -118.426357
48.56429, -118.4262511
48.5796745, -118.4324194
48.5883487, -118.4417409
48.593318, -118.4448193
48.6047142, -118.4587892
48.6062386, -118.4588629
48.61306150000001, -118.4610278
48.623825, -118.4449459
48.64470920000001, -118.4401119
48.661728, -118.4401467
48.6748868, -118.4428594
48.67821929999999, -118.4434347
48.6856113, -118.4435327
48.70200579999999, -118.4453303
48.7103702, -118.454886
48.7132556, -118.4593504
48.7159339, -118.4639293
48.73337, -118.4399839
48.736368, -118.4380415
48.74678120000001, -118.4330974
48.7677837, -118.4876554
48.8050307, -118.4747571
48.82994739999999, -118.4578491
48.8305837, -118.4595006
48.8409552, -118.4580704
48.852396, -118.4526931
48.8585715, -118.4567843
48.8689964, -118.4578413
48.8767577, -118.4590277
48.8872948, -118.4585933
48.89275, -118.4503237
48.9048321, -118.4578041
48.9127302, -118.4582489
48.917447, -118.467424
48.9447402, -118.4498816
48.9514063, -118.454316
46.2134349, -118.4468074
46.2220296, -118.4447893
46.2296969, -118.4458868
46.24127, -118.4548624
46.25542309999999, -118.4507259
46.2591499, -118.4466413
46.26310369999999, -118.4405222
46.2703432, -118.434454
46.2922719, -118.4432238
46.2941043, -118.4433529
46.2987287, -118.4406152
46.316339, -118.4509961
46.3214652, -118.4454503
46.3289588, -118.4413657
46.3391627, -118.4367581
46.3399254, -118.4362575
46.3634771, -118.4573548
46.3686719, -118.4521194
46.374935, -118.4496319
46.3840876, -118.4499223
46.39306440000001, -118.4499036
46.4020801, -118.449901
46.4111987, -118.4444361
46.4181529, -118.4415511
46.4211197, -118.436001
46.44004590000001, -118.460408
46.4461599, -118.4591388
46.4620152, -118.4474221
46.4628917, -118.4435006
46.4695402, -118.436775
46.478199, -118.4291126
46.4990287, -118.4523781
46.5033843, -118.4490442
46.5101332, -118.4436452
46.515669, -118.4384044
46.5284787, -118.4552091
46.5369762, -118.4582118
46.5483979, -118.4509121
46.5550369, -118.450878
46.56309539999999, -118.4537386
46.5728938, -118.4434875
46.5741484, -118.4423811
46.5962007, -118.4397904
46.6025992, -118.4444039
46.6087619, -118.4438843
46.6153756, -118.4369043
46.6306761, -118.4360409
46.6409439, -118.4442544
46.64100819999999, -118.4450996
46.6447375, -118.4358652
46.6689432, -118.423355
46.6792947, -118.4515793
46.6821379, -118.4454934
46.6861976, -118.438816
46.7065041, -118.4318081
46.7084391, -118.4327168
46.7219688, -118.4444859
46.7251321, -118.4428495
46.7440625, -118.4436871
46.7530614, -118.4436382
46.7620732, -118.4434544
46.7710737, -118.4433289
46.7805608, -118.4442588
46.789067, -118.4429347
46.79805760000001, -118.4427497
46.8070561, -118.4425092
46.81604249999999, -118.442222
46.82461480000001, -118.4444463
46.8246158, -118.4445819
46.8539993, -118.4441717
46.8540018, -118.4443922
46.8595721, -118.4412078
46.8608057, -118.4394085
46.8789942, -118.4629603
46.8979743, -118.4443264
46.8979748, -118.4444291
46.9130092, -118.4444635
46.9130092, -118.4444321
46.9278783, -118.4447326
46.9279033, -118.4440398
46.9425375, -118.4502432
46.9497054, -118.4444431
46.9497054, -118.4444676
46.9716126, -118.4444103
46.9764333, -118.4395939
47.0115618, -118.4498921
47.0137925, -118.4441223
47.0220473, -118.4427289
47.0256411, -118.4370474
47.04308839999999, -118.4475237
47.0473148, -118.4416435
47.0535659, -118.439524
47.0743178, -118.4451049
47.0860408, -118.4511945
47.0950401, -118.451305
47.1033884, -118.4444392
47.1113025, -118.4445706
47.1180669, -118.444438
47.1327603, -118.4444387
47.1400205, -118.4517807
47.1474468, -118.4444485
47.1620954, -118.4444105
47.1620956, -118.444475
47.1765192, -118.4408605
47.185179, -118.451628
47.1941753, -118.4513576
47.2072094, -118.444312
47.2121393, -118.4511025
47.2211265, -118.4509496
47.230108, -118.450858
47.2362487, -118.4445459
47.2481961, -118.4504163
47.2608434, -118.444438
47.26608, -118.4446956
47.27507910000001, -118.444601
47.28408, -118.4446052
47.293079, -118.4445158
47.3017912, -118.4435862
47.3123017, -118.4433933
47.3132984, -118.4435924
47.3341892, -118.4446304
47.3381179, -118.4433572
47.34708, -118.4444211
47.3480604, -118.444539
47.36807109999999, -118.4428766
47.3735497, -118.4438324
47.3830792, -118.4445947
47.3918177, -118.4446525
47.4067283, -118.4446269
47.4067328, -118.4443282
47.4067349, -118.4441902
47.4355805, -118.4443404
47.43558119999999, -118.444459
47.4355819, -118.4445776
47.4652279, -118.4449741
47.4652396, -118.4445041
47.4723817, -118.4417052
47.4888883, -118.4495944
47.4918232, -118.4457746
47.4944886, -118.4445113
47.5151973, -118.4603846
47.5160358, -118.4604379
47.5674168, -118.4520233
47.571599, -118.4480914
47.5780576, -118.4451452
47.5952845, -118.4549237
47.61278679999999, -118.4447622
47.6169441, -118.4414104
47.6204467, -118.4409728
47.6419837, -118.4475388
47.6427868, -118.4441682
47.6546293, -118.4424233
47.6621622, -118.4452678
47.6704734, -118.4430614
47.6775125, -118.4380909
47.6923734, -118.4430125
47.6947446, -118.4496157
47.706572, -118.444755
47.7148003, -118.4483647
47.7221453, -118.447869
47.72560259999999, -118.4543852
47.7460123, -118.4492837
47.75299039999999, -118.4442163
47.76229679999999, -118.4445569
47.7644368, -118.4494731
47.7804884, -118.4519985
47.7873663, -118.4425853
47.7912818, -118.4398945
47.8121753, -118.4412698
47.8130764, -118.4447607
47.8231397, -118.4471068
47.8341193, -118.4438817
47.8367654, -118.4444159
47.8443331, -118.456852
47.8594661, -118.4251765
47.863765, -118.463012
47.883897, -118.4322716
47.8884485, -118.4410546
47.8934744, -118.4486394
47.9103809, -118.4432613
47.9147965, -118.4452238
47.9283269, -118.4488475
47.9304861, -118.4486164
47.9466948, -118.4352749
47.9509443, -118.4436925
47.9535303, -118.4487687
47.9630495, -118.4618498
47.9901589, -118.4544444
47.992709, -118.4485557
47.9952754, -118.4442794
48.004456, -118.4456173
48.0123784, -118.4443983
48.0204052, -118.4428289
48.0355237, -118.4375359
48.0410461, -118.4402046
48.0464323, -118.441902
48.0630895, -118.4404442
48.0653812, -118.446556
48.0757603, -118.4427629
48.0843514, -118.4397623
48.0889177, -118.4367982
48.1159071, -118.4570587
48.136965, -118.4388628
48.1390304, -118.444462
48.149777, -118.4473259
48.15353469999999, -118.4483356
48.1611199, -118.4558183
48.18560120000001, -118.4601573
48.1882528, -118.4571502
48.1905705, -118.4562826
48.1960779, -118.4586245
48.2185233, -118.4484019
48.2203759, -118.4450036
48.2209563, -118.4433792
48.2209884, -118.4428258
48.2561385, -118.4605335
48.26328549999999, -118.4527433
48.2665892, -118.4461527
48.2693939, -118.4412427
48.2749629, -118.4309404
48.2834385, -118.4256804
48.292473, -118.4141392
48.29279529999999, -118.4134077
48.438387, -118.4160294
48.4424429, -118.4274509
48.4459445, -118.4352674
48.4491942, -118.4443586
48.4506746, -118.4482634
48.4527886, -118.4540083
48.4819924, -118.4432986
48.4820777, -118.4439096
48.4887555, -118.4417951
48.497251, -118.4432957
48.4984386, -118.4487805
48.5141474, -118.4298435
48.5178839, -118.428305
48.5412107, -118.4303449
48.56419169999999, -118.4262276
48.5756947, -118.4296386
48.5834958, -118.4346238
48.5899316, -118.4429724
48.5980336, -118.4447364
48.6069652, -118.4456684
48.6160524, -118.4441952
48.6250112, -118.4442871
48.633174, -118.4444659
48.6435554, -118.4398276
48.66155699999999, -118.4401035
48.6724898, -118.4410093
48.67894099999999, -118.443241
48.6869231, -118.4415607
48.6963057, -118.4382723
48.70681450000001, -118.4456327
48.7149999, -118.4434366
48.7221821, -118.4358046
48.7417548, -118.4356487
48.7553126, -118.4292679
48.7600427, -118.4275441
48.7962882, -118.4093786
48.82691070000001, -118.4399341
48.8295665, -118.4433209
48.8409943, -118.4568938
48.849702, -118.44681
48.8589517, -118.4440619
48.8676959, -118.445016
48.8765644, -118.4398712
48.8872937, -118.4480566
48.8951284, -118.4443559
48.903496, -118.4432663
48.9144644, -118.4426468
48.9236289, -118.4379617
48.9357931, -118.4374693
48.9406386, -118.4433392
48.9476244, -118.4512746
46.2063212, -118.439457
46.220644, -118.4443657
46.228232, -118.4443794
46.238687, -118.412695
46.2566322, -118.4492247
46.2637987, -118.4391122
46.2682267, -118.4352445
46.29363540000001, -118.4301688
46.2939427, -118.4300414
46.2991287, -118.4295786
46.2992734, -118.4283517
46.3250414, -118.4434401
46.3321093, -118.4394644
46.3411483, -118.4326037
46.3451874, -118.4287969
46.3458596, -118.4257378
46.37950120000001, -118.4313286
46.3795555, -118.4304611
46.3809511, -118.4233543
46.41102290000001, -118.4304941
46.4110259, -118.4307339
46.4224876, -118.4332853
46.4256031, -118.4270503
46.4287327, -118.4208313
46.4471442, -118.4078861
46.4637164, -118.4405587
46.4670739, -118.4383076
46.4747849, -118.4319026
46.4801626, -118.4268287
46.4851886, -118.4193118
46.508458, -118.4448962
46.5143302, -118.4397744
46.5204473, -118.4323314
46.5266273, -118.4250165
46.5357864, -118.4207843
46.5412359, -118.4160528
46.5609288, -118.427015
46.5643166, -118.4333421
46.57111219999999, -118.432103
46.5732741, -118.4373662
46.5974073, -118.4349741
46.6002339, -118.429563
46.6130618, -118.4388709
46.6189189, -118.4337531
46.6275501, -118.4326794
46.6370383, -118.4336503
46.6447835, -118.4282629
46.6478488, -118.4302467
46.66787739999999, -118.4226437
46.6731829, -118.4239945
46.6798087, -118.4330985
46.6908886, -118.4319097
46.7004197, -118.4272086
46.7079745, -118.4326633
46.717076, -118.4313685
46.7262458, -118.4316015
46.7345147, -118.4279152
46.7441197, -118.4226483
46.7508872, -118.4215821
46.7661362, -118.4328745
46.7673552, -118.4292142
46.7806171, -118.4307313
46.7952399, -118.4306097
46.7952416, -118.4307891
46.80996409999999, -118.4307129
46.8156934, -118.4222612
46.8245465, -118.4307355
46.8391017, -118.4206238
46.8539049, -118.4307133
46.8612385, -118.4307305
46.8612392, -118.4308434
46.8612398, -118.4309564
46.897958, -118.4307791
46.8979581, -118.4307367
46.9130307, -118.430755
46.9150786, -118.4288168
46.924084, -118.4288352
46.9317885, -118.4267405
46.9419093, -118.4249848
46.9512884, -118.430858
46.9545288, -118.4241608
46.97151119999999, -118.4306845
47.0014725, -118.4182263
47.008844, -118.4272838
47.0156802, -118.430744
47.0271799, -118.4335762
47.0292125, -118.4278144
47.04910659999999, -118.4358133
47.0505033, -118.4309981
47.0569766, -118.4268157
47.068361, -118.4189827
47.0770997, -118.4190151
47.086112, -118.4190172
47.1013411, -118.4299615
47.1040826, -118.4300017
47.1111817, -118.4307031
47.1180681, -118.4307323
47.132749, -118.4307248
47.1327491, -118.4307662
47.1474102, -118.4307423
47.1620898, -118.430739
47.167077, -118.4305013
47.1760755, -118.4303298
47.1850763, -118.4301085
47.1940705, -118.4300252
47.2030677, -118.4297913
47.2120609, -118.429461
47.221085, -118.4293315
47.2300689, -118.4291609
47.23906179999999, -118.4290206
47.2480592, -118.4288336
47.2570571, -118.4286302
47.2607738, -118.4307943
47.2753296, -118.4307319
47.2753296, -118.430755
47.29307679999999, -118.4445158
47.3063542, -118.4366998
47.31375629999999, -118.4318731
47.3140873, -118.4298042
47.3343336, -118.4430703
47.3376269, -118.4433188
47.3480439, -118.4307286
47.34804399999999, -118.4307652
47.368474, -118.4313264
47.3771074, -118.4307029
47.3814145, -118.4288292
47.3847949, -118.4223592
47.4065032, -118.4308215
47.40650429999999, -118.4306739
47.4083372, -118.4228183
47.4355284, -118.4306729
47.4355286, -118.4307449
47.4474589, -118.421415
47.4548261, -118.4209691
47.4652882, -118.4307275
47.4724787, -118.4413653
47.4944393, -118.4306988
47.4944397, -118.4307891
47.4944401, -118.4308795
47.5239919, -118.398699
47.5308898, -118.3953789
47.5654289, -118.4139812
47.57048, -118.4194118
47.57440690000001, -118.4292576
47.5756666, -118.4328188
47.5765178, -118.4368084
47.6129158, -118.4421771
47.6132121, -118.4417645
47.62171499999999, -118.4371754
47.6264038, -118.4337167
47.6326561, -118.4290514
47.64156699999999, -118.4305979
47.6531394, -118.4310739
47.65626289999999, -118.4358998
47.672946, -118.4396731
47.6826546, -118.4312981
47.6841452, -118.4265719
47.69777209999999, -118.4304082
47.70603819999999, -118.4316635
47.7142066, -118.4329079
47.7176564, -118.439407
47.72112540000001, -118.4459459
47.7546587, -118.4297331
47.7546924, -118.4304676
47.76123, -118.4372149
47.7624163, -118.4380965
47.7812174, -118.4166143
47.7913844, -118.4333086
47.79641849999999, -118.427796
47.80633779999999, -118.4238231
47.8152818, -118.431531
47.8242905, -118.4297115
47.8329225, -118.4307763
47.83571449999999, -118.4368448
47.8570333, -118.4242546
47.87188889999999, -118.4223548
47.8801011, -118.4256759
47.8860473, -118.4339213
47.8887127, -118.4369081
47.9104188, -118.4425425
47.9181669, -118.4206474
47.9226991, -118.4237365
47.929172, -118.430384
47.9435915, -118.4277715
47.9483094, -118.4303663
47.948732, -118.433801
47.967647, -118.407594
47.99186, -118.4283752
47.9948693, -118.431703
48.0044846, -118.4301546
48.0129415, -118.4306132
48.025596, -118.4340754
48.0313448, -118.4301901
48.0381291, -118.4364781
48.0484174, -118.4306052
48.0578167, -118.4311446
48.0657666, -118.4306012
48.0733273, -118.4306713
48.0856449, -118.4388552
48.0929577, -118.4298566
48.0986617, -118.4199538
48.0999414, -118.4186849
48.1352287, -118.4256234
48.13571470000001, -118.4277084
48.1362867, -118.4308614
48.1501008, -118.4470364
48.153388, -118.4482337
48.171518, -118.4080923
48.1769046, -118.4082523
48.1808554, -118.407654
48.1963771, -118.4130914
48.2055876, -118.4153274
48.217857, -118.4223962
48.2210066, -118.4313932
48.223323, -118.431058
48.2643855, -118.4505393
48.2679195, -118.443295
48.2705912, -118.4362629
48.2744813, -118.4315248
48.28276409999999, -118.426032
48.2892746, -118.4180881
48.2919083, -118.4150416
48.2926339, -118.4138008
48.2930216, -118.4127375
48.293125, -118.4123491
48.409107, -118.374743
48.4110092, -118.3761387
48.4383474, -118.4159017
48.4384632, -118.4161955
48.4424345, -118.4274142
48.44444310000001, -118.4314664
48.44724679999999, -118.4369131
48.4489954, -118.4416178
48.4821045, -118.4427886
48.4853485, -118.4253774
48.4910935, -118.4294954
48.4992239, -118.4307696
48.507551, -118.4269221
48.517433, -118.4284086
48.5179555, -118.4281689
48.5384875, -118.426781
48.5422314, -118.4296282
48.5632585, -118.4257257
48.5709251, -118.4278901
48.5793779, -118.4319677
48.5861302, -118.4358405
48.5966607, -118.4438773
48.6109753, -118.4409463
48.6216178, -118.4310538
48.6233478, -118.4348619
48.6369826, -118.4386066
48.6413111, -118.4367728
48.6568459, -118.4271045
48.6584509, -118.4305617
48.6688239, -118.4372919
48.67935929999999, -118.4430394
48.6902194, -118.4382889
48.6984559, -118.4371706
48.7008105, -118.4374253
48.7192247, -118.4370419
48.7236418, -118.4338252
48.7306272, -118.4365998
48.7440716, -118.4336424
48.7510959, -118.4308661
48.79362769999999, -118.4074615
48.79673349999999, -118.409474
48.7973465, -118.4094305
48.8257896, -118.4255882
48.825852, -118.4256939
48.8318538, -118.4308237
48.8428456, -118.4274076
48.850373, -118.4297454
48.8589223, -118.4304054
48.8678158, -118.431245
48.8788073, -118.4382018
48.88495, -118.4362776
48.8945478, -118.4326403
48.90204689999999, -118.4309068
48.9143967, -118.4289264
48.9216422, -118.4327541
48.9327747, -118.4307922
48.9346837, -118.4334715
48.9528505, -118.4277052
46.2154085, -118.3931053
46.2292823, -118.3994741
46.2367857, -118.4108378
46.2468428, -118.4023701
46.2533219, -118.3993045
46.28026870000001, -118.3986769
46.2914567, -118.4163511
46.2921648, -118.4159512
46.29930299999999, -118.4170534
46.3118987, -118.4038766
46.321982, -118.409939
46.3282153, -118.4065786
46.3439842, -118.41575
46.34586110000001, -118.4196956
46.34648920000001, -118.4211953
46.3800927, -118.425093
46.3810017, -118.42211
46.3812706, -118.4215385
46.396757, -118.407818
46.4034225, -118.4125906
46.4116967, -118.4173958
46.42532509999999, -118.4168982
46.4301022, -118.4181094
46.4332305, -118.4118908
46.4563214, -118.4079224
46.4613602, -118.4078298
46.4807631, -118.4258785
46.4847757, -118.4198373
46.4925697, -118.412772
46.4979449, -118.4102284
46.5063496, -118.4038411
46.5235073, -118.4272066
46.5296039, -118.4116667
46.5373463, -118.4167307
46.54424059999999, -118.4133132
46.5524932, -118.4086378
46.5645066, -118.4175829
46.5656117, -118.4154596
46.5699194, -118.4044987
46.6007727, -118.4227158
46.6018333, -118.4162681
46.6020019, -118.4172548
46.6255045, -118.4164836
46.6272404, -118.4146745
46.6351839, -118.4142486
46.64439369999999, -118.4132898
46.6536742, -118.4140168
46.6638499, -118.4153067
46.6716877, -118.4230996
46.6859974, -118.4198016
46.69031140000001, -118.4213222
46.6990495, -118.417003
46.70223379999999, -118.4103762
46.7170125, -118.4313678
46.7302414, -118.4295713
46.7400232, -118.4235158
46.744051, -118.4226476
46.753312, -118.4199282
46.7621105, -118.4222979
46.7733849, -118.4174138
46.7805814, -118.4170297
46.7952467, -118.4170773
46.795247, -118.4170021
46.80992879999999, -118.4170187
46.8161368, -118.4211944
46.8245278, -118.4170282
46.8390667, -118.4169988
46.8390668, -118.4170475
46.8538171, -118.4169975
46.86115849999999, -118.4170249
46.861159, -118.4171266
46.8789628, -118.3993391
46.8979715, -118.4205424
46.8981315, -118.4202575
46.9061048, -118.4200415
46.9130982, -118.4170068
46.9240487, -118.428835
46.9333519, -118.425939
46.94296139999999, -118.4247616
46.955547, -118.4223147
46.95910869999999, -118.4158696
46.9715223, -118.417051
46.9780526, -118.407553
46.9870935, -118.4075067
47.0010071, -118.4170575
47.00507529999999, -118.4183779
47.0140793, -118.4183758
47.01554700000001, -118.4193878
47.03385050000001, -118.4179213
47.03513479999999, -118.413156
47.05389599999999, -118.4213269
47.0583222, -118.4155118
47.0677263, -118.4186934
47.0770756, -118.419015
47.0860735, -118.4190169
47.0950651, -118.4191117
47.10334, -118.4170167
47.1118396, -118.4169413
47.1180581, -118.4170366
47.1327604, -118.4170395
47.14005900000001, -118.4087285
47.14739729999999, -118.4170117
47.1621231, -118.4170469
47.1621232, -118.4170001
47.1759838, -118.4088324
47.18461569999999, -118.4080966
47.19196160000001, -118.4171957
47.2065207, -118.4167489
47.2065475, -118.4174708
47.2209008, -118.4062068
47.23571219999999, -118.4167216
47.2357243, -118.417207
47.248478, -118.4072411
47.2607335, -118.417006
47.26073359999999, -118.4170547
47.2753125, -118.4170251
47.2753126, -118.4170506
47.2796602, -118.4016485
47.3126629, -118.4233944
47.313129, -118.422643
47.31869289999999, -118.4161193
47.3216936, -118.4103031
47.34801580000001, -118.416972
47.34801600000001, -118.4170207
47.3480161, -118.4170694
47.3717031, -118.4245104
47.3749786, -118.4181798
47.38589959999999, -118.4202639
47.3893454, -118.4138334
47.4065812, -118.4170592
47.4065814, -118.4170046
47.419106, -118.4004982
47.43164789999999, -118.4113507
47.4354777, -118.417039
47.4551809, -118.420949
47.4652424, -118.4170233
47.4652424, -118.4170429
47.4828553, -118.3989991
47.49431329999999, -118.4169564
47.49431509999999, -118.4171494
47.494317, -118.4173424
47.52322059999999, -118.3987031
47.5309219, -118.395368
47.5635617, -118.4108593
47.5654055, -118.4139424
47.570415, -118.4193077
47.572557, -118.4225953
47.5925777, -118.4056541
47.6082115, -118.4001459
47.612827, -118.4002563
47.6337407, -118.4233114
47.6348942, -118.4189563
47.64303659999999, -118.4200338
47.6553762, -118.4215109
47.66209019999999, -118.419902
47.6712345, -118.4207365
47.6798437, -118.4199816
47.6867819, -118.4147749
47.6974381, -118.4203676
47.7062803, -118.4179554
47.7097327, -118.4244817
47.7131269, -118.4308799
47.73955770000001, -118.3957918
47.7534392, -118.41234
47.7549356, -118.415057
47.7612248, -118.419161
47.77055499999999, -118.4148506
47.779152, -118.4160606
47.7879383, -118.4166072
47.798661, -118.4157263
47.8046924, -118.418045
47.8141281, -118.4183575
47.8276025, -118.4195019
47.83216400000001, -118.4182649
47.8326676, -118.419664
47.85417529999999, -118.4162938
47.8625312, -118.4217237
47.8697969, -118.4206756
47.8776905, -118.4166369
47.88380660000001, -118.4168011
47.88382559999999, -118.4161844
47.9151543, -118.4129623
47.9161264, -118.4152695
47.9263869, -118.4155231
47.9274277, -118.4176982
47.9418783, -118.4167903
47.9436877, -118.4235539
47.9675566, -118.4074907
47.9693384, -118.4055763
47.9920146, -118.4133724
47.99365239999999, -118.4161872
48.00416020000001, -118.4172601
48.0115698, -118.4171731
48.0249719, -118.4139016
48.0305957, -118.417431
48.0392023, -118.4156638
48.05025939999999, -118.4170292
48.0574765, -118.4170264
48.0655428, -118.424806
48.0728039, -118.4268181
48.0940388, -118.4269725
48.0969752, -118.4216523
48.1000023, -118.4175208
48.1000239, -118.4179931
48.1233871, -118.4042375
48.1309889, -118.4140378
48.1340464, -118.4200402
48.1493068, -118.3999439
48.1574163, -118.4014881
48.1754364, -118.4080725
48.1821217, -118.4071877
48.1963122, -118.4130188
48.20361399999999, -118.4139614
48.2110845, -118.4154002
48.216916, -118.4192253
48.226027, -118.405146
48.2290654, -118.4017277
48.2544198, -118.3976347
48.2642862, -118.4040011
48.2699971, -118.4140367
48.2735347, -118.4157
48.2813077, -118.4168438
48.291368, -118.4157257
48.2930924, -118.4124786
48.2932579, -118.4117329
48.2933403, -118.4111082
48.2933576, -118.4109347
48.358991, -118.3502456
48.3591408, -118.3502206
48.4089701, -118.3745673
48.4133114, -118.3771972
48.4346293, -118.4041546
48.435892, -118.4068102
48.440629, -118.4195523
48.4419888, -118.4254749
48.481209, -118.415883
48.4814455, -118.4168138
48.4859381, -118.4161863
48.4989492, -118.4171962
48.510355, -118.4188163
48.515687, -118.4172914
48.5285985, -118.4132207
48.5340248, -118.4187117
48.5462813, -118.4212035
48.5534138, -118.4163709
48.5588966, -118.4204361
48.5687379, -118.4263711
48.574807, -118.4281416
48.5822385, -118.4332921
48.6120965, -118.4401328
48.6235113, -118.4160593
48.6242323, -118.4180492
48.6246502, -118.4193215
48.6410523, -118.4366621
48.6568863, -118.4203096
48.6582974, -118.4162589
48.6589302, -118.4125002
48.6706272, -118.4384995
48.6920289, -118.4374171
48.6994302, -118.4368432
48.70064259999999, -118.43719
48.7198838, -118.4364266
48.7235759, -118.4338038
48.7297782, -118.4360725
48.74440000000001, -118.433379
48.758017, -118.4127452
48.7607469, -118.4172199
48.7618565, -118.4132403
48.78690899999999, -118.3982456
48.79358879999999, -118.4074363
48.7965181, -118.4094588
48.7974608, -118.4092108
48.8226964, -118.4050314
48.825572, -118.4126631
48.8330245, -118.4204848
48.84104689999999, -118.4174131
48.8480375, -118.4143889
48.862539, -118.4168533
48.8682276, -118.4171477
48.8725917, -118.4204316
48.8916011, -118.4326051
48.8983622, -118.41958
48.90308839999999, -118.4189291
48.91330139999999, -118.4207469
48.9222017, -118.4165667
48.9277604, -118.4184744
48.9335063, -118.4242619
48.9514566, -118.4177381
46.2150471, -118.3929844
46.2238794, -118.3966872
46.2317884, -118.4016682
46.2405449, -118.4048549
46.248842, -118.4017312
46.2569186, -118.3975345
46.2666603, -118.395487
46.2775092, -118.3972678
46.2853279, -118.4008237
46.29289680000001, -118.4037864
46.3037888, -118.4051954
46.3122173, -118.4034215
46.3201348, -118.4038516
46.330394, -118.4044789
46.3374421, -118.4000297
46.3424443, -118.4051895
46.34887, -118.3894522
46.3658284, -118.3755301
46.3902809, -118.3914755
46.3971703, -118.4056955
46.39993130000001, -118.4061256
46.4135921, -118.4032343
46.4159091, -118.4033844
46.4251648, -118.4034128
46.4377323, -118.4029498
46.4481394, -118.4073443
46.4541677, -118.4033337
46.4676486, -118.3871093
46.4892995, -118.4038435
46.4900618, -118.4020801
46.5020518, -118.4062112
46.5099572, -118.4017781
46.5192558, -118.4014565
46.5255038, -118.4056084
46.532521, -118.4038995
46.5480046, -118.4107964
46.5555567, -118.4048959
46.5659815, -118.4071846
46.57015519999999, -118.4034334
46.6023772, -118.4071146
46.6030807, -118.4033094
46.6063096, -118.3976449
46.6256227, -118.414019
46.62939129999999, -118.413411
46.6380156, -118.4122735
46.6417056, -118.4107229
46.65725440000001, -118.4119368
46.6607299, -118.4121344
46.6640637, -118.4155444
46.6986271, -118.4018565
46.6987013, -118.4033574
46.7067916, -118.4018548
46.71019520000001, -118.3954897
46.7135985, -118.3891237
46.7410371, -118.4222452
46.7414457, -118.4221767
46.7542342, -118.4197726
46.7573386, -118.4194375
46.77589589999999, -118.4145669
46.7805944, -118.4033192
46.7890129, -118.400694
46.7980567, -118.400471
46.8070555, -118.4003201
46.8160417, -118.4001192
46.8244992, -118.4033217
46.8340737, -118.3997189
46.8430772, -118.3997048
46.8537103, -118.4032884
46.8610853, -118.4033189
46.8700419, -118.3994743
46.8790526, -118.3993378
46.8880439, -118.3991766
46.8970425, -118.399013
46.9060496, -118.3988813
46.9131588, -118.4033011
46.924086, -118.3967865
46.9330752, -118.3968356
46.9420983, -118.3968353
46.9511269, -118.3968736
46.9636759, -118.4075592
46.9715991, -118.4033434
46.97809110000001, -118.4075528
46.9870729, -118.4075066
46.99605709999999, -118.4075955
47.0010393, -118.4033098
47.0155582, -118.3974552
47.0371669, -118.4066117
47.0386326, -118.4017357
47.040098, -118.3968595
47.06174970000001, -118.4120653
47.0683839, -118.4095899
47.0743017, -118.4033042
47.08666270000001, -118.4105117
47.09554250000001, -118.4089309
47.1050999, -118.4042354
47.11341729999999, -118.4034239
47.1180606, -118.4032198
47.1328192, -118.4033354
47.14012, -118.403319
47.1490555, -118.4088512
47.1580658, -118.4088811
47.167067, -118.4088332
47.1761433, -118.4088284
47.1853231, -118.4080171
47.194087, -118.4073727
47.2031867, -118.4070148
47.2121439, -118.4066415
47.2211266, -118.4061987
47.2300785, -118.4061305
47.2389643, -118.4064064
47.2498943, -118.4032707
47.2571526, -118.4075299
47.2660706, -118.401719
47.27529390000001, -118.4033183
47.3129094, -118.4228841
47.3205616, -118.4113725
47.3225114, -118.4053969
47.3290905, -118.4005177
47.3381661, -118.4008667
47.3479717, -118.4033052
47.3560709, -118.401458
47.3650653, -118.4013907
47.3771354, -118.4034172
47.3830463, -118.4013901
47.3920937, -118.4013539
47.4009666, -118.4011268
47.4100662, -118.4005237
47.4190834, -118.4004981
47.4280811, -118.4004671
47.4354561, -118.4033194
47.4460582, -118.3999405
47.454879, -118.399341
47.4652207, -118.4033131
47.4729592, -118.398844
47.4822672, -118.3989437
47.4912084, -118.399672
47.4941809, -118.4034455
47.5231602, -118.3986611
47.53116319999999, -118.3950816
47.5410665, -118.389147
47.56409619999999, -118.4053779
47.5642653, -118.4035598
47.5720043, -118.4005171
47.5809889, -118.4000533
47.5923451, -118.4035089
47.5991159, -118.4001124
47.6081037, -118.4001441
47.6170158, -118.3984059
47.6276337, -118.3954729
47.6356766, -118.3996931
47.6449787, -118.3984857
47.6561318, -118.4034632
47.65743519999999, -118.4068894
47.6686625, -118.4199292
47.6879109, -118.4123357
47.6910041, -118.4079051
47.6983389, -118.4030144
47.7017963, -118.4095196
47.7143854, -118.386706
47.7374115, -118.3916184
47.7420325, -118.3955653
47.751588, -118.4036014
47.75294590000001, -118.4084129
47.7712149, -118.4133171
47.7788282, -118.4140985
47.78736319999999, -118.4032575
47.797005, -118.403142
47.807579, -118.4055005
47.8139858, -118.4022053
47.8265137, -118.4008509
47.8293376, -118.4056671
47.83144670000001, -118.413414
47.855225, -118.403104
47.8603179, -118.4034234
47.871094, -118.403796
47.8781602, -118.4036917
47.88419649999999, -118.4023931
47.8882184, -118.3932161
47.9129785, -118.4042808
47.9134097, -118.402841
47.9226327, -118.4035541
47.92650099999999, -118.4053386
47.9386616, -118.4041468
47.9540949, -118.3930808
47.9602462, -118.3991554
47.968338, -118.4034608
47.9734887, -118.3975203
47.9861112, -118.4027613
47.9949954, -118.4042968
48.0041757, -118.403754
48.0089962, -118.4102712
48.0227099, -118.4059242
48.029744, -118.4070741
48.0404671, -118.4042324
48.0502512, -118.4033362
48.0581308, -118.4022286
48.06713329999999, -118.4035485
48.0731084, -118.3988973
48.0746212, -118.395418
48.0998884, -118.4099928
48.099909, -118.4099525
48.1158809, -118.39096
48.130057, -118.4038967
48.1389042, -118.3996998
48.14854709999999, -118.3998121
48.15711899999999, -118.4014736
48.1663301, -118.4030119
48.1724002, -118.403745
48.184091, -118.4050502
48.1940519, -118.4080792
48.19846769999999, -118.4100144
48.2180049, -118.4091726
48.2220423, -118.4067161
48.22879649999999, -118.4019016
48.2355506, -118.394344
48.2503213, -118.3945083
48.2572087, -118.398713
48.2645407, -118.4043123
48.2688374, -118.4067384
48.2899325, -118.399273
48.2920453, -118.4033907
48.2929134, -118.4060505
48.293305, -118.4086477
48.2933418, -118.4089788
48.29809290000001, -118.3798264
48.3537695, -118.3474713
48.4086538, -118.3740299
48.4306961, -118.3906972
48.43364829999999, -118.399118
48.4345794, -118.4036694
48.4377783, -118.4101443
48.4379506, -118.4108667
48.4771828, -118.3920429
48.48363020000001, -118.4076135
48.4909068, -118.4032391
48.49553179999999, -118.4068349
48.5071549, -118.4036705
48.5190652, -118.400547
48.52263689999999, -118.4041062
48.5413618, -118.401569
48.5429788, -118.4033365
48.5524154, -118.4027635
48.5524235, -118.4025421
48.5678006, -118.4260347
48.57455359999999, -118.4279381
48.5813006, -118.4326152
48.6147936, -118.387953
48.6184569, -118.3959985
48.6197644, -118.4003027
48.6214687, -118.4052067
48.631909, -118.3871898
48.6562887, -118.403313
48.6567981, -118.4049597
48.6588339, -118.4119566
48.6588965, -118.4121434
48.7002196, -118.4369628
48.7234391, -118.4338576
48.7426229, -118.3825402
48.7573253, -118.4021885
48.76085399999999, -118.4033586
48.7608642, -118.4028994
48.7811575, -118.3928815
48.7872272, -118.3985198
48.7967673, -118.4034671
48.805218, -118.3982331
48.8165534, -118.398076
48.8238458, -118.4033103
48.8296236, -118.4088295
48.844027, -118.396363
48.8508352, -118.4038839
48.8589743, -118.4030183
48.8693041, -118.4036579
48.8777824, -118.3982666
48.8796161, -118.3979847
48.8989568, -118.4067284
48.9036087, -118.4034947
48.9060823, -118.4069603
48.922539, -118.3904142
48.9435327, -118.3912982
48.94978159999999, -118.3983349
46.2124871, -118.3913894
46.2219906, -118.3894611
46.2269973, -118.383748
46.2426059, -118.4036975
46.25189719999999, -118.4001046
46.2594055, -118.3964841
46.26752219999999, -118.3951971
46.2749291, -118.3954721
46.2896864, -118.3868368
46.2909201, -118.3912114
46.30314569999999, -118.3873839
46.3119719, -118.3882476
46.3208785, -118.3870286
46.3273123, -118.3848009
46.3406732, -118.3978708
46.348307, -118.3900655
46.3509742, -118.3848169
46.3869383, -118.3878834
46.3869734, -118.388049
46.3932355, -118.3922771
46.3973497, -118.3949014
46.4133663, -118.3895312
46.4206813, -118.3950544
46.4297835, -118.3906993
46.4422325, -118.394008
46.44535579999999, -118.3877925
46.45615129999999, -118.3973752
46.4648176, -118.3892306
46.4684509, -118.3861545
46.4899884, -118.3901167
46.49003339999999, -118.3892735
46.5025402, -118.3771747
46.5136359, -118.399423
46.5163211, -118.3993299
46.5234174, -118.4010702
46.55503969999999, -118.4053312
46.56270989999999, -118.3928633
46.564525, -118.3909065
46.5684745, -118.3942707
46.5801664, -118.3703511
46.5885085, -118.371019
46.60507190000001, -118.3982757
46.608425, -118.3949283
46.6315961, -118.4121177
46.6409259, -118.4108795
46.6415903, -118.4106508
46.658396, -118.4110524
46.65918079999999, -118.4110909
46.67793529999999, -118.3787724
46.68339719999999, -118.384184
46.6900941, -118.3894733
46.6972962, -118.3913011
46.7113494, -118.3933308
46.71475179999999, -118.386966
46.7179156, -118.3809981
46.7203174, -118.3756411
46.7734812, -118.3884835
46.7807728, -118.3902926
46.7898155, -118.3871351
46.794348, -118.3926391
46.809869, -118.3895467
46.8098713, -118.389758
46.8244683, -118.3896152
46.8390075, -118.3896798
46.8390083, -118.3895564
46.853683, -118.3896137
46.8611324, -118.3995801
46.8683382, -118.3896221
46.879144, -118.3993365
46.8881605, -118.3991744
46.8971591, -118.3990109
46.906141, -118.39888
46.9132061, -118.3895941
46.9240717, -118.3967864
46.9330836, -118.3968356
46.94205789999999, -118.396835
46.9510255, -118.396872
46.95708010000001, -118.389584
46.9699339, -118.3905135
46.9716604, -118.3895518
46.9870538, -118.4075065
47.0010923, -118.3896881
47.0050854, -118.3863423
47.0157171, -118.3896841
47.0157251, -118.3892894
47.0406162, -118.395135
47.04207539999999, -118.3902406
47.0500955, -118.3865146
47.0591137, -118.3867431
47.0680956, -118.3869083
47.0770741, -118.3869799
47.0860661, -118.3869102
47.09508539999999, -118.3869249
47.1040853, -118.3869709
47.1119519, -118.3896033
47.1212656, -118.3873412
47.13082139999999, -118.3895362
47.140069, -118.3896122
47.1490793, -118.3873538
47.1580856, -118.3874033
47.1670694, -118.3874404
47.1760564, -118.3873798
47.1848819, -118.3870813
47.1939602, -118.3860439
47.2030264, -118.3857165
47.2120732, -118.3856311
47.2211115, -118.3857573
47.2301101, -118.3859214
47.2390725, -118.3859942
47.24966329999999, -118.3895285
47.257082, -118.38598
47.2607148, -118.3896105
47.2724935, -118.3800025
47.3062866, -118.3711875
47.3143193, -118.3748917
47.3225066, -118.3786653
47.3292055, -118.379406
47.3381317, -118.3794529
47.3479646, -118.389613
47.3624958, -118.3896867
47.3624963, -118.3895822
47.3758686, -118.3912998
47.3823544, -118.3884713
47.3919917, -118.4013522
47.4018817, -118.3905536
47.4067126, -118.3896931
47.4190625, -118.400498
47.4280716, -118.400467
47.43710859999999, -118.3999898
47.44614319999999, -118.3999393
47.455565, -118.3992656
47.4651795, -118.3896046
47.4733261, -118.3988225
47.4816806, -118.3988885
47.4940009, -118.3896091
47.4940009, -118.3896187
47.50909619999999, -118.3782378
47.5229076, -118.3895903
47.52631650000001, -118.3931656
47.5360532, -118.3894006
47.5430831, -118.386445
47.5562948, -118.3842174
47.5613194, -118.3919463
47.5724595, -118.4004857
47.5841685, -118.3985527
47.5900667, -118.3936683
47.5989588, -118.4001084
47.6129794, -118.3897366
47.612982, -118.3895082
47.6255483, -118.3940873
47.6355538, -118.3903999
47.6430793, -118.3896471
47.6531025, -118.3985322
47.6568396, -118.3985654
47.6781626, -118.3729302
47.6861026, -118.3816114
47.690091, -118.3882753
47.7026505, -118.3928957
47.7070574, -118.3874766
47.7146372, -118.3865438
47.7259834, -118.3776352
47.7365553, -118.3869562
47.7436619, -118.3947644
47.75163879999999, -118.3895108
47.761076, -118.3879242
47.76861359999999, -118.3851522
47.7789695, -118.3874862
47.7876171, -118.3884953
47.797313, -118.390096
47.80740489999999, -118.392046
47.8150501, -118.3895217
47.8248369, -118.398251
47.82634239999999, -118.4002115
47.8556013, -118.3903884
47.8556033, -118.3903614
47.8579398, -118.3868301
47.86612780000001, -118.3785579
47.8774094, -118.3897002
47.8890153, -118.3915759
47.89741000000001, -118.3856042
47.9044016, -118.3859329
47.9146718, -118.3903976
47.9211519, -118.3895548
47.9325224, -118.3911562
47.94448389999999, -118.38505
47.9592219, -118.3877694
47.96831050000001, -118.3931851
47.97521, -118.3894331
47.9815517, -118.3942942
47.9925486, -118.4025648
48.0057991, -118.402948
48.0063034, -118.4028496
48.0233699, -118.4055051
48.0400854, -118.388603
48.0402081, -118.3895733
48.0502745, -118.3896543
48.0522322, -118.3861203
48.0715873, -118.3998765
48.0755829, -118.3930885
48.11170749999999, -118.3866147
48.1127303, -118.3874343
48.1207263, -118.3893452
48.1298981, -118.3889636
48.1401154, -118.3913805
48.1487986, -118.3937157
48.1581695, -118.3903569
48.169953, -118.3844151
48.1725232, -118.3930779
48.2013733, -118.3813734
48.20403750000001, -118.3822783
48.2064233, -118.3816463
48.2243299, -118.385598
48.2288293, -118.3887433
48.2383581, -118.3910783
48.2453729, -118.3895579
48.25445089999999, -118.3891128
48.2623981, -118.397016
48.2741264, -118.3788859
48.2900918, -118.3970575
48.2917759, -118.3896548
48.29692259999999, -118.3820543
48.2980798, -118.3798628
48.2983997, -118.3787705
48.2985699, -118.3779274
48.3539408, -118.3475555
48.4083279, -118.3731328
48.4111387, -118.3761838
48.4211684, -118.3790699
48.4292575, -118.3874322
48.432843, -118.3941255
48.4334972, -118.3957072
48.4335791, -118.3960777
48.4815882, -118.3913086
48.490024, -118.390749
48.5007021, -118.3869455
48.5075043, -118.3898915
48.5155509, -118.3907637
48.533809, -118.385378
48.5355285, -118.389464
48.548049, -118.389061
48.5495277, -118.3911041
48.551145, -118.397378
48.5779066, -118.3689593
48.5779546, -118.3689674
48.5780019, -118.3689236
48.6108976, -118.3748457
48.6146963, -118.3874841
48.6160648, -118.389648
48.6247306, -118.3875037
48.6329921, -118.3863608
48.6395643, -118.3831538
48.6549373, -118.3891773
48.6555452, -118.391778
48.656217, -118.3951764
48.7423509, -118.3817732
48.7424616, -118.382152
48.75538390000001, -118.3881492
48.7618772, -118.39013
48.7705286, -118.3837587
48.77794129999999, -118.3904753
48.7847164, -118.3952124
48.7997986, -118.3972355
48.80803419999999, -118.390486
48.8137792, -118.3886703
48.8230205, -118.3896352
48.8237907, -118.3866652
48.8433566, -118.3956988
48.8494222, -118.389856
48.85916400000001, -118.3856112
48.8646651, -118.3894242
48.8801901, -118.3907619
48.8812387, -118.386699
48.8965131, -118.3857575
48.8996282, -118.3939797
48.9118343, -118.3897603
48.921976, -118.3898994
48.933072, -118.3863953
48.940087, -118.3898825
48.9492097, -118.3920828
46.2116062, -118.3755183
46.2273236, -118.3832677
46.2323206, -118.3770991
46.2381545, -118.3689292
46.2451176, -118.3646627
46.252303, -118.3593811
46.2675954, -118.3951849
46.27422420000001, -118.395214
46.2892929, -118.3854691
46.2996714, -118.3764915
46.2997144, -118.3755788
46.3122729, -118.3882267
46.3225647, -118.3861364
46.3398613, -118.3587483
46.3525173, -118.3767799
46.3571868, -118.377085
46.3660603, -118.3755131
46.3734282, -118.3722905
46.3898017, -118.375588
46.3910367, -118.3737481
46.3911553, -118.37337
46.4131352, -118.375838
46.41314029999999, -118.3761529
46.4320898, -118.3876563
46.4494404, -118.3806517
46.4555208, -118.374701
46.4684164, -118.3757862
46.4684219, -118.3761077
46.4904959, -118.3761135
46.4920778, -118.3759026
46.5014086, -118.3750909
46.5218, -118.3601264
46.5292265, -118.360606
46.5367855, -118.3623619
46.5394535, -118.3621454
46.56724630000001, -118.3749977
46.5672499, -118.3750247
46.5717033, -118.370922
46.5804927, -118.3702029
46.5893127, -118.3681688
46.6414377, -118.410639
46.6414957, -118.4106216
46.6759202, -118.3674681
46.6763421, -118.3692111
46.676969, -118.3716963
46.6801761, -118.3730715
46.68687389999999, -118.3673489
46.6959161, -118.3903818
46.7159072, -118.3848043
46.7192756, -118.3779838
46.7219908, -118.3719516
46.72491489999999, -118.3657303
46.73036279999999, -118.3568639
46.7710836, -118.3585991
46.7769556, -118.3740127
46.7781627, -118.3779368
46.7863653, -118.3849529
46.7920124, -118.3887988
46.80985949999999, -118.3758948
46.8161123, -118.3789615
46.8250945, -118.3787527
46.834094, -118.3786479
46.843098, -118.3785277
46.8520855, -118.378468
46.8610978, -118.3783372
46.868308, -118.3759346
46.8683092, -118.3760825
46.88281629999999, -118.3566838
46.8972774, -118.3990088
46.9132304, -118.3760022
46.9132311, -118.3758805
46.9132319, -118.3757588
46.9349818, -118.3649051
46.9423012, -118.3647912
46.957139, -118.375961
46.95713929999999, -118.3758786
46.97179269999999, -118.3759654
46.9717947, -118.3757668
46.9871726, -118.365716
47.0011282, -118.3759229
47.0011283, -118.3758919
47.01580269999999, -118.3759234
47.0158032, -118.37583
47.0259698, -118.3653947
47.0440159, -118.3867016
47.050023, -118.3865137
47.0597504, -118.3759081
47.0657526, -118.37539
47.07440709999999, -118.3759072
47.0860706, -118.3653917
47.0951137, -118.3654474
47.1040789, -118.3655211
47.1129855, -118.3758643
47.1220478, -118.3758502
47.1309611, -118.3760482
47.1377874, -118.37516
47.1491726, -118.3659047
47.1622225, -118.3760104
47.1622248, -118.3758012
47.1760142, -118.3659304
47.1850133, -118.365803
47.1944161, -118.386011
47.20584299999999, -118.375917
47.20584299999999, -118.3758795
47.2209966, -118.3857553
47.2350075, -118.3758786
47.2350076, -118.3759277
47.2495752, -118.3759046
47.2616671, -118.3832548
47.266103, -118.380346
47.2751333, -118.3759259
47.27522159999999, -118.3751996
47.2990115, -118.3649631
47.303987, -118.3697863
47.3115896, -118.373585
47.31953499999999, -118.375909
47.3290359, -118.3794014
47.3380608, -118.3794521
47.3479736, -118.3759082
47.3560628, -118.3800037
47.3651376, -118.3800011
47.3741406, -118.3796325
47.3849119, -118.3795452
47.3887262, -118.3732012
47.401083, -118.3791955
47.4101942, -118.3760803
47.414801, -118.3694341
47.4194202, -118.362766
47.4369085, -118.3572296
47.4459404, -118.3570787
47.46487279999999, -118.3743699
47.4649753, -118.3757574
47.4650863, -118.3772265
47.4941423, -118.3760028
47.4941426, -118.3759302
47.5000762, -118.3777113
47.5090756, -118.3782377
47.5180533, -118.3782928
47.5277281, -118.3778695
47.535296, -118.3727778
47.54508, -118.3743145
47.5519822, -118.3760282
47.56172979999999, -118.3739163
47.5635681, -118.3708338
47.5812055, -118.359903
47.5925132, -118.3686696
47.5985312, -118.3704136
47.612961, -118.3758711
47.6130651, -118.3770888
47.62807, -118.3763038
47.6392231, -118.3826535
47.6437885, -118.375938
47.6437906, -118.3759795
47.6714162, -118.3646016
47.6745092, -118.3693371
47.6804338, -118.3750718
47.6855228, -118.3806501
47.7049159, -118.3884714
47.7071969, -118.3874735
47.7160964, -118.3771189
47.7249121, -118.3767726
47.73347320000001, -118.3759793
47.7435276, -118.3782498
47.7517671, -118.3772159
47.759024, -118.374629
47.7702864, -118.3840503
47.7790849, -118.3770259
47.7896279, -118.3767874
47.7999246, -118.377543
47.8056537, -118.3700778
47.8154114, -118.3751633
47.81688219999999, -118.3751198
47.8546659, -118.3818322
47.8551504, -118.3805797
47.8584477, -118.378189
47.86937, -118.3768929
47.8780872, -118.376293
47.8825763, -118.3714576
47.8994866, -118.3746183
47.903773, -118.3733984
47.91314759999999, -118.3815004
47.9248264, -118.3805966
47.9284103, -118.3745885
47.9426683, -118.3762088
47.9500387, -118.3687444
47.9590065, -118.3758982
47.9698402, -118.3751105
47.9757938, -118.3750959
47.9885432, -118.3653906
47.9892464, -118.3652964
48.004034, -118.3559805
48.0252189, -118.369305
48.0319189, -118.3697004
48.04343129999999, -118.3841069
48.05160619999999, -118.3780356
48.0533534, -118.3730654
48.0567661, -118.3642556
48.10236279999999, -118.3662319
48.1059959, -118.3721069
48.1090068, -118.3769366
48.12226219999999, -118.3837099
48.130346, -118.376108
48.13867, -118.3759017
48.1496349, -118.3665959
48.1586211, -118.3769971
48.166165, -118.3758127
48.1740659, -118.373663
48.2028104, -118.3808296
48.210183, -118.3755136
48.2200922, -118.3755721
48.224609, -118.3780065
48.2362297, -118.3803342
48.2470434, -118.3759139
48.2560438, -118.3762584
48.26705320000001, -118.3741429
48.2737083, -118.3765337
48.2797932, -118.3747975
48.2944316, -118.3693912
48.29870090000001, -118.3759705
48.2987031, -118.37615
48.3598368, -118.3494323
48.4051629, -118.3617461
48.4069604, -118.3678166
48.4078434, -118.3712622
48.4093114, -118.3748446
48.4179811, -118.3778954
48.4257207, -118.3821979
48.4286515, -118.3859869
48.4327035, -118.3938983
48.4330734, -118.3945491
48.4820095, -118.3910208
48.49456499999999, -118.3794765
48.5000451, -118.3818539
48.51094550000001, -118.3781495
48.516362, -118.3760105
48.5163788, -118.3762723
48.5358135, -118.3826395
48.5472666, -118.3774631
48.5484662, -118.377423
48.557841, -118.3651358
48.5778632, -118.3688638
48.57803440000001, -118.3688173
48.6044491, -118.3614201
48.6101571, -118.3732131
48.615459, -118.376694
48.6204232, -118.3756367
48.6341295, -118.3743088
48.6392745, -118.3771972
48.6535701, -118.3768559
48.65432389999999, -118.3741863
48.6544324, -118.3791034
48.6558292, -118.365107
48.6988108, -118.3323586
48.71652049999999, -118.3403459
48.7172213, -118.3405353
48.7424216, -118.3795288
48.7424674, -118.3791992
48.7432844, -118.3772329
48.750446, -118.3781386
48.76023250000001, -118.3758611
48.7669474, -118.3801741
48.7737752, -118.3864214
48.78209709999999, -118.3934549
48.80168279999999, -118.3947788
48.8142782, -118.3796983
48.8143436, -118.3796684
48.8206043, -118.3823946
48.8237266, -118.3859545
48.8456534, -118.380123
48.8528324, -118.3761498
48.85719539999999, -118.3731994
48.8677307, -118.3796913
48.8785178, -118.3682927
48.88581869999999, -118.3756722
48.8936831, -118.3825234
48.91215889999999, -118.3828366
48.9128679, -118.3821646
48.923325, -118.3760716
48.9308541, -118.376235
48.9324647, -118.3795172
48.9526441, -118.3736832
46.2145731, -118.3621987
46.2148444, -118.3604092
46.2372252, -118.3600311
46.2375658, -118.3625193
46.2489495, -118.3618339
46.2566678, -118.3566659
46.2633603, -118.3529097
46.2718466, -118.3490432
46.2787484, -118.345485
46.3001152, -118.3617558
46.3001382, -118.3624136
46.3115052, -118.3578791
46.3216681, -118.3582119
46.3298973, -118.3590265
46.3395833, -118.3586883
46.3461441, -118.3539551
46.3570769, -118.3621965
46.3596869, -118.3574084
46.3734974, -118.3722199
46.3889788, -118.3691384
46.390063, -118.3700197
46.39475789999999, -118.3522761
46.4130465, -118.3623637
46.4130765, -118.3616114
46.4131065, -118.3608592
46.4451993, -118.3460167
46.4463855, -118.3466706
46.4592311, -118.371103
46.46610279999999, -118.364411
46.472288, -118.3583694
46.4905718, -118.3621997
46.4905718, -118.3621985
46.4993333, -118.3740684
46.5144233, -118.3561649
46.5208174, -118.3590373
46.5288844, -118.3604753
46.5370849, -118.3623354
46.55044119999999, -118.3483834
46.5697354, -118.3719963
46.5741338, -118.3692513
46.5837213, -118.363859
46.5912864, -118.3625718
46.5924214, -118.3592406
46.5962087, -118.3500491
46.5976214, -118.3465668
46.6758728, -118.3666461
46.67588019999999, -118.3665438
46.6758974, -118.3664226
46.6760875, -118.3656489
46.67732849999999, -118.3611277
46.6909609, -118.3648916
46.6985163, -118.3589315
46.70649179999999, -118.3553016
46.7170564, -118.3522702
46.7264183, -118.3625327
46.7305544, -118.3565567
46.7333162, -118.3509898
46.7693605, -118.3524757
46.77063709999999, -118.3570249
46.7717844, -118.3593654
46.7800611, -118.3584913
46.7888665, -118.357869
46.8017129, -118.3588748
46.8070995, -118.3632534
46.8152641, -118.3592256
46.8250452, -118.3576775
46.8340541, -118.3575434
46.8390547, -118.3622489
46.8521215, -118.3784678
46.8682604, -118.3621534
46.8682605, -118.3622102
46.879019, -118.3567739
46.9133161, -118.3622948
46.9133168, -118.3621753
46.9133176, -118.3620559
46.9425795, -118.3621974
46.9572181, -118.3623732
46.9572215, -118.3621175
46.97219279999999, -118.3656325
46.9780693, -118.3647371
46.9865551, -118.3621574
47.0011632, -118.3622323
47.0011634, -118.3621728
47.0158084, -118.3621966
47.0263883, -118.3633512
47.0268411, -118.3605532
47.0486212, -118.3647443
47.0495864, -118.361812
47.0597659, -118.3621968
47.068068, -118.3653159
47.07707569999999, -118.3653793
47.0860818, -118.3653916
47.0950684, -118.3654471
47.103545, -118.3621976
47.1130617, -118.3656165
47.1206894, -118.3601032
47.1336349, -118.3647718
47.13899929999999, -118.3611223
47.1490446, -118.3659021
47.1580638, -118.3659765
47.1670867, -118.3659927
47.1761035, -118.3659292
47.1851026, -118.3658017
47.19410610000001, -118.3656178
47.2031048, -118.3654639
47.2120932, -118.365356
47.2210928, -118.3652684
47.2301134, -118.3650596
47.2391245, -118.3648158
47.24809639999999, -118.3646598
47.2495713, -118.3646212
47.27585750000001, -118.3652107
47.2762233, -118.3626479
47.2846418, -118.3582074
47.2932805, -118.3605186
47.2999123, -118.3660558
47.3090083, -118.372401
47.3196639, -118.3622504
47.3290757, -118.358116
47.3339019, -118.3579862
