48.8838021, -123.7613904
48.8846151, -123.7634926
48.8926475, -123.756729
48.9043161, -123.7666132
48.9113526, -123.7658397
48.9252745, -123.7574652
48.9307753, -123.7628028
48.9389716, -123.7648661
48.9481598, -123.7647364
46.2058117, -123.7636299
46.2077843, -123.7662932
46.2753342, -123.7629101
46.2754783, -123.7625228
46.2756218, -123.7624468
46.2888938, -123.757824
46.2959464, -123.7534834
46.306113, -123.755036
46.3141984, -123.7516949
46.3213166, -123.7488243
46.3271828, -123.7469248
46.3390434, -123.7489259
46.3441792, -123.7501953
46.3566448, -123.7492032
46.3714755, -123.7501888
46.3733844, -123.7480012
46.3839253, -123.7365042
46.3854476, -123.7363687
46.4046671, -123.7306637
46.4190663, -123.7611687
46.4227277, -123.7540918
46.4291673, -123.7493958
46.4422144, -123.7441874
46.44771950000001, -123.7472675
46.4577053, -123.7478113
46.4655099, -123.7491065
46.4760758, -123.7526514
46.4831302, -123.7490075
46.4920978, -123.7486731
46.5007101, -123.7482824
46.5089154, -123.7456173
46.518238, -123.7484433
46.52776100000001, -123.7528776
46.5354762, -123.7477009
46.5482548, -123.7547167
46.5560646, -123.7558434
46.5622316, -123.7566948
46.5706904, -123.7540648
46.58097799999999, -123.7488031
46.5923211, -123.7439864
46.5981456, -123.7542391
46.6117302, -123.7530562
46.6169241, -123.7497595
46.6287981, -123.742366
46.64035759999999, -123.7523024
46.6451944, -123.7489824
46.6541363, -123.7485613
46.6611358, -123.7519659
46.6725442, -123.7489185
46.6810729, -123.7484261
46.6901476, -123.7495849
46.6954593, -123.7478798
46.7095285, -123.739901
46.7159197, -123.7484419
46.7281083, -123.7443615
46.7342974, -123.7474821
46.7445898, -123.747453
46.7536329, -123.7484884
46.76214100000001, -123.748419
46.77038659999999, -123.7472582
46.7795947, -123.7533231
46.7896907, -123.7490914
46.7986447, -123.7496847
46.8070119, -123.7487837
46.8184833, -123.7515624
46.8268484, -123.7500162
46.8314297, -123.7435138
46.8546318, -123.7474782
46.8547001, -123.7486198
46.8613691, -123.7499822
46.8688453, -123.7486987
46.8758157, -123.7515898
46.8895646, -123.7590197
46.8986476, -123.7506918
46.9039724, -123.7475395
46.9117334, -123.738114
46.9266316, -123.7468443
46.9330991, -123.7487954
46.9428586, -123.748636
46.9526583, -123.7528955
46.9563751, -123.7550245
46.97207849999999, -123.7434265
46.9785104, -123.7488275
46.9868739, -123.7490799
46.9917472, -123.7566811
47.0153448, -123.7512002
47.0155616, -123.750294
47.017332, -123.7451059
47.0174505, -123.7446287
47.0515447, -123.7708724
47.05384249999999, -123.7695244
47.059622, -123.768868
47.0692172, -123.7649915
47.0814266, -123.7535535
47.0834148, -123.7474514
47.085168, -123.7529241
47.109883, -123.7507265
47.1134351, -123.7504158
47.1234431, -123.7488958
47.131577, -123.7539258
47.1416227, -123.7488816
47.1490636, -123.7488373
47.1581228, -123.7485722
47.1652409, -123.7473067
47.17378790000001, -123.7385231
47.1955501, -123.7481684
47.2040163, -123.7473834
47.2071096, -123.7544531
47.2328966, -123.743665
47.23298820000001, -123.7440589
47.2394088, -123.7486283
47.2470267, -123.7477015
47.2559204, -123.750939
47.2661626, -123.7508117
47.2748839, -123.7487619
47.2837677, -123.7521952
47.2936155, -123.7484735
47.300382, -123.751688
47.3115221, -123.74691
47.3213796, -123.7513405
47.3251088, -123.7457451
47.33900200000001, -123.750835
47.3435694, -123.7466654
47.3575501, -123.7519524
47.365134, -123.748926
47.37553519999999, -123.7531864
47.3851062, -123.7502103
47.3925995, -123.7490318
47.4004955, -123.7461806
47.40958120000001, -123.7479428
47.4185782, -123.7475841
47.42759299999999, -123.7496316
47.443143, -123.7537699
47.4461549, -123.749357
47.4506796, -123.7434521
47.4563456, -123.7333362
47.457076, -123.732106
47.4573956, -123.7311816
47.5031689, -123.7810999
47.5105769, -123.7763213
47.5198538, -123.7696977
47.526793, -123.7507079
47.5273206, -123.7493634
47.5370658, -123.7488146
47.5371362, -123.7499012
47.5373642, -123.7455618
47.6076839, -123.8125384
48.0554403, -123.7092109
48.05805789999999, -123.7832546
48.0601195, -123.7796676
48.0687528, -123.7350014
48.0701769, -123.7388136
48.0793292, -123.7496179
48.0880732, -123.7464417
48.090139, -123.7498473
48.0936072, -123.7401068
48.114686, -123.750896
48.1180374, -123.7481257
48.1304806, -123.748107
48.1401419, -123.7489261
48.14844919999999, -123.749134
48.1517287, -123.7507236
48.1615239, -123.7346002
48.3390376, -123.7135502
48.3545183, -123.7338775
48.3568372, -123.7421894
48.3590554, -123.7495385
48.362561, -123.7526051
48.3730162, -123.7489175
48.381172, -123.7524479
48.3927712, -123.7488396
48.40019, -123.7485086
48.4079977, -123.7457202
48.417882, -123.7476077
48.4270641, -123.7505192
48.4357596, -123.7531155
48.444901, -123.7401348
48.45416840000001, -123.7395966
48.4634151, -123.7410997
48.46417599999999, -123.7409443
48.4758275, -123.7298815
48.5006977, -123.7483708
48.50070729999999, -123.7486309
48.5027331, -123.7527826
48.5181544, -123.7485995
48.5191956, -123.7528241
48.5411825, -123.7528507
48.5430879, -123.7478993
48.5444401, -123.7454649
48.5562699, -123.7724431
48.5786153, -123.7611945
48.58155989999999, -123.7600401
48.5903095, -123.7484185
48.5917357, -123.7433677
48.6080263, -123.7481923
48.6145994, -123.7547537
48.6303464, -123.7589552
48.63523439999999, -123.7494393
48.6431276, -123.7488141
48.6536701, -123.7523657
48.6630123, -123.7505814
48.6695402, -123.748846
48.6698829, -123.7465884
48.6953416, -123.7537106
48.6971861, -123.753284
48.7051048, -123.7444262
48.7151018, -123.7488583
48.7213097, -123.7477052
48.73109840000001, -123.7509479
48.7425374, -123.7485386
48.7491791, -123.7495024
48.7573319, -123.7528984
48.7776152, -123.7528182
48.7784388, -123.7491052
48.78699779999999, -123.7479246
48.7957777, -123.7489469
48.8031041, -123.7489672
48.8130202, -123.7474765
48.8216104, -123.7409427
48.8322465, -123.7423653
48.8416623, -123.7454486
48.8466747, -123.7509374
48.8616756, -123.755473
48.8652256, -123.7539412
48.8845604, -123.7471909
48.8955715, -123.7535855
48.9025004, -123.7476757
48.9128342, -123.7484204
48.9219829, -123.7499819
48.92894949999999, -123.7531834
48.9406295, -123.7480428
48.9495462, -123.7489983
46.2894139, -123.7574886
46.3096098, -123.7362159
46.3111517, -123.7341867
46.32066649999999, -123.73862
46.3347366, -123.7438541
46.3380516, -123.7406819
46.3456963, -123.7353117
46.3573124, -123.7352
46.3688411, -123.7359576
46.3741755, -123.7356588
46.3841039, -123.7364967
46.3952323, -123.7289319
46.4030093, -123.7301702
46.410842, -123.7298553
46.4153643, -123.7263979
46.4291147, -123.7299444
46.4382672, -123.7366749
46.44627029999999, -123.7322867
46.45675929999999, -123.7354624
46.4621323, -123.7297869
46.472532, -123.7331923
46.4835685, -123.7334687
46.4918263, -123.7347036
46.5023404, -123.7362617
46.5094785, -123.7338986
46.519102, -123.7352721
46.5277687, -123.7349473
46.5373216, -123.735438
46.5412701, -123.7337029
46.5585209, -123.7237573
46.5643685, -123.7304056
46.57391399999999, -123.7368678
46.581317, -123.7335266
46.5905208, -123.7364372
46.5996517, -123.7347416
46.611204, -123.7376172
46.6194019, -123.7420835
46.62732279999999, -123.7414331
46.633025, -123.7385894
46.64499300000001, -123.7384803
46.6534835, -123.7388363
46.6630867, -123.7347415
46.6707957, -123.7378255
46.6810029, -123.7352058
46.6888306, -123.7352469
46.70035739999999, -123.7351398
46.7078166, -123.7351244
46.7188367, -123.7356644
46.7261128, -123.7328811
46.73961480000001, -123.7369088
46.7426649, -123.7347247
46.7587029, -123.735992
46.7621579, -123.7355644
46.7701425, -123.7350484
46.7795213, -123.7341881
46.7890946, -123.7359262
46.7980499, -123.7351933
46.807612, -123.7366624
46.8154591, -123.7343809
46.8272302, -123.7342098
46.8303812, -123.7386394
46.8425728, -123.7193927
46.85637260000001, -123.7383019
46.8611072, -123.7343914
46.8697361, -123.7315275
46.8799122, -123.7362707
46.8819606, -123.7313391
46.9033701, -123.7338727
46.904203, -123.7361895
46.9146384, -123.7351212
46.92269899999999, -123.7364532
46.9323142, -123.7337062
46.9421696, -123.7352287
46.9428178, -123.7369827
46.9641034, -123.7316283
46.9706772, -123.7350834
46.9801022, -123.7404244
46.98343329999999, -123.7375852
47.0138144, -123.7364458
47.0142759, -123.7357183
47.0172659, -123.7432673
47.0174145, -123.7436699
47.0191277, -123.7207423
47.0540934, -123.7694524
47.0838311, -123.7459391
47.0850726, -123.7431946
47.0876895, -123.7374317
47.0887594, -123.7348856
47.11014, -123.7439536
47.123281, -123.7395134
47.1423168, -123.7468839
47.1510834, -123.7482469
47.1565972, -123.7481943
47.1688199, -123.7366014
47.1751016, -123.7362005
47.1921958, -123.7293485
47.1940763, -123.7334094
47.1972751, -123.737714
47.204391, -123.7478053
47.229355, -123.7336969
47.2299993, -123.7353364
47.23892499999999, -123.737103
47.2482453, -123.7296537
47.2554281, -123.7328722
47.2660046, -123.7350835
47.2752333, -123.73526
47.2840883, -123.7355673
47.2935139, -123.7309282
47.2976322, -123.7364559
47.3096411, -123.7366111
47.3200395, -123.7352369
47.32695229999999, -123.7340752
47.3356913, -123.7415284
47.3482257, -123.7355823
47.3588142, -123.7321702
47.3648019, -123.7350558
47.3736115, -123.7369237
47.3840919, -123.7393726
47.38682319999999, -123.7382595
47.4049073, -123.7320202
47.4093299, -123.736468
47.4198557, -123.7315337
47.427893, -123.7349195
47.4298583, -123.734149
47.4520121, -123.7397055
47.4548704, -123.7348315
47.4574527, -123.731008
47.45766099999999, -123.7297337
47.4724419, -123.7050579
47.4764651, -123.7014872
47.5285336, -123.7352261
47.5285336, -123.7352331
47.5285337, -123.73524
47.5285337, -123.7352469
47.5373854, -123.7337871
47.5380415, -123.7348072
48.0514368, -123.7012547
48.0554983, -123.709294
48.06863329999999, -123.734046
48.0687259, -123.7347867
48.0811275, -123.7368374
48.084626, -123.7337575
48.0927889, -123.7394072
48.1053986, -123.7255968
48.1142438, -123.7365504
48.1210116, -123.7352982
48.1332434, -123.7328784
48.13768760000001, -123.736591
48.1483749, -123.735071
48.15722539999999, -123.7326364
48.35495, -123.7341051
48.3641423, -123.7352875
48.3728841, -123.7355058
48.3821217, -123.7352761
48.3906557, -123.7359973
48.4015537, -123.7390159
48.4100173, -123.7440468
48.4186311, -123.7432936
48.42630279999999, -123.7426701
48.4368677, -123.7404119
48.4451777, -123.7401221
48.45431989999999, -123.7351442
48.46442589999999, -123.7374061
48.472036, -123.7304078
48.47626529999999, -123.7293991
48.4973509, -123.7323654
48.49820099999999, -123.7355906
48.5091371, -123.7332042
48.5132923, -123.7387296
48.5172623, -123.7467286
48.5441362, -123.7420712
48.5661654, -123.715973
48.5739487, -123.7189368
48.5865428, -123.7330426
48.5886359, -123.7361596
48.5986536, -123.7328805
48.6069305, -123.7329456
48.6159887, -123.7353234
48.6203633, -123.7367048
48.632784, -123.7327892
48.6436328, -123.7358533
48.6503975, -123.7324411
48.66504459999999, -123.7386812
48.6700784, -123.7345996
48.6723224, -123.7335906
48.6885764, -123.7254241
48.6978987, -123.7352517
48.7058934, -123.7388352
48.7149503, -123.7374092
48.723538, -123.7356859
48.7361323, -123.7390177
48.7447644, -123.7351721
48.7475564, -123.7345823
48.757588, -123.733776
48.767278, -123.7333329
48.7803531, -123.7346894
48.788085, -123.7358607
48.7957767, -123.7352501
48.80504089999999, -123.7367639
48.8142267, -123.7352422
48.82318370000001, -123.7347145
48.831332, -123.7356714
48.8399957, -123.7300696
48.843517, -123.728531
48.8691155, -123.7331064
48.86923770000001, -123.733272
48.8702974, -123.7335492
48.885866, -123.7355857
48.8966532, -123.7306348
48.9043066, -123.7329198
48.91288429999999, -123.7351938
48.9200092, -123.7350363
48.9309965, -123.7352487
48.93941359999999, -123.7408887
48.944491, -123.7441491
46.2724886, -123.677954
46.2728111, -123.6783625
46.3028263, -123.719626
46.3028369, -123.7197381
46.30338440000001, -123.7205366
46.3113714, -123.7169888
46.3192299, -123.7206856
46.334387, -123.7129176
46.3393335, -123.7204466
46.3495037, -123.7178303
46.3596473, -123.7216731
46.3676697, -123.7218707
46.374932, -123.721147
46.3840487, -123.7215619
46.3937845, -123.7222251
46.4015363, -123.7218129
46.4118124, -123.7227046
46.4193167, -123.7200549
46.4258986, -123.7243814
46.4413318, -123.729701
46.4487186, -123.724484
46.4559241, -123.7241328
46.4650346, -123.7214459
46.471574, -123.7219703
46.48282529999999, -123.7258069
46.4940904, -123.7259695
46.50223099999999, -123.7178373
46.50683859999999, -123.7201165
46.5189806, -123.7215413
46.5270364, -123.7204806
46.5374492, -123.7212383
46.5449524, -123.7213862
46.5550414, -123.7214285
46.5628648, -123.7235157
46.5737898, -123.7284511
46.5820429, -123.7215898
46.5910251, -123.7189878
46.59818190000001, -123.7228737
46.6091099, -123.7217801
46.6122233, -123.7194392
46.6322953, -123.7093761
46.6380957, -123.7175558
46.6448223, -123.7186446
46.6540308, -123.723738
46.6627482, -123.7210044
46.6720688, -123.7212137
46.6799299, -123.722284
46.6883328, -123.7230215
46.6963167, -123.7222228
46.7076356, -123.7266165
46.7162352, -123.720206
46.7259773, -123.7211985
46.734077, -123.7199254
46.7455331, -123.722314
46.7464342, -123.7186687
46.7649723, -123.7213682
46.7723688, -123.7200228
46.7785735, -123.7214765
46.7884853, -123.71935
46.7980978, -123.7213275
46.8105221, -123.7212324
46.8158402, -123.721481
46.8271144, -123.7237926
46.8336212, -123.7198478
46.8428252, -123.7193587
46.8507786, -123.7168879
46.8569638, -123.7120037
46.8714777, -123.7307422
46.8784916, -123.7207931
46.8878097, -123.7228115
46.89585, -123.7242943
46.9066634, -123.7242408
46.91661999999999, -123.7205626
46.9238271, -123.7188241
46.9322168, -123.7239139
46.9402059, -123.721947
46.9411614, -123.7275743
46.96208559999999, -123.722089
46.9698044, -123.7209358
46.9785287, -123.7241781
46.9865123, -123.721166
46.9870514, -123.7200601
47.0158909, -123.7264244
47.01658159999999, -123.7245322
47.0193879, -123.7197677
47.0197318, -123.7180306
47.044965, -123.6971813
47.0508316, -123.6992266
47.052443, -123.699325
47.0783247, -123.6997166
47.0875213, -123.7216767
47.0875227, -123.7216232
47.09099330000001, -123.7143947
47.1023015, -123.7071231
47.1083742, -123.7043575
47.1343045, -123.7195845
47.1394256, -123.7189436
47.14787990000001, -123.718279
47.1513595, -123.712891
47.17184719999999, -123.7157555
47.1760148, -123.7215934
47.184549, -123.7206231
47.1941859, -123.7216315
47.1982357, -123.7188004
47.205839, -123.712992
47.222387, -123.7160183
47.23009829999999, -123.7214417
47.238557, -123.7239102
47.2476804, -123.7230457
47.25843099999999, -123.721274
47.2647771, -123.7261353
47.279381, -123.7252765
47.2838489, -123.7212664
47.2922029, -123.720226
47.2985558, -123.7227557
47.3082387, -123.7170546
47.3186993, -123.7251389
47.32945290000001, -123.7208481
47.3375166, -123.7214611
47.3472368, -123.7232776
47.3558675, -123.7219526
47.3641096, -123.7257081
47.3724022, -123.7158943
47.3836231, -123.7265605
47.3919215, -123.7212661
47.3976599, -123.7157816
47.4124876, -123.727851
47.4210528, -123.7201322
47.4281125, -123.7214462
47.4314893, -123.7225177
47.4580107, -123.723029
47.45809089999999, -123.7223823
47.46134139999999, -123.7166118
47.4661354, -123.7097824
47.4760423, -123.7017972
47.476547, -123.7013581
47.4783073, -123.6975693
47.5286251, -123.7213779
47.5286254, -123.7214531
47.5286256, -123.7215284
47.5361551, -123.7215492
47.5361702, -123.7212319
47.536297, -123.7240688
47.5380134, -123.7345795
47.55446269999999, -123.6732956
48.05580459999999, -123.7093045
48.0687298, -123.722061
48.0761321, -123.7216996
48.08587139999999, -123.7198272
48.09085100000001, -123.7283538
48.1060093, -123.7196495
48.1118714, -123.7216601
48.1211332, -123.7167774
48.1300372, -123.7221377
48.1391126, -123.7215159
48.1503479, -123.7207914
48.1580789, -123.7212858
48.1586952, -123.7251022
48.165901, -123.7043458
48.1659375, -123.7042265
48.3445879, -123.7115076
48.3567511, -123.7266143
48.3648511, -123.7147991
48.3742175, -123.7220263
48.38188239999999, -123.7214324
48.3904068, -123.7229027
48.4001357, -123.7216244
48.4109011, -123.7169697
48.41782300000001, -123.7173814
48.4252653, -123.7159094
48.437319, -123.7160987
48.44449669999999, -123.7231248
48.4529723, -123.7328798
48.4688652, -123.7318307
48.4772921, -123.7222612
48.4810465, -123.7183843
48.4898456, -123.7172787
48.4991158, -123.7213621
48.5066916, -123.7249328
48.5169903, -123.7220279
48.5228864, -123.7143633
48.5384442, -123.7146795
48.54582019999999, -123.7183711
48.5512065, -123.718454
48.56495779999999, -123.7151079
48.5721114, -123.7181355
48.5799655, -123.7218897
48.588842, -123.7233106
48.5981743, -123.7212949
48.6077393, -123.7200603
48.6155859, -123.7221744
48.6324276, -123.7264692
48.6347233, -123.7227914
48.6449289, -123.7186701
48.6494412, -123.7202652
48.6606879, -123.7235203
48.6692608, -123.7216768
48.6841653, -123.7210755
48.6889271, -123.7201833
48.6967981, -123.7224496
48.7059017, -123.7224411
48.7143709, -123.72426
48.7235013, -123.7205737
48.7324424, -123.7216008
48.7452343, -123.7224726
48.7487143, -123.7226005
48.7589332, -123.7207154
48.7703441, -123.7236603
48.7796205, -123.7213416
48.7871083, -123.7215552
48.7960364, -123.7215873
48.8050655, -123.7224179
48.8155011, -123.7224049
48.823152, -123.7216548
48.832079, -123.718181
48.8411054, -123.7181288
48.8500199, -123.7228822
48.8583169, -123.7170195
48.86780419999999, -123.7223463
48.8802743, -123.7168716
48.8845296, -123.7231979
48.8959556, -123.7208695
48.9041711, -123.7213443
48.91323329999999, -123.7217336
48.9217457, -123.7206001
48.9304297, -123.7241803
48.9333288, -123.727473
48.9446467, -123.7024562
46.1893159, -123.7496683
46.270138, -123.6740846
46.27426759999999, -123.6791523
46.2747571, -123.6792564
46.3027335, -123.7159323
46.3028151, -123.7157267
46.3032475, -123.7153693
46.3143059, -123.7076148
46.31949720000001, -123.7075851
46.3281715, -123.7089397
46.3390839, -123.7078215
46.34615489999999, -123.7132841
46.352621, -123.711757
46.3658942, -123.7081732
46.3750473, -123.7079374
46.3838578, -123.7063836
46.39307429999999, -123.7078306
46.4023274, -123.7065309
46.4101161, -123.7078786
46.4201953, -123.7078316
46.4231859, -123.708179
46.43401979999999, -123.6942466
46.4544902, -123.7026036
46.4563339, -123.7054623
46.4637197, -123.7095218
46.4752634, -123.7054049
46.48294869999999, -123.7082413
46.4914923, -123.7083245
46.4981376, -123.707707
46.5109828, -123.7043917
46.5197718, -123.7072887
46.52901420000001, -123.7081289
46.5359129, -123.7102623
46.54610410000001, -123.7082847
46.5551789, -123.7076962
46.5640937, -123.7078516
46.5725521, -123.7097479
46.5807054, -123.7053262
46.5898748, -123.7151051
46.5992736, -123.7160013
46.6107002, -123.7070097
46.617763, -123.7067322
46.6272432, -123.7049167
46.6349686, -123.7109382
46.6486756, -123.7128152
46.6567903, -123.7107481
46.6595826, -123.7060092
46.6740407, -123.7074685
46.6780178, -123.7073606
46.6899063, -123.7085034
46.6988074, -123.7090828
46.707439, -123.705972
46.7146487, -123.7082396
46.7273781, -123.7063873
46.7370761, -123.7078455
46.7426356, -123.710507
46.7514472, -123.7069523
46.7641426, -123.6968953
46.7703667, -123.7086183
46.7800381, -123.7080258
46.7920566, -123.7110099
46.7988006, -123.7092038
46.8063271, -123.7088271
46.8133249, -123.7089258
46.8206829, -123.706485
46.8397763, -123.7116214
46.8424697, -123.7073734
46.8541545, -123.7143908
46.8608487, -123.7067479
46.8703192, -123.7082564
46.87940589999999, -123.7062985
46.8886782, -123.7086744
46.8961417, -123.7120956
46.9095508, -123.707884
46.9140488, -123.7133259
46.9268852, -123.7098009
46.9305196, -123.7068483
46.9383464, -123.7092047
46.9592687, -123.70037
46.9641743, -123.7082833
46.96960230000001, -123.7078384
46.9782121, -123.7016363
46.9857277, -123.7076391
46.9857351, -123.7075287
47.0155532, -123.7051264
47.0158232, -123.7073661
47.0226638, -123.7033234
47.0310423, -123.6986988
47.0427624, -123.696444
47.0506621, -123.6992064
47.06547690000001, -123.6935792
47.0789929, -123.700161
47.0872734, -123.7028789
47.0955458, -123.7101794
47.10309669999999, -123.7064227
47.1115062, -123.7019604
47.12022289999999, -123.6955199
47.1349197, -123.7185576
47.1440981, -123.7163888
47.1520746, -123.7116898
47.1564607, -123.7052381
47.16927399999999, -123.7080027
47.1704822, -123.7124273
47.1873886, -123.7166661
47.1958102, -123.7135277
47.2028975, -123.7070749
47.2119748, -123.7068767
47.2199184, -123.7061167
47.22991460000001, -123.7072004
47.2394161, -123.7131873
47.249061, -123.712989
47.25783510000001, -123.7133525
47.261282, -123.713698
47.2828911, -123.6989823
47.2837008, -123.6994463
47.2950076, -123.7160672
47.29832649999999, -123.7153919
47.3128941, -123.7083178
47.3198259, -123.705514
47.3291982, -123.7078603
47.339109, -123.7097876
47.3461734, -123.7117744
47.3559877, -123.7070684
47.3648743, -123.7039098
47.37523909999999, -123.7125835
47.38276889999999, -123.7075277
47.389287, -123.7034835
47.40108499999999, -123.7079532
47.4090346, -123.7107396
47.4224772, -123.7081834
47.427687, -123.707067
47.4313653, -123.7015339
47.4587424, -123.7199774
47.4609588, -123.7170766
47.4654003, -123.710454
47.47235269999999, -123.7051099
47.4767134, -123.7010957
47.478485, -123.6971551
47.4800099, -123.693428
47.5280731, -123.7056204
47.5285163, -123.707397
47.5370869, -123.7084958
47.537208, -123.7078345
47.5540335, -123.6736954
47.5614233, -123.6638856
47.9864186, -123.6524992
48.0566176, -123.7070155
48.067427, -123.7077146
48.0760874, -123.7077571
48.0843742, -123.7082749
48.097916, -123.6993053
48.1051122, -123.7071598
48.1153592, -123.7091034
48.1209729, -123.7084703
48.12911829999999, -123.708478
48.1390793, -123.7076897
48.1477924, -123.7084281
48.15631440000001, -123.7076987
48.1659386, -123.7042138
48.1659465, -123.7041251
48.3407358, -123.7085289
48.3460988, -123.7079296
48.35558109999999, -123.7081759
48.36535500000001, -123.7057321
48.37149729999999, -123.7067534
48.3826725, -123.7080037
48.391129, -123.7092163
48.4001835, -123.7093894
48.4094498, -123.7071077
48.4175804, -123.7124077
48.4278655, -123.7118758
48.43473119999999, -123.7144883
48.4415385, -123.7181488
48.4453909, -123.7241253
48.4697161, -123.7310121
48.47899460000001, -123.7186719
48.4830793, -123.717238
48.4932362, -123.7029403
48.497079, -123.7042282
48.5122319, -123.709622
48.5179427, -123.7057759
48.5262851, -123.7068935
48.5350338, -123.7079457
48.544514, -123.7150517
48.5538628, -123.7100377
48.5617482, -123.7089077
48.5706947, -123.7081809
48.5786588, -123.7109138
48.58924649999999, -123.7100229
48.60001949999999, -123.7039586
48.6067806, -123.7055558
48.61927840000001, -123.704142
48.6349035, -123.7071873
48.6418129, -123.7072515
48.6518779, -123.7075723
48.6613074, -123.7042495
48.6708694, -123.7086102
48.67928269999999, -123.7077307
48.6859647, -123.7103767
48.6961243, -123.7178422
48.7073811, -123.7076733
48.7110666, -123.7083653
48.7256243, -123.7092285
48.7336249, -123.707772
48.7419893, -123.6990255
48.75041479999999, -123.7074126
48.7609552, -123.7067225
48.7684169, -123.7088348
48.7780765, -123.708289
48.7871232, -123.7077839
48.7950315, -123.7138911
48.803802, -123.7098849
48.8129737, -123.7077724
48.823457, -123.709914
48.834015, -123.71054
48.8411865, -123.7066399
48.8512396, -123.7064777
48.8591802, -123.7081362
48.8681159, -123.7110452
48.87707870000001, -123.7075879
48.8849915, -123.7065886
48.8933066, -123.711607
48.9061701, -123.7079912
48.9127502, -123.7080086
48.9225984, -123.7035701
48.9309267, -123.7075582
48.9394245, -123.7052868
48.9474756, -123.7009324
46.17442, -123.679498
46.26738719999999, -123.6691608
46.2674483, -123.6692662
46.2713297, -123.6760415
46.2823031, -123.6777601
46.2945146, -123.6795115
46.3077463, -123.7011748
46.31239069999999, -123.6962234
46.3215609, -123.691802
46.3300717, -123.6942945
46.3390903, -123.6942022
46.3478266, -123.6914165
46.3555936, -123.6893914
46.3664595, -123.6934113
46.3773308, -123.6959377
46.3858368, -123.6951456
46.3941516, -123.6939268
46.402511, -123.6951971
46.4082112, -123.693244
46.4209339, -123.6953921
46.4291012, -123.6921365
46.4357534, -123.6909002
46.44697379999999, -123.6937919
46.4548227, -123.6929333
46.4654672, -123.6914979
46.4737231, -123.6952349
46.4772598, -123.7001431
46.4916701, -123.6946884
46.504766, -123.6930126
46.5106949, -123.6921501
46.51913760000001, -123.6941899
46.5314683, -123.6973904
46.536057, -123.6940505
46.54765, -123.6968098
46.5550509, -123.6941152
46.56523420000001, -123.6981877
46.5708654, -123.6942156
46.5824483, -123.6900552
46.5910377, -123.6940614
46.5985892, -123.6890921
46.6143895, -123.6996512
46.61863169999999, -123.6978872
46.6269162, -123.693594
46.6367677, -123.7006064
46.64557139999999, -123.696006
46.6516504, -123.6937652
46.6630779, -123.6954504
46.6720796, -123.6941455
46.680298, -123.699929
46.6907161, -123.6942443
46.6974443, -123.6937326
46.7078894, -123.702836
46.7216231, -123.6958355
46.7259745, -123.6946611
46.737253, -123.6925302
46.7441662, -123.6933206
46.7535931, -123.6948448
46.7623556, -123.6948316
46.7706561, -123.6933696
46.7774437, -123.6922217
46.7887155, -123.6934581
46.7984758, -123.6942365
46.807406, -123.6951236
46.8187917, -123.6960018
46.8217781, -123.6923274
46.8438008, -123.6992642
46.8447064, -123.6976444
46.85205879999999, -123.6940147
46.8599373, -123.6934083
46.8675656, -123.6983228
46.8792303, -123.6925438
46.8898089, -123.6938954
46.89446969999999, -123.6916991
46.9057955, -123.6941805
46.908997, -123.686678
46.92903, -123.6989173
46.9323002, -123.6936965
46.9344997, -123.6943022
46.9590735, -123.6978153
46.9607989, -123.6940413
46.9695957, -123.6941306
46.9748859, -123.6940126
46.9841488, -123.6969702
47.00374559999999, -123.6855335
47.0074128, -123.6897297
47.0137407, -123.6946094
47.0236659, -123.69416
47.03261, -123.6981696
47.04083019999999, -123.6957561
47.0510552, -123.6913537
47.0592844, -123.6933381
47.067909, -123.6926525
47.07734079999999, -123.6941162
47.0871811, -123.695732
47.0932787, -123.6908132
47.1054105, -123.7039065
47.1154519, -123.698263
47.1220232, -123.693978
47.1317674, -123.6933057
47.1359138, -123.6891972
47.1443269, -123.6844661
47.161779, -123.6986979
47.1647302, -123.6997952
47.1676963, -123.7026457
47.1956628, -123.6779973
47.2064601, -123.7013761
47.211715, -123.698572
47.2217022, -123.6959035
47.2306383, -123.6953636
47.23665889999999, -123.6981584
47.2367329, -123.6982664
47.2627971, -123.6782286
47.2681747, -123.6795724
47.2784345, -123.691463
47.28410849999999, -123.6941101
47.2954227, -123.6911887
47.3024739, -123.6896244
47.30995530000001, -123.6889458
47.323735, -123.6956288
47.3289701, -123.6957156
47.3380073, -123.6942487
47.34676839999999, -123.6942179
47.3544152, -123.6922329
47.36316, -123.6952285
47.3770905, -123.6921454
47.3807701, -123.6938238
47.39428580000001, -123.698119
47.401048, -123.693843
47.4100057, -123.6957449
47.41792239999999, -123.7009323
47.4270407, -123.6927456
47.4339486, -123.6924663
47.4381034, -123.6840011
47.4650689, -123.7108665
47.4672774, -123.7079927
47.4777297, -123.6985551
47.4801009, -123.6931416
47.4832907, -123.6849309
47.4850872, -123.6804464
47.5286118, -123.7011505
47.5293266, -123.6948847
47.5293423, -123.6945298
47.53548929999999, -123.6940468
47.5354935, -123.6939016
47.5505176, -123.6748009
47.5542349, -123.6735459
47.5546966, -123.6728882
47.5758922, -123.6479225
47.986503, -123.652413
48.0533144, -123.6924444
48.0590106, -123.6940962
48.06556399999999, -123.693985
48.077312, -123.6941589
48.0862124, -123.692811
48.09618380000001, -123.6934927
48.1033373, -123.6949852
48.1112812, -123.6935472
48.1244689, -123.6961573
48.130019, -123.6937985
48.1338911, -123.6941059
48.150181, -123.6944334
48.158349, -123.700041
48.16515649999999, -123.6977441
48.16526090000001, -123.6981579
48.1653365, -123.6986079
48.1653844, -123.6990584
48.344313, -123.7069216
48.35444469999999, -123.7021852
48.3641514, -123.6900163
48.37363120000001, -123.6942685
48.3823674, -123.6929696
48.390475, -123.696455
48.4000731, -123.6941489
48.4055904, -123.7017342
48.4165103, -123.6935316
48.4182377, -123.6900346
48.429889, -123.7120267
48.4401853, -123.7169511
48.4418107, -123.7184519
48.4838749, -123.6827749
48.48393189999999, -123.6829998
48.4844843, -123.6835422
48.4909578, -123.6933469
48.50010779999999, -123.6948067
48.5100652, -123.6924164
48.5168282, -123.695026
48.5260588, -123.6978038
48.5344529, -123.6977377
48.5432242, -123.6942628
48.5526709, -123.6933415
48.5622234, -123.6993159
48.57326820000001, -123.6943688
48.5788673, -123.6936956
48.5897467, -123.6887244
48.5979547, -123.6955541
48.6070007, -123.6948807
48.6160268, -123.6928278
48.6177474, -123.6973319
48.632974, -123.6900736
48.6434353, -123.6956799
48.6549253, -123.6953929
48.6593799, -123.6978236
48.6719958, -123.6952176
48.67897840000001, -123.696252
48.6909064, -123.6934963
48.6967444, -123.6959557
48.7040901, -123.6984909
48.71554400000001, -123.6951253
48.7240684, -123.694585
48.734393, -123.6926385
48.7421885, -123.6946576
48.7510373, -123.69383
48.7600527, -123.6941323
48.7686437, -123.6941216
48.7777779, -123.6936912
48.78813470000001, -123.6935236
48.7958394, -123.6941136
48.8038242, -123.6930855
48.8156658, -123.6950864
48.8232207, -123.6932819
48.8323224, -123.6937323
48.8408719, -123.6942961
48.84782089999999, -123.695994
48.8604636, -123.6948256
48.8678895, -123.6938185
48.8771093, -123.6941876
48.8853984, -123.6963093
48.89516680000001, -123.6938775
48.905461, -123.695641
48.9109962, -123.6984091
48.9216041, -123.7033674
48.935361, -123.7018944
48.94063670000001, -123.6947805
48.9503059, -123.6994077
46.1749002, -123.675849
46.2673541, -123.6690299
46.271041, -123.6755602
46.2759907, -123.678919
46.2850279, -123.6770874
46.2942188, -123.6794873
46.30188949999999, -123.6835097
46.3120155, -123.6786522
46.322148, -123.6816221
46.3297463, -123.6810736
46.3372136, -123.6767401
46.3496375, -123.683213
46.3563547, -123.681518
46.3661638, -123.6810735
46.3748738, -123.676571
46.388019, -123.6803829
46.3924828, -123.6833205
46.4023403, -123.6764606
46.4113885, -123.6856377
46.42016659999999, -123.6804633
46.4281222, -123.6806273
46.4397886, -123.6830669
46.4466448, -123.6819024
46.456059, -123.6805583
46.4654626, -123.6746041
46.4743664, -123.6778024
46.48183640000001, -123.679055
46.49325169999999, -123.6724412
46.5021587, -123.6757404
46.5096674, -123.6810964
46.5202922, -123.6823398
46.5274497, -123.6790093
46.5368125, -123.6800474
46.5460572, -123.680305
46.5563637, -123.6823101
46.5567504, -123.6817539
46.5734679, -123.6850796
46.581041, -123.686584
46.5909833, -123.6803609
46.6010942, -123.6863425
46.6088587, -123.6793521
46.6180973, -123.6804242
46.6269105, -123.6807113
46.6321217, -123.67644
46.6426453, -123.6806183
46.6542459, -123.6821512
46.6626571, -123.6788183
46.6724887, -123.6808618
46.67934, -123.6803983
46.6888753, -123.6821655
46.7017159, -123.684719
46.7065806, -123.6786496
46.7207331, -123.6808699
46.7270766, -123.680421
46.7313971, -123.6788732
46.7436503, -123.6775579
46.7528996, -123.6806029
46.7617675, -123.6834315
46.7706791, -123.6807266
46.7798951, -123.6798745
46.7878671, -123.6728069
46.7984123, -123.6801722
46.8067718, -123.6787069
46.8160945, -123.6804045
46.8261785, -123.680144
46.8286435, -123.6756492
46.8476445, -123.6946501
46.8539985, -123.6774273
46.860319, -123.6804005
46.8718627, -123.6792437
46.88035130000001, -123.6806222
46.8881541, -123.6813969
46.8921609, -123.6802397
46.9100949, -123.6814594
46.91315849999999, -123.677542
46.9264004, -123.678783
46.9346668, -123.6813684
46.93735359999999, -123.6767805
46.959323, -123.6894703
46.9620806, -123.6804283
46.966581, -123.678561
46.97795869999999, -123.6842816
46.9841541, -123.6808903
47.0011429, -123.6759224
47.0030398, -123.6791651
47.0154903, -123.6784817
47.021992, -123.684779
47.0332847, -123.6882733
47.0416032, -123.6788568
47.05014070000001, -123.681359
47.0557264, -123.6788166
47.0679655, -123.6792289
47.0765204, -123.6761032
47.0864719, -123.680456
47.0948138, -123.6793734
47.1032917, -123.6797931
47.105769, -123.6762287
47.1245716, -123.6924846
47.1289784, -123.690128
47.1408126, -123.6857619
47.1481398, -123.6787718
47.1523076, -123.6752631
47.1644675, -123.6695059
47.186003, -123.671042
47.1993641, -123.6735756
47.21976, -123.67442
47.22232, -123.676365
47.2297258, -123.6742139
47.2363273, -123.6718245
47.2491007, -123.6722026
47.2587828, -123.6761399
47.2649096, -123.678065
47.2744668, -123.679317
47.2832284, -123.6803956
47.2932132, -123.6824645
47.3002668, -123.6859501
47.31058180000001, -123.6807575
47.3193327, -123.6774792
47.3306573, -123.6757028
47.337064, -123.673663
47.3471768, -123.680536
47.356716, -123.6846909
47.365277, -123.6814686
47.373738, -123.682021
47.3835212, -123.6874826
47.3929898, -123.6806077
47.4012706, -123.6821738
47.4055736, -123.6850285
47.4237772, -123.6705261
47.4305877, -123.6830858
47.4380806, -123.6816876
47.4392363, -123.6794354
47.4392378, -123.679412
47.48043819999999, -123.6901288
47.48064919999999, -123.6895068
47.4840811, -123.6826578
47.4851878, -123.6799971
47.4972719, -123.663899
47.5309687, -123.6829987
47.5310464, -123.6822669
47.53602799999999, -123.6804544
47.544979, -123.675538
47.5533645, -123.6739954
47.5568921, -123.6692559
47.56753519999999, -123.6553223
47.9866207, -123.6521967
48.0555561, -123.6816234
48.0575658, -123.6807854
48.0659225, -123.6837497
48.0762545, -123.6802855
48.0801205, -123.6798478
48.0946492, -123.674997
48.1028499, -123.6784482
48.11219, -123.6794833
48.12109400000001, -123.6804071
48.130263, -123.6790255
48.13775030000001, -123.6788119
48.1455559, -123.6825699
48.1491509, -123.6900693
48.165214, -123.6979429
48.32541759999999, -123.6370807
48.3289741, -123.6414832
48.3435043, -123.6580948
48.35669009999999, -123.6771167
48.3572735, -123.6790849
48.3634932, -123.6807336
48.3734548, -123.6829366
48.3819299, -123.6877969
48.39131829999999, -123.680568
48.397872, -123.674809
48.411304, -123.6740956
48.41619650000001, -123.6791622
48.43645060000001, -123.7151505
48.4402447, -123.7169874
48.48066130000001, -123.6668338
48.4829787, -123.6755316
48.4886108, -123.6820131
48.5033937, -123.6836187
48.50735359999999, -123.680129
48.5129872, -123.6736192
48.536031, -123.6842118
48.54096819999999, -123.6888733
48.5573712, -123.684824
48.56227699999999, -123.6802955
48.56321699999999, -123.676175
48.57926690000001, -123.6872249
48.5886193, -123.6805165
48.59492840000001, -123.6791638
48.6164113, -123.6927905
48.6289705, -123.6749568
48.6320458, -123.6812717
48.6458071, -123.690079
48.6551122, -123.6807666
48.6555217, -123.6774862
48.6720953, -123.6840781
48.6778628, -123.6768593
48.682695, -123.6722449
48.6965853, -123.6801602
48.70584059999999, -123.6790958
48.71472869999999, -123.677346
48.7241374, -123.6851282
48.7334432, -123.6803615
48.7412984, -123.6814732
48.7507908, -123.6795864
48.7606285, -123.6803893
48.7690656, -123.6793645
48.7802367, -123.6815377
48.7869886, -123.6804963
48.7949597, -123.6794677
48.80461760000001, -123.6818584
48.81510979999999, -123.6783543
48.8213756, -123.6812251
48.8333496, -123.6774712
48.8380307, -123.6857662
48.84467170000001, -123.6910612
48.85832, -123.670229
48.8706934, -123.6872271
48.8767864, -123.6854631
48.8853735, -123.6816918
48.8955528, -123.6880711
48.91561600000001, -123.698485
48.941645, -123.6927836
48.944987, -123.6861637
48.9490774, -123.6804181
46.1794789, -123.6500054
46.26660709999999, -123.6619025
46.2671091, -123.6666296
46.2671106, -123.6667132
46.2757507, -123.6665812
46.2848401, -123.6757643
46.2972748, -123.6620144
46.30390509999999, -123.6692919
46.3118122, -123.6653286
46.3209282, -123.6664078
46.32997169999999, -123.6666393
46.3388971, -123.6660049
46.3479338, -123.6663864
46.3558584, -123.6657679
46.3682656, -123.6691853
46.3761289, -123.6659503
46.3840381, -123.6700468
46.3964102, -123.6700244
46.403163, -123.6632027
46.4127519, -123.6653314
46.4182525, -123.6692891
46.4282258, -123.668316
46.4383927, -123.6668605
46.44741610000001, -123.6659288
46.4547414, -123.6648881
46.46342140000001, -123.6677673
46.4718513, -123.6692325
46.48300620000001, -123.6666369
46.4920797, -123.6667146
46.5005224, -123.666405
46.5099111, -123.6676755
46.5178777, -123.6621352
46.528442, -123.667805
46.535823, -123.6672218
46.5465893, -123.6663905
46.5567024, -123.6685946
46.5640542, -123.6660291
46.5672309, -123.6626333
46.5781779, -123.6575716
46.5947288, -123.6664513
46.6003476, -123.6646032
46.6080414, -123.666327
46.6182059, -123.6652406
46.6247173, -123.660843
46.6329219, -123.6668131
46.6473953, -123.6658015
46.6554654, -123.6645216
46.6630534, -123.666535
46.6728166, -123.6667181
46.6810058, -123.6664883
46.6911453, -123.6645848
46.6985009, -123.6710149
46.709015, -123.6675596
46.716774, -123.6701196
46.7261985, -123.6668288
46.7354947, -123.6653976
46.7418985, -123.6687077
46.7531532, -123.6670235
46.7627116, -123.6676046
46.7698234, -123.6638742
46.7798508, -123.6663023
46.7885897, -123.6662313
46.7995721, -123.6637772
46.8071063, -123.6643984
46.8170304, -123.6665159
46.8263753, -123.6652851
46.83131909999999, -123.6623722
46.8537148, -123.6651958
46.8538434, -123.6661683
46.86109620000001, -123.6666852
46.8698645, -123.6692655
46.8753718, -123.6718266
46.8916742, -123.6656484
46.8976021, -123.6643109
46.90554640000001, -123.6658672
46.9159199, -123.665681
46.9239794, -123.666472
46.930684, -123.6609038
46.9386121, -123.665182
46.94712639999999, -123.6549439
46.9625013, -123.6671515
46.9687348, -123.6664174
46.9756149, -123.6663083
46.9834687, -123.6759083
46.9980944, -123.6654463
47.0056982, -123.6667465
47.0112361, -123.665766
47.0192661, -123.6677051
47.0377066, -123.6597581
47.04117230000001, -123.6667045
47.0518918, -123.6561676
47.0590609, -123.660492
47.0681624, -123.6612276
47.0801003, -123.6685262
47.0857188, -123.6654619
47.093142, -123.6598487
47.1046564, -123.6668861
47.10996069999999, -123.6636407
47.11692, -123.6576023
47.1307548, -123.6495442
47.1474388, -123.6796348
47.1530239, -123.6707825
47.1574219, -123.6654978
47.165016, -123.6670127
47.1710664, -123.6571413
47.192241, -123.6654534
47.200981, -123.6647717
47.2169125, -123.661414
47.220715, -123.6663716
47.2321737, -123.6730681
47.2392656, -123.667597
47.2471481, -123.6707575
47.256281, -123.6699996
47.265904, -123.6771998
47.2781761, -123.6730954
47.2809794, -123.6714552
47.299867, -123.666793
47.3015592, -123.6665039
47.3121976, -123.6718703
47.3200435, -123.6669311
47.32952, -123.6667249
47.3389956, -123.6730324
47.3457249, -123.6665617
47.3561608, -123.6669606
47.3660746, -123.6660922
47.373903, -123.666699
47.3870996, -123.6622394
47.3922563, -123.6662414
47.39980910000001, -123.6658577
47.4100459, -123.6656026
47.4202123, -123.6653861
47.4282134, -123.6607013
47.4356838, -123.6651554
47.4433137, -123.6628642
47.4468293, -123.6581804
47.47311390000001, -123.6574431
47.4736152, -123.6581898
47.4856346, -123.6694286
47.4889464, -123.6623299
47.49756920000001, -123.6622278
47.5315085, -123.6803267
47.5336185, -123.6747173
47.5378126, -123.6674858
47.5412281, -123.6617718
47.5556631, -123.6699672
47.5613792, -123.6639451
47.5672203, -123.655626
48.0556238, -123.6812517
48.0566538, -123.6766355
48.06143480000001, -123.675204
48.0731642, -123.6659798
48.07509049999999, -123.6679661
48.0825644, -123.6653075
48.0932014, -123.6656892
48.1016238, -123.6667977
48.1120764, -123.6668592
48.1211492, -123.6667161
48.1302276, -123.6667351
48.1376615, -123.6702518
48.1443127, -123.6749411
48.155507, -123.6545737
48.1559034, -123.6532563
48.3445489, -123.6577555
48.3522097, -123.6596825
48.3634883, -123.6640204
48.366195, -123.659535
48.38695269999999, -123.6605393
48.3910583, -123.6667114
48.4005617, -123.6642827
48.4071636, -123.6694826
48.4139523, -123.6764142
48.47520799999999, -123.6509811
48.4752575, -123.6511056
48.4806087, -123.6666684
48.4810776, -123.6667596
48.488383, -123.6700891
48.5001426, -123.6657276
48.507833, -123.6685419
48.5134604, -123.6632816
48.5193251, -123.6588304
48.5508085, -123.6576631
48.5527261, -123.6592671
48.56462029999999, -123.6700732
48.5686882, -123.6667149
48.5817668, -123.6665321
48.58932050000001, -123.675885
48.59493089999999, -123.6754622
48.5949939, -123.6755628
48.6278724, -123.6718112
48.6284527, -123.6679936
48.6289671, -123.6648296
48.6486586, -123.6658376
48.6525986, -123.6663613
48.6607848, -123.6649299
48.6753959, -123.664889
48.6758619, -123.6637066
48.6858714, -123.6667736
48.6980243, -123.663956
48.7045367, -123.6737569
48.7135723, -123.6688581
48.7248786, -123.6691643
48.733068, -123.6666592
48.7444596, -123.6663214
48.7502793, -123.6693508
48.7627314, -123.6666724
48.7705255, -123.6635442
48.7768028, -123.6658744
48.7862588, -123.666138
48.7915964, -123.6611473
48.8032849, -123.669142
48.8144426, -123.666708
48.8230853, -123.6644937
48.8320024, -123.6667593
48.8379382, -123.6573795
48.854124, -123.658021
48.859372, -123.6668837
48.869782, -123.665459
48.8772183, -123.6666348
48.8849497, -123.67346
48.9061435, -123.6954948
48.9457205, -123.6847107
48.9482344, -123.6814961
48.9532669, -123.6752719
46.2658996, -123.6515519
46.2665037, -123.6532503
46.2760602, -123.6532551
46.278006, -123.650904
46.2943504, -123.6539498
46.29891980000001, -123.6521312
46.3144472, -123.6578395
46.3177704, -123.6522761
46.3296701, -123.649569
46.3397772, -123.6467671
46.3487757, -123.6565339
46.3566483, -123.6520221
46.3670607, -123.6516595
46.3739199, -123.653359
46.3825244, -123.6563114
46.3931294, -123.6530199
46.4021097, -123.653149
46.41089849999999, -123.6513891
46.423478, -123.6530542
46.4287555, -123.652942
46.4366061, -123.6515609
46.4462469, -123.6520713
46.4547562, -123.6524963
46.4645033, -123.6503702
46.4749531, -123.6513752
46.4830809, -123.6528857
46.4924428, -123.6520832
46.5025688, -123.6585029
46.5105447, -123.6531417
46.5193006, -123.6497376
46.5286382, -123.6621169
46.540588, -123.6539794
46.5461129, -123.6529242
46.5516699, -123.6519763
46.5654821, -123.6559203
46.57074739999999, -123.649326
46.5821412, -123.6531515
46.59698359999999, -123.6516166
46.59758069999999, -123.653698
46.6117652, -123.655698
46.6181288, -123.6514788
46.6263544, -123.6529975
46.6354732, -123.6553283
46.6471041, -123.6551819
46.6550412, -123.6555978
46.6634545, -123.651528
46.6745335, -123.6471856
46.6790878, -123.6522063
46.6907733, -123.6552206
46.6992751, -123.6511857
46.7077024, -123.6531829
46.7211022, -123.6524583
46.725249, -123.6529684
46.7358184, -123.649981
46.7408839, -123.646786
46.75204, -123.6522342
46.7630972, -123.6532688
46.771185, -123.6527305
46.7801221, -123.6525651
46.7894095, -123.6533205
46.8003699, -123.6510149
46.80685380000001, -123.6536506
46.8171765, -123.6527646
46.8248083, -123.6534472
46.831264, -123.6497927
46.8409888, -123.6438918
46.8536215, -123.6518451
46.8601129, -123.657119
46.86055409999999, -123.6576716
46.8742393, -123.6704271
46.89238049999999, -123.6622089
46.8959375, -123.6630518
46.9097072, -123.6474116
46.9147348, -123.6517666
46.92402190000001, -123.6526686
46.9337765, -123.6528913
46.9423551, -123.6533643
46.9634156, -123.6521613
46.969275, -123.6530129
46.9780729, -123.6550073
46.9871668, -123.6525852
46.9947559, -123.6561375
47.0079714, -123.6549711
47.0108915, -123.6543607
47.019953, -123.6541287
47.0320796, -123.6530469
47.0410709, -123.6500671
47.0496692, -123.6553277
47.0568895, -123.6522805
47.06752239999999, -123.652066
47.0759515, -123.6550677
47.0860056, -123.6567601
47.0964714, -123.6540573
47.1016462, -123.6472091
47.1151537, -123.6577259
47.1206148, -123.65122
47.1432318, -123.6481815
47.143552, -123.6484298
47.1587719, -123.6569675
47.1698702, -123.6583178
47.1762749, -123.6516901
47.1847687, -123.649471
47.1940815, -123.6530061
47.2025298, -123.6547201
47.2103069, -123.6488733
47.2214394, -123.6486359
47.2296662, -123.6501128
47.2390664, -123.6546456
47.2480678, -123.6521974
47.25666289999999, -123.652763
47.2699763, -123.6450984
47.273695, -123.6449919
47.2844139, -123.6431072
47.2933056, -123.6466774
47.30435079999999, -123.6540354
47.3109095, -123.6524646
47.3201919, -123.6537425
47.3279563, -123.6569934
47.3338192, -123.6473588
47.346678, -123.6544294
47.35288930000001, -123.6559586
47.3637232, -123.6532645
47.37375979999999, -123.6513626
47.3838111, -123.6533643
47.3933871, -123.6466427
47.4003796, -123.6535641
47.4088333, -123.6518051
47.41930139999999, -123.6539017
47.4276828, -123.6551333
47.43627739999999, -123.6532788
47.4475174, -123.6517269
47.4565522, -123.6499715
47.4633457, -123.6490999
47.4721865, -123.65385
47.4821087, -123.6538446
47.4913914, -123.6528978
47.49725429999999, -123.6529774
47.4977055, -123.6496375
47.5380225, -123.6642826
47.5426019, -123.6580333
47.5446302, -123.6525989
47.5453084, -123.6507287
47.564888, -123.6571197
47.5712349, -123.6497691
47.9859421, -123.6464499
47.9862135, -123.6508179
47.9862316, -123.651264
48.00649980000001, -123.6084203
48.05669899999999, -123.6765882
48.07232, -123.6512071
48.0723838, -123.6523369
48.0724507, -123.6534552
48.0848858, -123.6529349
48.0892566, -123.6572671
48.0993319, -123.6486376
48.111264, -123.6548187
48.1179794, -123.6528381
48.129592, -123.6517777
48.135858, -123.6524471
48.1516663, -123.6512941
48.1559176, -123.6530519
48.155919, -123.6531669
48.34458979999999, -123.6522032
48.3554591, -123.6538776
48.364826, -123.656533
48.367129, -123.656644
48.3869345, -123.6466472
48.3911642, -123.6513219
48.3983906, -123.6539029
48.4010293, -123.6555007
48.4150307, -123.6381894
48.417231, -123.6371898
48.4601159, -123.6240067
48.4602164, -123.6240694
48.4750869, -123.6502506
48.4752027, -123.6509626
48.4812933, -123.6524361
48.4902206, -123.6544522
48.4989265, -123.6516543
48.5057379, -123.6564165
