46.8965403, -119.8684127
46.9042909, -119.873014
46.9141068, -119.8682932
46.9284779, -119.8699273
46.9284779, -119.8699577
46.9428583, -119.8699462
46.9525683, -119.8781985
46.95835880000001, -119.8710278
46.9619729, -119.8776093
46.9815718, -119.8774844
46.9863918, -119.8699532
46.9950419, -119.8735594
47.0068337, -119.8685072
47.0145687, -119.8696819
47.02234800000001, -119.8695368
47.0321201, -119.8765414
47.0411092, -119.8764513
47.0501241, -119.8763466
47.0588293, -119.8699494
47.0704052, -119.8750628
47.0771198, -119.8700288
47.08696519999999, -119.8755567
47.09378840000001, -119.8680976
47.10418660000001, -119.8697234
47.1125789, -119.8729925
47.1220424, -119.8743331
47.1321852, -119.8699409
47.13999339999999, -119.8754081
47.1466472, -119.8698202
47.159454, -119.8695648
47.1642173, -119.8678063
47.175855, -119.8699473
47.18513830000001, -119.8751118
47.1940821, -119.875143
47.2030783, -119.8751407
47.2120806, -119.8751358
47.2196189, -119.8699379
47.2303207, -119.869947
47.2388284, -119.8699449
47.2484153, -119.8699455
47.2570635, -119.8751502
47.2625412, -119.8702121
47.27412529999999, -119.8702579
47.2771354, -119.8762551
47.2920013, -119.8656022
47.3024499, -119.8699537
47.3097624, -119.8782131
47.3199514, -119.8698291
47.3295776, -119.8737121
47.338148, -119.870108
47.3450615, -119.8648315
47.3558088, -119.8702524
47.3643847, -119.8756347
47.371364, -119.8734621
47.386701, -119.851733
47.409616, -119.862512
47.4342157, -119.8648352
47.4343946, -119.8646647
47.44727160000001, -119.86997
47.455076, -119.877871
47.4642591, -119.8739958
47.47157560000001, -119.8672393
47.4734699, -119.8634496
47.500116, -119.859436
47.5175505, -119.8722922
47.5185784, -119.8708398
47.52458739999999, -119.8698951
47.5360542, -119.87626
47.54504319999999, -119.876221
47.55395710000001, -119.8699427
47.5686202, -119.8699626
47.5686202, -119.8699295
47.58334259999999, -119.8699715
47.5900722, -119.8766928
47.59802819999999, -119.8699306
47.6080468, -119.8766645
47.6126555, -119.8699366
47.6260316, -119.8778427
47.6350797, -119.8778562
47.6416976, -119.8699247
47.65632189999999, -119.8699526
47.6620649, -119.8778255
47.67107739999999, -119.8777986
47.68007739999999, -119.8778033
47.6890548, -119.8778321
47.6997426, -119.8699472
47.7070817, -119.8778418
47.7160752, -119.8778347
47.7286627, -119.8699072
47.7340751, -119.877824
47.74306610000001, -119.8778536
47.7520766, -119.8778466
47.7611053, -119.8778345
47.7721318, -119.8699314
47.7790784, -119.8777864
47.786604, -119.8699427
47.7970903, -119.8777686
47.8060568, -119.8778027
47.8150659, -119.8778433
47.8240516, -119.8778909
47.8300395, -119.8699717
47.8436788, -119.8702092
47.85044620000001, -119.8715235
47.859904, -119.8708173
47.8693629, -119.8713902
47.8781452, -119.8701585
47.8866002, -119.8662623
47.8966, -119.8709008
47.90400349999999, -119.8641166
47.9047016, -119.8638298
47.9234199, -119.8563161
47.9337982, -119.8774464
47.94103, -119.8696446
47.9481273, -119.871942
47.95888859999999, -119.8756719
47.963331, -119.8780733
47.9767215, -119.8871813
47.9925765, -119.8801626
47.9981671, -119.8758287
48.0056497, -119.8774919
48.0117632, -119.8766509
48.0156765, -119.8767424
48.0251551, -119.8823214
48.0455682, -119.8875484
48.0533826, -119.8718048
48.0591099, -119.8705726
48.0674159, -119.8702293
48.0768079, -119.8709675
48.0816347, -119.8794074
48.1001665, -119.853577
48.10887349999999, -119.8623356
48.1117263, -119.8671082
48.1210667, -119.8626305
48.1297256, -119.8698096
48.1329983, -119.8649905
48.1487469, -119.8576473
48.1635119, -119.8742831
48.1638089, -119.8741691
48.17212980000001, -119.8596469
48.1888974, -119.8687999
48.1902727, -119.87248
48.2025477, -119.8695053
48.20872199999999, -119.8792998
48.2240368, -119.8571214
48.2326947, -119.8643403
48.233079, -119.8645015
48.2480877, -119.8688872
48.257646, -119.8704647
48.26203659999999, -119.8692027
48.2740249, -119.8701917
48.282154, -119.8681045
48.296508, -119.8626476
48.3002985, -119.8695697
48.31196809999999, -119.8695418
48.3133971, -119.8665795
48.3238748, -119.8758208
48.343379, -119.887105
48.3508665, -119.8629536
48.35519069999999, -119.8703653
48.361852, -119.870972
48.37190589999999, -119.8843658
48.3908503, -119.8775799
48.3924586, -119.8754551
48.3961295, -119.870498
48.4137642, -119.8578779
48.414883, -119.8583594
48.4352664, -119.8734718
48.4374025, -119.8704734
48.43835, -119.874809
48.4572897, -119.8860495
48.4660158, -119.8820887
48.4732391, -119.8764619
48.4760551, -119.8796865
48.4836058, -119.8862876
48.5000749, -119.8443867
48.510219, -119.848858
48.5201498, -119.8533747
48.527155, -119.878409
48.53520810000001, -119.8688279
48.5438105, -119.8706142
48.5526086, -119.8700983
48.5626495, -119.8683944
48.5712413, -119.8688119
48.580453, -119.8686758
48.5890693, -119.8701204
48.5980977, -119.8714101
48.6039401, -119.8765006
48.6050578, -119.8781125
48.6294844, -119.8591735
48.6600923, -119.858687
48.6654156, -119.8635773
48.67068150000001, -119.8691959
48.6799921, -119.8690164
48.6889723, -119.8689129
48.693202, -119.871821
48.6932511, -119.8723087
48.6959787, -119.8844502
48.7084586, -119.9061359
48.757458, -119.89385
48.757518, -119.8937093
48.7618666, -119.8853826
48.7673597, -119.8789077
48.7699011, -119.8747713
48.77870249999999, -119.8684305
48.786939, -119.872788
48.7944414, -119.8794701
48.80114469999999, -119.8825112
48.8188584, -119.8733624
48.82066950000001, -119.8687683
48.8214028, -119.8647751
48.84157, -119.848947
48.8681653, -119.866312
48.8686605, -119.8699126
48.8773476, -119.8726964
48.8820636, -119.8722031
48.8881507, -119.8853664
48.8890977, -119.8866008
48.9061624, -119.9021351
48.9170686, -119.8337547
48.92266, -119.832923
46.2145817, -119.856232
46.2216241, -119.8564939
46.2301824, -119.8563323
46.2393894, -119.8549494
46.2483223, -119.8566636
46.2584705, -119.8562386
46.2671065, -119.8521735
46.2760834, -119.8562402
46.28770069999999, -119.8562414
46.2949463, -119.8562456
46.3021928, -119.8562298
46.30949260000001, -119.8561909
46.3204188, -119.8607661
46.3300992, -119.8574904
46.3323062, -119.85448
46.345597, -119.8477025
46.3665981, -119.8631574
46.3684641, -119.8585994
46.3747085, -119.8532694
46.3775314, -119.8508941
46.40245549999999, -119.8639004
46.4032113, -119.8625364
46.4136674, -119.8568436
46.4199937, -119.8562329
46.4279069, -119.8593318
46.4393028, -119.8558905
46.4522689, -119.8579802
46.4533819, -119.857949
46.4640809, -119.8628294
46.4747614, -119.8589249
46.4830334, -119.8555
46.4943599, -119.8516576
46.5041009, -119.8541435
46.5101314, -119.8544063
46.5196731, -119.8562461
46.527793, -119.8538129
46.5370654, -119.8550664
46.5465752, -119.8548596
46.5561734, -119.8588128
46.5603267, -119.8551403
46.5688517, -119.8468328
46.5856764, -119.8525148
46.5904624, -119.8572667
46.5981408, -119.8537453
46.60853590000001, -119.856418
46.6233976, -119.8575988
46.6280854, -119.8561108
46.6356907, -119.8565874
46.6403872, -119.863959
46.6573761, -119.848771
46.6718848, -119.8562367
46.6791831, -119.8562323
46.6937207, -119.8562553
46.6937208, -119.8562061
46.7082656, -119.8562343
46.722853, -119.856198
46.7228532, -119.8562563
46.7374275, -119.8561959
46.7374287, -119.8563471
46.7544189, -119.8567798
46.7550232, -119.8535403
46.7810237, -119.8683458
46.78643479999999, -119.8548443
46.7894176, -119.8555561
46.8033326, -119.8518022
46.806631, -119.8531577
46.8165615, -119.8558282
46.83280540000001, -119.8566145
46.8328155, -119.8561734
46.8328256, -119.8557323
46.8685756, -119.8566958
46.8685789, -119.8564447
46.869688, -119.8555131
46.8790301, -119.8543849
46.8880734, -119.8542334
46.8970906, -119.8542958
46.9060672, -119.8542151
46.9151925, -119.8555458
46.924077, -119.8556947
46.9330762, -119.8556481
46.9420781, -119.8556033
46.9510788, -119.8556018
46.9600814, -119.8556188
46.9690798, -119.8556252
46.9780742, -119.8556415
46.9850991, -119.8588908
47.00085929999999, -119.8560214
47.005077, -119.8557578
47.0140795, -119.8557398
47.0230788, -119.8557377
47.0320798, -119.8557265
47.0410797, -119.8557563
47.0498282, -119.8562409
47.0590832, -119.8557894
47.0680797, -119.8558335
47.0770795, -119.8558901
47.0860273, -119.8562565
47.0940945, -119.8560537
47.1032634, -119.8562329
47.1130844, -119.8535073
47.1220789, -119.8535213
47.1322117, -119.8562445
47.1400763, -119.8535006
47.14909129999999, -119.8534943
47.1580795, -119.8534851
47.1659204, -119.8562429
47.1760802, -119.8534682
47.1850742, -119.8534582
47.1940774, -119.8534334
47.2030708, -119.8534126
47.212095, -119.853427
47.2217417, -119.8576953
47.2303217, -119.8562341
47.2385484, -119.8562159
47.2484531, -119.8562313
47.2570842, -119.853452
47.2661018, -119.8549211
47.2750776, -119.8549526
47.2840766, -119.8549839
47.2922615, -119.8549664
47.3045713, -119.8596749
47.3088688, -119.854664
47.3239287, -119.8599749
47.3260212, -119.854859
47.3455234, -119.8595788
47.346829, -119.8560961
47.3552128, -119.8548583
47.36401069999999, -119.8509621
47.3733665, -119.8477815
47.41011899999999, -119.858957
47.41074700000001, -119.8557008
47.4111365, -119.8564871
47.4324692, -119.8525081
47.4337139, -119.856974
47.4452483, -119.8572005
47.4483754, -119.8635163
47.4732959, -119.8530364
47.4747724, -119.8568459
47.4756769, -119.8519737
47.5001882, -119.8594306
47.5090773, -119.8545242
47.518082, -119.8545533
47.52708639999999, -119.8546514
47.536086, -119.8547435
47.5450871, -119.8548531
47.5539324, -119.856236
47.5630871, -119.8551144
47.5720872, -119.8552659
47.58108559999999, -119.8554303
47.5900803, -119.855499
47.5990818, -119.8555398
47.6080799, -119.8555971
47.6170791, -119.8563473
47.6260791, -119.8563255
47.635079, -119.856302
47.64407869999999, -119.8563134
47.653079, -119.856226
47.656341, -119.856215
47.670686, -119.845492
47.688287, -119.856305
47.689079, -119.8563056
47.6980792, -119.8562562
47.70707789999999, -119.8564639
47.7160768, -119.8565657
47.725081, -119.8564699
47.7340762, -119.8564863
47.7430781, -119.8564823
47.75208170000001, -119.8565661
47.7610804, -119.8564066
47.77007880000001, -119.8563048
47.779079, -119.8564861
47.7880578, -119.8564046
47.7970788, -119.856346
47.8060787, -119.8563904
47.8150786, -119.8564348
47.824075, -119.856573
47.8300547, -119.8561848
47.844841, -119.8590625
47.8510757, -119.8566032
47.8599319, -119.8570252
47.8660906, -119.8561357
47.881361, -119.8675495
47.8897787, -119.865053
47.89922259999999, -119.8618173
47.9028241, -119.8558185
47.9139433, -119.8515476
47.9230933, -119.8561857
47.9314281, -119.8564057
47.9408146, -119.8653441
47.9466907, -119.8675348
47.9586558, -119.8756605
47.96185330000001, -119.8764355
47.9794805, -119.8356392
47.9842828, -119.8356982
48.00626250000001, -119.8772071
48.0596077, -119.8516785
48.0601816, -119.8529248
48.0648267, -119.8583958
48.0754064, -119.8554313
48.0816284, -119.8482972
48.0956692, -119.8494032
48.1032354, -119.8552718
48.1115615, -119.8588141
48.1216776, -119.8572361
48.1298857, -119.856136
48.1402723, -119.8562566
48.1486059, -119.8564619
48.1489841, -119.8573725
48.1719259, -119.859702
48.1743139, -119.8562271
48.1833466, -119.8571551
48.18786859999999, -119.8637088
48.2044167, -119.8562932
48.2044192, -119.8560707
48.2215175, -119.8511905
48.2284994, -119.8574246
48.2417891, -119.851341
48.2447019, -119.858643
48.2646655, -119.852752
48.2656235, -119.8547114
48.2703928, -119.8545818
48.2859615, -119.8581603
48.2916362, -119.8548139
48.300313, -119.863252
48.3106502, -119.8546439
48.3191471, -119.8545433
48.3216101, -119.8556511
48.3445678, -119.8492068
48.3470026, -119.856546
48.3583156, -119.8604877
48.3640218, -119.8556812
48.3687062, -119.8544187
48.37575289999999, -119.8443913
48.39231119999999, -119.8562805
48.4001451, -119.855176
48.411158, -119.8540066
48.4181685, -119.8566981
48.4231302, -119.8491635
48.4361444, -119.8561923
48.43774699999999, -119.8524854
48.4451682, -119.8439322
48.4632349, -119.8412965
48.4646942, -119.8403768
48.4735975, -119.8766512
48.4998689, -119.844344
48.5096282, -119.848662
48.5194424, -119.8529824
48.5283267, -119.8558788
48.5350106, -119.8621333
48.5470717, -119.8572082
48.5519997, -119.8569883
48.5618406, -119.8519327
48.5731081, -119.8547256
48.5790871, -119.8539987
48.5899885, -119.8548526
48.5946685, -119.8628105
48.5964249, -119.865056
48.6293151, -119.8551021
48.62934019999999, -119.8560704
48.6293461, -119.8564187
48.6357571, -119.8433244
48.6565427, -119.8507942
48.6616787, -119.8582623
48.6650119, -119.8623701
48.6823372, -119.8634083
48.6852308, -119.8653751
48.6926815, -119.8710093
48.6930047, -119.8713218
48.6931586, -119.8716352
48.7569824, -119.8335409
48.7600551, -119.8379794
48.7653086, -119.8429471
48.7744793, -119.8586316
48.7777716, -119.8546671
48.7801038, -119.8482703
48.7990584, -119.8456541
48.8053031, -119.8457762
48.8140909, -119.8466102
48.8221856, -119.8568577
48.836526, -119.8444342
48.8608229, -119.848006
48.8669988, -119.8565665
48.8751737, -119.8583107
48.8762219, -119.8622615
48.88202279999999, -119.8720357
48.910779, -119.8317665
48.9148608, -119.8339859
46.21350810000001, -119.84337
46.216171, -119.8404295
46.2291517, -119.842532
46.24007719999999, -119.8418479
46.24907349999999, -119.8417591
46.2583845, -119.8425236
46.2657156, -119.8426995
46.273045, -119.8424953
46.28485269999999, -119.8424321
46.29339470000001, -119.841642
46.3021813, -119.8425307
46.3092548, -119.852815
46.3209852, -119.831476
46.331264, -119.8425069
46.3414424, -119.834481
46.3480267, -119.8424404
46.3568764, -119.8398524
46.36634309999999, -119.8408424
46.3750097, -119.8425279
46.4051495, -119.8344944
46.4144928, -119.8424972
46.4176744, -119.8448916
46.4191919, -119.8475582
46.43923239999999, -119.8553643
46.4482498, -119.8415193
46.4496909, -119.8454096
46.4699385, -119.8467567
46.4731369, -119.8410826
46.4839997, -119.8447491
46.4931542, -119.8422609
46.504839, -119.8440259
46.5125623, -119.8421068
46.5174925, -119.8436203
46.52563600000001, -119.852388
46.5423511, -119.8466599
46.5443858, -119.841204
46.5522522, -119.8408256
46.5627976, -119.84259
46.5728448, -119.8422343
46.5825975, -119.8417389
46.5852029, -119.8462558
46.6010018, -119.8491615
46.6094337, -119.842503
46.6228668, -119.8428234
46.6229707, -119.8417931
46.6333432, -119.8425752
46.641594, -119.8322241
46.6573876, -119.8425414
46.6573877, -119.8425065
46.6791811, -119.8425218
46.6791811, -119.8425304
46.6937483, -119.8425158
46.6937484, -119.8425473
46.7082773, -119.8425287
46.7228217, -119.8425191
46.7228217, -119.842534
46.7373263, -119.8424999
46.7373269, -119.8426148
46.7555815, -119.8410693
46.7559607, -119.8428308
46.786603, -119.8546146
46.7880469, -119.8543098
46.8030991, -119.844672
46.80843609999999, -119.8409849
46.8150805, -119.8428134
46.8331191, -119.8429211
46.83312910000001, -119.8424822
46.8331391, -119.8420434
46.8687772, -119.8425597
46.8687772, -119.8425429
46.8687772, -119.8425262
46.8793926, -119.8543644
46.8881124, -119.8542331
46.898716, -119.842539
46.9041138, -119.8385218
46.9147229, -119.8432347
46.9284119, -119.8425158
46.9284119, -119.8425424
46.9428942, -119.8425272
46.9510703, -119.8344348
46.9602268, -119.8428872
46.9690767, -119.8440974
46.9778398, -119.8426517
46.97840979999999, -119.8448576
47.0009375, -119.8423987
47.0009405, -119.8426393
47.0153829, -119.8458035
47.0230446, -119.8345924
47.0298778, -119.8393542
47.0443317, -119.842536
47.046037, -119.838821
47.05879119999999, -119.8425293
47.0660317, -119.8425286
47.078792, -119.842918
47.0857853, -119.8435906
47.0952122, -119.8427368
47.1032447, -119.8425281
47.1104659, -119.8425899
47.1177341, -119.8425034
47.1322453, -119.8425371
47.14010769999999, -119.8324718
47.15012369999999, -119.8421276
47.1612818, -119.8425187
47.1612818, -119.8425465
47.1759923, -119.8425278
47.1905534, -119.8426647
47.1923627, -119.8425081
47.1991674, -119.8463319
47.2158283, -119.8480401
47.21948339999999, -119.8425196
47.2300822, -119.8428723
47.2391021, -119.8428614
47.2484706, -119.8425328
47.2534239, -119.8425443
47.2629181, -119.8388733
47.2750643, -119.8333273
47.2840634, -119.8333137
47.2923513, -119.8329234
47.29924519999999, -119.8296256
47.3127493, -119.8435768
47.3163215, -119.8365509
47.3296972, -119.8429247
47.3306068, -119.8390905
47.35076610000001, -119.8469226
47.3530599, -119.8408951
47.3670799, -119.8488009
47.3708979, -119.8419322
47.3834905, -119.8438541
47.3870253, -119.8425459
47.4004856, -119.8310582
47.4092938, -119.8426518
47.4093942, -119.8440486
47.4315947, -119.8437641
47.4380277, -119.8426649
47.4381667, -119.8409358
47.46697229999999, -119.832399
47.4691565, -119.839897
47.4723627, -119.8440772
47.483436, -119.8426327
47.4859479, -119.8382873
47.49995999999999, -119.833165
47.5102319, -119.8425709
47.517741, -119.8388046
47.52484330000001, -119.8424613
47.5385697, -119.8351425
47.545942, -119.834075
47.5540533, -119.842528
47.5630974, -119.8336596
47.5721053, -119.8337957
47.58346239999999, -119.8425678
47.588918, -119.845094
47.5981374, -119.8425228
47.6126693, -119.8425287
47.6126693, -119.8425285
47.62714039999999, -119.8425301
47.6350826, -119.8347835
47.6417319, -119.842543
47.6563417, -119.8425285
47.6621161, -119.8348256
47.6707069, -119.8425228
47.68011910000001, -119.8349664
47.6891186, -119.8350711
47.6997101, -119.8425143
47.7071464, -119.8349629
47.7141162, -119.8425458
47.7285627, -119.8425036
47.7340673, -119.8350799
47.7428608, -119.8350194
47.7521923, -119.8565642
47.761191, -119.8564046
47.7720772, -119.8368049
47.787316, -119.856252
47.7997953, -119.8468788
47.8013248, -119.8431642
47.8150489, -119.8564346
47.8299909, -119.8424914
47.829991, -119.842548
47.8421169, -119.8351989
47.85108899999999, -119.8352454
47.8600615, -119.8352498
47.8699427, -119.8461219
47.8733178, -119.8424723
47.8877828, -119.842541
47.8913745, -119.8336423
47.9050534, -119.8425203
47.91433989999999, -119.851522
47.9188443, -119.8527691
47.9303752, -119.8546167
47.9310454, -119.8549245
47.9463753, -119.8673845
47.9759117, -119.8303908
47.9771741, -119.8340733
47.9783926, -119.8352657
47.9850024, -119.8353926
47.99494019999999, -119.8316295
48.0055937, -119.8327183
48.0079105, -119.8322168
48.0114331, -119.828133
48.02602599999999, -119.8199472
48.0381557, -119.8147502
48.0596365, -119.8513314
48.062077, -119.8424946
48.0698976, -119.8472543
48.07296909999999, -119.842584
48.0856848, -119.8416084
48.093578, -119.8465523
48.0975683, -119.8499688
48.11986839999999, -119.8402601
48.1214456, -119.8429774
48.1257979, -119.8432147
48.1390347, -119.8418205
48.1474469, -119.8419633
48.15540600000001, -119.8372944
48.1647413, -119.8363007
48.1755189, -119.841803
48.181295, -119.835735
48.1967868, -119.8426161
48.1989542, -119.8399291
48.2114824, -119.8432332
48.2196162, -119.8440896
48.2276999, -119.8440207
48.2376776, -119.8430726
48.2431641, -119.8519663
48.2648101, -119.8496581
48.2675104, -119.8461526
48.2717478, -119.8403793
48.2869424, -119.8566716
48.292053, -119.8545968
48.3057974, -119.8427455
48.3105584, -119.8396826
48.3165053, -119.8328477
48.3265232, -119.8314986
48.3382023, -119.8382466
48.3432944, -119.8447209
48.3563216, -119.8266849
48.3671473, -119.8438195
48.3738415, -119.8410675
48.38020849999999, -119.8409183
48.3900562, -119.8443597
48.4042227, -119.849662
48.40968119999999, -119.8486386
48.4150709, -119.8478222
48.4271247, -119.8430887
48.4368168, -119.8449417
48.4448778, -119.8430238
48.45879619999999, -119.8389815
48.46310159999999, -119.841291
48.4674229, -119.8356891
48.4790208, -119.8297089
48.507248, -119.8430565
48.5160816, -119.8444098
48.52588739999999, -119.8423895
48.5337045, -119.8420511
48.5441768, -119.8456312
48.5495048, -119.8458841
48.5613975, -119.8449237
48.5707595, -119.8458201
48.5759988, -119.8456807
48.5852505, -119.8492647
48.5919953, -119.8561642
48.6095598, -119.8237601
48.6189609, -119.8327456
48.627439, -119.8356627
48.6350523, -119.8442401
48.6387009, -119.8404215
48.65259220000001, -119.8387458
48.6612059, -119.8410868
48.6713063, -119.8399426
48.6731365, -119.8394428
48.6841291, -119.8343204
48.69807249999999, -119.8249217
48.6984884, -119.8246322
48.7562081, -119.8313142
48.7566259, -119.832634
48.7602243, -119.8379968
48.7671235, -119.8444616
48.7785508, -119.839737
48.7867284, -119.8404942
48.7963605, -119.8421712
48.8047557, -119.8456236
48.8131485, -119.8462094
48.8237298, -119.8447858
48.8344544, -119.8405776
48.8404588, -119.8459988
48.8413866, -119.8471798
48.8609222, -119.8470204
48.8680551, -119.8425685
48.87031469999999, -119.8443685
48.90097979999999, -119.822721
48.9091708, -119.8303432
48.9145732, -119.833871
46.214551, -119.8288154
46.222081, -119.8288435
46.2310767, -119.8314465
46.239835, -119.8289597
46.2490998, -119.8313368
46.2582817, -119.8288219
46.2670587, -119.8313805
46.2760847, -119.8314756
46.2850757, -119.8315611
46.2948381, -119.8288187
46.3021642, -119.8288236
46.31118619999999, -119.8313473
46.3211017, -119.8314739
46.3299982, -119.8287126
46.3393603, -119.8308165
46.3481293, -119.8302872
46.3564703, -119.8276336
46.3624084, -119.8214227
46.3748858, -119.8290157
46.374978, -119.829298
46.4118183, -119.830511
46.4183825, -119.827816
46.41924969999999, -119.8243221
46.44546, -119.8249916
46.446796, -119.8291692
46.4487028, -119.8318383
46.4657497, -119.8280532
46.474904, -119.8318714
46.4827287, -119.8277431
46.4920005, -119.8296918
46.4993981, -119.8333676
46.5119209, -119.8347774
46.5171681, -119.8276513
46.5202224, -119.8213516
46.5462542, -119.8362125
46.5483529, -119.8305853
46.5555399, -119.8291274
46.5627751, -119.8288329
46.5785935, -119.8345912
46.5805681, -119.828887
46.580576, -119.8292745
46.61144909999999, -119.8251466
46.6118312, -119.8278759
46.6226985, -119.8284413
46.6304864, -119.8287445
46.6332179, -119.8288768
46.65408980000001, -119.8319046
46.6630961, -119.8320961
46.6720707, -119.8321258
46.6791829, -119.8288165
46.6900775, -119.8322092
46.6990954, -119.8321624
46.7082378, -119.8288206
46.7170894, -119.8319474
46.7227672, -119.8288585
46.7372317, -119.8287882
46.7372327, -119.828929
46.7545171, -119.8289279
46.7547522, -119.8267869
46.7663749, -119.8107272
46.8053201, -119.8327266
46.8054798, -119.8317395
46.8065051, -119.8283949
46.81331609999999, -119.8296107
46.8334311, -119.8292275
46.83344109999999, -119.8287909
46.833451, -119.8283544
46.8689407, -119.8294055
46.8689455, -119.8291835
46.8689544, -119.8287702
46.8762871, -119.8168715
46.8945287, -119.8328316
46.898758, -119.8288306
46.906085, -119.8329689
46.9140508, -119.8288261
46.9241143, -119.8344908
46.9355872, -119.8288272
46.9420862, -119.8343929
46.950944, -119.8266864
46.9589689, -119.8307471
46.9690759, -119.8344232
46.9775784, -119.8415439
46.9954599, -119.8239878
46.99601819999999, -119.8239727
47.0008537, -119.8288247
47.0153518, -119.8288197
47.02310430000001, -119.8345919
47.03207399999999, -119.8345325
47.0443197, -119.8288437
47.0500776, -119.8292876
47.0587759, -119.8288203
47.0660623, -119.8299201
47.0804483, -119.8410715
47.0888034, -119.828844
47.100767, -119.8298856
47.1033818, -119.828507
47.1118666, -119.8328289
47.1220677, -119.8325371
47.1322732, -119.8288229
47.14006879999999, -119.8324716
47.1467754, -119.8288237
47.1580744, -119.8325324
47.1670943, -119.8324793
47.1760353, -119.8288219
47.185084, -119.8318946
47.19409049999999, -119.8318873
47.2050416, -119.8288421
47.2120603, -119.8320371
47.21952, -119.8288116
47.2300851, -119.8320891
47.2381268, -119.8287603
47.248532, -119.8288251
47.2570773, -119.8321155
47.2660773, -119.8321241
47.2778264, -119.8288019
47.2840869, -119.8333136
47.29386909999999, -119.8322481
47.30198530000001, -119.8283435
47.3101639, -119.825398
47.3188301, -119.8277898
47.3324517, -119.8305961
47.3335053, -119.8263816
47.3478147, -119.8282187
47.3499352, -119.8316309
47.37134529999999, -119.8263745
47.3717479, -119.8283591
47.3830929, -119.8330439
47.3920785, -119.8329933
47.4015631, -119.8301159
47.4093796, -119.8288053
47.4273083, -119.8274019
47.4277175, -119.8287384
47.4398081, -119.8317261
47.441713, -119.8268862
47.4622527, -119.8222276
47.4671102, -119.8277863
47.4674272, -119.8293439
47.480574, -119.820921
47.49107919999999, -119.8330175
47.5001344, -119.8331601
47.5090808, -119.8331389
47.518078, -119.8331751
47.5270318, -119.833176
47.5357588, -119.8325345
47.54288880000001, -119.8319484
47.5541942, -119.8288247
47.5630693, -119.8336595
47.5720643, -119.8337954
47.5835296, -119.8288613
47.5900423, -119.833973
47.59819479999999, -119.8288197
47.608066, -119.8341702
47.61710120000001, -119.8348387
47.6271995, -119.8288453
47.6350766, -119.8347835
47.6417211, -119.8288333
47.6562991, -119.8288262
47.6620504, -119.8348249
47.6706819, -119.8288246
47.6800467, -119.8349655
47.6890462, -119.8350703
47.6996774, -119.8288196
47.7069162, -119.8288232
47.71408570000001, -119.8288222
47.7285222, -119.8288004
47.7340892, -119.8350798
47.7430441, -119.828808
47.7430641, -119.8286969
47.7610152, -119.8136628
47.7720851, -119.8288262
47.7720851, -119.8288071
47.788108, -119.8135252
47.8009863, -119.8292871
47.8010206, -119.8284725
47.815653, -119.82314
47.8300086, -119.828909
47.83000939999999, -119.8287768
47.8445143, -119.8288699
47.8510705, -119.8352453
47.8600948, -119.8352496
47.8672017, -119.8262861
47.878034, -119.8351792
47.8870467, -119.8352972
47.8950791, -119.828839
47.9048179, -119.8300124
47.90598199999999, -119.8329157
47.92174199999999, -119.817665
47.9244242, -119.8157953
47.93195129999999, -119.8083202
47.9573755, -119.8079383
47.9751091, -119.8279082
47.9757212, -119.8298014
47.98683, -119.824562
47.9951942, -119.8275807
48.0040144, -119.8314951
48.01185030000001, -119.8273531
48.0223666, -119.8204228
48.0305392, -119.8178395
48.038328, -119.8147118
48.0495267, -119.8149428
48.06263, -119.8333005
48.0678101, -119.8292805
48.0760005, -119.82855
48.08439689999999, -119.8283727
48.0883793, -119.8309199
48.10187870000001, -119.8180196
48.1157081, -119.8305305
48.1210883, -119.8301957
48.1301686, -119.819293
48.1382473, -119.8285072
48.1454157, -119.8242606
48.1565509, -119.8278744
48.1651661, -119.8288466
48.1782933, -119.8360621
48.18472269999999, -119.8314616
48.1921346, -119.8307303
48.2013847, -119.8323504
48.2105955, -119.8305617
48.2200506, -119.8318479
48.2322115, -119.8224818
48.2382913, -119.8271177
48.2677331, -119.8322357
48.2678698, -119.8319615
48.2711833, -119.8265465
48.2834017, -119.8184063
48.2935124, -119.8204537
48.3029754, -119.8281689
48.3102781, -119.8305183
48.3190879, -119.8286772
48.32791, -119.8310363
48.33624100000001, -119.833237
48.3463447, -119.8293676
48.35602, -119.8265897
48.3629173, -119.8231647
48.3730366, -119.8288571
48.3830031, -119.826725
48.38517539999999, -119.8305782
48.4018393, -119.8234493
48.41031599999999, -119.8268935
48.4184541, -119.8276591
48.4271595, -119.8286183
48.4367724, -119.829361
48.445744, -119.832473
48.4539769, -119.8281721
48.46306509999999, -119.8283243
48.4720989, -119.8227948
48.4808894, -119.8284191
48.4838551, -119.8235765
48.5007393, -119.8297083
48.5083736, -119.8285699
48.5168825, -119.8290153
48.52384259999999, -119.8287529
48.5355873, -119.8291117
48.5445635, -119.8286264
48.5553086, -119.8224293
48.5621186, -119.8313571
48.5742464, -119.8297569
48.5792613, -119.8275372
48.5876257, -119.8326369
48.6060689, -119.8220732
48.609324, -119.8235312
48.6174623, -119.8275613
48.62512599999999, -119.8286645
48.6351407, -119.8193702
48.6432656, -119.8289782
48.6511173, -119.8257497
48.6596246, -119.8282271
48.6706553, -119.839051
48.68207959999999, -119.8312547
48.687866, -119.825588
48.6973073, -119.8248215
48.6985446, -119.8241042
48.7562225, -119.831244
48.7600437, -119.828657
48.7634526, -119.8253845
48.7758681, -119.8349072
48.7894095, -119.8279647
48.7964602, -119.8335773
48.80191, -119.827605
48.8092565, -119.8425367
48.8288389, -119.8307312
48.8335024, -119.8293014
48.8336437, -119.8280371
48.8560021, -119.8235217
48.8591015, -119.8287953
48.8680827, -119.8287855
48.868386, -119.828856
48.8967421, -119.817373
48.8990249, -119.8200032
48.9054521, -119.8253036
48.9120524, -119.8325733
48.9216855, -119.8323948
48.9387184, -119.7958441
46.2136185, -119.8151781
46.22179269999999, -119.8151199
46.2308612, -119.8157135
46.2378649, -119.8173259
46.247782, -119.8150388
46.2582975, -119.8151174
46.2657243, -119.8150464
46.2731085, -119.8151087
46.2841181, -119.8163054
46.2940786, -119.8147998
46.30215159999999, -119.815117
46.3120665, -119.810511
46.3210663, -119.8104592
46.3296471, -119.8147731
46.3390682, -119.8103518
46.3475303, -119.8100895
46.3548315, -119.8098181
46.366893, -119.8167435
46.3748535, -119.814901
46.37886899999999, -119.8049643
46.3993744, -119.798866
46.4173835, -119.8234634
46.4214891, -119.8169931
46.4255661, -119.8105763
46.4454395, -119.8172952
46.4457647, -119.8149831
46.4569819, -119.8130564
46.4623291, -119.8167144
46.4653316, -119.8241466
46.4835011, -119.8273414
46.4941657, -119.8161743
46.494673, -119.8146112
46.5165738, -119.8144539
46.52032630000001, -119.8172143
46.52375929999999, -119.8142177
46.5285849, -119.80354
46.5521405, -119.8224863
46.555556, -119.8154947
46.562704, -119.8151824
46.5698462, -119.809783
46.5792807, -119.8156764
46.579443, -119.8174089
46.610888, -119.8135823
46.6109725, -119.8149046
46.6221866, -119.8147969
46.6309279, -119.8156666
46.6360713, -119.8112365
46.6450727, -119.8112702
46.65406369999999, -119.8112261
46.6630541, -119.8111256
46.6720746, -119.811084
46.6792017, -119.8150546
46.6900837, -119.8110681
46.6990546, -119.8110039
46.7081844, -119.8151142
46.7170412, -119.8107257
46.7260992, -119.8106443
46.7371342, -119.815087
46.7440861, -119.8107299
46.75384469999999, -119.8151105
46.7620891, -119.8105145
46.7820335, -119.8005322
46.7910486, -119.800295
46.8049606, -119.8100224
46.8061865, -119.8154492
46.8115483, -119.8164126
46.8302121, -119.8132046
46.83235029999999, -119.8174029
46.833265, -119.8197286
46.8687975, -119.8126334
46.8688241, -119.8128987
46.8691775, -119.8150813
46.8780058, -119.812884
46.88805079999999, -119.8118219
46.8987929, -119.8151244
46.9060393, -119.8113793
46.914027, -119.8151199
46.9212129, -119.8151836
46.9330836, -119.8133292
46.9420807, -119.8133275
46.9510794, -119.8132959
46.96008699999999, -119.8132848
46.9690685, -119.813307
46.9703023, -119.8133652
46.9870763, -119.8134065
46.9947488, -119.8157343
47.0050847, -119.8134142
47.0140778, -119.8134356
47.0225784, -119.8143662
47.0320839, -119.8133414
47.0410838, -119.813395
47.0443083, -119.8151527
47.05873949999999, -119.8199118
47.0888032, -119.815113
47.0888032, -119.8151146
47.09507199999999, -119.8112752
47.1036039, -119.8151142
47.1135215, -119.8157088
47.1220755, -119.8112482
47.13227759999999, -119.8151158
47.1467696, -119.8151082
47.1467696, -119.8151175
47.1612735, -119.8151159
47.1644801, -119.8166093
47.176085, -119.8151152
47.1895011, -119.8160386
47.192169, -119.814195
47.205095, -119.8151106
47.2130777, -119.8106757
47.2195609, -119.8151055
47.230078, -119.8107467
47.2398156, -119.8155489
47.2485772, -119.8151204
47.2552041, -119.8142595
47.2632239, -119.8127897
47.2777796, -119.8150947
47.2831439, -119.8107632
47.2921075, -119.8070897
47.3001887, -119.8081284
47.31315619999999, -119.8197667
47.3176887, -119.8178196
47.3354548, -119.8181028
47.3383236, -119.8150048
47.34129009999999, -119.8200987
47.36628289999999, -119.811612
47.373735, -119.8150412
47.3743481, -119.8114578
47.3897225, -119.8326008
47.4066966, -119.8207697
47.4106551, -119.819129
47.418519, -119.8108382
47.4282961, -119.8148555
47.4431549, -119.816405
47.4436958, -119.8138092
47.4676657, -119.8193714
47.4713835, -119.8134546
47.4815795, -119.8150941
47.4815868, -119.8147153
47.5003105, -119.8331552
47.5090875, -119.8331389
47.5180759, -119.8331751
47.5268845, -119.8331725
47.5397589, -119.8151925
47.5450852, -119.812073
47.5543452, -119.8151215
47.5630987, -119.8122462
47.5720861, -119.8123531
47.5810861, -119.8124043
47.5900949, -119.812505
47.5982475, -119.815101
47.6080885, -119.8126943
47.6170755, -119.813471
47.6271791, -119.8150885
47.63508160000001, -119.8134404
47.64407250000001, -119.8134339
47.6530735, -119.8133687
47.6620894, -119.8134392
47.6706392, -119.8151182
47.6800758, -119.8135048
47.6890831, -119.8135036
47.6980685, -119.8134925
47.7068349, -119.8151191
47.7160881, -119.8135849
47.72502240000001, -119.8140581
47.73407779999999, -119.8136967
47.7428836, -119.8151125
47.7520672, -119.8137224
47.7610728, -119.8136623
47.7700733, -119.8135805
47.7790753, -119.8135365
47.78808189999999, -119.8135251
47.7970802, -119.8135408
47.80608120000001, -119.813557
47.8154508, -119.8148279
47.8240954, -119.8135104
47.8330772, -119.8135712
47.8420794, -119.8135665
47.8510708, -119.8135554
47.8602283, -119.8148812
47.8663858, -119.8193253
47.8667221, -119.8204891
47.8955616, -119.8247696
47.8965423, -119.8241915
47.90246519999999, -119.8149988
47.917075, -119.813668
47.92331840000001, -119.815313
47.9311391, -119.8086697
47.93212339999999, -119.8080363
47.97324099999999, -119.819694
47.97686849999999, -119.816679
47.9861836, -119.8155258
47.992633, -119.813199
48.0043401, -119.8149703
48.01383449999999, -119.8207449
48.0217829, -119.8203493
48.0316107, -119.8173985
48.0397931, -119.8139864
48.0490856, -119.814911
48.0577029, -119.8159911
48.0671402, -119.8194482
48.0776929, -119.8156872
48.08742549999999, -119.816871
48.09707419999999, -119.8135541
48.1033879, -119.8156851
48.1068365, -119.8111323
48.127194, -119.8149542
48.13004, -119.8192903
48.1382546, -119.8149424
48.1454579, -119.8150861
48.1565295, -119.8150776
48.1623565, -119.8227105
48.1758225, -119.8081615
48.1858181, -119.8039734
48.19349829999999, -119.8044871
48.2017581, -119.8054014
48.21424, -119.8045758
48.22349070000001, -119.8118471
48.228789, -119.8158909
48.2335669, -119.8229252
48.2623578, -119.7993135
48.2708004, -119.8093123
48.2741665, -119.8143745
48.2826843, -119.8182485
48.290425, -119.8176195
48.3004696, -119.8206709
48.31525070000001, -119.8139455
48.3166051, -119.8186168
48.3284551, -119.8169882
48.3368671, -119.8158028
48.3459177, -119.8123582
48.35486, -119.8104552
48.365252, -119.8160047
48.3693817, -119.817749
48.3814893, -119.815312
48.3884121, -119.8130212
48.3996822, -119.8154956
48.4083384, -119.8160839
48.4139904, -119.8165821
48.4284171, -119.8062676
48.435511, -119.8087746
48.4362654, -119.8079241
48.45456009999999, -119.8279858
48.46735229999999, -119.8242009
48.4714021, -119.8225831
48.481033, -119.8150237
48.4896843, -119.8163061
48.5005081, -119.8194008
48.50866629999999, -119.8146568
48.5117958, -119.8125346
48.5256205, -119.8151253
48.5405585, -119.8185437
48.5417026, -119.8140298
48.5530418, -119.815137
48.5624403, -119.8139105
48.5672678, -119.8191458
48.5836316, -119.8219726
48.5895539, -119.8086367
48.5988463, -119.8117751
48.6061095, -119.8162392
48.6189569, -119.8164006
48.62837620000001, -119.811679
48.6333868, -119.8180309
48.64223940000001, -119.8178964
48.6509649, -119.8123589
48.65573819999999, -119.8200587
48.6705389, -119.8017443
48.6844141, -119.8210801
48.6878567, -119.8149938
48.6974532, -119.8163914
48.7011008, -119.8101265
48.7090434, -119.7959496
48.7508583, -119.8005833
48.7519533, -119.8032192
48.7549964, -119.8092806
48.7591257, -119.8154004
48.7632957, -119.8226644
48.787586, -119.819009
48.7881799, -119.81742
48.7957301, -119.8171535
48.8012257, -119.8078305
48.8040636, -119.8053273
48.8323459, -119.812415
48.8326885, -119.8147767
48.8335057, -119.8154737
48.85465079999999, -119.815092
48.859573, -119.812723
48.8720119, -119.8088313
48.890815, -119.8065001
48.8955188, -119.814868
48.9030076, -119.823119
48.9063496, -119.8262319
48.9368549, -119.7968138
48.9373583, -119.7967154
48.93895699999999, -119.7955727
46.2145227, -119.801399
46.2220658, -119.7999787
46.2310597, -119.7999771
46.2400503, -119.8027428
46.2490985, -119.8004561
46.2586295, -119.8014492
46.2663936, -119.8017846
46.2760774, -119.8000899
46.2830792, -119.8000125
46.2940948, -119.8105628
46.3023385, -119.8013756
46.3095414, -119.8017395
46.3211042, -119.810459
46.3311424, -119.802132
46.3393455, -119.80124
46.3495599, -119.8093236
46.358683, -119.8046908
46.3642202, -119.7982626
46.37703440000001, -119.8066481
46.3831994, -119.8000397
46.3934319, -119.7940236
46.4261478, -119.8096427
46.43006260000001, -119.8025328
46.4325723, -119.7977013
46.4465353, -119.8014977
46.4553799, -119.80056
46.4568479, -119.8058749
46.4808142, -119.7872511
46.4887454, -119.7982568
46.4909098, -119.8022667
46.4922294, -119.8060739
46.5159559, -119.810437
46.5247926, -119.8071173
46.5283751, -119.8008528
46.5289966, -119.8019981
46.5570515, -119.8116396
46.5593108, -119.8075597
46.56415080000001, -119.8014989
46.56989189999999, -119.80139
46.5845549, -119.798673
46.6104846, -119.8025921
46.61055320000001, -119.8015807
46.6216125, -119.8008263
46.6321078, -119.8036913
46.63324, -119.8008113
46.6450957, -119.8112701
46.65408739999999, -119.8014604
46.6648717, -119.8014088
46.6720901, -119.8110839
46.67921880000001, -119.8014285
46.6937112, -119.801408
46.6937112, -119.801409
46.7081586, -119.8014076
46.7226212, -119.8013482
46.7226217, -119.801446
46.737053, -119.8013904
46.7440645, -119.8107298
46.7531238, -119.8013396
46.76506610000001, -119.8045045
46.7712061, -119.7975513
46.7814286, -119.7999225
46.7893481, -119.7998131
46.7984077, -119.8004837
46.80843549999999, -119.8008414
46.8093839, -119.8047655
46.8297014, -119.8033465
46.83024760000001, -119.8004718
46.8392647, -119.7907496
46.8471756, -119.7845162
46.8688649, -119.8019446
46.868878, -119.8013683
46.8794697, -119.8123219
46.8881688, -119.8118198
46.89882859999999, -119.8014179
46.9084277, -119.8003732
46.91399200000001, -119.8014442
46.9283532, -119.8014163
46.9357655, -119.8014283
46.9357657, -119.8013616
46.9512019, -119.8015922
46.9601608, -119.8014215
46.9722464, -119.7921733
46.978098, -119.7921987
46.9885838, -119.7963713
46.9959031, -119.8015661
47.0008913, -119.8013866
47.0153594, -119.8027372
47.0320466, -119.8133412
47.0443406, -119.8014207
47.0443407, -119.8013868
47.073243, -119.781458
47.08877529999999, -119.8013187
47.0887756, -119.8013877
47.0887758, -119.8014568
47.1036519, -119.8014043
47.1177602, -119.8013952
47.1222797, -119.8016792
47.1322768, -119.8014078
47.1400784, -119.8005972
47.1490813, -119.8006013
47.1580817, -119.8006629
47.1670761, -119.800631
47.1761624, -119.8014095
47.1850742, -119.8000746
47.1940823, -119.8000497
47.2030822, -119.8000976
47.2123522, -119.8013243
47.2196266, -119.8014003
47.2341448, -119.8014368
47.2421267, -119.8020315
47.2486347, -119.801413
47.2561077, -119.8020175
47.2629136, -119.801345
47.2779549, -119.8015236
47.28407929999999, -119.7961687
47.291495, -119.8012704
47.3020304, -119.8070748
47.3132819, -119.808025
47.3202358, -119.8009974
47.3365734, -119.8016561
47.33657789999999, -119.8013588
47.3365824, -119.8010614
47.3751784, -119.8017351
47.3755232, -119.7995409
47.380071, -119.785927
47.4058652, -119.7891478
47.409092, -119.79256
47.4200081, -119.8018247
47.4217866, -119.8051734
47.4372524, -119.8003283
47.4459186, -119.8009139
47.446701, -119.8004666
47.4728449, -119.810471
47.4754471, -119.8058987
47.48121450000001, -119.8004241
47.48799529999999, -119.7963906
47.4886512, -119.7954253
47.4946561, -119.7830804
47.51807549999999, -119.8331751
47.5399035, -119.8017465
47.5399064, -119.8015093
47.5399092, -119.8012721
47.554463, -119.8014215
47.5691271, -119.8014973
47.569128, -119.801365
47.5811337, -119.79103
47.5901159, -119.7911099
47.5983077, -119.8014007
47.6126251, -119.8013163
47.6126268, -119.8014986
47.6262532, -119.7919464
47.6350908, -119.7919265
47.6416511, -119.8014262
47.6562026, -119.8013829
47.6562028, -119.8014564
47.6706115, -119.8014104
47.685081, -119.8014328
47.6850811, -119.8013889
47.6996149, -119.8013972
47.7070136, -119.8013429
47.71405739999999, -119.8014182
47.7248678, -119.7923385
47.73407479999999, -119.7922135
47.7430745, -119.7922033
47.7574749, -119.8013679
47.7574751, -119.8014354
47.77203799999999, -119.8013956
47.77912999999999, -119.7921789
47.7865818, -119.8014249
47.7969038, -119.7921111
47.8061607, -119.7918507
47.815559, -119.8014928
47.8301229, -119.80129
47.8301244, -119.8014663
47.8442245, -119.8027145
47.84459589999999, -119.8005167
47.8590135, -119.801434
47.8590159, -119.8016506
47.88803559999999, -119.7807382
47.9017938, -119.8010705
47.9019515, -119.8024609
47.9170514, -119.8013751
47.9257034, -119.8076892
47.9314912, -119.8014056
47.9322283, -119.8067459
47.9575019, -119.8050283
47.9591734, -119.8016916
47.9607539, -119.7982356
47.976599, -119.816598
47.9898613, -119.7982887
47.9950975, -119.7985415
48.00414809999999, -119.8014102
48.004151, -119.8011703
48.0215345, -119.8203179
48.0344107, -119.8154481
48.040762, -119.8135102
48.048646, -119.8148793
48.0559649, -119.815441
48.07296179999999, -119.7973558
48.0752897, -119.8015421
48.080423, -119.801316
48.0942233, -119.8015813
48.1050637, -119.8036894
48.1094626, -119.8047722
48.1269164, -119.8072901
48.1302001, -119.8085958
48.1383643, -119.8087633
48.1454447, -119.8033639
48.1575205, -119.7993858
48.1661361, -119.8012215
48.1749719, -119.8001963
48.1839423, -119.80169
48.1928765, -119.80421
48.2024171, -119.8052051
48.2111253, -119.8032562
48.2196504, -119.8054713
48.22902269999999, -119.7979803
48.2307291, -119.7978855
48.2458472, -119.7868314
48.2615709, -119.7977008
48.2660674, -119.7997463
48.27367779999999, -119.8009744
48.2859974, -119.7987583
48.2886832, -119.8036056
48.301327, -119.8009075
48.3084052, -119.8042053
48.3191366, -119.79713
48.3261853, -119.8041668
48.3350659, -119.8061827
48.345848, -119.8013251
48.3579306, -119.8069681
48.3653487, -119.8027144
48.37239750000001, -119.799563
48.3822418, -119.8030384
48.3875043, -119.8045196
48.3945656, -119.8090099
48.4090265, -119.8094784
48.4225296, -119.7996926
48.42661640000001, -119.8028294
48.436226, -119.8033774
48.437497, -119.8035916
48.4529625, -119.7874806
48.4636754, -119.7850029
48.4792065, -119.8159965
48.4846836, -119.8113945
48.4921251, -119.8067613
48.5010117, -119.8051165
48.5080094, -119.8002283
48.5159972, -119.8013019
48.5268361, -119.802572
48.5360852, -119.798978
48.5418013, -119.8048506
48.5525125, -119.8006178
48.55898, -119.8015477
48.56668260000001, -119.7974773
48.5885228, -119.8035543
48.5892467, -119.8015622
48.597317, -119.7983861
48.6060045, -119.8013232
48.6200054, -119.7971862
48.6236792, -119.8028711
48.6329208, -119.7976631
48.64178390000001, -119.8022406
48.6512821, -119.8076803
48.668524, -119.7976383
48.6700686, -119.8014369
48.6746571, -119.8032593
48.6881756, -119.8014643
48.69788810000001, -119.8011987
48.7382052, -119.7771499
48.7506004, -119.7994296
48.7512554, -119.801091
48.7547606, -119.8047844
48.7782277, -119.791544
48.7912997, -119.8012316
48.7965144, -119.8014617
48.8046303, -119.8033156
48.8302148, -119.8017632
48.8327688, -119.8014018
48.843317, -119.7952514
48.852055, -119.7997931
48.8582896, -119.8019835
48.86793189999999, -119.801024
48.8823315, -119.7978311
48.8860396, -119.801466
48.89115990000001, -119.8043833
48.89492850000001, -119.8110291
48.90402470000001, -119.824004
48.9384759, -119.796011
48.940184, -119.793793
46.2144968, -119.7876927
46.2219431, -119.7877436
46.2310889, -119.7894996
46.24008449999999, -119.7894805
46.2490859, -119.7894096
46.2590542, -119.7876951
46.2670678, -119.78934
46.2769445, -119.7877103
46.2850827, -119.7894064
46.2941139, -119.7890157
46.3025937, -119.7877047
46.3106292, -119.7930069
46.3310093, -119.7878592
46.3310103, -119.7877164
46.3393484, -119.7894672
46.3474303, -119.7845618
46.3562231, -119.7811245
46.36572580000001, -119.7841641
46.3748315, -119.7870939
46.3840745, -119.7870118
46.3931072, -119.7864577
46.402369, -119.787126
46.4034472, -119.7845332
46.4252741, -119.7852978
46.4290727, -119.7873142
46.4380715, -119.7871176
46.44617909999999, -119.7891972
46.4527162, -119.7943269
46.4719389, -119.7791626
46.4763317, -119.7831975
46.4829874, -119.7879174
46.4880609, -119.7828127
46.4988573, -119.7735132
46.5012672, -119.7721412
46.5297829, -119.7918104
46.5305624, -119.7882901
46.5323872, -119.7835667
46.5351625, -119.7777327
46.56545699999999, -119.7990484
46.56963289999999, -119.7893234
46.57302079999999, -119.791409
46.5846193, -119.7877055
46.5846193, -119.7876916
46.6105613, -119.7870654
46.6105923, -119.7874264
46.6160905, -119.7855538
46.6216347, -119.7877476
46.6357563, -119.787564
46.6364775, -119.783997
46.6544731, -119.7901917
46.66310439999999, -119.7900798
46.6718891, -119.7793812
46.6791412, -119.787728
46.6936236, -119.7876509
46.6936244, -119.7877796
46.7080899, -119.7877014
46.7225441, -119.7875991
46.7254272, -119.7892352
46.7369821, -119.7876782
46.7463782, -119.7862445
46.7510562, -119.7889881
46.7627955, -119.7871884
46.76969099999999, -119.7960307
46.7783914, -119.7976597
46.7875373, -119.7986024
46.8018273, -119.7884109
46.8054748, -119.7885215
46.807323, -119.7942144
46.8306944, -119.788073
46.8347522, -119.791327
46.8421726, -119.7869022
46.8690176, -119.7879276
46.869021, -119.7876715
46.86902449999999, -119.7874154
46.8988616, -119.7877502
46.8988616, -119.7877096
46.9061732, -119.790266
46.9144139, -119.7882799
46.9241021, -119.7921701
46.9356145, -119.7876968
46.9356146, -119.7877138
46.9520827, -119.7877333
46.9596058, -119.7876588
46.97807, -119.7921986
46.987063, -119.792259
46.9960542, -119.7816899
47.0050756, -119.7922338
47.0080213, -119.7922387
47.0230267, -119.7711032
47.0320557, -119.7711116
47.0443638, -119.7877131
47.0443638, -119.7876816
47.0590965, -119.7710637
47.0887371, -119.7877074
47.0950828, -119.7900662
47.1036973, -119.787699
47.117756, -119.7877035
47.117756, -119.7876999
47.1310541, -119.787668
47.13517299999999, -119.7810773
47.1467636, -119.7877014
47.1580699, -119.7900063
47.1670844, -119.7899706
47.1762302, -119.7877032
47.1850873, -119.784054
47.19408720000001, -119.7840982
47.20517580000001, -119.7877093
47.20517580000001, -119.7876764
47.2196708, -119.787693
47.2341955, -119.7877519
47.2433199, -119.7893617
47.2486885, -119.787708
47.2570752, -119.7894407
47.2660844, -119.7894231
47.278192, -119.7877674
47.28564, -119.7849882
47.2928344, -119.7876955
47.2930062, -119.7872061
47.3181452, -119.8000566
47.3242381, -119.7877262
47.3242383, -119.7876729
47.336785, -119.7876592
47.3450229, -119.7765281
47.34782879999999, -119.774177
47.3766191, -119.7916721
47.3769285, -119.7906024
47.3990335, -119.7753764
47.4037565, -119.7839858
47.4085803, -119.7905836
47.4223346, -119.7902487
47.4294984, -119.7868161
47.43439559999999, -119.7900133
47.4743883, -119.8071208
47.4783851, -119.8025997
47.4853518, -119.7949756
47.4909736, -119.7875541
47.4947196, -119.782936
47.497023, -119.7769986
47.5330443, -119.7691603
47.54006889999999, -119.7879526
47.5400704, -119.7877787
47.5450874, -119.7908527
47.5546654, -119.7877172
47.5630708, -119.7908459
47.5720614, -119.7909222
47.5810617, -119.7910292
47.590067, -119.7911095
47.5990613, -119.7911781
47.6080607, -119.7912794
47.617105, -119.7918439
47.6260013, -119.7919362
47.635074, -119.7919264
47.6415903, -119.7877394
47.6529928, -119.7918624
47.66208109999999, -119.7920015
47.6705969, -119.7877006
47.6850927, -119.7877144
47.6850927, -119.7876914
47.699596, -119.7876842
47.7083879, -119.7867584
47.7148958, -119.7914556
47.7255115, -119.7918185
47.7340813, -119.7922135
47.7430815, -119.7922033
47.75210240000001, -119.7921353
47.76107649999999, -119.7920779
47.7718681, -119.7882029
47.7790545, -119.792178
47.7881041, -119.7919897
47.7971821, -119.7920967
47.8060438, -119.7918485
47.8155001, -119.7876993
47.830043, -119.7877072
47.830043, -119.7876988
47.84445669999999, -119.7877207
47.8444569, -119.7876483
47.8592661, -119.7871389
47.8592894, -119.7870236
47.9025875, -119.7876515
47.9025878, -119.7877208
47.9170233, -119.787724
47.9232046, -119.7818642
47.93152, -119.7876991
47.9396978, -119.7820635
47.9501476, -119.7748196
47.96077349999999, -119.7898133
47.9678827, -119.787682
47.9750003, -119.7768374
47.9897296, -119.7876811
47.9897297, -119.7877316
48.0042276, -119.7876963
48.0130677, -119.7769158
48.0221516, -119.7769179
48.0317915, -119.7771
48.040074, -119.7768621
48.0483921, -119.779128
48.0594816, -119.7801546
48.0677974, -119.7869344
48.0760315, -119.7923605
48.0830608, -119.7860928
48.0946408, -119.7877381
48.1030857, -119.7868485
48.1124015, -119.7892438
48.1213068, -119.7886757
48.1296014, -119.7860328
48.1387323, -119.7874668
48.1461282, -119.79253
48.1541092, -119.7963288
48.1692516, -119.7914163
48.18624699999999, -119.7821469
48.1960743, -119.7865076
48.2000598, -119.7936263
48.2129859, -119.7943894
48.2212775, -119.792946
48.224949, -119.794185
48.2404338, -119.7847902
48.2472597, -119.7860973
48.2592005, -119.789385
48.2595085, -119.787115
48.2741487, -119.7874319
48.2839278, -119.7884763
48.2923143, -119.7855875
48.30120369999999, -119.7882831
48.3102402, -119.7867715
48.3211377, -119.794963
48.3302963, -119.7897986
48.3369259, -119.7867034
48.34602839999999, -119.794739
48.3622394, -119.7966599
48.3652778, -119.793906
48.37640039999999, -119.7896454
48.37987469999999, -119.7871268
48.3866156, -119.7736577
48.3992874, -119.7698157
48.4116171, -119.7735938
48.4209272, -119.7861104
48.4234468, -119.7913777
48.436627, -119.8033318
48.4536254, -119.7869079
48.463516, -119.7849454
48.4712007, -119.7809447
48.48178790000001, -119.781793
48.4895725, -119.7762361
48.5010699, -119.7883992
48.5084078, -119.7877644
48.5120146, -119.7955986
48.5272936, -119.7909666
48.5341488, -119.7848934
48.5398474, -119.7807799
48.5551953, -119.7898
48.5622179, -119.7864792
48.568887, -119.7875754
48.5820284, -119.7806618
48.58857949999999, -119.7861045
48.5976442, -119.7867204
48.60862059999999, -119.784573
48.61502309999999, -119.7830296
48.6245732, -119.7896712
48.6345909, -119.7880593
48.6408987, -119.7954467
48.6533299, -119.778798
48.6628958, -119.7825754
48.6688544, -119.7883899
48.6766708, -119.7865805
48.689098, -119.789815
48.7028092, -119.7809125
48.7066329, -119.7869337
48.7088264, -119.7913137
48.7206814, -119.7698149
48.7377271, -119.776859
48.7456472, -119.7813882
48.74906679999999, -119.7865744
48.7630695, -119.7780172
48.7704912, -119.7778429
48.7776238, -119.7877529
48.785824, -119.784483
48.7919501, -119.7884781
48.8012869, -119.79291
48.8307423, -119.7915713
48.8325796, -119.7885477
48.8426713, -119.7864009
48.853172, -119.786127
48.8593388, -119.7873331
48.8685982, -119.7874192
48.8786055, -119.7847055
48.8881853, -119.7879885
48.8884202, -119.7898562
48.900263, -119.7702137
48.9106462, -119.7664017
48.9316518, -119.7786648
48.9336676, -119.7862862
48.9385664, -119.7898998
48.9403228, -119.7922387
46.2138994, -119.7729068
46.2220805, -119.7737511
46.2301678, -119.7760895
46.2413874, -119.7740736
46.2513744, -119.7740411
46.2589888, -119.7739851
46.2670471, -119.7758526
46.2770751, -119.7733234
46.286994, -119.7728368
46.2939252, -119.7751628
46.302551, -119.7739983
46.3081548, -119.7749367
46.3312029, -119.7744059
46.3312099, -119.7740112
46.332727, -119.7756126
46.3502898, -119.7830054
46.357837, -119.7806925
46.36776649999999, -119.7831464
46.3745796, -119.7821617
46.384086, -119.7740428
46.3926662, -119.7717623
46.4034005, -119.7739717
46.4105723, -119.7662595
46.425214, -119.7739964
46.425214, -119.7739936
46.4398695, -119.7782707
46.4425788, -119.7819909
46.44966489999999, -119.790829
46.47165280000001, -119.7784272
46.4739858, -119.7739753
46.4888977, -119.7813939
46.49279540000001, -119.7767653
46.50072, -119.7725831
46.5016879, -119.7710008
46.5306527, -119.7817649
46.5309935, -119.7811872
46.5365957, -119.7736055
46.5386561, -119.7677575
46.5415185, -119.7613225
46.5713499, -119.7759983
46.5716627, -119.773603
46.5841944, -119.7724861
46.584591, -119.7736064
46.6101453, -119.7725502
46.61030969999999, -119.7739668
46.6180575, -119.7735778
46.6215971, -119.7741015
46.6383134, -119.7749572
46.6390371, -119.7713925
46.65729820000001, -119.7690983
46.664645, -119.7739478
46.6718359, -119.7739999
46.6790603, -119.7740234
46.6935469, -119.7739675
46.6990166, -119.768487
46.707982, -119.7739964
46.71697409999999, -119.7679452
46.7260655, -119.7784458
46.7369031, -119.7739727
46.7437997, -119.7685475
46.7540208, -119.7746669
46.7589607, -119.7761804
46.7658725, -119.7670283
46.7701406, -119.7609018
46.80275959999999, -119.773053
46.8049233, -119.7711463
46.8306905, -119.7737075
46.8307016, -119.7741677
46.844491, -119.7851601
46.86913190000001, -119.7741268
46.869133, -119.7739793
46.8790578, -119.7696214
46.8880451, -119.7692772
46.8988897, -119.7740025
46.9060085, -119.768923
46.9138884, -119.7740072
46.9240703, -119.7710456
46.9330917, -119.7710624
46.9420735, -119.7710614
46.9516665, -119.7737818
46.9597529, -119.7739298
46.9682197, -119.7709103
46.9760408, -119.7672041
46.9863537, -119.7739902
46.9935725, -119.773992
47.0065943, -119.7705126
47.0140719, -119.7711346
47.0230697, -119.7711029
47.0320748, -119.7711115
47.041067, -119.7711089
47.05007519999999, -119.7710681
47.0590819, -119.7710637
47.0680857, -119.7711145
47.07708419999999, -119.7711658
47.0857375, -119.7709141
47.0950522, -119.7688076
47.1037847, -119.7739799
47.1130775, -119.768759
47.1220844, -119.7687681
47.1322669, -119.7739937
47.13981769999999, -119.7736417
47.1467633, -119.7739952
47.16132169999999, -119.7739975
47.1670488, -119.7688072
47.176281, -119.7739962
47.1835472, -119.7789663
47.194074, -119.768231
47.2052635, -119.7740328
47.2125346, -119.7729389
47.219755, -119.7739723
47.2300766, -119.7681852
47.2390644, -119.7681618
47.2487539, -119.7740017
47.2548036, -119.7740693
47.2661123, -119.7785323
47.2746842, -119.7739821
47.284073, -119.7690506
47.293067, -119.7739946
47.2987274, -119.7714703
47.3148439, -119.7658854
47.3246647, -119.7750268
47.3251527, -119.7724046
47.337114, -119.7738147
47.3472248, -119.774495
47.35604319999999, -119.7687049
47.3651128, -119.768747
47.3740703, -119.7687513
47.3808528, -119.7739586
47.3920873, -119.7687795
47.400374, -119.7759695
47.4106884, -119.7794161
47.4190934, -119.7790476
47.4281928, -119.7687647
47.4367888, -119.7734842
47.4390331, -119.7708713
47.43906130000001, -119.7706485
47.4704007, -119.7587366
47.4710366, -119.758902
47.483782, -119.756456
47.4964072, -119.7781268
47.4986445, -119.7722681
47.503916, -119.7632535
47.5081606, -119.7583906
47.5360553, -119.7691712
47.5451073, -119.7692274
47.5548306, -119.7740146
47.5630969, -119.7693966
47.5694465, -119.7739669
47.5840204, -119.7740829
47.5900964, -119.7696486
47.5990945, -119.7697269
47.6080955, -119.7698007
47.6170415, -119.7703082
47.626058, -119.7702948
47.6351058, -119.7702027
47.6415547, -119.7739623
47.65614069999999, -119.7739959
47.6620841, -119.7705446
47.67060840000001, -119.773994
47.6800861, -119.7706965
47.6890893, -119.7706839
47.6995961, -119.7739958
47.7076305, -119.774655
47.711225, -119.7704177
47.7340895, -119.7922135
47.74309, -119.7922033
47.7574754, -119.7739861
47.7610744, -119.7707406
47.7700744, -119.7707121
47.7790841, -119.7707301
47.7881167, -119.7705748
47.7970917, -119.7708729
47.8060529, -119.7708168
47.81557040000001, -119.7740034
47.8240203, -119.7704091
47.8300951, -119.7739739
47.8445615, -119.774015
47.8445618, -119.7739418
47.8590976, -119.7739994
47.8664529, -119.7657329
47.8879848, -119.7802361
47.8889581, -119.7787157
47.8958779, -119.7736574
47.9025794, -119.7707081
47.9140312, -119.7815615
47.9229104, -119.7818501
47.93207049999999, -119.7817913
47.9411034, -119.771256
47.950053, -119.7740015
47.96082, -119.773849
47.9680118, -119.7713775
47.9772989, -119.7722659
47.9861004, -119.7768326
47.9954629, -119.7768299
48.0041018, -119.7769682
48.0130822, -119.7769157
48.0220595, -119.7769165
48.0310674, -119.7769142
48.0403872, -119.773954
48.04919410000001, -119.777805
48.0589309, -119.7766914
48.068556, -119.7770053
48.0749426, -119.7718976
48.0839609, -119.7742916
48.0941035, -119.7770249
48.1047304, -119.779027
48.1128009, -119.774973
48.1210578, -119.7711323
48.1299791, -119.7709215
48.1407775, -119.775661
48.1478622, -119.7723923
48.1577268, -119.7759244
48.1660962, -119.7739702
48.1759717, -119.7756518
48.1835895, -119.7707943
48.19324049999999, -119.776315
48.2012174, -119.7764417
48.2108847, -119.7768747
48.21909300000001, -119.7736449
48.2321876, -119.7743797
48.2397668, -119.7732271
48.2471301, -119.7743458
48.25465579999999, -119.7771607
48.2586279, -119.7830932
48.2747685, -119.7740006
48.2831553, -119.7724454
48.2921015, -119.7664296
48.3043707, -119.7855526
48.307742, -119.7856281
48.3114907, -119.7868195
48.3324624, -119.7790869
48.3370973, -119.7740487
48.3425413, -119.7693485
48.3479001, -119.7625447
48.3709762, -119.7651675
48.3759454, -119.7718822
48.38327719999999, -119.7725493
48.3888463, -119.7716035
48.3995853, -119.7697438
48.4097353, -119.7720361
48.4180758, -119.7739524
48.4274674, -119.771188
48.43729279999999, -119.7704133
48.4450347, -119.7737805
48.4533322, -119.7744278
48.4681967, -119.7738954
48.4722744, -119.7708675
48.4815009, -119.7706374
48.4906611, -119.7758489
48.49897259999999, -119.7741514
48.5048174, -119.7788021
48.5084373, -119.7866607
48.5330601, -119.7789595
48.5355044, -119.7743018
48.539296, -119.7704338
48.5564185, -119.7735524
48.5599455, -119.7796411
48.5684967, -119.7812066
48.582401, -119.7748027
48.5888341, -119.7749118
48.59759469999999, -119.7746516
48.6062069, -119.779041
48.6150031, -119.7734956
48.6191133, -119.7689573
48.6367403, -119.7737513
48.642709, -119.7722259
48.6522204, -119.7734875
48.661912, -119.7725345
48.6692299, -119.7713959
48.6785197, -119.7719079
48.6881553, -119.7740638
48.6986702, -119.7717515
48.70429559999999, -119.7676029
48.7180821, -119.7678961
48.72109469999999, -119.7694946
48.7346266, -119.7729494
48.7413828, -119.7763278
48.7475591, -119.7792727
48.7598248, -119.7752248
48.7690028, -119.7773714
48.7783364, -119.774675
48.7878335, -119.7743329
48.7907192, -119.7724432
48.8354961, -119.7787751
48.8358716, -119.7764078
48.8389599, -119.772099
48.8490791, -119.7703059
48.8605677, -119.7722973
48.8698479, -119.770857
48.8768936, -119.7733312
48.8888527, -119.7731894
48.8945421, -119.7712193
48.9007538, -119.7699658
48.91188820000001, -119.7660991
48.9263501, -119.7692072
48.9300389, -119.7747468
48.9326312, -119.7805958
48.9401219, -119.7917397
46.2117051, -119.759138
46.2214205, -119.7602926
46.2289569, -119.7602829
46.2400124, -119.7602908
46.2490661, -119.7578764
46.2586156, -119.7602425
46.26712269999999, -119.7683003
46.2731803, -119.7605489
46.284859, -119.7599414
46.2957267, -119.7603635
46.30312360000001, -119.7600781
46.3125271, -119.7577679
46.3217241, -119.7478769
46.3314278, -119.760328
46.3388088, -119.7580831
46.3479278, -119.7577214
46.35712239999999, -119.7599409
46.359243, -119.760059
46.3750924, -119.7449784
46.38452239999999, -119.7739604
46.3964465, -119.7692082
46.4032843, -119.7658843
46.4114178, -119.766144
46.4180141, -119.7602923
46.425182, -119.7664141
46.469542, -119.7521463
46.4709864, -119.7556924
46.4735962, -119.7608003
46.4750954, -119.7639888
46.4971745, -119.7591083
46.4999821, -119.7637099
46.500688, -119.7650884
46.500905, -119.7661445
46.5380353, -119.7692313
