48.0225195, -122.6798211
48.030882, -122.6797642
48.0393208, -122.6819983
48.0496227, -122.6857941
48.0567894, -122.6841347
48.066213, -122.6868863
48.0760421, -122.6910863
48.07837500000001, -122.6911037
48.0951086, -122.6925691
48.1005085, -122.6894382
48.1425613, -122.6906958
48.1448329, -122.6848375
48.1475535, -122.6791693
48.1581839, -122.67836
48.1660474, -122.6797471
48.1750753, -122.6788139
48.1841198, -122.6861259
48.1946169, -122.6746349
48.2042145, -122.6834168
48.2121256, -122.6795964
48.2198842, -122.6798263
48.2235079, -122.6729275
48.2404468, -122.6783029
48.24708140000001, -122.6806245
48.2560803, -122.6805851
48.264707, -122.6797111
48.2719113, -122.6798378
48.2831419, -122.6798743
48.2920784, -122.6797623
48.3010812, -122.6809159
48.3099661, -122.6763573
48.3194005, -122.67947
48.3280786, -122.6801004
48.33717470000001, -122.6798478
48.34601350000001, -122.6795923
48.3528993, -122.6746075
48.3614073, -122.6689988
48.3729779, -122.664994
48.38120319999999, -122.6633775
48.39062699999999, -122.6631137
48.4001606, -122.6642529
48.4013649, -122.6641288
48.4214456, -122.6665176
48.4353468, -122.6725728
48.4396214, -122.6762486
48.442812, -122.6767992
48.4432549, -122.6760319
48.4611161, -122.6551106
48.4796135, -122.6648234
48.4882082, -122.6712397
48.4908721, -122.6810765
48.4988636, -122.6798305
48.507388, -122.6790691
48.5174434, -122.6792246
48.52098789999999, -122.6846759
48.5219318, -122.6876411
48.5508777, -122.6924714
48.5535636, -122.6898418
48.5746156, -122.6509859
48.5873537, -122.6482047
48.6114784, -122.675501
48.6154676, -122.6797987
48.625072, -122.6770648
48.6295028, -122.6770283
48.6481651, -122.6737456
48.6516238, -122.6803719
48.6550668, -122.6870108
48.6585208, -122.6936375
48.696191, -122.682527
48.6978849, -122.6798141
48.705151, -122.6798099
48.713684, -122.679976
48.7228217, -122.6774333
48.7336664, -122.672364
48.73913659999999, -122.6701318
48.747586, -122.665886
48.7542357, -122.6594722
48.76392569999999, -122.6541197
48.7877776, -122.7019185
48.7892288, -122.7009198
48.8034103, -122.6794128
48.80574660000001, -122.6800601
48.81406, -122.6826534
48.8230827, -122.6798276
48.8320981, -122.6823886
48.8411594, -122.6798267
48.8484318, -122.6798517
48.8573996, -122.6828861
48.8664946, -122.6769808
48.8774642, -122.679828
48.8847234, -122.6798454
48.89523579999999, -122.6792779
48.9040901, -122.6824985
48.9131149, -122.6822533
48.9209802, -122.6798624
48.9355904, -122.6797577
48.9403234, -122.6794294
48.94997009999999, -122.6799273
46.2164617, -122.665253
46.2234696, -122.6666781
46.2310772, -122.6661142
46.2395446, -122.6669428
46.2493967, -122.6677083
46.258101, -122.6666043
46.26597839999999, -122.6591248
46.27554079999999, -122.6588026
46.2847187, -122.666138
46.2955226, -122.6636634
46.3034103, -122.6652617
46.3134413, -122.6642941
46.3206736, -122.668241
46.32921839999999, -122.6654947
46.3395994, -122.6659588
46.3506455, -122.6670813
46.3542994, -122.6670381
46.3665543, -122.666605
46.374941, -122.664655
46.3849245, -122.6667161
46.3914603, -122.6641346
46.401992, -122.6662403
46.4087726, -122.6650623
46.42037910000001, -122.665194
46.4290542, -122.666159
46.4376361, -122.6661668
46.4473804, -122.6655641
46.4588204, -122.6678594
46.4672383, -122.6636827
46.47338569999999, -122.6671981
46.4816435, -122.6729197
46.4920352, -122.6664886
46.5010199, -122.6610061
46.50966890000001, -122.6658313
46.5220328, -122.6578274
46.5319718, -122.6660494
46.535708, -122.670352
46.5465027, -122.6661111
46.5550799, -122.6674644
46.5611212, -122.6661601
46.5756124, -122.6661287
46.5820741, -122.6673713
46.59369119999999, -122.6673571
46.6000864, -122.6673368
46.6090806, -122.6672981
46.6155318, -122.6661179
46.6293896, -122.6664381
46.6362668, -122.6670643
46.6461336, -122.6685205
46.65423939999999, -122.6658702
46.6631245, -122.666345
46.6682888, -122.6679088
46.6794158, -122.6605044
46.6949069, -122.6747309
46.698614, -122.6662219
46.7092491, -122.6658826
46.7169511, -122.6665623
46.72992929999999, -122.6667216
46.735014, -122.6659426
46.7454636, -122.6655438
46.752961, -122.6663099
46.7618088, -122.6667141
46.7702889, -122.6654516
46.7769993, -122.6635678
46.7935113, -122.6704924
46.7981225, -122.6660056
46.8066121, -122.6662104
46.8158367, -122.6664803
46.8237967, -122.673264
46.834335, -122.6659726
46.843079, -122.6664492
46.851049, -122.6651836
46.8624541, -122.6651266
46.8750814, -122.659251
46.87927579999999, -122.6658513
46.8852335, -122.6647323
46.8960686, -122.6677332
46.90764799999999, -122.6687122
46.9160961, -122.666112
46.9232939, -122.6660639
46.9485195, -122.668463
46.9502069, -122.6656721
46.9601938, -122.6669012
46.9653839, -122.665489
46.98151379999999, -122.6660112
46.9815181, -122.6662984
46.9959555, -122.6661215
47.0030092, -122.6683885
47.0176058, -122.6564777
47.02416480000001, -122.661602
47.032272, -122.6656325
47.0392726, -122.6662306
47.0525745, -122.670276
47.0574622, -122.665478
47.0607873, -122.6574823
47.0808268, -122.6679417
47.0847162, -122.6677131
47.0950818, -122.6642
47.1041025, -122.6661113
47.10548900000001, -122.6649539
47.14301589999999, -122.6801211
47.1520012, -122.6771476
47.1591412, -122.6764405
47.1647407, -122.6760489
47.1803851, -122.6667189
47.1804646, -122.6654801
47.1939218, -122.6660559
47.203142, -122.6639534
47.2126116, -122.6656204
47.2213125, -122.6682848
47.2230589, -122.6685811
47.230492, -122.6799973
47.25920139999999, -122.6519909
47.2602766, -122.6532591
47.2677565, -122.6629372
47.2751346, -122.6658509
47.286476, -122.6653351
47.292944, -122.6666196
47.3013595, -122.6663665
47.312368, -122.6668485
47.3220292, -122.6661275
47.3293341, -122.6661359
47.3396839, -122.6655641
47.3461261, -122.6639305
47.3508256, -122.6583547
47.369292, -122.6722357
47.3738003, -122.6662629
47.38330879999999, -122.6662251
47.3917695, -122.6672063
47.4023641, -122.6662134
47.4101332, -122.6688549
47.41936099999999, -122.6673776
47.4274559, -122.6633629
47.4370218, -122.6644644
47.4468908, -122.6660927
47.4542796, -122.6608869
47.4640788, -122.666183
47.4724705, -122.6661274
47.4825255, -122.666103
47.4905227, -122.6661567
47.5000081, -122.6660427
47.5090722, -122.6659935
47.5184358, -122.6659428
47.5269691, -122.666669
47.5357681, -122.6648876
47.5484731, -122.6686805
47.55412519999999, -122.6661201
47.5630806, -122.6664638
47.5718701, -122.6660565
47.5812445, -122.6655977
47.5892242, -122.6663556
47.5990129, -122.6670673
47.6073302, -122.6602272
47.6180299, -122.6655169
47.6260969, -122.6666612
47.6350777, -122.6661686
47.6442079, -122.6656827
47.6530919, -122.6662592
47.6620775, -122.6656731
47.6710713, -122.6660821
47.6802071, -122.6660145
47.6890758, -122.6661687
47.6964208, -122.667809
47.70708680000001, -122.6653016
47.7161785, -122.6652425
47.72555819999999, -122.663768
47.7338003, -122.6661347
47.7446071, -122.6662286
47.7520719, -122.6661115
47.7610855, -122.6656942
47.77029, -122.6659701
47.77885490000001, -122.6665523
47.7876849, -122.6651822
47.7976109, -122.6664816
47.8060346, -122.6661513
47.812297, -122.6616773
47.8211899, -122.650086
47.838058, -122.6851609
47.8411239, -122.6837794
47.8496868, -122.6860768
47.8675272, -122.6639398
47.8680124, -122.666333
47.8741379, -122.6647298
47.8876654, -122.6727208
47.8956056, -122.6714787
47.9008637, -122.6707868
47.91130219999999, -122.6675439
47.9232483, -122.6611759
47.9295811, -122.6601032
47.9548055, -122.6792909
47.9684067, -122.6819325
47.9706762, -122.682646
47.9712961, -122.6833455
48.0132322, -122.6813137
48.0161869, -122.6739927
48.02252259999999, -122.6726967
48.031142, -122.6715701
48.0342948, -122.6751933
48.0455924, -122.6848875
48.0644053, -122.6860307
48.06931609999999, -122.6870804
48.1459531, -122.6823207
48.1481699, -122.6780641
48.1515376, -122.6737214
48.1582474, -122.6704804
48.1621149, -122.6631485
48.1767227, -122.666153
48.1840425, -122.6692218
48.1932983, -122.668159
48.2020404, -122.6632729
48.2111582, -122.6644424
48.2210714, -122.6660849
48.2228563, -122.6653267
48.242035, -122.667683
48.2461298, -122.667033
48.2558926, -122.6661272
48.2661725, -122.6661044
48.27441700000001, -122.665059
48.28308089999999, -122.6661892
48.2920787, -122.6660898
48.3012525, -122.6661198
48.310082, -122.6663332
48.3194639, -122.6661124
48.3276324, -122.6664731
48.3366927, -122.6661303
48.3450248, -122.6687154
48.3564454, -122.6717402
48.3643397, -122.6675795
48.3823005, -122.6632804
48.4000887, -122.6642521
48.40137730000001, -122.6641009
48.4184514, -122.6626781
48.4269238, -122.6645468
48.4354824, -122.6661489
48.4435636, -122.6628969
48.451369, -122.658693
48.4758133, -122.6602558
48.480479, -122.6648188
48.49014830000001, -122.6661592
48.49893729999999, -122.665485
48.5050127, -122.664801
48.51448629999999, -122.6752541
48.51808579999999, -122.6791459
48.5355777, -122.652412
48.5428913, -122.6525988
48.54922029999999, -122.6525515
48.5691157, -122.6489515
48.5715261, -122.6509453
48.6154131, -122.6661356
48.6225591, -122.6697185
48.6402989, -122.6586815
48.6437593, -122.6653072
48.6472193, -122.6719338
48.6506789, -122.6785614
48.681822, -122.643924
48.6857848, -122.6481763
48.69465719999999, -122.661522
48.6970782, -122.6662266
48.7047198, -122.6685313
48.7094185, -122.6736351
48.7272991, -122.6615447
48.73345810000001, -122.6659902
48.7425347, -122.6673629
48.74860959999999, -122.6651435
48.7584443, -122.6569188
48.7657957, -122.6532087
48.7760445, -122.646102
48.793805, -122.649638
48.80650410000001, -122.6666738
48.806527, -122.6663922
48.81942189999999, -122.6660704
48.8230844, -122.6607024
48.8320915, -122.6673208
48.8411336, -122.666121
48.8500796, -122.6654015
48.8599973, -122.6686361
48.8676706, -122.6661221
48.8774121, -122.6661138
48.8845497, -122.6661897
48.8946516, -122.6671269
48.9064574, -122.6660963
48.910272, -122.665874
48.9209586, -122.6661078
48.9327291, -122.6635774
48.93894479999999, -122.6678718
48.9499495, -122.6661122
46.21272769999999, -122.656533
46.2215859, -122.6533018
46.2292383, -122.6536939
46.2433179, -122.651912
46.2496768, -122.6548173
46.2565863, -122.6576302
46.2658771, -122.6529291
46.276136, -122.6523819
46.2852216, -122.6522718
46.2933479, -122.6505015
46.3020074, -122.6576448
46.3121053, -122.6523133
46.318427, -122.654737
46.3314068, -122.6480361
46.3397628, -122.6453726
46.3485184, -122.6515813
46.35737719999999, -122.6525282
46.36551559999999, -122.6521711
46.3716197, -122.652426
46.383366, -122.6524987
46.39327189999999, -122.655577
46.4015187, -122.6521875
46.4106946, -122.6513197
46.42022739999999, -122.6501083
46.429376, -122.6511864
46.4382669, -122.6542826
46.4476631, -122.6532784
46.4561702, -122.6539305
46.4661919, -122.6532287
46.4713659, -122.6479232
46.4888239, -122.6551447
46.504571, -122.6539005
46.5093484, -122.6512149
46.528219, -122.6576001
46.5371449, -122.6572302
46.54645559999999, -122.6524179
46.555082, -122.651837
46.5640808, -122.6515879
46.57179319999999, -122.6498305
46.582082, -122.6568643
46.5903483, -122.6520351
46.5993905, -122.6508459
46.6090548, -122.6568338
46.6154995, -122.6524384
46.6271016, -122.652199
46.6364573, -122.6536436
46.6448501, -122.6594125
46.65609, -122.6478322
46.6622392, -122.6530682
46.6784385, -122.6519325
46.6786075, -122.6529391
46.6959858, -122.6521028
46.6994959, -122.6502497
46.70798500000001, -122.6539219
46.71716929999999, -122.6520611
46.725628, -122.6508148
46.7354255, -122.6523729
46.7435816, -122.6515189
46.7532836, -122.6504562
46.761314, -122.6506481
46.7696891, -122.6482504
46.7793478, -122.6473337
46.7925318, -122.6471779
46.7980945, -122.6524253
46.8066553, -122.6512735
46.81602179999999, -122.6525608
46.8267714, -122.6480451
46.8341794, -122.6528162
46.84206589999999, -122.6554983
46.8507048, -122.6525155
46.8614024, -122.6524878
46.8700996, -122.6552711
46.8790808, -122.6526515
46.8850035, -122.6628354
46.89746470000001, -122.6519133
46.9069497, -122.653578
46.9150864, -122.6540817
46.92231959999999, -122.6566008
46.9384842, -122.6518473
46.9388294, -122.6511526
46.9509348, -122.6510318
46.9606626, -122.6526689
46.96892099999999, -122.6518466
46.9786656, -122.6480468
46.9873451, -122.651364
46.99700929999999, -122.6507853
47.0008484, -122.6538187
47.0141541, -122.6523184
47.01920519999999, -122.657154
47.0376603, -122.6497825
47.0385027, -122.6536289
47.0582745, -122.659508
47.0619587, -122.6550545
47.0676604, -122.6494914
47.0754221, -122.648903
47.086008, -122.6523762
47.0952889, -122.6522687
47.10534939999999, -122.6486697
47.1129898, -122.6434272
47.1162608, -122.6431258
47.1301601, -122.6393579
47.13185559999999, -122.6387217
47.15356449999999, -122.6367632
47.1569239, -122.6368474
47.1601201, -122.6351568
47.1812561, -122.6531317
47.1813352, -122.6518952
47.196309, -122.6540063
47.198828, -122.6523161
47.2129689, -122.6494365
47.2161596, -122.6538499
47.2229001, -122.6681844
47.2476224, -122.6402024
47.24892819999999, -122.6415272
47.2585042, -122.6507118
47.2661706, -122.6542522
47.2746954, -122.6504038
47.28422459999999, -122.6522852
47.2936503, -122.6524033
47.30208649999999, -122.6517406
47.3109258, -122.6524253
47.3198225, -122.6525067
47.3285008, -122.6510274
47.3376248, -122.6523602
47.3470774, -122.6530827
47.353036, -122.6525409
47.3580807, -122.6455
47.3769019, -122.6513065
47.3823856, -122.6529508
47.3921954, -122.6513098
47.3998883, -122.6495372
47.4122292, -122.650456
47.4190812, -122.6526509
47.42807939999999, -122.6524443
47.4370792, -122.6524314
47.44607509999999, -122.6531687
47.4547921, -122.6537212
47.4640721, -122.6526921
47.4730749, -122.6530083
47.4820733, -122.6531257
47.4910808, -122.6532497
47.5000851, -122.6529629
47.5090858, -122.6527395
47.5180772, -122.6523968
47.5270372, -122.6524145
47.5360557, -122.6520046
47.5382873, -122.6551234
47.5555574, -122.6549787
47.5630818, -122.6522123
47.5720793, -122.6521983
47.5810804, -122.6530156
47.5908185, -122.6513398
47.599072, -122.6526477
47.608076, -122.6521291
47.6172583, -122.6524013
47.6260831, -122.6527787
47.6352685, -122.6524413
47.6441618, -122.6524081
47.652694, -122.652754
47.66277789999999, -122.652993
47.6709099, -122.6524118
47.6800827, -122.6526509
47.6902856, -122.6524056
47.69807640000001, -122.6546206
47.7059814, -122.6530444
47.7160749, -122.6527847
47.72389279999999, -122.6593389
47.7358383, -122.6486708
47.7431974, -122.6541082
47.7522301, -122.653721
47.7609679, -122.651447
47.7700786, -122.6524173
47.7790997, -122.6510734
47.7880917, -122.6514037
47.7968839, -122.6511007
47.803826, -122.6513
47.8148926, -122.6525085
47.8249719, -122.647464
47.8303702, -122.6386531
47.864842, -122.6484676
47.8651724, -122.6511099
47.8689018, -122.6525592
47.8760591, -122.6481732
47.8872238, -122.6492719
47.8960792, -122.6519778
47.903428, -122.6552867
47.9140661, -122.6564811
47.9193751, -122.6544212
47.9705873, -122.6825839
47.97119300000001, -122.6831794
48.0182251, -122.6729285
48.0259213, -122.6709512
48.031933, -122.6716447
48.14664519999999, -122.680798
48.1503643, -122.6749207
48.1535337, -122.6722728
48.16396169999999, -122.6542729
48.1642361, -122.6519348
48.1768668, -122.6524681
48.185033, -122.653993
48.1925071, -122.6493267
48.202472, -122.6499862
48.21112000000001, -122.6567253
48.2201114, -122.6514571
48.2261415, -122.6492402
48.2456554, -122.6598116
48.2482011, -122.656734
48.2561527, -122.6546593
48.2642886, -122.6540361
48.2704227, -122.6614316
48.28565950000001, -122.6529323
48.2920792, -122.6522464
48.3011132, -122.652416
48.3094963, -122.6529139
48.3175888, -122.6524249
48.3274437, -122.6520813
48.3366124, -122.6540455
48.3546676, -122.6541808
48.3550113, -122.6515143
48.3639958, -122.6505729
48.3733057, -122.6518289
48.3821995, -122.6533107
48.3900243, -122.6493901
48.3982316, -122.6517609
48.410698, -122.6484722
48.41840790000001, -122.6522444
48.4295376, -122.6511416
48.4353268, -122.6503094
48.4443341, -122.6497458
48.4540867, -122.6522423
48.46227, -122.6525716
48.47237819999999, -122.6535617
48.4814247, -122.6529981
48.4902111, -122.6579877
48.4990008, -122.6524048
48.5083885, -122.6525961
48.5096724, -122.648069
48.52816840000001, -122.646358
48.5527375, -122.6501797
48.56256560000001, -122.6443453
48.5770487, -122.6486941
48.5874317, -122.6481757
48.5875153, -122.6480663
48.6152331, -122.6649665
48.6324298, -122.6436202
48.6358918, -122.6502453
48.6393534, -122.6568714
48.6428147, -122.6634984
48.6750024, -122.6333438
48.6794436, -122.6398985
48.688114, -122.649109
48.69270909999999, -122.6541647
48.715951, -122.650811
48.7161143, -122.6511703
48.724443, -122.648753
48.7278689, -122.6546541
48.7468065, -122.6523563
48.7492706, -122.6565376
48.76024289999999, -122.6529234
48.7685214, -122.6498341
48.7761358, -122.6460791
48.7961016, -122.6497462
48.8050879, -122.6499061
48.8194447, -122.652333
48.82385319999999, -122.6556513
48.8320652, -122.6494852
48.8411245, -122.6524144
48.84831819999999, -122.6524233
48.8590625, -122.6495185
48.866668, -122.649487
48.8773127, -122.6524091
48.8844839, -122.6524204
48.8950512, -122.6496754
48.906408, -122.6523979
48.913672, -122.647536
48.9208345, -122.652486
48.9310299, -122.6524691
48.9400726, -122.647789
48.9499088, -122.652404
46.2129874, -122.638436
46.22163949999999, -122.6411684
46.2297427, -122.6412998
46.2393024, -122.6404388
46.2446324, -122.6448814
46.2631741, -122.6440876
46.2698914, -122.636062
46.2785172, -122.6368268
46.2854345, -122.6391057
46.2942898, -122.6378689
46.3030921, -122.6384142
46.3130908, -122.6404768
46.3210068, -122.6373248
46.3301911, -122.6382327
46.3386297, -122.6395062
46.3481223, -122.6387981
46.3571797, -122.6370218
46.3661758, -122.639326
46.3748562, -122.639523
46.3842277, -122.6365879
46.3928822, -122.6387986
46.4011839, -122.6403861
46.412101, -122.6356914
46.42000789999999, -122.6390663
46.4293016, -122.6392847
46.4404124, -122.6402407
46.4452526, -122.6391259
46.45599010000001, -122.6392461
46.4643446, -122.6400022
46.4719, -122.6385306
46.5037669, -122.64637
46.5072833, -122.6447001
46.51932799999999, -122.6386814
46.5271109, -122.6372704
46.537082, -122.6389217
46.5465554, -122.6387201
46.5613503, -122.6438848
46.56391350000001, -122.6387576
46.5756194, -122.6387129
46.5821025, -122.6303634
46.5882333, -122.6303283
46.60442339999999, -122.6419615
46.6083006, -122.640935
46.618564, -122.6364723
46.6238503, -122.6319079
46.6398996, -122.6299705
46.6453098, -122.6308568
46.65366849999999, -122.636882
46.66080820000001, -122.6376563
46.6789354, -122.63894
46.6809216, -122.6393339
46.6860137, -122.6333851
46.7009768, -122.6413657
46.7086663, -122.6414837
46.7170481, -122.6380718
46.72667879999999, -122.6385221
46.7344814, -122.6390044
46.742214, -122.6381831
46.7530954, -122.6387731
46.7563507, -122.639947
46.7711426, -122.6385987
46.7802202, -122.6398959
46.7863093, -122.6386254
46.7992483, -122.6380873
46.8086608, -122.6364843
46.816404, -122.6374812
46.8242773, -122.6391512
46.8363422, -122.6414261
46.8431672, -122.6387014
46.8504781, -122.6387609
46.8607567, -122.6408945
46.8700983, -122.6406359
46.8791919, -122.6353621
46.8856066, -122.6325179
46.8970841, -122.6392255
46.9047476, -122.6393308
46.9160145, -122.6408561
46.9255668, -122.636615
46.9313562, -122.6389194
46.9406433, -122.6385882
46.9526263, -122.6387038
46.9586646, -122.638722
46.9689263, -122.6389032
46.9780157, -122.6369692
46.9860403, -122.6401669
46.9960287, -122.6411357
47.0041442, -122.6403216
47.0091255, -122.6461397
47.02299379999999, -122.6255131
47.0346438, -122.6383903
47.0347106, -122.6395331
47.03712549999999, -122.647341
47.0644795, -122.6511179
47.0697638, -122.6487366
47.0771187, -122.6387502
47.0865118, -122.6395608
47.09511029999999, -122.6385767
47.103502, -122.641171
47.1162555, -122.6388352
47.1222274, -122.6371679
47.1311427, -122.6391277
47.13842959999999, -122.6320344
47.1534898, -122.63671
47.1573867, -122.6366352
47.1660069, -122.6318609
47.1820955, -122.6394971
47.1821665, -122.6383251
47.1992256, -122.646832
47.2017295, -122.6441716
47.2084649, -122.6459084
47.2146033, -122.6499434
47.239513, -122.631849
47.2480779, -122.6387208
47.2571342, -122.6385621
47.2653912, -122.6352429
47.2791647, -122.6381524
47.2841481, -122.6387117
47.2930362, -122.6387081
47.3024327, -122.6387617
47.3125364, -122.6384336
47.3190606, -122.6388702
47.3290478, -122.6394315
47.3386037, -122.6387847
47.3471762, -122.6392846
47.3565888, -122.6374296
47.3654124, -122.6344913
47.3791741, -122.6427883
47.3835402, -122.6394324
47.3920948, -122.6384358
47.400883, -122.6372147
47.4097601, -122.6386588
47.419082, -122.6391525
47.4287109, -122.6387183
47.4370618, -122.6386783
47.4471812, -122.6384975
47.4549605, -122.6391068
47.465365, -122.640949
47.4719504, -122.6420058
47.4831698, -122.6387447
47.4918769, -122.636894
47.50186040000001, -122.6385835
47.5084995, -122.6387008
47.5185269, -122.6385294
47.5271155, -122.6391753
47.5362282, -122.6387026
47.5430559, -122.6383348
47.5565681, -122.6411222
47.56372, -122.6387035
47.5720789, -122.6388277
47.5827871, -122.638364
47.5900987, -122.640372
47.5991582, -122.6388328
47.6080803, -122.6383257
47.6170176, -122.6387064
47.62616, -122.6390133
47.6351358, -122.638019
47.6445093, -122.6387114
47.6531783, -122.6394279
47.6620752, -122.639597
47.6712326, -122.6387002
47.6800824, -122.6390504
47.6890881, -122.6401099
47.698088, -122.6387036
47.7069913, -122.6374899
47.71291859999999, -122.6450537
47.7248452, -122.6390623
47.7340792, -122.6387828
47.7430791, -122.6386798
47.75207990000001, -122.6387558
47.7612728, -122.6388707
47.7703547, -122.6405435
47.7778929, -122.6347577
47.7919426, -122.6397874
47.7962406, -122.6412807
47.807187, -122.6347352
47.8148479, -122.6408481
47.8242112, -122.639942
47.8315541, -122.6366598
47.83320399999999, -122.6318178
47.86095, -122.6263664
47.8646673, -122.6329707
47.8688285, -122.638136
47.8774919, -122.6392051
47.8860017, -122.641926
47.8931069, -122.6451091
47.9007371, -122.6502117
47.91906059999999, -122.6545547
47.93774459999999, -122.6147395
47.9382414, -122.6143869
47.9383808, -122.6142085
47.9705506, -122.6825681
48.0310014, -122.6065515
48.0311063, -122.6065193
48.07188619999999, -122.6130666
48.0743389, -122.6130872
48.0796425, -122.6122364
48.08262089999999, -122.610394
48.097181, -122.603164
48.1038373, -122.5991971
48.127846, -122.600712
48.129919, -122.600549
48.14487889999999, -122.604706
48.16418729999999, -122.6370952
48.1641962, -122.6372239
48.16608590000001, -122.6375303
48.1750763, -122.6374667
48.1840758, -122.6374408
48.1930777, -122.6374113
48.2013871, -122.6357233
48.2120286, -122.638727
48.2200789, -122.6387172
48.22615889999999, -122.648982
48.2502177, -122.6561965
48.2566028, -122.654626
48.270573, -122.6342793
48.27441640000001, -122.636189
48.279537, -122.6391491
48.2920306, -122.6387055
48.3010372, -122.6387075
48.3101891, -122.6383102
48.31842839999999, -122.6447582
48.3267478, -122.6377483
48.3367004, -122.6368354
48.3460786, -122.6366788
48.3547387, -122.6387073
48.3640858, -122.6366643
48.3730886, -122.6367459
48.3820837, -122.6368033
48.3910787, -122.6386845
48.4005377, -122.6444425
48.4080569, -122.6446833
48.41749530000001, -122.6388976
48.4253367, -122.6351779
48.4406343, -122.6413304
48.4454482, -122.6394244
48.4543504, -122.6383044
48.4617082, -122.6340968
48.4741505, -122.6441317
48.48111780000001, -122.6388115
48.4905205, -122.6401944
48.4989827, -122.6384017
48.5087821, -122.6387455
48.514092, -122.6343915
48.5271127, -122.6411669
48.5349335, -122.6466445
48.5427498, -122.635929
48.5539768, -122.6385991
48.5617695, -122.6442385
48.5723195, -122.6370496
48.58026410000001, -122.6377586
48.5862592, -122.6419362
48.5872112, -122.6436693
48.623661, -122.6261973
48.624759, -122.6289358
48.62802139999999, -122.6351864
48.63148469999999, -122.6418119
48.6349476, -122.6484383
48.6384101, -122.6550656
48.6694112, -122.6241813
48.6790836, -122.638711
48.6867009, -122.6411908
48.6895137, -122.6441955
48.7160442, -122.6503616
48.7177027, -122.647853
48.7258366, -122.6436859
48.7330441, -122.6384221
48.7400622, -122.6334161
48.7467829, -122.6387765
48.75839999999999, -122.639504
48.7710526, -122.6449244
48.7783791, -122.6439106
48.7870762, -122.6386978
48.7938081, -122.6386904
48.8074537, -122.638925
48.8094778, -122.6417944
48.8266827, -122.6386958
48.8320765, -122.6385515
48.8411644, -122.6387067
48.850079, -122.6387065
48.8590786, -122.6386514
48.8680787, -122.6386116
48.8770782, -122.6385713
48.886079, -122.6385161
48.89507949999999, -122.6385604
48.9040767, -122.6385067
48.9145852, -122.636264
48.9219522, -122.638972
48.9310773, -122.6384331
48.9400777, -122.6382803
48.9490762, -122.6381179
46.2133037, -122.6272489
46.2230632, -122.6250344
46.2297699, -122.6275781
46.2412502, -122.6230655
46.2487203, -122.6210016
46.2578966, -122.6237172
46.26665879999999, -122.6258938
46.2753398, -122.6263895
46.28542059999999, -122.6213147
46.29416519999999, -122.625148
46.29812219999999, -122.6202373
46.3153724, -122.6282292
46.3203605, -122.6240706
46.32892270000001, -122.6264858
46.3383675, -122.6251491
46.3480785, -122.6250012
46.3568496, -122.6250484
46.3669579, -122.6220396
46.3737794, -122.6236583
46.3835263, -122.6279675
46.3930884, -122.6240722
46.4036294, -122.6272429
46.41030929999999, -122.6249363
46.4205845, -122.6255315
46.4300918, -122.6274523
46.43806619999999, -122.6244955
46.4474841, -122.6265916
46.4548242, -122.6248243
46.4635666, -122.6253895
46.4714397, -122.6300439
46.471587, -122.630314
46.5094889, -122.623655
46.509533, -122.6250006
46.509577, -122.625179
46.5154823, -122.6287971
46.528516, -122.6250062
46.5370627, -122.6243814
46.5465703, -122.6249948
46.5550845, -122.625537
46.5610942, -122.624962
46.5780678, -122.6285744
46.5813986, -122.623201
46.5939335, -122.6230041
46.59647200000001, -122.6203027
46.61198, -122.625478
46.6162483, -122.6263364
46.62765049999999, -122.6254493
46.6360392, -122.626501
46.6459463, -122.6295916
46.65408980000001, -122.6250229
46.6615897, -122.620981
46.677187, -122.6292221
46.6806126, -122.6244798
46.6898552, -122.6243665
46.6991187, -122.6304237
46.7087246, -122.6280364
46.7193486, -122.6255177
46.7277158, -122.6243709
46.734624, -122.6283789
46.7458649, -122.623795
46.7512708, -122.6236557
46.7618121, -122.6226192
46.7710678, -122.624984
46.78040590000001, -122.6241333
46.7910581, -122.6223565
46.7979231, -122.6256631
46.8067077, -122.6208534
46.815774, -122.6249674
46.8242432, -122.6251782
46.837848, -122.6271829
46.8430742, -122.6243379
46.8522872, -122.6268366
46.8622975, -122.6239666
46.87006220000001, -122.6237443
46.87934689999999, -122.6252509
46.8866278, -122.6229596
46.8941151, -122.6250131
46.90506209999999, -122.6234549
46.9150801, -122.6248536
46.9245713, -122.6274151
46.9324269, -122.6242137
46.942079, -122.6245183
46.9516211, -122.6243752
46.9602292, -122.6248047
46.9689698, -122.6309562
46.9769668, -122.623596
46.9876762, -122.6264359
46.99871470000001, -122.6250188
47.0050848, -122.6258025
47.01408439999999, -122.6256505
47.0230823, -122.6255118
47.0320698, -122.6256868
47.0402585, -122.6224183
47.0476762, -122.6173346
47.05176300000001, -122.614339
47.0782385, -122.6352294
47.0797661, -122.6335122
47.0875122, -122.6247781
47.0948382, -122.6244204
47.1035396, -122.6250725
47.1135522, -122.623447
47.1220769, -122.6247013
47.1296165, -122.6204186
47.1366731, -122.6296741
47.1531767, -122.6332673
47.1582708, -122.6309079
47.1663984, -122.6315172
47.1829194, -122.6258873
47.1829887, -122.6247296
47.183058, -122.6235717
47.20165679999999, -122.6441477
47.22166010000001, -122.6117998
47.2258227, -122.6167288
47.2279995, -122.6188335
47.2390168, -122.6249996
47.2481934, -122.6250022
47.2570805, -122.6247335
47.2654732, -122.6282994
47.2757191, -122.6247956
47.2839256, -122.6250998
47.2930776, -122.6247929
47.3021605, -122.6248487
47.3134825, -122.6245773
47.3187703, -122.6246744
47.3290282, -122.6253799
47.3381073, -122.6263942
47.3449892, -122.6264987
47.35592030000001, -122.6245177
47.3650686, -122.6250007
47.3732465, -122.6237449
47.383092, -122.6249978
47.39205570000001, -122.6249998
47.4011127, -122.6254835
47.4100774, -122.6249652
47.418764, -122.6252332
47.4288542, -122.6250484
47.4370205, -122.6231072
47.4461282, -122.6264415
47.455406, -122.6227183
47.4640998, -122.6243497
47.473085, -122.6246942
47.4822464, -122.6250011
47.4910796, -122.6250296
47.4993409, -122.6250096
47.5089142, -122.623915
47.518226, -122.6250015
47.5271267, -122.6250006
47.5360991, -122.6247651
47.5446627, -122.6238513
47.5591322, -122.6214854
47.5630426, -122.6250988
47.5720308, -122.6250893
47.5809635, -122.6253318
47.5900381, -122.6248106
47.59924729999999, -122.6249998
47.6083331, -122.6255053
47.6170649, -122.6288149
47.626272, -122.6247798
47.6350542, -122.6255851
47.6439895, -122.6249136
47.65389159999999, -122.6249863
47.6620618, -122.62593
47.6707004, -122.6247376
47.6787362, -122.6247054
47.6891538, -122.6248463
47.6980778, -122.6252363
47.7083221, -122.6256624
47.714796, -122.6260027
47.72636, -122.6251971
47.7335994, -122.6250004
47.74357639999999, -122.6246871
47.7513047, -122.6249144
47.76109, -122.6260082
47.7682835, -122.6213068
47.77908679999999, -122.6254029
47.7892182, -122.6263462
47.7964118, -122.6261262
47.8038647, -122.631783
47.8116966, -122.6332622
47.822879, -122.6263527
47.8326686, -122.6243793
47.8406005, -122.619246
47.8564069, -122.6183156
47.8601389, -122.6249257
47.8693129, -122.6345648
47.880244, -122.6324569
47.8818944, -122.6310935
47.8903586, -122.6436763
47.8988177, -122.6485888
47.92583200000001, -122.614527
47.9266808, -122.6156044
47.9354393, -122.6150341
47.9380507, -122.6145775
47.9384844, -122.6140114
47.9385972, -122.6136339
47.9386715, -122.6133178
47.96917750000001, -122.6820691
48.0109566, -122.5811774
48.0143451, -122.5848744
48.0194493, -122.5909479
48.0308471, -122.6064228
48.0308866, -122.6064911
48.0313422, -122.6063061
48.0628982, -122.6017141
48.064723, -122.6039109
48.0937962, -122.6039726
48.1431947, -122.6039524
48.1577351, -122.6139639
48.1613822, -122.6214728
48.1664433, -122.6228374
48.1709761, -122.6249976
48.18403929999999, -122.6265589
48.1930848, -122.6266856
48.20407489999999, -122.625395
48.2110711, -122.6267326
48.219355, -122.6269182
48.221826, -122.62833
48.2540181, -122.6544118
48.2691288, -122.6277477
48.2691404, -122.627694
48.2730806, -122.6267472
48.2831795, -122.6250868
48.292112, -122.6250769
48.3011732, -122.6247488
48.3082533, -122.6251943
48.3184212, -122.6250034
48.3280891, -122.6231504
48.3383176, -122.6279121
48.3474144, -122.6249885
48.3581246, -122.6249183
48.364092, -122.6258494
48.373343, -122.6265855
48.38207, -122.6232042
48.3944517, -122.6248486
48.3994441, -122.6243324
48.41391669999999, -122.6227197
48.4180757, -122.6252798
48.4271724, -122.6243043
48.4349041, -122.6226329
48.4454863, -122.6249684
48.4541305, -122.625186
48.46045180000001, -122.6257353
48.4720356, -122.6261892
48.48108389999999, -122.6254459
48.49007779999999, -122.6251167
48.4996748, -122.6249977
48.5086334, -122.624175
48.517079, -122.6250762
48.526109, -122.6244493
48.5350814, -122.62478
48.5440789, -122.6249331
48.55307939999999, -122.6249167
48.5616296, -122.6235171
48.569906, -122.6263831
48.5754923, -122.6332533
48.5838302, -122.6379421
48.6233289, -122.6244123
48.6235582, -122.6256171
48.62707760000001, -122.6333811
48.6305418, -122.6400078
48.6686829, -122.6223566
48.6700545, -122.6250368
48.6802402, -122.6313096
48.6843654, -122.6359673
48.688382, -122.642335
48.7175068, -122.6480262
48.7178741, -122.6477656
48.7296853, -122.6410742
48.7378474, -122.6354571
48.7443099, -122.6285935
48.7508645, -122.6250085
48.7600853, -122.6277627
48.7690791, -122.6277285
48.77808570000001, -122.6276847
48.78707420000001, -122.6276827
48.79441809999999, -122.6243317
48.8043342, -122.6262752
48.8140205, -122.6245512
48.8231031, -122.6277182
48.833853, -122.619969
48.8411073, -122.6250004
48.8500785, -122.6249044
48.8588073, -122.6220953
48.8680819, -122.6247717
48.8771814, -122.6250007
48.88446889999999, -122.6249891
48.89637279999999, -122.6237672
48.9042795, -122.6270556
48.91346129999999, -122.6249981
48.920719, -122.6250019
48.9310876, -122.627225
48.9388449, -122.6250145
48.949727, -122.6249838
46.2158576, -122.6125253
46.221796, -122.6082938
46.2309689, -122.6115361
46.24001, -122.6124529
46.2488228, -122.61146
46.2582, -122.6111614
46.2662096, -122.6124879
46.2708017, -122.6201315
46.28637810000001, -122.6110983
46.2957295, -122.6118056
46.30297239999999, -122.6103431
46.31299569999999, -122.6109432
46.3207521, -122.6118229
46.3298642, -122.6113486
46.3390192, -122.6107545
46.34763830000001, -122.6088909
46.356893, -122.6112881
46.3663266, -122.6120682
46.3754113, -122.6115277
46.38372810000001, -122.6121885
46.3930587, -122.6113227
46.4018806, -122.6113549
46.4112745, -122.6121909
46.4206509, -122.6116632
46.4284492, -122.6147394
46.4380043, -122.6114039
46.44823359999999, -122.6106954
46.4575644, -122.6115311
46.4653327, -122.6112008
46.4658831, -122.6142976
46.4911309, -122.590191
46.508452, -122.607277
46.5104371, -122.6110847
46.5191857, -122.6038126
46.5308747, -122.6085172
46.5377248, -122.6113078
46.5454889, -122.6113706
46.5531101, -122.6073206
46.56406380000001, -122.6116253
46.57352969999999, -122.6115348
46.5808072, -122.6072147
46.59107729999999, -122.6148562
46.5973237, -122.6113551
46.6118305, -122.6112094
46.6176447, -122.6169204
46.6303682, -122.6142718
46.633903, -122.6092078
46.6489087, -122.615999
46.6534584, -122.6108644
46.6658619, -122.6108053
46.6720894, -122.609697
46.67491070000001, -122.6092747
46.6898864, -122.6102243
46.7002235, -122.6118722
46.70826710000001, -122.6112472
46.71740339999999, -122.6115095
46.7266251, -122.6120418
46.7357777, -122.6078763
46.74322249999999, -122.611292
46.7509762, -122.6170739
46.7656145, -122.6151665
46.7714297, -122.6109855
46.7780844, -122.6112228
46.7892504, -122.6090641
46.793974, -122.6083662
46.8099594, -122.6096321
46.8127317, -122.6101678
46.8248443, -122.6068704
46.8363491, -122.6046309
46.8434927, -122.6113129
46.8522534, -122.6109364
46.8610788, -122.6112602
46.8701098, -122.6131384
46.879692, -122.6111624
46.8898722, -122.6101827
46.89706289999999, -122.6125915
46.9049151, -122.6122251
46.9149993, -122.6085477
46.92726829999999, -122.6152407
46.93307799999999, -122.6116093
46.9422732, -122.6110646
46.95107960000001, -122.611612
46.9599839, -122.6112937
46.965792, -122.6094919
46.9809196, -122.6104668
46.9870768, -122.6117298
46.9971131, -122.6120579
47.00319229999999, -122.6096222
47.0141985, -122.6256484
47.0254967, -122.6111596
47.0263003, -122.6156187
47.0438365, -122.6199702
47.0525087, -122.6119382
47.0527567, -122.6098176
47.0684944, -122.5924191
47.0819768, -122.6078898
47.0859077, -122.6114005
47.0950695, -122.6112613
47.1030036, -122.6096508
47.1109417, -122.6135473
47.1217574, -122.6117179
47.13118559999999, -122.6111421
47.1399023, -122.6110632
47.1491281, -122.6030147
47.1580559, -122.6112918
47.16691960000001, -122.611293
47.1763263, -122.6033221
47.1836563, -122.6112622
47.1836583, -122.6110622
47.219202, -122.60684
47.221106, -122.6107124
47.2300768, -122.6106404
47.2382936, -122.6120515
47.2480826, -122.6105214
47.253498, -122.61464
47.2702962, -122.61323
47.27502, -122.612406
47.2840202, -122.6115702
47.2928854, -122.6123298
47.3020984, -122.6113482
47.31045169999999, -122.6120913
47.3200289, -122.6112691
47.3290776, -122.6106107
47.338988, -122.6104089
47.346515, -122.6103169
47.3561075, -122.6118311
47.3651142, -122.6113914
47.3743652, -122.6112954
47.3830689, -122.6100252
47.3925335, -122.6107189
47.4034002, -122.6115925
47.4107276, -122.611286
47.4190693, -122.6100006
47.4274764, -122.6111051
47.4370715, -122.607434
47.4472499, -122.612628
47.4554359, -122.61131
47.4640794, -122.6096885
47.472221, -122.610894
47.482534, -122.6108264
47.4903465, -122.6112888
47.500001, -122.6113045
47.5091969, -122.6112929
47.51800799999999, -122.6112862
47.5270713, -122.6096759
47.5361292, -122.6112922
47.5444918, -122.6112891
47.5590127, -122.6137419
47.5613181, -122.6084625
47.5720264, -122.6112953
47.581083, -122.6112938
47.5901294, -122.6112937
47.5986792, -122.6115552
47.6067693, -122.613172
47.6170748, -122.6076146
47.626214, -122.6112691
47.6339271, -122.6104177
47.6440783, -122.6112291
47.6547812, -122.6154096
47.6621009, -122.6144543
47.6727771, -122.6175352
47.678722, -122.6198106
47.6879318, -122.6193749
47.6992572, -122.6146082
47.7090642, -122.6072317
47.7160226, -122.6120659
47.725646, -122.6112938
47.7339799, -122.6124999
47.7430751, -122.612042
47.75153700000001, -122.6111434
47.7625766, -122.6105753
47.7694608, -122.6096779
47.7785533, -122.6101152
47.7877916, -122.6094092
47.800315, -122.6201258
47.82260910000001, -122.6262756
47.8279766, -122.6226142
47.8394494, -122.6146316
47.84272139999999, -122.610635
47.8507488, -122.610953
47.856844, -122.6068558
47.9064061, -122.5918142
47.9257656, -122.6138593
47.9258624, -122.6134428
47.93184489999999, -122.6125047
47.9387572, -122.6110742
47.9387932, -122.6102264
47.938799, -122.6100888
47.9388156, -122.6094963
48.0108026, -122.5809203
48.0111324, -122.5813988
48.03055029999999, -122.6054826
48.0334398, -122.6032792
48.0424175, -122.5928506
48.0688559, -122.6073853
48.0761171, -122.6122022
48.0830856, -122.6095274
48.1029245, -122.5995325
48.1210206, -122.5984231
48.1411019, -122.60314
48.1482571, -122.6060271
48.1581362, -122.6123687
48.166159, -122.6112926
48.17368980000001, -122.6130905
48.1833717, -122.6088778
48.19307670000001, -122.613401
48.2016591, -122.6103187
48.2108564, -122.6124937
48.2115157, -122.613717
48.2696671, -122.624478
48.26974569999999, -122.6243895
48.2702973, -122.6245478
48.2826669, -122.622591
48.29670730000001, -122.6128744
48.3006646, -122.6112272
48.3100747, -122.6091055
48.3190733, -122.6098695
48.3292614, -122.611302
48.3383355, -122.6099026
48.3463331, -122.6113163
48.3549308, -122.6124741
48.364079, -122.609676
48.3740128, -122.6102388
48.3820846, -122.6082923
48.38738, -122.6023086
48.397403, -122.621202
48.4145049, -122.614982
48.4189886, -122.6147138
48.4270517, -122.6112686
48.435933, -122.6105848
48.4451038, -122.6116624
48.45024730000001, -122.6062363
48.4642747, -122.6059078
48.4712878, -122.6055079
48.48155879999999, -122.6102229
48.4900805, -122.6116214
48.4988187, -122.6112992
48.5080612, -122.6111354
48.5170769, -122.610967
48.52200879999999, -122.6124604
48.5356897, -122.6113534
48.5413979, -122.6124302
48.5530755, -122.6140506
48.562052, -122.6137486
48.5661448, -122.6197171
48.5692379, -122.6251284
48.5827463, -122.6371553
48.6238361, -122.6201712
48.62471310000001, -122.6172734
48.6262862, -122.6121434
48.6278873, -122.6069359
48.65056389999999, -122.5922441
48.6507213, -122.5923027
48.66866049999999, -122.6217711
48.6700645, -122.6210864
48.670559, -122.621192
48.6803322, -122.631374
48.684469, -122.6360652
48.7176616, -122.6478801
48.72602800000001, -122.6435307
48.7323196, -122.6386948
48.7416496, -122.6317561
48.7490228, -122.6220202
48.7542444, -122.6150308
48.7601337, -122.6100531
48.76474049999999, -122.6078559
48.7785646, -122.6070374
48.78698499999999, -122.6121543
48.7955031, -122.6139286
48.8000603, -122.6180017
48.81636260000001, -122.6131587
48.8231884, -122.6064684
48.83390720000001, -122.6112905
48.8406848, -122.6126116
48.8495107, -122.6102908
48.8594439, -122.6111172
48.8680263, -122.6112943
48.8773091, -122.6113071
48.8845324, -122.6112646
48.895281, -122.6110045
48.9062205, -122.6112783
48.913505, -122.6112999
48.9208096, -122.6112182
48.9317589, -122.6123169
48.9424821, -122.6113648
48.9498095, -122.6113655
46.218404, -122.5951637
46.2218867, -122.597644
46.22815689999999, -122.5964924
46.2369424, -122.599126
46.2488238, -122.5980898
46.2614753, -122.5983582
46.2682009, -122.5950517
46.2745892, -122.5959377
46.2866128, -122.6016202
46.29301419999999, -122.5983134
46.3037967, -122.5976033
46.3124914, -122.5959572
46.3215521, -122.5971549
46.3297995, -122.5980247
46.33934989999999, -122.597077
46.3459042, -122.5989043
46.35846859999999, -122.5977028
46.3665408, -122.5952547
46.37552549999999, -122.5959579
46.3846639, -122.597862
46.3946524, -122.5976757
46.4020581, -122.5977473
46.4090903, -122.6007725
46.4194668, -122.5964035
46.4294528, -122.5949621
46.4357771, -122.5980647
46.4471358, -122.5972876
46.4569001, -122.5950174
46.4631553, -122.5983715
46.4708943, -122.5880474
46.50379, -122.5954277
46.5064673, -122.5987325
46.51983269999999, -122.6036426
46.5266735, -122.5985013
46.5381312, -122.5976135
46.5469446, -122.5976058
46.5571844, -122.5999953
46.56887500000001, -122.597807
46.572973, -122.5993071
46.584914, -122.594746
46.59714, -122.5974771
46.5971414, -122.5976404
46.61179509999999, -122.5985458
46.61702870000001, -122.5976062
46.6331565, -122.5941885
46.637259, -122.5989968
46.6448438, -122.5991523
46.6540629, -122.5974058
46.6620453, -122.5977108
46.6721733, -122.5972429
46.6801988, -122.5967529
46.6883905, -122.5977272
46.7004167, -122.5939743
46.7076894, -122.5975752
46.7169914, -122.5972624
46.7261736, -122.5978889
46.7359253, -122.5942491
46.7430552, -122.5959272
46.7449387, -122.5933071
46.7674166, -122.5946345
46.7706745, -122.5981109
46.7786252, -122.5997683
46.7880815, -122.5966084
46.7980449, -122.5975053
46.80631030000001, -122.5985815
46.8161295, -122.5961009
46.8250778, -122.5975646
46.8346697, -122.5965676
46.8414225, -122.5979216
46.8520014, -122.5967909
46.86034, -122.5975205
46.8722539, -122.5975504
46.87908909999999, -122.5983501
46.8856782, -122.5948706
46.8959011, -122.5951293
46.9056209, -122.5985348
46.9154275, -122.5975882
46.9232098, -122.5967659
46.9331271, -122.5974758
46.9427896, -122.5975835
46.95084869999999, -122.5966002
46.9600823, -122.5970367
46.9702048, -122.5976081
46.9786055, -122.5973631
46.9859264, -122.5966123
46.9985063, -122.5975241
47.0046203, -122.5977575
47.0066248, -122.5915248
47.0260098, -122.5986855
47.026248, -122.5968913
47.0321183, -122.585346
47.05400179999999, -122.5985978
47.0578886, -122.5913318
47.0681928, -122.5924049
47.0782983, -122.5963701
47.0860309, -122.5971451
47.0956147, -122.5972037
47.1039628, -122.5975287
47.11426729999999, -122.59692
47.122072, -122.5975981
47.1311517, -122.5977011
47.1395324, -122.5965551
47.149703, -122.5948511
47.1588582, -122.5976762
47.16725109999999, -122.5972346
47.1747984, -122.5965338
47.1826596, -122.6044052
47.1911233, -122.5821179
47.200907, -122.5821701
47.21980749999999, -122.6042801
47.222964, -122.6002859
47.2292229, -122.5974738
47.239283, -122.598018
47.2463933, -122.605337
47.25962699999999, -122.5919912
47.266312, -122.59755
47.273991, -122.599339
47.28538950000001, -122.5968471
47.2933409, -122.5972226
47.3021518, -122.5982027
47.3109677, -122.596635
47.3199704, -122.5975741
47.3290444, -122.5976657
47.3386292, -122.595964
47.347052, -122.5976643
47.35607359999999, -122.5999534
47.3638222, -122.5973808
47.3739814, -122.5975644
47.3829724, -122.5999246
47.3921924, -122.5976377
47.4014318, -122.5974639
47.411365, -122.5912411
47.418102, -122.5975656
47.4270206, -122.5950501
47.43887549999999, -122.5976006
47.4470541, -122.5964907
47.45425969999999, -122.5975728
47.464086, -122.5968442
47.4732074, -122.597092
47.4823312, -122.5963222
47.490424, -122.5975935
47.5000723, -122.597584
47.5077078, -122.5970322
47.5182114, -122.5977345
47.52696530000001, -122.5978129
47.5361518, -122.5975889
47.5451035, -122.5994798
47.5550554, -122.5999567
47.5607227, -122.5951267
47.5707923, -122.5955185
47.581658, -122.599642
47.5901287, -122.5975879
47.5992281, -122.5973198
47.6083457, -122.598055
47.6170905, -122.5978788
47.6261979, -122.5975843
47.6347698, -122.5975882
47.6433089, -122.6038702
47.6573961, -122.5867138
47.66222210000001, -122.5874555
47.6636174, -122.5874487
47.6912348, -122.5894837
47.6973166, -122.5960928
47.70607469999999, -122.5978677
47.7159821, -122.5971158
47.7250861, -122.5957194
47.73408209999999, -122.5957378
47.7447522, -122.5938004
47.7516167, -122.5975833
47.7640305, -122.5984601
47.7698675, -122.59758
47.780596, -122.5975713
47.7877683, -122.5973025
47.7927285, -122.5911234
47.806665, -122.5841931
47.815261, -122.5895138
47.82478769999999, -122.5854572
47.833704, -122.5866007
47.84739310000001, -122.6028891
47.85295960000001, -122.5943734
47.8559679, -122.5932381
47.88332459999999, -122.5776156
47.8914146, -122.5791456
47.8973839, -122.5836631
47.9194372, -122.5905672
47.924119, -122.5965627
47.93087939999999, -122.6019931
47.9363551, -122.6065766
47.938772, -122.6090345
47.976698, -122.550997
48.0106674, -122.5805607
48.0112464, -122.5815159
48.0193239, -122.5907535
48.0240678, -122.5933368
48.031431, -122.5972617
48.039702, -122.595123
48.04894969999999, -122.5891619
48.0599296, -122.5964221
48.0661711, -122.5996593
48.0797457, -122.5978048
48.0850816, -122.5979778
48.0944423, -122.5996434
48.10310399999999, -122.5975909
48.1050306, -122.5957271
48.121001, -122.5976693
48.1298696, -122.5975177
48.13907320000001, -122.5970522
48.147346, -122.5975862
48.1564331, -122.5983363
48.1656199, -122.5960843
48.1735376, -122.5949972
48.1834218, -122.594974
48.1912741, -122.5961484
48.1987435, -122.6055126
48.2074782, -122.6072079
48.2095186, -122.6087004
48.2113503, -122.6128976
48.2699046, -122.6243681
48.2981416, -122.6040272
48.298875, -122.5989661
48.3019134, -122.5976119
48.3100566, -122.5972377
48.3192142, -122.596143
48.3283001, -122.5975834
48.3376549, -122.5978686
48.3456013, -122.6014039
48.3559438, -122.5968492
48.3639691, -122.597338
48.3744861, -122.5963556
48.3821034, -122.5972366
48.3910738, -122.5975687
48.4000931, -122.5982241
48.40115609999999, -122.5982963
48.4232476, -122.5984583
48.4273349, -122.5975754
48.4345831, -122.5978792
48.4471674, -122.5987257
48.4536156, -122.5987244
48.4647702, -122.591602
48.4720671, -122.597596
48.480237, -122.5968774
48.4897674, -122.5994293
48.49801309999999, -122.6016672
48.5134826, -122.599045
48.5182088, -122.5994681
48.52035, -122.6008819
48.5373721, -122.5979595
48.54426230000001, -122.5971731
48.5527004, -122.5972667
48.5579166, -122.6023128
48.5589818, -122.6058893
48.5662282, -122.6198325
48.56830799999999, -122.6234473
48.6249897, -122.6163595
48.6265501, -122.6112852
48.6281505, -122.6060797
48.6297507, -122.6008738
48.6313506, -122.5956676
48.6504602, -122.5920708
48.6508019, -122.5922822
48.6587116, -122.5855245
48.670491, -122.6210879
48.7319076, -122.639016
48.7324662, -122.6386184
48.7544414, -122.6147022
48.756738, -122.6111787
48.7659323, -122.6048501
48.76973659999999, -122.6016279
48.7747932, -122.6040526
48.7918685, -122.5967621
48.7961216, -122.5951198
48.80506, -122.5955818
48.8140721, -122.5955456
48.8230947, -122.595584
48.8317053, -122.5987361
48.8423959, -122.5949488
48.8500784, -122.5976371
48.858852, -122.5975822
48.868066, -122.5956015
48.8774206, -122.5975833
48.8856735, -122.5960926
48.89391060000001, -122.5991845
48.9029731, -122.6002327
48.9136227, -122.5975966
48.92094480000001, -122.5975821
48.9354814, -122.5975656
48.94007250000001, -122.596571
48.9490746, -122.5964886
46.2128951, -122.5845331
46.222019, -122.5838451
46.22984779999999, -122.5852753
46.240021, -122.5818178
46.248857, -122.585167
46.257542, -122.5848196
46.2670583, -122.5838554
46.275934, -122.5823413
46.2853168, -122.5843281
46.29380680000001, -122.5827761
46.3037546, -122.5843087
46.3120781, -122.58388
46.3218375, -122.5851476
46.3297977, -122.5829187
46.3350213, -122.5872134
46.348551, -122.5844905
46.3572165, -122.5829678
46.36669, -122.582548
46.3763868, -122.5877784
46.38212499999999, -122.5849855
46.39413769999999, -122.5838862
46.4020792, -122.5838848
46.4104646, -122.583409
46.4194879, -122.5817481
46.4290515, -122.5837236
46.4351739, -122.580451
46.4469153, -122.5875381
46.4561283, -122.5800286
46.4645957, -122.5836397
46.4732734, -122.5831211
46.48963440000001, -122.5789776
46.4924373, -122.5830145
46.5022234, -122.5840153
46.5089639, -122.5880866
46.519177, -122.5836975
46.5294639, -122.5855386
46.537445, -122.585473
46.5436989, -122.5820398
46.5588369, -122.598339
46.5635418, -122.5696561
46.5755691, -122.5915188
46.5827591, -122.590182
46.5910788, -122.5835953
46.600403, -122.583091
46.60908000000001, -122.5837147
46.6169478, -122.5826017
46.6274696, -122.5844883
46.6360009, -122.5838657
46.6452791, -122.5812409
46.6551335, -122.5861246
46.6624923, -122.5852753
46.6719179, -122.5835985
46.682291, -122.583528
46.689615, -122.5804533
46.6988853, -122.5849805
46.707857, -122.582432
46.7171866, -122.5832396
46.7259953, -122.5837756
46.7374309, -122.5866099
46.7447767, -122.5836552
46.75686779999999, -122.5799064
46.7621723, -122.5830708
46.7710103, -122.5844676
46.7833438, -122.5774835
46.79186809999999, -122.5804844
46.80164329999999, -122.5884126
46.80872369999999, -122.5836606
46.8162066, -122.5844513
46.827412, -122.5838732
46.8339558, -122.5838765
46.8397828, -122.5852999
46.8518214, -122.5839335
46.8620503, -122.5833782
46.8707775, -122.5828065
46.8796427, -122.5838937
46.8880787, -122.5847546
46.8961713, -122.5846566
46.906615, -122.5829047
46.9150925, -122.5770349
46.9230394, -122.5815532
46.9331031, -122.5838802
46.9420671, -122.5848041
46.951444, -122.5843139
46.9601411, -122.5836832
46.967814, -122.5809463
46.9772951, -122.5829839
46.9888631, -122.5838619
46.9966839, -122.5823251
47.0068416, -122.5852448
47.00770869999999, -122.5830698
47.0254758, -122.577274
47.0326288, -122.584353
47.0414206, -122.5772958
47.05076800000001, -122.5763543
47.0624595, -122.5873903
47.0679015, -122.5852898
47.07604569999999, -122.585845
47.0882035, -122.5888956
47.0948785, -122.5832689
47.1040906, -122.5838366
47.1132573, -122.5856603
47.1220204, -122.5838384
47.1310679, -122.5838798
47.1400461, -122.5833432
47.14915, -122.5791737
47.1580824, -122.5834864
47.1671521, -122.5838803
47.176225, -122.584015
47.1849466, -122.5838855
47.19449239999999, -122.5810418
47.2025167, -122.5816606
47.2141184, -122.5743777
47.227343, -122.5926704
47.229986, -122.5907833
47.2366464, -122.5918296
47.2550208, -122.5871803
47.25707800000001, -122.5837118
47.266081, -122.5846864
47.2750455, -122.5837936
47.28411260000001, -122.5866632
47.29324, -122.58184
47.3024164, -122.5838854
47.3106611, -122.5843778
47.32008099999999, -122.5842976
47.3292048, -122.5838797
47.3378212, -122.5826705
47.3467369, -122.5839035
47.3554956, -122.5831633
47.3658424, -122.5868465
47.3745403, -122.5861922
47.3826812, -122.58577
47.3918702, -122.5847448
47.4011261, -122.5838507
47.411145, -122.583616
47.4190787, -122.583787
47.4280748, -122.5837655
47.4370927, -122.586374
47.4470286, -122.5838809
47.4561138, -122.5838772
47.4640972, -122.5848705
47.4732777, -122.5837381
47.4821305, -122.5850523
47.4914333, -122.5837299
47.5003135, -122.5833687
47.5080727, -122.5860197
47.5175437, -122.5842348
47.5266027, -122.5874082
47.53608620000001, -122.583669
47.5450818, -122.583567
47.5544012, -122.5830104
47.5631594, -122.5837965
47.5719248, -122.5813567
47.5802643, -122.5825707
47.5939325, -122.5930327
47.6000048, -122.5765722
47.6074624, -122.575305
47.6201511, -122.5761392
47.62353530000001, -122.5762063
47.6380979, -122.5777313
47.6459292, -122.5806486
47.65338850000001, -122.584093
47.662081, -122.5837629
47.6694468, -122.5801444
47.6718875, -122.5765473
47.6913955, -122.5884972
47.6985704, -122.5844132
47.7080517, -122.5838124
47.7148057, -122.5834163
47.7260348, -122.5837392
47.7326941, -122.5864242
47.7456259, -122.5827629
47.75153659999999, -122.5838934
47.76214359999999, -122.5838438
47.769835, -122.5838732
47.7804597, -122.5836995
47.7882188, -122.5836695
47.7972631, -122.5842596
47.8060589, -122.5840702
47.8150591, -122.5842211
47.8239946, -122.5853549
47.8329299, -122.5865031
47.8425239, -122.586811
47.8510795, -122.5840406
47.8565841, -122.584127
47.8696958, -122.570922
47.8832814, -122.5775719
47.8878598, -122.5777482
47.9051205, -122.5837198
47.9139902, -122.58413
47.9185911, -122.5837509
47.9236835, -122.5957575
47.9318265, -122.602502
47.9742569, -122.551042
48.0105109, -122.5795666
48.0142464, -122.5838935
48.0229553, -122.5843978
48.0280068, -122.5850576
48.0409705, -122.5864094
48.0504648, -122.5842623
48.05994, -122.58253
48.0671554, -122.5838807
48.0759139, -122.5852067
48.0850771, -122.5830597
48.0940757, -122.583019
48.1044473, -122.586691
48.1121499, -122.5834872
48.1211626, -122.5837965
48.1284823, -122.5837712
48.1370615, -122.5878363
48.1480352, -122.5860447
48.15709460000001, -122.5839615
48.167935, -122.584647
48.1748184, -122.5861573
48.1843859, -122.587574
48.1888684, -122.593264
48.195554, -122.601599
48.2060996, -122.6064295
48.20929839999999, -122.6083683
48.2094721, -122.6086148
48.2113137, -122.6128185
48.2467256, -122.5318989
48.2832444, -122.5558846
48.29951639999999, -122.5921322
48.30428329999999, -122.5888395
48.3102907, -122.5838812
48.3190543, -122.5853858
48.3283152, -122.5854273
48.3400392, -122.5838871
48.3465148, -122.5843533
48.3525168, -122.5832373
48.364438, -122.589462
48.3730652, -122.583762
48.3814895, -122.5863794
48.391188, -122.5870452
48.3946872, -122.590081
48.4265558, -122.5881609
48.4279027, -122.5847135
48.4351662, -122.5838765
48.4446379, -122.5838895
48.4537979, -122.5835554
48.4628181, -122.5831036
48.4711863, -122.5865836
48.4828954, -122.5905348
48.4892045, -122.5756003
48.4954938, -122.5735333
48.5317664, -122.5790092
48.534836, -122.5844727
48.5438701, -122.5843592
48.5523534, -122.5949057
48.5524188, -122.5949476
48.57529479999999, -122.5567538
48.5876144, -122.5547458
48.630016, -122.6000104
48.6316153, -122.5948061
48.6332144, -122.5896016
48.6348132, -122.5843966
48.6453687, -122.5825969
48.6521655, -122.5836872
48.6742252, -122.5546073
48.68269129999999, -122.5513847
48.6911574, -122.548161
48.69962330000001, -122.5449362
48.7080891, -122.5417103
48.7138598, -122.5395297
48.7563924, -122.6115588
48.7574523, -122.6106409
48.76738150000001, -122.6030383
48.77028259999999, -122.6014721
48.7844086, -122.5766671
48.78794569999999, -122.581316
48.7969435, -122.5785613
48.80137089999999, -122.5753131
48.81411929999999, -122.5847643
48.8230093, -122.5892065
48.83207729999999, -122.5847851
48.841076, -122.5847887
48.8501658, -122.5860192
48.85928, -122.5838838
48.868204, -122.583875
48.8772838, -122.5838857
48.8860788, -122.5838683
48.8950755, -122.5835986
48.9040736, -122.5833428
48.9130957, -122.5857445
48.9220808, -122.585652
48.9310905, -122.5855525
48.9354425, -122.5839595
48.9499201, -122.5839001
46.2133174, -122.5690765
46.2241069, -122.564731
46.22931089999999, -122.5746447
46.2422803, -122.5648467
46.2511778, -122.5664635
46.2582647, -122.5700167
46.26638089999999, -122.572743
46.2767256, -122.5685004
46.285089, -122.5703769
46.2932683, -122.5743593
46.3034444, -122.5725175
46.31156860000001, -122.5719679
46.3211918, -122.5709696
46.3299633, -122.5708304
46.3390601, -122.5696913
46.3472066, -122.5694999
46.35957459999999, -122.5711602
46.3660295, -122.5702552
46.3746351, -122.5704814
46.3846534, -122.5679853
46.393392, -122.569837
46.4031482, -122.5695361
46.4073344, -122.5747927
46.4206953, -122.5637882
46.42907659999999, -122.5618411
46.4370215, -122.5699914
46.4466328, -122.5687493
46.4561129, -122.5684566
46.4651392, -122.5712063
46.472341, -122.5666915
46.47836840000001, -122.5693168
46.4913766, -122.5701342
46.50111889999999, -122.5701842
46.5087724, -122.5670637
46.5190743, -122.5718681
46.5280434, -122.5746046
46.5384519, -122.5721938
46.5473902, -122.565307
46.553512, -122.566404
46.5695384, -122.5658919
46.5771854, -122.565364
46.5909882, -122.570124
46.6001215, -122.5701459
46.6074441, -122.5701378
46.6173276, -122.5718877
46.6258562, -122.5701615
46.63613549999999, -122.570259
46.6454749, -122.5708019
46.6542318, -122.5702311
46.6634485, -122.5712428
46.6726998, -122.5684235
46.68088830000001, -122.5714803
46.6910263, -122.5687717
46.7019635, -122.5699021
46.7062373, -122.5687324
46.7172826, -122.5697244
46.7257743, -122.5682654
46.7335003, -122.5691785
46.7444577, -122.5697752
46.7512601, -122.5707064
46.76322039999999, -122.5693235
46.7711357, -122.570332
46.7795876, -122.570333
46.7902514, -122.5710901
46.7988442, -122.5702987
46.8059017, -122.5714597
46.8146547, -122.5703123
46.8245831, -122.5703897
46.8308028, -122.5714195
46.84248770000001, -122.5706234
46.84914699999999, -122.572461
46.86103809999999, -122.5698559
46.8700996, -122.5692878
46.8790234, -122.5663105
46.88808419999999, -122.5715262
46.8942095, -122.5709412
46.9077164, -122.5697301
46.9152054, -122.5701692
46.9239948, -122.5699203
46.9330704, -122.5696363
46.9415244, -122.5722703
46.95255969999999, -122.5681362
46.96008699999999, -122.5689514
46.9660575, -122.5752944
46.981503, -122.5722456
46.98500079999999, -122.5711973
46.9960754, -122.5690721
47.0048808, -122.5701407
47.0140912, -122.569055
47.021893, -122.5665886
47.0323643, -122.5705378
47.0410499, -122.5699599
47.0500522, -122.570009
47.0592698, -122.5710851
47.0674463, -122.569486
47.0770843, -122.5702076
47.0862098, -122.5701834
47.093868, -122.5699281
47.1033693, -122.5702014
47.112793, -122.5698838
47.121897, -122.5682765
47.1326443, -122.5747808
47.1401681, -122.5703189
47.1491244, -122.5701729
47.158113, -122.570643
47.166846, -122.5706446
47.17681169999999, -122.5701622
47.1858673, -122.5700246
47.1929056, -122.5688274
47.2030784, -122.568885
47.2120979, -122.5694403
47.2192656, -122.5686742
47.2323987, -122.5635028
47.2399157, -122.5630332
47.2440291, -122.5623807
47.2596173, -122.5756255
47.2661712, -122.5696275
47.2766727, -122.5708655
47.2840795, -122.5693999
47.2926246, -122.5687208
47.3012934, -122.5694126
47.3102021, -122.5701051
47.3184318, -122.5752234
47.3287091, -122.5728529
47.3380798, -122.5705868
47.3471839, -122.5679552
47.3548736, -122.5672348
47.365374, -122.574414
47.3743186, -122.5701652
47.3835737, -122.5737773
47.3925257, -122.5724149
47.4010934, -122.5703621
47.4100808, -122.5703179
47.4180328, -122.5701828
47.4281129, -122.571712
47.43710369999999, -122.5695111
47.446124, -122.5676164
47.4543666, -122.5718582
47.4641251, -122.5728443
47.4741258, -122.5704501
47.4820852, -122.5699602
47.4911009, -122.5700044
47.5022031, -122.5706646
47.509513, -122.5711118
47.5180791, -122.5701694
47.5279709, -122.5715957
47.5345606, -122.5701326
47.543864, -122.570184
47.5540143, -122.5674025
47.5631074, -122.5725296
47.5720789, -122.5725003
47.5814343, -122.5699629
47.5914391, -122.5690906
47.5990304, -122.5710139
47.6075665, -122.5723587
47.6165153, -122.5730268
47.6260791, -122.5663445
47.6353483, -122.5702726
47.64405619999999, -122.5697574
47.6539564, -122.5701865
