46.2136402, -121.2703386
46.2203589, -121.2705424
46.2311714, -121.2691566
46.2403546, -121.2731036
46.2497334, -121.272322
46.2581011, -121.2680306
46.2657259, -121.270295
46.2743838, -121.2731644
46.2838476, -121.2704751
46.2942275, -121.2700431
46.3031313, -121.2686419
46.3105431, -121.2656965
46.3206736, -121.2617407
46.3296551, -121.2708197
46.3434804, -121.2635312
46.347207, -121.2688336
46.3560516, -121.2703828
46.3627355, -121.2657242
46.3663183, -121.2582342
46.3949201, -121.2601952
46.3959858, -121.2627171
46.3992691, -121.2684234
46.399335, -121.2694171
46.4235651, -121.269472
46.42490480000001, -121.2654215
46.4251769, -121.2639721
46.45037, -121.247113
46.4542549, -121.248704
46.4889188, -121.2647197
46.493606, -121.2689018
46.5008229, -121.2681386
46.5100021, -121.2678097
46.5194309, -121.2699397
46.5265543, -121.2633795
46.53762829999999, -121.2621316
46.5459833, -121.2672615
46.555386, -121.2660562
46.5615192, -121.2629461
46.5773338, -121.2818256
46.5846797, -121.2698671
46.591437, -121.2675382
46.6020393, -121.2708198
46.6065084, -121.2640034
46.6206061, -121.2717368
46.6273446, -121.269051
46.6357122, -121.2679497
46.6448944, -121.2680187
46.6489764, -121.2776715
46.6513442, -121.2542523
46.6513494, -121.2542358
46.651495, -121.2537712
46.6575694, -121.2375181
46.79481759999999, -121.3228217
46.7960272, -121.3219488
46.80946, -121.3101846
46.8132785, -121.3061826
46.8166835, -121.3060715
46.8359482, -121.2994813
46.8414969, -121.2968352
46.8422345, -121.2967332
46.8535433, -121.2959538
46.8728907, -121.2875239
46.8759865, -121.2846077
46.8815043, -121.2815807
46.8923552, -121.2725418
46.8965913, -121.2690008
46.8985727, -121.2660904
46.9148247, -121.2404451
46.9362925, -121.2303112
46.9603551, -121.2813833
46.9621348, -121.2761081
46.9638122, -121.2695409
46.9651563, -121.2670058
46.9651688, -121.2669029
47.0012267, -121.240181
47.00239750000001, -121.2403583
47.03169219999999, -121.2761227
47.0322358, -121.2744667
47.0338173, -121.2702753
47.04178, -121.2632743
47.0435801, -121.2614742
47.0436862, -121.2612435
47.07851369999999, -121.2592045
47.0813817, -121.2660274
47.0825357, -121.2701059
47.0934155, -121.2575181
47.1047509, -121.2679841
47.1054897, -121.266006
47.11107699999999, -121.2846274
47.1124972, -121.2875957
47.1543976, -121.2664729
47.1544158, -121.2666231
47.1570897, -121.2675512
47.1674095, -121.2674197
47.1757485, -121.2694303
47.1878862, -121.269799
47.1906802, -121.2698428
47.2029218, -121.2746813
47.2121426, -121.2737135
47.2196925, -121.2680274
47.2378933, -121.2804138
47.2462811, -121.2826182
47.2601737, -121.2630732
47.2646779, -121.2691831
47.2726713, -121.2719797
47.2834443, -121.2688654
47.2934336, -121.2665414
47.302043, -121.2681334
47.3109018, -121.2672971
47.3204431, -121.2691377
47.3281301, -121.2665418
47.3384304, -121.268114
47.3463146, -121.2700008
47.3568202, -121.2617586
47.3652366, -121.2687342
47.37161529999999, -121.2678433
47.3842737, -121.265915
47.3915229, -121.2696815
47.3986676, -121.2709638
47.40145690000001, -121.2756172
47.4014889, -121.2757254
47.4196217, -121.2408717
47.4251673, -121.2313587
47.4614729, -121.2103849
47.6349789, -121.3029557
47.6350922, -121.3027535
47.639882, -121.297652
47.64277, -121.294927
47.6533182, -121.2860855
47.659448, -121.2663282
47.6626167, -121.2676193
47.6726256, -121.2747042
47.6800462, -121.2656186
47.68893320000001, -121.2699966
47.6981786, -121.2679277
47.705071, -121.2694047
47.7146668, -121.2678797
47.7243879, -121.2664827
47.7294204, -121.2642936
47.7512554, -121.2739503
47.7526221, -121.2655782
47.76109090000001, -121.2690996
47.7698238, -121.2666589
47.7788599, -121.269322
47.78886230000001, -121.2671009
47.7975322, -121.2699747
47.8083707, -121.2701597
47.81000479999999, -121.2659006
47.8257115, -121.2772977
47.8317645, -121.273108
47.840391, -121.2747277
47.8578533, -121.2689762
47.8599994, -121.2751977
47.86190879999999, -121.2801246
47.8672926, -121.2907094
47.8960274, -121.3096967
47.9226392, -121.286299
47.9270618, -121.275888
47.9278795, -121.2730633
47.9292469, -121.2677102
47.9305059, -121.2637028
47.9315631, -121.2581847
47.99148899999999, -121.2662495
47.99506909999999, -121.2670792
48.0040821, -121.2662866
48.0111517, -121.2714963
48.0204025, -121.2711213
48.02281929999999, -121.2761809
48.0473669, -121.2881698
48.0477345, -121.2880733
48.058546, -121.2878881
48.0587566, -121.287969
48.069792, -121.2926394
48.0706954, -121.2935245
48.0806413, -121.3023892
48.087382, -121.3089223
48.0878075, -121.3094221
48.1621, -121.295343
48.1639417, -121.2974935
48.2126615, -121.2685795
48.2162799, -121.2743464
48.2249929, -121.2807232
48.2468581, -121.2578212
48.2494702, -121.2689014
48.2574708, -121.266644
48.2638204, -121.2695733
48.264518, -121.2713255
48.2659364, -121.2578643
48.46395880000001, -121.2200032
48.4700476, -121.2289001
48.5000788, -121.2542677
48.5002117, -121.2545897
48.5052392, -121.2613115
48.5091572, -121.2648074
48.5153502, -121.270924
48.5270817, -121.2663779
48.5352482, -121.2716654
48.5359956, -121.2723915
48.5367079, -121.2764172
48.53821800000001, -121.2818317
48.538336, -121.2824104
48.5384094, -121.2828808
48.6379866, -121.3165347
48.6438548, -121.2291418
48.6447093, -121.2297513
48.66211999999999, -121.2656423
48.6621454, -121.2659933
48.6624197, -121.2669526
48.6721923, -121.2691676
48.67728109999999, -121.2718044
48.67783739999999, -121.2724567
48.6853507, -121.2409778
48.6877929, -121.2368539
48.6878572, -121.2366999
46.2062118, -121.2450565
46.2229141, -121.2433953
46.2354659, -121.2622226
46.2401342, -121.2567797
46.2498944, -121.2524586
46.26070439999999, -121.2567459
46.2683541, -121.2501506
46.2760152, -121.2545246
46.2847684, -121.2552118
46.2883864, -121.2596114
46.3042145, -121.268458
46.3149907, -121.2619037
46.3230243, -121.2556707
46.3298662, -121.2534597
46.3367811, -121.2513448
46.3496169, -121.2558281
46.35490009999999, -121.2537593
46.3664283, -121.2546371
46.3668128, -121.2536567
46.3862866, -121.2449017
46.3935093, -121.254141
46.3980611, -121.2637409
46.4212168, -121.2480747
46.4213844, -121.2483279
46.4249116, -121.255088
46.4249542, -121.2558711
46.4861215, -121.2444489
46.489824, -121.2566574
46.4905266, -121.2541905
46.4986766, -121.2632055
46.5100792, -121.2610927
46.5225131, -121.2631802
46.5302045, -121.2602469
46.5403075, -121.2550991
46.5461117, -121.254169
46.5549633, -121.253975
46.565411, -121.2564587
46.56922100000001, -121.2502518
46.5886414, -121.2515445
46.591079, -121.254718
46.5987065, -121.2520714
46.60818769999999, -121.2551687
46.62224639999999, -121.2556609
46.6270512, -121.2543057
46.6394635, -121.257649
46.64410549999999, -121.253688
46.65152, -121.2535873
46.6515859, -121.2531018
46.6714782, -121.2142826
46.8127216, -121.306662
46.8539436, -121.295909
46.8743023, -121.2859405
46.8783378, -121.2828122
46.8937998, -121.2695323
46.896868, -121.2630703
46.8997014, -121.2559056
46.900928, -121.251501
46.9117269, -121.2424598
46.91561979999999, -121.2397462
46.9350032, -121.2300644
46.9377631, -121.2304562
46.9655661, -121.2602972
46.9661054, -121.2576259
46.9666897, -121.2544433
46.966693, -121.2545868
46.9938356, -121.2372718
47.0010446, -121.2400804
47.0034771, -121.2400675
47.00917700000001, -121.2397678
47.0354949, -121.2660007
47.037266, -121.2637001
47.0428191, -121.2523271
47.0440902, -121.2563924
47.0441639, -121.2571427
47.0779157, -121.2539067
47.0779226, -121.2542459
47.0866315, -121.2528782
47.0952978, -121.2563928
47.10137659999999, -121.2577122
47.104344, -121.2621284
47.1054113, -121.2648453
47.1501275, -121.2470676
47.1503482, -121.2482642
47.1505166, -121.2484665
47.1578925, -121.2572911
47.16706509999999, -121.2541723
47.175938, -121.2541423
47.1762869, -121.2534994
47.1956555, -121.2397812
47.1965319, -121.2389967
47.2195382, -121.2527303
47.22034679999999, -121.2545994
47.2212588, -121.2561944
47.2404271, -121.2419552
47.2566128, -121.2522733
47.2571673, -121.2542571
47.2674789, -121.2540704
47.2798932, -121.2582175
47.2857357, -121.2488491
47.2907729, -121.2612461
47.2997086, -121.2620756
47.3114569, -121.2511328
47.3198932, -121.2555713
47.3288266, -121.2572247
47.3383461, -121.254655
47.3470024, -121.2537398
47.3553115, -121.2556751
47.3658292, -121.2530929
47.3744894, -121.259492
47.3872302, -121.2544909
47.39092549999999, -121.2571804
47.3947893, -121.2621688
47.414015, -121.2398836
47.4234359, -121.2338866
47.4624057, -121.2092407
47.6415839, -121.295812
47.6597705, -121.2657186
47.6618589, -121.2639692
47.6735621, -121.2507942
47.6795149, -121.2535372
47.6890023, -121.2584406
47.6990663, -121.2473043
47.7029344, -121.2593246
47.7158493, -121.2542763
47.7258621, -121.2531299
47.7283368, -121.2565712
47.7510366, -121.2603837
47.7537471, -121.2594951
47.7610936, -121.2595048
47.7708129, -121.2600435
47.7824804, -121.2508607
47.7895449, -121.2530001
47.7995466, -121.2553268
47.8010367, -121.2530361
47.8136702, -121.2529071
47.81465860000001, -121.2507826
47.84020539999999, -121.2746809
47.8611339, -121.2780005
47.9227241, -121.2861408
47.92936479999999, -121.2661407
47.9311965, -121.2539654
47.9314762, -121.2548139
47.9321656, -121.2517707
47.9914958, -121.2661278
47.9915703, -121.265948
47.998354, -121.2513349
48.0041658, -121.2543098
48.0113295, -121.2582023
48.0154788, -121.2631789
48.0184787, -121.2673329
48.0213487, -121.2728556
48.07006089999999, -121.2928164
48.0802214, -121.3020817
48.2458496, -121.2507983
48.2460408, -121.2534236
48.2466254, -121.2545885
48.2542526, -121.2550827
48.2641195, -121.2550723
48.2694246, -121.2364328
48.4633765, -121.2189673
48.46350409999999, -121.2192649
48.4887291, -121.2363323
48.4999844, -121.2535815
48.5000458, -121.2540079
48.50916609999999, -121.2491285
48.5168676, -121.2551144
48.5225308, -121.2551473
48.5293624, -121.2688101
48.5356904, -121.2718299
48.6430255, -121.22758
48.64310580000001, -121.2277898
48.6519673, -121.2358279
48.6588027, -121.2456387
48.6616845, -121.252562
48.6714999, -121.253036
48.6745718, -121.258126
48.6846721, -121.2419151
48.6878288, -121.2367732
48.6878878, -121.236602
48.6992388, -121.2141142
48.6994645, -121.2137714
46.209345, -121.2390249
46.2233269, -121.2413481
46.2253294, -121.2402053
46.24556, -121.244253
46.251548, -121.2433073
46.25768619999999, -121.2386223
46.2671854, -121.2404091
46.2740461, -121.2476301
46.2804693, -121.250874
46.2855364, -121.2558377
46.31165780000001, -121.264537
46.3173875, -121.2600175
46.3265772, -121.2445724
46.3290622, -121.2396061
46.340584, -121.2415809
46.3481245, -121.2363766
46.3568849, -121.2413281
46.3661067, -121.2417138
46.3756688, -121.2387763
46.383332, -121.2435223
46.3899697, -121.2473011
46.4089655, -121.2273587
46.41597609999999, -121.2363293
46.4188181, -121.2420575
46.4236882, -121.2492601
46.4511171, -121.2448038
46.4561608, -121.2393238
46.4618701, -121.2322582
46.4733379, -121.2256259
46.4851676, -121.2378744
46.4900229, -121.2420798
46.49042739999999, -121.2439568
46.5100808, -121.2610927
46.5227043, -121.2630639
46.5309956, -121.2599678
46.5429032, -121.2470982
46.5462652, -121.2408271
46.5567863, -121.2416515
46.5663931, -121.2473146
46.5731748, -121.242977
46.5804139, -121.2379784
46.5883833, -121.2322188
46.6005218, -121.2408204
46.6084541, -121.240694
46.6151827, -121.2391451
46.6266293, -121.2404535
46.6297512, -121.2394661
46.64534140000001, -121.2405499
46.6508088, -121.2423307
46.8705217, -121.1998019
46.871546, -121.2000122
46.9010892, -121.2474949
46.9011077, -121.2474192
46.9014661, -121.2464619
46.90664779999999, -121.2443753
46.9149828, -121.2403314
46.9165733, -121.2373751
46.9346638, -121.2299885
46.9400427, -121.2279383
46.96639570000001, -121.2415285
46.9669902, -121.2393369
46.9670816, -121.238827
46.9937412, -121.2371385
46.9954557, -121.2372389
47.03655699999999, -121.2319438
47.0406244, -121.2416854
47.0425681, -121.2472377
47.0678905, -121.2273818
47.073128, -121.2371423
47.0769007, -121.2381202
47.0820139, -121.2428038
47.0971098, -121.2552222
47.1004528, -121.2564941
47.1031007, -121.2596252
47.1032227, -121.2598554
47.1501441, -121.2467746
47.1513265, -121.2410383
47.15911209999999, -121.240353
47.1668878, -121.2409837
47.1758821, -121.2395035
47.18175369999999, -121.2316915
47.1997388, -121.2363153
47.2136195, -121.239444
47.2183668, -121.2468356
47.2382958, -121.2394482
47.2393926, -121.2404315
47.2492967, -121.2376379
47.2595869, -121.2377274
47.2679074, -121.2418142
47.2800006, -121.2452637
47.2850786, -121.2373642
47.2945404, -121.2385145
47.3019507, -121.2414636
47.308485, -121.2482876
47.3223899, -121.2303985
47.32861339999999, -121.2331492
47.3387141, -121.2362251
47.3533335, -121.2413073
47.3545111, -121.2415115
47.3590665, -121.2446676
47.3662557, -121.2536046
47.3873219, -121.2543422
47.388287, -121.2544403
47.411448, -121.2384441
47.419096, -121.2405567
47.4252741, -121.2311121
47.4253346, -121.2308905
47.4624757, -121.2091165
47.6614739, -121.2642164
47.6736399, -121.2504951
47.674499, -121.2495028
47.6810784, -121.2406136
47.68949720000001, -121.239242
47.6980559, -121.2420734
47.7004861, -121.2407169
47.717037, -121.2412124
47.7260563, -121.2407995
47.7350613, -121.2368496
47.7537945, -121.2594856
47.77948, -121.232874
47.7850234, -121.2429903
47.799729, -121.2400832
47.80216110000001, -121.2380663
47.8167996, -121.2414972
47.8197315, -121.23821
47.8213607, -121.2331493
47.8234931, -121.2264605
47.9312625, -121.2535597
47.93200230000001, -121.2491467
47.9915569, -121.2659622
47.998271, -121.2511294
48.00209, -121.2366764
48.0035866, -121.2409543
48.0043768, -121.2439602
48.0121903, -121.2590934
48.01835879999999, -121.267095
48.06980309999999, -121.2926467
48.0702939, -121.2930256
48.2449242, -121.2413374
48.2459189, -121.2394443
48.2549692, -121.2397968
48.2665089, -121.2408674
48.4626439, -121.2169233
48.4629796, -121.2180414
48.4862118, -121.2336109
48.4907293, -121.2374492
48.4987979, -121.2415783
48.5066, -121.2458432
48.5166392, -121.2384389
48.5210232, -121.2400664
48.5356001, -121.2717428
48.6422547, -121.225075
48.6435537, -121.2285983
48.6531288, -121.2368396
48.6582428, -121.2436385
48.6731771, -121.242757
48.6790311, -121.2427631
48.6870723, -121.2377978
48.68793549999999, -121.2363855
48.69490150000001, -121.2198205
48.6995577, -121.2135937
48.6997437, -121.2131757
46.2133852, -121.2267623
46.2252593, -121.2309789
46.2294971, -121.2287693
46.2397883, -121.2234809
46.2472273, -121.2251398
46.2596607, -121.2364617
46.2661196, -121.2192629
46.270255, -121.2136799
46.284164, -121.2100507
46.2844877, -121.2098475
46.3035315, -121.1969388
46.3272196, -121.2431515
46.3305053, -121.2351814
46.3339845, -121.2273623
46.34318469999999, -121.227902
46.3476388, -121.2258807
46.3578905, -121.2285895
46.3670893, -121.225712
46.3718675, -121.2285645
46.3843751, -121.2262474
46.3885942, -121.2315834
46.40439079999999, -121.2224712
46.4111131, -121.2273673
46.4145123, -121.2316575
46.4169274, -121.2371069
46.4573617, -121.2326015
46.4580188, -121.2318426
46.46381, -121.226132
46.4816385, -121.2285196
46.4950384, -121.2162512
46.5126144, -121.2093291
46.5254, -121.2115057
46.52717, -121.212434
46.547289, -121.2385402
46.5495063, -121.2355146
46.5559047, -121.2258828
46.5650268, -121.2305353
46.5667792, -121.2304623
46.5850518, -121.2339291
46.5911446, -121.2269667
46.5985379, -121.22616
46.6086575, -121.2268039
46.618397, -121.2275748
46.6268482, -121.2269376
46.6432047, -121.2278064
46.644471, -121.2269843
46.6531716, -121.2271284
46.657027, -121.2341281
46.6762293, -121.2017187
46.7155354, -121.1656083
46.8704664, -121.1997254
46.9015772, -121.246295
46.90198969999999, -121.245912
46.9163728, -121.2314785
46.9179407, -121.22916
46.9217038, -121.2231483
46.9328021, -121.2282375
46.9400903, -121.2276192
46.9477578, -121.2164202
46.9677936, -121.2273292
46.9678697, -121.2265634
46.98514309999999, -121.222394
46.9886694, -121.2285129
46.9942843, -121.2279168
47.0067398, -121.2328315
47.0079556, -121.2345411
47.0261765, -121.216939
47.0338878, -121.2259209
47.0384987, -121.2327673
47.039314, -121.2350585
47.0646434, -121.2231648
47.0678198, -121.2272724
47.0718146, -121.2330708
47.0791952, -121.2382233
47.0818057, -121.2423076
47.0975702, -121.2553118
47.1005023, -121.2565277
47.1507757, -121.2211528
47.1517796, -121.2257407
47.1599558, -121.2291043
47.1645836, -121.2270041
47.1756518, -121.2277294
47.1856622, -121.2289344
47.1919605, -121.2235589
47.2031246, -121.2270291
47.2160689, -121.2276326
47.2190905, -121.2212174
47.2303521, -121.2224349
47.2395596, -121.225888
47.2435367, -121.2234972
47.25529179999999, -121.2265378
47.2652185, -121.2274485
47.2746884, -121.2266903
47.2840166, -121.2288416
47.2910838, -121.2297929
47.3049477, -121.2177758
47.3118673, -121.222882
47.3193227, -121.2273055
47.32909249999999, -121.2269243
47.3347688, -121.2314665
47.3403932, -121.2357145
47.3540575, -121.2407623
47.3588436, -121.2444244
47.3874226, -121.2542746
47.38814559999999, -121.2543557
47.413184, -121.2212348
47.4225545, -121.2224371
47.4265759, -121.2254757
47.4273094, -121.2232086
47.4333269, -121.2122407
47.4625125, -121.2089948
47.6496566, -121.1917193
47.6497554, -121.191823
47.6499707, -121.1919292
47.67333900000001, -121.2097988
47.6763957, -121.219118
47.67752, -121.224869
47.6801478, -121.2251479
47.6890606, -121.2281533
47.6961135, -121.2248872
47.7128818, -121.2263625
47.71540419999999, -121.2250355
47.7293954, -121.2268913
47.7341165, -121.2268048
47.7353467, -121.2295138
47.7793746, -121.2321254
47.77942609999999, -121.2317847
47.7804868, -121.2273767
47.7835921, -121.2265905
47.8009883, -121.238497
47.8219248, -121.2310292
47.8234919, -121.2264642
47.8253566, -121.221031
47.8257975, -121.2196888
47.826626, -121.2151533
47.9979401, -121.2252321
47.998046, -121.2260147
48.0003669, -121.2318815
48.0018088, -121.2351773
48.00323030000001, -121.239789
48.0138262, -121.2609566
48.0180723, -121.2666812
48.2455763, -121.2295027
48.2472275, -121.2269815
48.25877819999999, -121.2270101
48.2592486, -121.2252722
48.45933309999999, -121.2024416
48.4617379, -121.2136093
48.4618304, -121.214101
48.4622137, -121.2154203
48.4630382, -121.2181782
48.4645091, -121.220377
48.4699038, -121.2268903
48.4815127, -121.2262438
48.4857439, -121.2328309
48.4959406, -121.2397242
48.5135227, -121.226967
48.51639669999999, -121.2319738
48.5210289, -121.2353669
48.64293079999999, -121.2269555
48.6502145, -121.2327306
48.6553427, -121.2374519
48.6739171, -121.2415199
48.6882362, -121.2326329
48.6898707, -121.2283126
48.6943093, -121.2204942
48.6991294, -121.2142584
48.6996911, -121.2133127
48.7012819, -121.2088948
48.7012951, -121.2088443
48.7013081, -121.2087778
46.2139517, -121.2118951
46.222083, -121.2132127
46.2305523, -121.214481
46.2398548, -121.2131888
46.24840560000001, -121.2158483
46.2685444, -121.214914
46.2753938, -121.2088763
46.2849633, -121.2086488
46.3344728, -121.221564
46.3352882, -121.2199295
46.3389163, -121.2130305
46.3515706, -121.2128712
46.3571008, -121.2133296
46.3658941, -121.2143594
46.3757116, -121.2152422
46.3806993, -121.2203054
46.3952094, -121.2099282
46.4002466, -121.2161393
46.4072445, -121.2249288
46.4127588, -121.2281968
46.4127765, -121.2282373
46.46076619999999, -121.2112332
46.4607868, -121.2113694
46.4649991, -121.2137033
46.4734795, -121.2138065
46.478548, -121.2239497
46.4938422, -121.2099027
46.497461, -121.211123
46.5109053, -121.2085616
46.5223564, -121.2092806
46.5279421, -121.2122791
46.5360108, -121.2051469
46.5441268, -121.2089734
46.5575361, -121.2238638
46.5579896, -121.2238016
46.5666148, -121.2301339
46.5920367, -121.2190976
46.5924319, -121.2184733
46.5980604, -121.2101336
46.608566, -121.2134092
46.6181432, -121.2132175
46.6281464, -121.2134369
46.6296068, -121.2111504
46.6442245, -121.2136669
46.6500385, -121.2177236
46.6643036, -121.2053249
46.6713901, -121.2133414
46.67201319999999, -121.2105733
46.8146673, -121.1510235
46.8713495, -121.1999719
46.8820619, -121.1979836
46.8822616, -121.1979397
46.8822998, -121.1978873
46.9187442, -121.2273199
46.92151699999999, -121.2234012
46.9259205, -121.2144237
46.9319626, -121.2089777
46.9420083, -121.2132194
46.9677991, -121.2141513
46.9682115, -121.2124137
46.983673, -121.2139599
46.9846268, -121.2125453
47.004085, -121.2108434
47.0043488, -121.2107268
47.00901229999999, -121.2081908
47.0229728, -121.2133487
47.0316907, -121.2135423
47.0319537, -121.214575
47.0577081, -121.2063842
47.0607926, -121.2107752
47.0631555, -121.2157861
47.067425, -121.2266619
47.0791415, -121.2381529
47.0792407, -121.2382831
47.0974387, -121.2552526
47.1506929, -121.211218
47.150937, -121.2121345
47.1513406, -121.213411
47.1891005, -121.2248451
47.1954339, -121.2201508
47.2018354, -121.2183166
47.2110654, -121.220047
47.22351889999999, -121.212421
47.229226, -121.2184317
47.2404028, -121.2112275
47.2429212, -121.2157296
47.2569865, -121.2127638
47.2643486, -121.2145706
47.2778392, -121.2211262
47.2787897, -121.2211145
47.2948818, -121.2086647
47.3026858, -121.2121041
47.3105349, -121.2174754
47.3238137, -121.2165727
47.3272413, -121.2145447
47.3287916, -121.2192875
47.3656532, -121.183798
47.3894752, -121.1799031
47.398357, -121.1828876
47.4143565, -121.2192661
47.4179409, -121.2155915
47.42831710000001, -121.2140861
47.4334243, -121.2118886
47.4543829, -121.1992576
47.45842349999999, -121.2049211
47.4629208, -121.2060718
47.6496121, -121.1915672
47.650076, -121.1919512
47.67327299999999, -121.2094639
47.6734364, -121.2099898
47.6800503, -121.2135785
47.689125, -121.2139308
47.6966123, -121.2131378
47.704033, -121.2111317
47.7167606, -121.2128558
47.7219058, -121.2127827
47.7345756, -121.2085466
47.7379963, -121.2057209
47.7571145, -121.1952983
47.7571675, -121.1953187
47.7812716, -121.2241589
47.7822882, -121.2232246
47.78255, -121.223039
47.78322439999999, -121.2241014
47.8257208, -121.2175088
47.8262971, -121.2128182
47.8269566, -121.2101313
47.8280077, -121.2059716
47.8281529, -121.2050794
48.0012953, -121.2336852
48.00167769999999, -121.2347777
48.0031932, -121.2396677
48.2447015, -121.2072527
48.2470393, -121.2132322
48.2575734, -121.2131396
48.2575809, -121.2135302
48.4590111, -121.2005664
48.4610873, -121.210043
48.4624997, -121.212976
48.4727751, -121.2105051
48.476419, -121.2178437
48.48090120000001, -121.224604
48.5140924, -121.2210939
48.6477814, -121.2302617
48.6502357, -121.2327462
48.67414249999999, -121.2414371
48.6917175, -121.2211489
48.6924946, -121.2190029
48.696897, -121.2134328
48.7012638, -121.2089467
48.701316, -121.2087102
46.2130292, -121.1993138
46.2197053, -121.1956777
46.2331821, -121.197297
46.2434184, -121.1972238
46.2458715, -121.1979065
46.2697099, -121.2003236
46.2697201, -121.2001421
46.27056450000001, -121.2022631
46.2821843, -121.2050387
46.3038693, -121.1958309
46.33322889999999, -121.1973308
46.3495956, -121.2011379
46.35679589999999, -121.1977425
46.36373320000001, -121.1927943
46.3782754, -121.1933845
46.384438, -121.1986984
46.3912001, -121.2039037
46.3959295, -121.210494
46.4004908, -121.21646
46.41142139999999, -121.2273858
46.4607721, -121.2111225
46.4607897, -121.2110671
46.4610081, -121.2105544
46.4682146, -121.19663
46.471418, -121.2004966
46.4835684, -121.1980766
46.4906829, -121.2019469
46.502863, -121.1949254
46.5091283, -121.2005281
46.5207788, -121.2047409
46.52573599999999, -121.2054269
46.536759, -121.1989851
46.5423578, -121.1948691
46.557511, -121.196377
46.592155, -121.2187271
46.59806649999999, -121.2101251
46.60330039999999, -121.2024211
46.6064181, -121.1975262
46.6141227, -121.1999371
46.6286746, -121.1992246
46.64282960000001, -121.2025396
46.6436651, -121.198883
46.6544306, -121.1969988
46.6605624, -121.2018229
46.6692816, -121.1989268
46.67679500000001, -121.194453
46.7157812, -121.1652718
46.76607449999999, -121.145726
46.8785, -121.1961858
46.8823205, -121.1977471
46.8915635, -121.186868
46.8939726, -121.1827121
46.9259917, -121.2142017
46.9293409, -121.210544
46.9355987, -121.2023327
46.94202749999999, -121.1992848
46.9471187, -121.201427
46.9531538, -121.1898226
46.9712803, -121.2022408
46.9737744, -121.1971046
46.9868935, -121.1993019
46.987526, -121.1977983
47.0071137, -121.1996432
47.0087777, -121.2026579
47.02264479999999, -121.1996402
47.0324755, -121.1995691
47.0332815, -121.1968202
47.0514007, -121.1970681
47.056448, -121.2032041
47.0604708, -121.2102861
47.06235650000001, -121.2134733
47.0629174, -121.2148788
47.15092, -121.2093296
47.1509533, -121.2090527
47.1932288, -121.2214771
47.1975081, -121.219134
47.2340293, -121.1907088
47.239394, -121.1993275
47.2491557, -121.1915642
47.2569977, -121.1995169
47.2640099, -121.2029211
47.2775573, -121.1913224
47.2844774, -121.1984918
47.2912341, -121.204342
47.30095, -121.210201
47.30553750000001, -121.2146257
47.32477069999999, -121.2152802
47.3361236, -121.1841795
47.3411208, -121.1814867
47.3944949, -121.181291
47.3985271, -121.1828748
47.4041544, -121.1825708
47.4271599, -121.1943748
47.4281209, -121.1994685
47.4301003, -121.2050842
47.4456924, -121.1921166
47.4549225, -121.1998753
47.4611532, -121.2037654
47.4629051, -121.2058958
47.4629243, -121.2059838
47.6501804, -121.1919159
47.6622735, -121.1871113
47.67231870000001, -121.1905139
47.6794405, -121.1979904
47.6891974, -121.1991679
47.6981322, -121.2024606
47.7113021, -121.1995816
47.7149221, -121.1996699
47.722216, -121.202627
47.7362741, -121.2067974
47.7424832, -121.1989053
47.7560023, -121.1942369
47.76079619999999, -121.1939665
47.7647887, -121.1939073
47.78282429999999, -121.2233987
47.8198804, -121.1789808
47.8269233, -121.1954516
47.82756759999999, -121.1996995
47.8278081, -121.1988682
47.82822549999999, -121.2034573
48.2446223, -121.2059781
48.2486217, -121.1942073
48.25364, -121.2025546
48.2571741, -121.2085308
48.25734509999999, -121.2090107
48.2574621, -121.2095242
48.4583226, -121.194137
48.4587168, -121.1969498
48.4655091, -121.2016904
48.4691998, -121.2022638
48.4735169, -121.2107926
48.4746185, -121.2135229
48.6484904, -121.2308744
48.6923561, -121.2193072
48.69625079999999, -121.212814
48.701127, -121.2015019
48.7016664, -121.1985507
48.7030101, -121.1908651
48.7051011, -121.1849662
48.7051737, -121.1847211
48.7052232, -121.1844916
46.2126716, -121.1896987
46.2220731, -121.1848205
46.233349, -121.1839706
46.2406373, -121.1859405
46.2491561, -121.1858766
46.2649451, -121.1846424
46.2673117, -121.1853682
46.2760694, -121.1859468
46.2862675, -121.1851329
46.2963029, -121.1846777
46.3029638, -121.18587
46.3072204, -121.1834855
46.3263706, -121.176724
46.3325881, -121.1818294
46.3389637, -121.185342
46.3481, -121.1854251
46.3582036, -121.190453
46.36596350000001, -121.1842524
46.3752437, -121.1838048
46.3775889, -121.1832497
46.3882793, -121.2016519
46.3915574, -121.204273
46.4007375, -121.2167839
46.46280429999999, -121.1711391
46.4628573, -121.1713098
46.46582919999999, -121.1818673
46.4660204, -121.1821689
46.4734099, -121.1872729
46.4795009, -121.1910469
46.4962665, -121.1838038
46.5032142, -121.184989
46.5096636, -121.1792349
46.5200545, -121.1779269
46.5339099, -121.1828438
46.5358368, -121.1865664
46.5472639, -121.184914
46.5556378, -121.1858861
46.5560805, -121.1833601
46.5870695, -121.1679792
46.5901023, -121.1694466
46.6086982, -121.1910301
46.6103973, -121.1865476
46.6179159, -121.1857102
46.6265688, -121.1855434
46.6430528, -121.1835877
46.644523, -121.1857215
46.6556994, -121.1865024
46.6639967, -121.1862736
46.67202409999999, -121.1860809
46.6766465, -121.1904484
46.6768139, -121.190899
46.85124949999999, -121.1493434
46.8742853, -121.1955386
46.8841453, -121.1910528
46.8882655, -121.1890569
46.8941776, -121.1823426
46.8980622, -121.174382
46.9024508, -121.1669239
46.9356436, -121.2022471
46.941766, -121.1960736
46.9446767, -121.1915797
46.9532372, -121.1882186
46.9571522, -121.1825243
46.9735174, -121.1896668
46.9759112, -121.1840553
46.9853915, -121.1864791
46.99316650000001, -121.186992
47.0074054, -121.1851614
47.00790079999999, -121.1873884
47.0227647, -121.1863517
47.0305629, -121.1898125
47.0430684, -121.1805688
47.0481675, -121.1874516
47.0521275, -121.1979457
47.05636029999999, -121.2030699
47.0604289, -121.2102224
47.0619143, -121.2125319
47.0626598, -121.2141814
47.1949842, -121.2203613
47.2223021, -121.1689681
47.2278768, -121.1758022
47.231261, -121.1785682
47.2379364, -121.1865934
47.2479775, -121.1859825
47.2565085, -121.1805402
47.2660944, -121.1859661
47.2746111, -121.1870157
47.2796171, -121.1922123
47.2874378, -121.200379
47.2917467, -121.2047664
47.32872649999999, -121.1735281
47.333408, -121.1809695
47.3375089, -121.1833166
47.34243439999999, -121.1801743
47.36765, -121.1795489
47.3929236, -121.1805758
47.4008064, -121.1822166
47.423165, -121.1834191
47.42519979999999, -121.1888999
47.4381139, -121.1842437
47.443659, -121.1905828
47.4501694, -121.1940399
47.4609852, -121.2036127
47.4628281, -121.2057871
47.6495987, -121.1913743
47.6498319, -121.1894213
47.6499522, -121.1884397
47.6541597, -121.188787
47.6620456, -121.1870977
47.6702996, -121.1889725
47.6796984, -121.1910818
47.6890582, -121.1957594
47.6920637, -121.197431
47.7115749, -121.1903307
47.7157964, -121.1857694
47.718568, -121.1894983
47.7416997, -121.1837504
47.7427521, -121.1860274
47.7499453, -121.1836929
47.7610611, -121.1859981
47.7629723, -121.1855241
47.7722784, -121.172649
47.77783669999999, -121.1687972
47.778129, -121.168315
47.82410600000001, -121.1857838
47.8263925, -121.1908261
47.8265913, -121.1918422
47.8278852, -121.1973305
47.8279125, -121.1975232
48.2480995, -121.1921325
48.2499198, -121.1952432
48.2528466, -121.2011267
48.4582105, -121.1923409
48.4653614, -121.1849363
48.4657959, -121.187776
48.4674377, -121.1956048
48.4749174, -121.1589863
48.70145979999999, -121.1931867
48.7014969, -121.1929796
48.7016941, -121.1924356
48.7050812, -121.1850259
48.7052427, -121.1842864
48.7052482, -121.1842044
48.7134136, -121.1590415
48.7139753, -121.1579905
48.71903330000001, -121.1478305
46.2131298, -121.1711543
46.2222301, -121.1720069
46.23085349999999, -121.1743369
46.2424572, -121.1657158
46.2537317, -121.1761215
46.2561995, -121.1711335
46.2685626, -121.1752673
46.2704092, -121.1737657
46.2872567, -121.1795868
46.2967668, -121.1727902
46.30329520000001, -121.1715848
46.3142266, -121.1635795
46.3249824, -121.1717757
46.3297288, -121.1661915
46.3421488, -121.1781222
46.3476504, -121.172139
46.3592112, -121.1690188
46.3659772, -121.1717024
46.3750703, -121.1708892
46.3795794, -121.1681864
46.382544, -121.1623972
46.391661, -121.1514908
46.4074261, -121.1341327
46.4627668, -121.1708987
46.4637874, -121.1733688
46.4730289, -121.1676122
46.4793239, -121.1649329
46.4957066, -121.1699421
46.4966335, -121.1736071
46.51066770000001, -121.1714956
46.5206673, -121.1762131
46.5262245, -121.1690113
46.5323307, -121.175404
46.5470112, -121.1732831
46.5537477, -121.1706772
46.5586157, -121.1708704
46.5825419, -121.1617774
46.5861804, -121.1671758
46.5906742, -121.1692877
46.5918493, -121.1675517
46.6140087, -121.1719662
46.6204517, -121.1754532
46.62864010000001, -121.1715903
46.6324619, -121.17184
46.6465727, -121.1728994
46.6529892, -121.1723261
46.6650309, -121.1708988
46.6681136, -121.178935
46.6803965, -121.1552322
46.6809826, -121.1550579
46.7161115, -121.1641965
46.7599227, -121.1422706
46.8125375, -121.147513
46.8143192, -121.1504607
46.8510388, -121.1490853
46.8673467, -121.1468862
46.8844491, -121.1906731
46.8917708, -121.1820276
46.897775, -121.1720846
46.9220037, -121.1583164
46.9257775, -121.1604274
46.937101, -121.16641
46.9413256, -121.1658016
46.9573117, -121.1760687
46.9604068, -121.1724867
46.96804359999999, -121.1697353
46.97783949999999, -121.1720114
46.9855983, -121.1740797
46.9915344, -121.1649791
47.0086963, -121.1691394
47.0176926, -121.1709565
47.0183262, -121.1732622
47.0304546, -121.1690252
47.0393514, -121.1750475
47.044432, -121.1813547
47.0480777, -121.1872592
47.0568769, -121.2038725
47.0997138, -121.1105971
47.1218673, -121.1236242
47.1220597, -121.1237228
47.18450800000001, -121.137611
47.214492, -121.1528486
47.217983, -121.1601376
47.2195824, -121.163143
47.2223329, -121.1689952
47.2300808, -121.1735752
47.2403594, -121.1713589
47.2480731, -121.1727063
47.2586254, -121.1750339
47.267368, -121.1742513
47.2675601, -121.1740746
47.27513709999999, -121.1875998
47.2875309, -121.2004823
47.32866689999999, -121.1732916
47.3286761, -121.1730956
47.3292668, -121.1726268
47.3379165, -121.1714989
47.3471824, -121.1726853
47.3483004, -121.1716413
47.3686575, -121.1760715
47.3708173, -121.1693863
47.3919777, -121.1779232
47.4016455, -121.1736236
47.4084887, -121.1688137
47.4197073, -121.1717659
47.4281123, -121.1720179
47.4331933, -121.1770662
47.43938989999999, -121.18562
47.4488824, -121.1926178
47.4506459, -121.1946601
47.6557825, -121.1876338
47.6632487, -121.1866995
47.66740180000001, -121.1876368
47.6787559, -121.1909077
47.6800751, -121.1912308
47.7080768, -121.1648449
47.7093723, -121.1689625
47.7144988, -121.171711
47.71559970000001, -121.1753896
47.742961, -121.1684787
47.7450098, -121.1729266
47.75142770000001, -121.1711159
47.7590252, -121.1748219
47.7701796, -121.1726147
47.7775012, -121.1692173
47.77861600000001, -121.16716
47.778681, -121.166742
47.8210876, -121.1799644
47.8234355, -121.1824576
47.8235742, -121.1828948
47.82646810000001, -121.1911426
48.2505004, -121.1962841
48.463658, -121.1733694
48.4637423, -121.172178
