48.2454735, -121.9392301
48.2592878, -121.9243823
48.26443279999999, -121.9259545
48.2738159, -121.9283152
48.2832446, -121.9265675
48.29584130000001, -121.9191721
48.3030883, -121.9238187
48.3104187, -121.92515
48.31511829999999, -121.9319117
48.3292284, -121.9253065
48.3395005, -121.9201276
48.3493424, -121.9309311
48.3552165, -121.9274289
48.3637714, -121.9258329
48.3774508, -121.931367
48.3797441, -121.9318767
48.3903362, -121.9362882
48.399657, -121.926292
48.4066171, -121.9257278
48.4177323, -121.9251942
48.42810910000001, -121.9266497
48.4371715, -121.9265404
48.4384316, -121.9226929
48.454163, -121.9258598
48.4574383, -121.9283502
48.4745055, -121.9356792
48.4810208, -121.9353625
48.4943858, -121.9311103
48.5000745, -121.9236833
48.5095941, -121.9239697
48.5179637, -121.925975
48.52686720000001, -121.9261674
48.5344686, -121.9277402
48.5491977, -121.9238899
48.5501784, -121.9273554
48.5650814, -121.9238078
48.571607, -121.9258074
48.5741419, -121.9233399
48.5895085, -121.9279951
48.5925273, -121.9321323
48.60101419999999, -121.9447207
48.601062, -121.9447803
48.603227, -121.949705
48.6282155, -121.9726471
48.6283871, -121.9727145
48.6672759, -121.8892932
48.678225, -121.8936776
48.6912934, -121.9113758
48.7309945, -121.9139536
48.7337204, -121.9223041
48.734496, -121.9250569
48.737313, -121.931365
48.7420233, -121.9416853
48.7462246, -121.9458116
48.80953419999999, -121.9325135
48.81603699999999, -121.9233839
48.8204751, -121.9220232
48.8417424, -121.9181702
48.8430106, -121.9187958
48.8520951, -121.9247573
48.8594046, -121.929189
48.8678429, -121.9261569
48.8778574, -121.9256047
48.8862858, -121.9261134
48.8939022, -121.9244104
48.9029233, -121.9290278
48.9130952, -121.9258813
48.91643860000001, -121.9280873
48.941393, -121.9322631
48.9429508, -121.9301503
48.9489767, -121.9245758
46.2137926, -121.9117548
46.221645, -121.9107669
46.2288392, -121.9111545
46.2416776, -121.9120072
46.25280170000001, -121.9136467
46.2570525, -121.9138932
46.26716, -121.9184668
46.277871, -121.9122239
46.286897, -121.9154123
46.2906067, -121.9133866
46.3047772, -121.912526
46.309427, -121.912038
46.320144, -121.916564
46.3318873, -121.9245458
46.3351866, -121.9253906
46.3497904, -121.9151667
46.3558192, -121.9082406
46.3704815, -121.9126908
46.3753599, -121.91347
46.3839005, -121.9140509
46.3929936, -121.912317
46.394618, -121.9088232
46.4166558, -121.9275793
46.4222007, -121.9202894
46.429938, -121.9155404
46.4360777, -121.912079
46.4461077, -121.9069684
46.4634942, -121.9232878
46.4665844, -121.9173812
46.4740881, -121.912032
46.4824794, -121.9117201
46.4909566, -121.9096087
46.5066069, -121.9163437
46.5095679, -121.912894
46.52022040000001, -121.9121055
46.5271444, -121.9112259
46.5371076, -121.9122506
46.5440696, -121.9097297
46.5545613, -121.9101594
46.56404310000001, -121.9122535
46.5734748, -121.9129591
46.5817468, -121.9114268
46.5872633, -121.9049476
46.5998651, -121.9138121
46.6092695, -121.9103061
46.6142537, -121.9128352
46.6270545, -121.9130421
46.63438559999999, -121.9080437
46.6453367, -121.911957
46.6537185, -121.9125588
46.6650433, -121.9112838
46.6718361, -121.9126931
46.6750005, -121.9199684
46.6958847, -121.9121528
46.6961141, -121.9134043
46.7078553, -121.9201273
46.71587239999999, -121.9128963
46.7255749, -121.9129665
46.7345942, -121.9122743
46.74071319999999, -121.9147687
46.7475576, -121.9252342
46.7642965, -121.9215584
46.7644769, -121.9218775
46.7799975, -121.8852574
46.7931822, -121.9487563
46.8242556, -121.9283424
46.824351, -121.9281546
46.82849299999999, -121.926511
46.8356608, -121.9223237
46.8391999, -121.9237669
46.857074, -121.927953
46.8571444, -121.9279525
46.8586926, -121.9299367
46.8637123, -121.9392407
46.92700199999999, -121.914426
46.927007, -121.914298
46.9271168, -121.913575
46.9324421, -121.9096927
46.9415096, -121.9200232
46.9500868, -121.9166332
46.9505182, -121.917053
46.9619684, -121.9360794
46.9916674, -121.9269718
46.9949695, -121.9162369
47.0005595, -121.9117096
47.0179158, -121.9216267
47.0414612, -121.91714
47.0420679, -121.9163428
47.0525013, -121.9180676
47.0618639, -121.9081504
47.0654502, -121.914735
47.07779559999999, -121.9131471
47.0810564, -121.9138841
47.0812945, -121.9154617
47.1306533, -121.9319656
47.1358027, -121.91525
47.1358693, -121.914885
47.1365383, -121.91207
47.1465408, -121.9131515
47.1577577, -121.9118031
47.1671003, -121.912167
47.17599, -121.91219
47.184619, -121.912507
47.194759, -121.911626
47.203563, -121.9111454
47.2123395, -121.9128679
47.2211562, -121.9125587
47.2313841, -121.9129783
47.2386172, -121.9134456
47.2480944, -121.9124035
47.25900490000001, -121.9129854
47.2653616, -121.9133317
47.272968, -121.910847
47.28418809999999, -121.9117904
47.29364529999999, -121.9138171
47.3028333, -121.9112502
47.3110574, -121.913835
47.3198738, -121.908026
47.3291716, -121.9139284
47.3380537, -121.9141215
47.3474383, -121.9120418
47.3567226, -121.9129238
47.365267, -121.912232
47.3747543, -121.9135674
47.3825929, -121.9131207
47.3926355, -121.9136978
47.4019994, -121.9090127
47.4102621, -121.9121594
47.4183108, -121.9106676
47.4268919, -121.9147281
47.436862, -121.913756
47.446253, -121.913499
47.4557146, -121.9124532
47.4632784, -121.91109
47.4730758, -121.9122428
47.4821245, -121.9122707
47.4913799, -121.9114818
47.4987098, -121.9142722
47.5095773, -121.9118072
47.5181405, -121.9076667
47.526174, -121.914571
47.5367872, -121.9139966
47.54504319999999, -121.9115947
47.5540774, -121.9123441
47.56227330000001, -121.9123643
47.5725962, -121.9122277
47.5810773, -121.9122509
47.5901577, -121.9123287
47.598997, -121.9139829
47.60828650000001, -121.9130972
47.6162681, -121.9135104
47.6274301, -121.9123443
47.6367769, -121.9126439
47.6442604, -121.91207
47.6529874, -121.9122509
47.6624375, -121.9121562
47.6716667, -121.9117414
47.6798361, -121.9123086
47.6888706, -121.9122008
47.6980801, -121.9121682
47.707461, -121.9122395
47.71676739999999, -121.9145536
47.725491, -121.911101
47.7340279, -121.91252
47.7424208, -121.9118139
47.7522096, -121.9122252
47.76139939999999, -121.9096422
47.7700997, -121.9110383
47.7749406, -121.9115289
47.784303, -121.913055
47.7981371, -121.9133119
47.8011542, -121.9131889
47.81509339999999, -121.9021452
47.8209642, -121.9015635
47.8415322, -121.9176841
47.8430687, -121.9110621
47.8530813, -121.9137554
47.8616576, -121.9122914
47.86805750000001, -121.9119737
47.8795404, -121.910077
47.8869779, -121.9111184
47.8961477, -121.9125258
47.90494839999999, -121.9123049
47.9162995, -121.9088085
47.9231679, -121.9122806
47.9272334, -121.9085086
47.9385295, -121.9136679
47.9579208, -121.9023603
47.9613263, -121.9101855
47.9667238, -121.9179883
47.9775933, -121.9144942
47.9886688, -121.9147294
47.9968119, -121.9135584
48.0046949, -121.9095154
48.0135302, -121.9126395
48.0212811, -121.9145695
48.0311184, -121.9151708
48.0384462, -121.9163331
48.0472472, -121.9216273
48.0597059, -121.9129866
48.0671604, -121.9136652
48.0715102, -121.9080565
48.08157869999999, -121.9269084
48.097517, -121.9084656
48.1016874, -121.9116327
48.1159869, -121.9113322
48.12112, -121.9122683
48.12995410000001, -121.9080199
48.1325018, -121.9057433
48.1415278, -121.895113
48.1587472, -121.8881907
48.1612459, -121.88843
48.1740644, -121.8872058
48.1955389, -121.9073982
48.1956781, -121.9076962
48.2005873, -121.9137529
48.2050061, -121.9198492
48.20815349999999, -121.9255578
48.2315806, -121.938037
48.23943190000001, -121.9389188
48.2636186, -121.9177774
48.2655907, -121.9125226
48.2740395, -121.9122341
48.2832422, -121.9118131
48.2918244, -121.9127385
48.29922070000001, -121.9123942
48.3104606, -121.9145994
48.3148443, -121.9107654
48.3239848, -121.9129058
48.3367219, -121.9130041
48.3396458, -121.912652
48.3607147, -121.9106001
48.3630811, -121.9123356
48.36419249999999, -121.9163381
48.3984639, -121.9126211
48.3989881, -121.9136651
48.40987519999999, -121.9105079
48.4146665, -121.9116106
48.4274101, -121.9161736
48.43497660000001, -121.9143455
48.44952749999999, -121.911128
48.4515184, -121.9136832
48.4515556, -121.9138341
48.49825, -121.9185862
48.5113309, -121.9134066
48.51827549999999, -121.9122734
48.5267381, -121.9143642
48.5359799, -121.9123259
48.5456219, -121.9121978
48.5498374, -121.9086831
48.5647862, -121.9137297
48.5722099, -121.9096899
48.57322869999999, -121.9133385
48.58955659999999, -121.927972
48.5901864, -121.9283743
48.6565774, -121.8698467
48.67815700000001, -121.8936219
48.6815755, -121.8950988
48.6913749, -121.9108723
48.697769, -121.898728
48.7286928, -121.9052071
48.7300726, -121.9098191
48.73095259999999, -121.9138236
48.7374355, -121.9021131
48.7435273, -121.8929911
48.8054521, -121.8975147
48.8054655, -121.8975637
48.8055381, -121.8977109
48.812357, -121.9044842
48.8154201, -121.9072629
48.8196707, -121.9126203
48.8339242, -121.9056169
48.8492054, -121.920154
48.8616858, -121.9034946
48.8701258, -121.9064191
48.8770532, -121.912032
48.8833887, -121.9095402
48.8928532, -121.9122459
48.90389219999999, -121.9113753
48.9147446, -121.9143517
48.916627, -121.9102398
48.9379543, -121.909029
48.9390496, -121.9132259
48.9503828, -121.9159687
46.2134543, -121.900344
46.22158700000001, -121.8978045
46.2289186, -121.9043799
46.2429474, -121.9016571
46.2468488, -121.8952566
46.25669269999999, -121.904014
46.27837419999999, -121.9076561
46.2790843, -121.9080726
46.2969979, -121.9029225
46.3031274, -121.8977906
46.31382300000001, -121.9037584
46.32154449999999, -121.8997746
46.329686, -121.8976182
46.34204829999999, -121.8951985
46.3445383, -121.8974471
46.3583259, -121.9019541
46.3664281, -121.900698
46.3721565, -121.8960901
46.3862162, -121.8983537
46.3880054, -121.9021582
46.417584, -121.881586
46.42676900000001, -121.893512
46.4297224, -121.8973253
46.4389603, -121.900574
46.4474847, -121.8989079
46.4565058, -121.8892108
46.4646838, -121.8974818
46.4740917, -121.8981997
46.4807423, -121.8999342
46.4920849, -121.8985612
46.4990037, -121.8948956
46.5026474, -121.8911765
46.5206446, -121.900468
46.52362129999999, -121.8976843
46.5339942, -121.8985983
46.5467675, -121.8987515
46.552192, -121.9022773
46.5646845, -121.9035284
46.5683677, -121.902645
46.58533, -121.9062515
46.5913259, -121.899256
46.601427, -121.900173
46.6076979, -121.8969637
46.6203689, -121.8947224
46.6278423, -121.8995472
46.6363226, -121.89841
46.64462, -121.8981689
46.6494461, -121.8985342
46.6630551, -121.8985374
46.671274, -121.8996721
46.67763670000001, -121.8950964
46.6951818, -121.9026425
46.6989934, -121.8983798
46.7089297, -121.8971718
46.717339, -121.8986162
46.7250633, -121.8977193
46.734171, -121.8990622
46.7423428, -121.8993213
46.7423715, -121.8996191
46.77877489999999, -121.8842299
46.8339031, -121.9231761
46.8360571, -121.9222487
46.8365586, -121.92238
46.9271606, -121.9134038
46.9273415, -121.9130039
46.92785929999999, -121.9125007
46.93634960000001, -121.9025589
46.94096, -121.898387
46.9430724, -121.8932852
46.9502607, -121.9167177
47.002943, -121.8991159
47.0034649, -121.8977135
47.0039431, -121.8948468
47.041269, -121.8914126
47.04205839999999, -121.8922362
47.0485513, -121.8971631
47.0594158, -121.8986314
47.0680697, -121.8984362
47.0777384, -121.8979128
47.0793932, -121.9026141
47.0798136, -121.9047135
47.0991873, -121.8727565
47.13567399999999, -121.903952
47.1365246, -121.8999504
47.1406675, -121.8977719
47.143457, -121.9032595
47.1564619, -121.8994648
47.16796000000001, -121.899946
47.1765956, -121.8997159
47.1850873, -121.8985248
47.1950876, -121.8977339
47.2030563, -121.8985459
47.2122733, -121.8971952
47.2220587, -121.8997418
47.2293436, -121.8980497
47.239163, -121.8981467
47.2489558, -121.8990536
47.2566588, -121.8979585
47.2654259, -121.8985076
47.27526899999999, -121.8989774
47.2836949, -121.89766
47.2930011, -121.9010932
47.3025177, -121.8988839
47.3118024, -121.8991041
47.3208689, -121.896883
47.3286551, -121.8985493
47.33811, -121.8986635
47.348227, -121.900622
47.3563763, -121.8985154
47.3651218, -121.898458
47.37264709999999, -121.8985088
47.3844852, -121.9007103
47.3931171, -121.900637
47.4022426, -121.8973933
47.4162596, -121.8984852
47.419315, -121.899635
47.4276742, -121.8978163
47.4369992, -121.8982945
47.4485989, -121.90105
47.45431689999999, -121.898264
47.4639039, -121.8981582
47.47374809999999, -121.898858
47.480731, -121.901852
47.4910591, -121.8977962
47.50038840000001, -121.9001306
47.50726969999999, -121.8980522
47.518032, -121.898247
47.529121, -121.8958259
47.5376643, -121.897958
47.5466172, -121.901013
47.5538063, -121.8972994
47.5630781, -121.8980889
47.5714013, -121.898817
47.5806768, -121.8996813
47.590446, -121.8975845
47.5987954, -121.898059
47.6077182, -121.8989787
47.6164408, -121.8990401
47.6264569, -121.8972783
47.6334747, -121.899576
47.6443439, -121.8984195
47.6529102, -121.8985457
47.66192050000001, -121.8998747
47.6711232, -121.8985541
47.68012359999999, -121.8986964
47.6896111, -121.8971655
47.6976697, -121.8986462
47.7069169, -121.8970651
47.7171029, -121.899082
47.72545239999999, -121.8985691
47.7318612, -121.8988938
47.7433414, -121.898439
47.75598, -121.897323
47.76124979999999, -121.8982956
47.7704684, -121.8971359
47.7793356, -121.8999708
47.7875231, -121.8961042
47.7970895, -121.8970247
47.8066585, -121.8978714
47.8146467, -121.9020221
47.8240023, -121.8976553
47.8361184, -121.8930762
47.8431185, -121.900535
47.853822, -121.9017942
47.8584456, -121.8973862
47.8688908, -121.8984778
47.8781476, -121.8985439
47.8869255, -121.8994021
47.89597209999999, -121.9026739
47.9082736, -121.8982636
47.9138837, -121.8985581
47.9234359, -121.8994777
47.9320807, -121.8985522
47.9417303, -121.8979668
47.95037989999999, -121.8961852
47.9582906, -121.9001904
47.9681779, -121.8977502
47.98360510000001, -121.8953456
47.9854066, -121.899442
47.9951327, -121.8983457
48.006738, -121.9003475
48.0132133, -121.9031855
48.0234614, -121.9043735
48.024594, -121.9062383
48.0362872, -121.9145654
48.060183, -121.9069217
48.0623115, -121.8949185
48.06739270000001, -121.898873
48.07505889999999, -121.8959122
48.0901128, -121.8968787
48.094431, -121.8983685
48.1032731, -121.898404
48.11457799999999, -121.8979517
48.1212399, -121.8986487
48.12961689999999, -121.8999767
48.1414209, -121.8950624
48.1416761, -121.8948185
48.1669662, -121.8872701
48.1743154, -121.887168
48.1825772, -121.8860521
48.1928569, -121.8986449
48.1996022, -121.9088595
48.2041877, -121.9183721
48.2665352, -121.8981465
48.2740391, -121.8957393
48.2801129, -121.9013472
48.2909309, -121.9004378
48.2981353, -121.9013007
48.3128158, -121.8976103
48.3230393, -121.9005279
48.33059799999999, -121.8994523
48.338379, -121.8957812
48.3499278, -121.8936387
48.3550755, -121.898531
48.3635578, -121.897812
48.3673941, -121.8907496
48.3738366, -121.8830386
48.3991518, -121.909522
48.4039922, -121.8992801
48.4075984, -121.9032517
48.4207267, -121.8945467
48.4263594, -121.9002047
48.4312717, -121.9069466
48.4493349, -121.8968479
48.4498145, -121.898688
48.44993669999999, -121.9004081
48.4893855, -121.8804526
48.4917262, -121.8854342
48.49389559999999, -121.888485
48.4968988, -121.8896123
48.5094146, -121.8978216
48.51909939999999, -121.8991026
48.52607889999999, -121.8974749
48.5386158, -121.9010016
48.5439555, -121.8990114
48.5499289, -121.9010712
48.5659273, -121.9040942
48.5706783, -121.8987832
48.5717213, -121.9011461
48.58981379999999, -121.9280122
48.6564024, -121.8694971
48.6565367, -121.8697904
48.6566377, -121.8699138
48.6682009, -121.8892692
48.6796938, -121.8942096
48.6880507, -121.8968419
48.6974406, -121.899175
48.6999058, -121.8942658
48.7279388, -121.8986777
48.7334415, -121.8984518
48.7408127, -121.8951721
48.8054479, -121.8974419
48.805566, -121.8977505
48.8131881, -121.8965109
48.8224781, -121.9005431
48.8335095, -121.9024311
48.8407853, -121.9038734
48.8494574, -121.9024046
48.8587619, -121.9022097
48.8673388, -121.9036987
48.8720022, -121.9070177
48.8881817, -121.8997368
48.8964538, -121.8998485
48.9055598, -121.8993902
48.9167746, -121.8950693
48.9179143, -121.8984972
48.9384853, -121.8953763
48.9402376, -121.898417
48.94762859999999, -121.9036154
46.21437350000001, -121.878688
46.2237956, -121.8847307
46.2298979, -121.8795239
46.2346569, -121.8753631
46.2501123, -121.8890149
46.2810794, -121.8771889
46.281443, -121.8783135
46.2815448, -121.8784095
46.2950263, -121.8891227
46.3024919, -121.8838288
46.3117551, -121.8808528
46.31693, -121.877309
46.3333771, -121.8892564
46.3368235, -121.8837481
46.343847, -121.8874679
46.35973389999999, -121.887756
46.3684926, -121.8869777
46.3747974, -121.8845964
46.3840947, -121.8847856
46.3904724, -121.8781905
46.40047260000001, -121.8705549
46.41746, -121.881472
46.4204845, -121.8817018
46.429555, -121.885183
46.435331, -121.88204
46.4473501, -121.8848297
46.4537045, -121.8837146
46.4663146, -121.8820287
46.4739516, -121.8847284
46.4843149, -121.8798924
46.4872245, -121.8797878
46.5028625, -121.8875177
46.506376, -121.8815273
46.5196402, -121.8809436
46.5234449, -121.885732
46.5338736, -121.8848929
46.5420769, -121.8830344
46.54692, -121.8971781
46.5677929, -121.9023674
46.5830342, -121.8830028
46.5832677, -121.8837029
46.591049, -121.8837576
46.6022894, -121.8863821
46.6093024, -121.8849069
46.618838, -121.8853792
46.626438, -121.8868335
46.6377455, -121.8868312
46.6434283, -121.8912527
46.64839370000001, -121.8929168
46.6664251, -121.8911695
46.6701227, -121.8871003
46.6814752, -121.8839656
46.68868399999999, -121.8821692
46.699155, -121.8850289
46.7091178, -121.8895668
46.7157569, -121.8860737
46.7261924, -121.8847383
46.7395507, -121.8808837
46.7419349, -121.8870817
46.7420048, -121.8873401
46.7786311, -121.8837567
46.7799349, -121.8852054
46.82464119999999, -121.9280315
46.8363619, -121.922265
46.9272059, -121.9132786
46.9274017, -121.9128983
46.9361288, -121.8767227
46.9362115, -121.8770547
46.9369567, -121.8799636
46.9443138, -121.8874822
46.946717, -121.8831239
46.9467291, -121.8830135
47.0032574, -121.8871035
47.0033609, -121.8855514
47.0037898, -121.8842457
47.0037988, -121.8841613
47.0411089, -121.8812231
47.0496015, -121.8846822
47.0574403, -121.8830309
47.069724, -121.8874233
47.0739494, -121.8897202
47.0833017, -121.8798814
47.0947725, -121.8714981
47.136903, -121.8981285
47.1394503, -121.8926443
47.1401324, -121.8921185
47.154221, -121.8864029
47.1609773, -121.8852932
47.1670848, -121.8853434
47.176521, -121.884676
47.1846089, -121.88457
47.1950292, -121.8869373
47.2037898, -121.8859736
47.2110898, -121.8836623
47.2209686, -121.8841923
47.2295451, -121.8850217
47.2403771, -121.884198
47.2480735, -121.8849537
47.2574087, -121.886921
47.2661726, -121.884834
47.275666, -121.883305
47.2840899, -121.8846421
47.2929377, -121.8849797
47.3019586, -121.8840753
47.31162459999999, -121.8848347
47.3198502, -121.88497
47.3298773, -121.8841739
47.3379296, -121.8845675
47.347093, -121.8849559
47.3560733, -121.8848051
47.3654011, -121.8848293
47.374539, -121.882833
47.3836259, -121.8851114
47.3913352, -121.8852365
47.3995665, -121.8852415
47.4147742, -121.8853899
47.4149308, -121.8836802
47.4232679, -121.8900573
47.4414019, -121.8824988
47.4467635, -121.8825409
47.45405539999999, -121.8848893
47.4634772, -121.8848054
47.47336869999999, -121.8838227
47.4825903, -121.8849785
47.4900734, -121.883582
47.50014059999999, -121.8854805
47.5092177, -121.884986
47.5181711, -121.8842832
47.52706389999999, -121.8866783
47.5347786, -121.8860716
47.5451815, -121.882807
47.554477, -121.886
47.5651988, -121.8851836
47.5715639, -121.8849324
47.583661, -121.8892756
47.5900907, -121.8860539
47.599791, -121.8834659
47.6075764, -121.8855503
47.6174334, -121.8836378
47.6262856, -121.8848319
47.6349838, -121.8846513
47.6448458, -121.8851758
47.6522754, -121.8874685
47.6622192, -121.8820901
47.6712966, -121.883172
47.6800614, -121.8823889
47.6887986, -121.8848525
47.7004336, -121.8817776
47.7074724, -121.8861226
47.717047, -121.887355
47.7252149, -121.8849817
47.7335494, -121.887155
47.7419439, -121.8850428
47.751874, -121.8829324
47.759064, -121.8807274
47.7701931, -121.8856881
47.7787492, -121.8825337
47.7912753, -121.8852107
47.7967223, -121.8850233
47.8060286, -121.8846093
47.8149131, -121.8847242
47.8246619, -121.896591
47.8361016, -121.8848217
47.8413415, -121.8835153
47.8545234, -121.8835363
47.8599262, -121.8854606
47.8698342, -121.8857272
47.8781468, -121.8848363
47.8887457, -121.884905
47.8988319, -121.8866055
47.9043484, -121.8816673
47.9137084, -121.8849184
47.92105189999999, -121.8931076
47.9283192, -121.8899765
47.9443372, -121.894449
47.9502063, -121.8887388
47.9576839, -121.8826592
47.9677528, -121.8929163
47.9772854, -121.8867065
47.9840617, -121.8880378
47.997975, -121.8740087
48.0032059, -121.8751853
48.0112758, -121.8714136
48.0241785, -121.8752584
48.0261636, -121.8744227
48.0309546, -121.8706719
48.0550124, -121.8809257
48.0580282, -121.8849295
48.0623618, -121.8909034
48.07670770000001, -121.8852513
48.0840161, -121.8871048
48.0919935, -121.8883892
48.1030548, -121.8842315
48.1131746, -121.8845759
48.1151408, -121.8819764
48.1303249, -121.8885089
48.1384443, -121.8888566
48.1478285, -121.8860215
48.1567169, -121.8852621
48.165915, -121.886718
48.17542160000001, -121.8867505
48.1832916, -121.8845546
48.1913122, -121.8848175
48.1921893, -121.8805071
48.20417459999999, -121.868339
48.2050755, -121.8672813
48.2057602, -121.8653787
48.2691542, -121.8808951
48.26937150000001, -121.8818201
48.2722, -121.8848358
48.283886, -121.8827769
48.2887431, -121.88225
48.3087934, -121.8821015
48.31020849999999, -121.8846081
48.3112248, -121.8870545
48.32843099999999, -121.887108
48.3357217, -121.8866657
48.3463868, -121.8843941
48.35427079999999, -121.8850632
48.363646, -121.8843645
48.3728863, -121.8841031
48.3794611, -121.8768998
48.37985159999999, -121.8761389
48.4041077, -121.8973036
48.4136568, -121.8798689
48.41777640000001, -121.885422
48.4192923, -121.8860284
48.4488765, -121.8871914
48.4489011, -121.8869092
48.449413, -121.8850846
48.4499958, -121.8794759
48.4884599, -121.8773423
48.4891259, -121.8798693
48.4909869, -121.883565
48.4992027, -121.8848457
48.5083486, -121.8828365
48.5214363, -121.8863842
48.526506, -121.8839693
48.53523029999999, -121.8853625
48.54428979999999, -121.885133
48.5553319, -121.8840681
48.5589931, -121.8841964
48.569105, -121.8854162
48.5695031, -121.8880325
48.570286, -121.8932599
48.5705159, -121.8944753
48.5903371, -121.9285696
48.65627800000001, -121.8690823
48.6563241, -121.8692432
48.6583243, -121.8714629
48.6673309, -121.8837956
48.6689932, -121.8824963
48.6768023, -121.8875677
48.6862101, -121.8963442
48.6976909, -121.8853518
48.700159, -121.8851273
48.7280334, -121.8983867
48.7358459, -121.892036
48.80545859999999, -121.8974043
48.8055561, -121.897346
48.8148079, -121.893261
48.8185131, -121.896597
48.83356000000001, -121.9023949
48.843675, -121.9030171
48.8493192, -121.9023693
48.8574778, -121.9017093
48.8642688, -121.902644
48.8783299, -121.8668784
48.8904522, -121.8887983
48.8939344, -121.8824446
48.9030637, -121.8838009
48.9162553, -121.8937898
48.938502, -121.8952496
48.9386962, -121.8952073
48.9552582, -121.8756331
46.2108338, -121.8710873
46.2226489, -121.8722796
46.2328754, -121.8688906
46.2354486, -121.874472
46.28075339999999, -121.8746141
46.2809743, -121.8731993
46.2847686, -121.8704963
46.2959749, -121.8717366
46.3036773, -121.8715721
46.30786610000001, -121.8652273
46.3370703, -121.880981
46.34026129999999, -121.8675592
46.3474854, -121.8690495
46.35645479999999, -121.8623479
46.364826, -121.8716601
46.3692079, -121.8750721
46.3845517, -121.8696726
46.39165730000001, -121.8717169
46.4018685, -121.8702074
46.4108643, -121.87029
46.4200484, -121.8712134
46.42850989999999, -121.879584
46.44168089999999, -121.8703444
46.4495389, -121.8700212
46.4593225, -121.8684213
46.4601304, -121.8723466
46.4737325, -121.8612855
46.4841264, -121.8716388
46.4891499, -121.8692079
46.5072531, -121.8762643
46.509942, -121.870926
46.5189088, -121.8711955
46.5302746, -121.8706321
46.5366442, -121.8700895
46.54074869999999, -121.8749233
46.5423258, -121.8788132
46.58265129999999, -121.8773748
46.5832777, -121.8766729
46.5938288, -121.8662926
46.6002684, -121.870329
46.6105047, -121.871856
46.6196714, -121.8731718
46.625449, -121.8706007
46.6298115, -121.8634982
46.65213, -121.8601563
46.6658811, -121.8684838
46.67159480000001, -121.8705497
46.6821878, -121.8770367
46.6904975, -121.8716575
46.6979428, -121.8710847
46.7084901, -121.8705911
46.7164115, -121.873043
46.7252178, -121.8704709
46.7344465, -121.8699956
46.738811, -121.878553
46.7402412, -121.8820062
46.8390075, -121.9236349
46.9330294, -121.8643244
46.9330322, -121.8643447
46.9330393, -121.864372
46.9363605, -121.8707558
46.9407367, -121.870358
46.9484283, -121.8716448
46.94843059999999, -121.8717252
46.9484309, -121.8717361
47.004141, -121.8739079
47.0041488, -121.8737575
47.0041719, -121.8735062
47.0054686, -121.871987
47.0104002, -121.8649676
47.0148552, -121.8584879
47.0425985, -121.8798963
47.0529947, -121.877587
47.0643171, -121.8655535
47.0686267, -121.8703148
47.0770873, -121.8720721
47.0863823, -121.8715473
47.0950871, -121.8714825
47.09955069999999, -121.871268
47.1003529, -121.865624
47.12968129999999, -121.8528782
47.1331672, -121.8569083
47.15150089999999, -121.87329
47.15152399999999, -121.8732024
47.1596032, -121.8686484
47.1645089, -121.875342
47.1757893, -121.8707589
47.1852455, -121.8715275
47.1931356, -121.8705909
47.2023425, -121.8717205
47.21288029999999, -121.8703915
47.2209173, -121.8713204
47.2290111, -121.8708753
47.2396312, -121.8690861
47.248683, -121.870736
47.2570934, -121.8722025
47.2665522, -121.8713517
47.2750982, -121.8709294
47.2837408, -121.8714167
47.2917079, -121.8709087
47.3021992, -121.872137
47.312523, -121.8710799
47.3208749, -121.8706597
47.3290602, -121.8712461
47.3373311, -121.8725031
47.34591899999999, -121.8731589
47.3563319, -121.872185
47.3643262, -121.8715972
47.3744779, -121.872294
47.3839736, -121.8711046
47.3916939, -121.8714452
47.4003994, -121.8711071
47.4102858, -121.8684737
47.4186644, -121.8694802
47.4313203, -121.868629
47.4367694, -121.8708394
47.445653, -121.873071
47.4552396, -121.8714456
47.4641436, -121.871463
47.4732085, -121.8738174
47.48195090000001, -121.869557
47.4910997, -121.8709867
47.5000042, -121.870686
47.5090771, -121.8708341
47.5186702, -121.8730805
47.5271176, -121.8712515
47.5362028, -121.8705706
47.5447791, -121.8712561
47.5531413, -121.8704015
47.5641119, -121.8700138
47.57080699999999, -121.8721306
47.58220550000001, -121.8715515
47.58894060000001, -121.8713523
47.5993127, -121.8710681
47.60783120000001, -121.8711564
47.6139532, -121.8702864
47.6263684, -121.8721751
47.6351503, -121.8711315
47.6445624, -121.8711262
47.651977, -121.8678642
47.6620583, -121.8722769
47.6690378, -121.8680856
47.6792844, -121.8726461
47.689053, -121.8684201
47.70019629999999, -121.873245
47.7070757, -121.8710406
47.712945, -121.8714811
47.7248634, -121.8699391
47.7333171, -121.8710382
47.7432633, -121.8712474
47.7520934, -121.8736314
47.7610804, -121.8711215
47.76902519999999, -121.8705336
47.779255, -121.8713835
47.786103, -121.8778696
47.7937709, -121.8805785
47.8047202, -121.8755274
47.8158596, -121.8802244
47.8281431, -121.8676351
47.83532109999999, -121.8715592
47.8423101, -121.8727674
47.8523325, -121.8706551
47.8613795, -121.8711339
47.8690586, -121.8735455
47.8787206, -121.8723532
47.8871166, -121.8693037
47.89599, -121.8733246
47.9036785, -121.8736662
47.9095655, -121.8736493
47.92518099999999, -121.8572981
47.9258135, -121.857155
47.949099, -121.889296
47.9590639, -121.8793817
47.9613155, -121.8740411
47.9722756, -121.868752
47.9775161, -121.8682686
47.9859886, -121.8688515
47.9953541, -121.870833
48.004333, -121.8746618
48.0130509, -121.8708899
48.0214764, -121.8723321
48.0328533, -121.8641711
48.0512346, -121.8717536
48.057306, -121.8747022
48.072126, -121.868546
48.0752005, -121.872062
48.07967679999999, -121.8811868
48.0996576, -121.8830957
48.10010270000001, -121.8831224
48.1117602, -121.8712026
48.1183855, -121.8739244
48.1333121, -121.8849665
48.13343219999999, -121.8849956
48.1608141, -121.8804181
48.1679385, -121.8746242
48.1726135, -121.8677736
48.1860412, -121.8697236
48.1909514, -121.8726814
48.2030736, -121.8685513
48.2051521, -121.8670887
48.2057759, -121.865328
48.2057872, -121.865257
48.26913, -121.879142
48.2691542, -121.8789598
48.2692734, -121.8783781
48.2707004, -121.8712261
48.274623, -121.8708939
48.2834173, -121.8680365
48.2920831, -121.8719089
48.2958629, -121.8727327
48.3308121, -121.875963
48.3313582, -121.8742403
48.3400575, -121.8667754
48.3451383, -121.8738936
48.3534419, -121.8773045
48.3636928, -121.8762956
48.3765666, -121.8777087
48.3820683, -121.8711117
48.3859315, -121.8656294
48.4012885, -121.8680589
48.4095152, -121.870175
48.41662609999999, -121.8659598
48.4187765, -121.8627181
48.44723680000001, -121.870539
48.4498228, -121.8765195
48.450205, -121.8779185
48.4907879, -121.8757776
48.4982033, -121.8741125
48.508119, -121.8709181
48.5158059, -121.8702576
48.5259946, -121.8756374
48.5355064, -121.8713397
48.5440757, -121.8694725
48.5547415, -121.8727221
48.5616703, -121.8719469
48.5682604, -121.8716245
48.57374129999999, -121.8629419
48.6559097, -121.8641058
48.6562674, -121.8689911
48.66099029999999, -121.8735506
48.668249, -121.8764395
48.6717885, -121.8806232
48.6987323, -121.8796675
48.6988826, -121.879444
48.6992269, -121.8796888
48.69985579999999, -121.8816657
48.7326661, -121.895179
48.8054814, -121.8973791
48.810993, -121.8952742
48.8148539, -121.8932527
48.8149739, -121.8932918
48.833623, -121.9023843
48.8436939, -121.9030109
48.8491399, -121.9023564
48.877911, -121.866504
48.8782891, -121.8668595
48.8890804, -121.877918
48.9005995, -121.8698733
48.9033568, -121.8718582
48.912239, -121.8578863
48.91238730000001, -121.8577522
48.9385353, -121.8951989
48.9540566, -121.8680615
46.211627, -121.856879
46.2251671, -121.8448266
46.230193, -121.8653187
46.2358504, -121.8440923
46.2361423, -121.8437404
46.2731184, -121.8468892
46.27387419999999, -121.8481615
46.2780667, -121.8547504
46.28137419999999, -121.8547642
46.2949747, -121.8595555
46.2996679, -121.8568671
46.3122376, -121.8575942
46.32152869999999, -121.8498764
46.3310083, -121.8530011
46.3391238, -121.8566837
46.3480798, -121.8574441
46.3586676, -121.8581461
46.3646126, -121.8561282
46.3731207, -121.8532125
46.38815959999999, -121.8622123
46.3919684, -121.857826
46.3983684, -121.85005
46.4127616, -121.8672627
46.417659, -121.86886
46.4310824, -121.8505608
46.4390277, -121.8574127
46.4497357, -121.8600639
46.4534445, -121.8576651
46.4717801, -121.8562444
46.4748617, -121.8578936
46.4831447, -121.857172
46.4903365, -121.859338
46.5027268, -121.8519208
46.5103641, -121.8592253
46.5154873, -121.8585284
46.5336256, -121.8573153
46.5364127, -121.8586367
46.5372172, -121.8600398
46.537229, -121.8601797
46.572495, -121.8352457
46.5872758, -121.8506211
46.5874544, -121.8515052
46.5911126, -121.858982
46.5998875, -121.8603475
46.6081678, -121.8630666
46.6190032, -121.8606041
46.6259622, -121.8549028
46.6324858, -121.8552984
46.6480431, -121.8515114
46.65328419999999, -121.8571101
46.66543919999999, -121.8586695
46.6690616, -121.8533077
46.6806297, -121.8570029
46.6904366, -121.8552518
46.6995582, -121.8563884
46.7066327, -121.8567211
46.7159718, -121.8585935
46.7249485, -121.8586014
46.73608249999999, -121.8563759
46.7364122, -121.8573628
46.9330289, -121.8642849
46.93303410000001, -121.864245
46.9422802, -121.8685645
46.947405, -121.8704115
46.9483312, -121.8713597
46.94841630000001, -121.8715677
47.0012559, -121.8423603
47.00380560000001, -121.8536881
47.0039971, -121.8550791
47.0041793, -121.8573857
47.0137588, -121.8585772
47.0194298, -121.8509581
47.0315044, -121.8468162
47.0643211, -121.8651617
47.06456670000001, -121.865203
47.0796523, -121.8568704
47.0824992, -121.8574011
47.0944793, -121.858474
47.100452, -121.8583815
47.1004804, -121.8586429
47.12948369999999, -121.8525909
47.1334244, -121.8552991
47.1490409, -121.858428
47.157471, -121.856847
47.16695379999999, -121.8571295
47.1770875, -121.8589091
47.1842917, -121.8584124
47.1931586, -121.8567172
47.2021968, -121.858691
47.2127098, -121.8576627
47.22095239999999, -121.8575313
47.2285712, -121.857412
47.2388814, -121.8572622
47.2478949, -121.8588438
47.2574663, -121.8572025
47.2651286, -121.8572593
47.2763788, -121.8567426
47.2833648, -121.8577729
47.29329509999999, -121.8577227
47.3030705, -121.8569858
47.3104199, -121.8579752
47.3189713, -121.8582023
47.3303638, -121.8549475
47.3379864, -121.858132
47.3464176, -121.8575393
47.35587169999999, -121.8608991
47.3650532, -121.8571906
47.3737019, -121.859235
47.3862675, -121.8612569
47.3918099, -121.8572282
47.4008246, -121.8575525
47.4102244, -121.8608029
47.41841489999999, -121.8568035
47.4280482, -121.857082
47.4360787, -121.8544134
47.4461811, -121.8578881
47.4550648, -121.8574789
47.4639959, -121.8576185
47.4732033, -121.8573855
47.482921, -121.8562693
47.490246, -121.8571
47.49892579999999, -121.8565536
47.5100583, -121.8577683
47.518851, -121.8575327
47.52586429999999, -121.8559509
47.53634049999999, -121.8575841
47.543986, -121.8599206
47.5543076, -121.8574572
47.56307899999999, -121.8576301
47.5757457, -121.8543859
47.5810857, -121.8573735
47.5901182, -121.8578283
47.5985336, -121.8582862
47.6087277, -121.8584795
47.6169839, -121.854893
47.6263002, -121.8547527
47.63464889999999, -121.8576784
47.6454279, -121.860009
47.6528785, -121.8579694
47.6616986, -121.8575127
47.6710801, -121.8577547
47.6808205, -121.8582176
47.69023300000001, -121.855583
47.6980787, -121.8577942
47.7059538, -121.8597265
47.717828, -121.8556136
47.7250959, -121.8561438
47.7331813, -121.8593982
47.7429612, -121.8581483
47.751991, -121.8572484
47.7612336, -121.8571642
47.7702041, -121.8580391
47.7794429, -121.8565936
47.7890392, -121.8576234
47.7897638, -121.8547404
47.8277346, -121.8662313
47.8341202, -121.8567174
47.8412546, -121.8591614
47.8510207, -121.8574018
47.859475, -121.8598776
47.8686148, -121.8563035
47.8797599, -121.8556486
47.8868526, -121.8574215
47.8996147, -121.8557718
47.9040275, -121.8622992
47.9074752, -121.8656856
47.9240597, -121.8559319
47.9273312, -121.8539518
47.9577037, -121.8522383
47.9599284, -121.8552365
47.9683362, -121.8557622
47.9776762, -121.8577694
47.9878693, -121.855248
47.9953775, -121.8527168
48.0046084, -121.8534396
48.0132255, -121.8569934
48.0188415, -121.8538726
48.0313511, -121.8579937
48.0341663, -121.8580341
48.0513725, -121.8561657
48.0585449, -121.8552393
48.0671268, -121.8576861
48.070891, -121.8628926
48.0749798, -121.8716228
48.1070392, -121.8447033
48.1101162, -121.8556656
48.1120921, -121.856192
48.1193397, -121.856448
48.129003, -121.8523976
48.132925, -121.8516219
48.1404879, -121.839574
48.1613267, -121.8800244
48.1720937, -121.8678561
48.1753876, -121.85815
48.18406359999999, -121.8576291
48.1918693, -121.8575996
48.2039744, -121.8614245
48.20665109999999, -121.8582306
48.2066845, -121.8586423
48.2504334, -121.8153807
48.2708902, -121.8590725
48.27090519999999, -121.8589026
48.2758305, -121.8575777
48.2857359, -121.860784
48.2902765, -121.8576526
48.29397059999999, -121.8627655
48.3102812, -121.850796
48.333742, -121.8573687
48.3370782, -121.8588954
48.3462025, -121.8573892
48.347027, -121.8603097
48.3601513, -121.8753143
48.3832258, -121.8596052
48.3835255, -121.8585521
48.3940685, -121.8598821
48.3977167, -121.8553067
48.4087683, -121.8574997
48.4173273, -121.8612869
48.4294138, -121.8535572
48.4306551, -121.8539733
48.4477123, -121.871719
48.4867383, -121.8406352
48.49141729999999, -121.8475371
48.4938143, -121.850905
48.5009203, -121.8582759
48.509609, -121.855363
48.517005, -121.8574527
48.5262261, -121.8562697
48.535243, -121.8536277
48.54410679999999, -121.8538294
48.5538778, -121.8574264
48.5622209, -121.8572976
48.5706295, -121.8580687
48.65502739999999, -121.8486163
48.6551087, -121.8492202
48.6553443, -121.8504325
48.656369, -121.8553204
48.65689099999999, -121.8577315
48.66752030000001, -121.8759783
48.6682782, -121.876474
48.69883489999999, -121.8794801
48.6990667, -121.8794503
48.69913, -121.8795122
48.8055146, -121.8973586
48.8144666, -121.8934137
48.8149427, -121.8932705
48.8159121, -121.8941213
48.8439012, -121.9029726
48.8818438, -121.8592118
48.8852369, -121.8528885
48.9000844, -121.8596971
48.9046584, -121.8573408
48.9125739, -121.8571059
48.9142502, -121.8515683
48.9147151, -121.8496842
48.9540636, -121.8680104
48.9566489, -121.8559919
46.2141459, -121.8462173
46.22188269999999, -121.8431972
46.2310071, -121.8439091
46.23655369999999, -121.8427485
46.2365859, -121.8422859
46.2716583, -121.8425963
46.27623, -121.8431061
46.28503, -121.8436086
46.2949005, -121.8400733
46.3033537, -121.8414451
46.3122329, -121.8431886
46.3175606, -121.8421384
46.3291268, -121.8511588
46.336603, -121.8550921
46.34995139999999, -121.8505622
46.3554454, -121.8496832
46.3671672, -121.8482625
46.37441279999999, -121.8421301
46.3825609, -121.8419756
46.39402399999999, -121.8495735
46.4013101, -121.8460995
46.4268985, -121.8401731
46.4287577, -121.8440378
46.4381188, -121.846859
46.44747419999999, -121.8410857
46.4503772, -121.8456735
46.4722471, -121.8550461
46.4764486, -121.8461327
46.4836561, -121.8427708
46.488729, -121.8428879
46.50293420000001, -121.8431457
46.51372079999999, -121.8468058
46.5186159, -121.843328
46.5334966, -121.8435936
46.5350418, -121.845111
46.5357013, -121.8471613
46.5629081, -121.8291189
46.56649160000001, -121.8301141
46.5725172, -121.8352426
46.5926898, -121.8515819
46.60010940000001, -121.8437165
46.6089858, -121.844126
46.617843, -121.8446139
46.623801, -121.8417635
46.6359996, -121.843659
46.6449469, -121.8437595
46.6566386, -121.8432341
46.6636427, -121.839891
46.6724352, -121.8449297
46.682106, -121.849153
46.690701, -121.8423512
46.6965488, -121.8466357
46.7077797, -121.8492841
46.72106609999999, -121.8443578
46.7257335, -121.8435282
46.7349523, -121.8436897
46.7349695, -121.8434164
46.7438362, -121.8221698
46.7490914, -121.8169429
46.7538731, -121.8130028
46.93307610000001, -121.864256
46.9470975, -121.8702846
46.9477331, -121.8706774
47.0011744, -121.8417683
47.0012325, -121.8421901
47.00216, -121.8447894
47.01939369999999, -121.8377454
47.0236214, -121.8442802
47.0303439, -121.844548
47.0694495, -121.8476701
47.0750176, -121.8493009
47.0806846, -121.8521494
47.09215649999999, -121.8554378
47.1000862, -121.8578149
47.1003188, -121.8580427
47.1294492, -121.8524572
47.1323099, -121.8502533
47.1374192, -121.8438085
47.1471325, -121.8456951
47.1578941, -121.8440649
47.1672075, -121.845502
47.1763287, -121.8436595
47.1834125, -121.8426306
47.1942753, -121.8438166
47.202798, -121.8436523
47.2116775, -121.8448351
47.2211167, -121.8443778
47.2296898, -121.8435098
47.2399041, -121.844117
47.2458414, -121.8417986
47.2570606, -121.8435961
47.2660052, -121.8435011
47.2749643, -121.8434402
47.2846149, -121.842408
47.2940748, -121.8445847
47.301578, -121.8428227
47.3110303, -121.8439314
47.32035310000001, -121.8438243
47.3294962, -121.8405079
47.3386666, -121.8447182
47.3470439, -121.8402401
47.3556931, -121.8429854
47.36517569999999, -121.8436251
47.372535, -121.8444612
47.3829329, -121.8419087
47.3895251, -121.841099
47.4004805, -121.8418761
47.409683, -121.8445907
47.420721, -121.848294
47.427578, -121.843715
47.43689490000001, -121.8422054
47.4459189, -121.8450003
47.4550738, -121.8437524
47.4636083, -121.8465442
47.4728798, -121.8439559
47.4820619, -121.8438625
47.49051499999999, -121.8472613
47.5001536, -121.8435653
47.5091427, -121.8437235
47.5180782, -121.8437361
47.5273739, -121.843763
47.53570209999999, -121.8444441
47.5448622, -121.8415002
47.55407899999999, -121.8436725
47.5605211, -121.847266
47.57416, -121.842482
47.581452, -121.842604
47.5911853, -121.8409482
47.5961894, -121.847608
47.6079886, -121.8423193
47.6168825, -121.8435517
47.6259783, -121.8436223
47.6352207, -121.8416209
47.644039, -121.8435699
47.653231, -121.843485
47.6607783, -121.8425717
47.67113000000001, -121.8437375
47.67957500000001, -121.837397
47.6887647, -121.8435683
47.6979222, -121.8411389
47.7072025, -121.8432927
47.7152342, -121.8443283
47.7263737, -121.8423417
47.7318799, -121.845057
47.7433532, -121.8478392
47.7521541, -121.8436693
47.7616366, -121.8437866
47.7701909, -121.844358
47.7795362, -121.843611
47.7888033, -121.85312
47.795435, -121.831739
47.8094331, -121.8347029
47.8137121, -121.8346968
47.8240042, -121.8335165
47.8338433, -121.8439145
47.8412429, -121.8413016
47.8510579, -121.8409316
47.8604905, -121.8438237
47.8680122, -121.8413078
47.8782945, -121.8435823
47.8864635, -121.8479758
47.8976373, -121.8420768
47.9046023, -121.8419171
47.9142641, -121.8434676
47.9226181, -121.844045
47.92541850000001, -121.8477335
47.9462477, -121.8340074
47.9542278, -121.8397823
47.9563746, -121.8453804
47.96778219999999, -121.84377
47.9776737, -121.8475388
47.9854639, -121.8512704
47.9969697, -121.8515277
48.0028908, -121.851905
48.0098203, -121.8536313
48.0210995, -121.8439314
48.0303742, -121.844012
48.0409002, -121.8450136
48.0492137, -121.84297
48.05801229999999, -121.8443376
48.068538, -121.8351077
48.07315490000001, -121.8355094
48.0763373, -121.8326378
48.0903961, -121.8279675
48.11076130000001, -121.840478
48.1176028, -121.8512097
48.130291, -121.8436095
48.1382078, -121.842233
48.14184909999999, -121.8379973
48.14368, -121.8328261
48.1880402, -121.8413903
48.1912847, -121.8456885
48.2065314, -121.8544181
48.27217419999999, -121.8466359
48.2722334, -121.8461047
48.2729602, -121.8433894
48.2882228, -121.8393353
48.2927833, -121.8416931
48.3009828, -121.8415367
48.3073074, -121.8482701
48.333799, -121.8572829
48.3345517, -121.8575299
48.3453806, -121.8519378
48.3732043, -121.8239047
48.37727020000001, -121.8289877
48.3872434, -121.8460634
48.3909159, -121.8439708
48.3958022, -121.8444222
48.4075116, -121.8449957
48.4225706, -121.8352426
48.42842779999999, -121.8486324
48.43461019999999, -121.8414895
48.43672429999999, -121.8371168
48.4377676, -121.8341904
48.48669899999999, -121.8404765
48.4867145, -121.840539
48.48856680000001, -121.8423488
48.4990895, -121.8433779
48.5091995, -121.8397404
48.5179914, -121.8435846
48.5248005, -121.8421579
48.5350508, -121.8431611
48.541734, -121.8434052
48.5560311, -121.8469046
48.5629198, -121.8442139
48.566652, -121.8439532
48.5703799, -121.8576724
48.6547472, -121.8444807
48.654749, -121.8443975
48.655024, -121.842388
48.6653459, -121.8162367
48.7070313, -121.8128019
48.7071013, -121.8128178
48.70715939999999, -121.8128066
48.7071913, -121.812783
48.8147207, -121.8932882
48.85369559999999, -121.7948068
48.8824623, -121.8464635
48.8824782, -121.8462892
48.8852548, -121.8426693
48.8931431, -121.8385257
48.9045501, -121.8432946
48.9116835, -121.8434716
48.95370699999999, -121.8270779
48.956667, -121.8525772
46.2134613, -121.8288046
46.2215629, -121.8343934
46.2309827, -121.8295646
46.2344686, -121.8384998
46.2475507, -121.8157698
46.2478661, -121.8155849
46.2723745, -121.8296171
46.275218, -121.8287419
46.2878662, -121.829987
46.2942553, -121.8300745
46.30297239999999, -121.8300406
46.3039317, -121.8344704
46.3176837, -121.8411653
46.3271106, -121.8505392
46.3341793, -121.8539728
46.3525159, -121.8486492
46.3530757, -121.8487843
46.3735735, -121.8422044
46.3780919, -121.8340196
46.3825867, -121.8291668
46.3932083, -121.8294314
46.39739429999999, -121.8280125
46.4103889, -121.8228386
46.4209658, -121.8287966
46.4300102, -121.8299826
46.4430576, -121.8306485
46.4478648, -121.8297085
46.4583601, -121.8236747
46.4703454, -121.8259786
46.4776254, -121.8305965
46.4857856, -121.8268783
46.4886325, -121.830446
46.500387, -121.8324318
46.512641, -121.8298031
46.5148045, -121.8262679
46.5336824, -121.8309376
46.5352192, -121.8279167
46.5355677, -121.8270958
46.5641327, -121.8294714
46.5742706, -121.8330832
46.5819761, -121.8303755
46.5896877, -121.8257084
46.6012923, -121.829516
46.6117, -121.8287899
46.6175285, -121.8252583
46.6277217, -121.8300086
46.6363042, -121.8297255
46.64466950000001, -121.828978
46.6542846, -121.8326768
46.6629818, -121.8279466
46.672068, -121.8303955
46.6892895, -121.826415
46.6906292, -121.8293262
46.70134059999999, -121.827818
46.7099643, -121.8313453
46.7164343, -121.8345673
46.7260658, -121.8304538
46.7352385, -121.830359
46.7418272, -121.8239407
46.7475792, -121.8184923
46.7538581, -121.81302
46.7602184, -121.8048108
46.7619006, -121.8031128
46.7769912, -121.788272
46.7770321, -121.7882332
46.7770693, -121.7881821
46.9330633, -121.8642482
46.9436534, -121.8687506
47.0012487, -121.8404566
47.00167039999999, -121.8380069
47.0030233, -121.8306578
47.0031726, -121.8291205
47.0148406, -121.8296495
47.0227926, -121.8340508
47.0325433, -121.8296677
47.0330485, -121.8313899
47.07409690000001, -121.8487537
47.0861895, -121.8143383
47.0902962, -121.8118214
47.0975483, -121.8077722
47.1313876, -121.8330148
47.1323941, -121.8311305
47.1368704, -121.8339532
47.1545693, -121.8290951
47.1592754, -121.8296975
47.1670234, -121.830057
47.1769729, -121.8316777
47.1848508, -121.8308179
47.1943966, -121.8304292
47.2032031, -121.8280734
47.2116881, -121.8288749
47.22111839999999, -121.8301775
47.229752, -121.8283147
47.23966979999999, -121.8339422
47.2497408, -121.8295968
47.257104, -121.832329
47.26709229999999, -121.8330204
47.2751068, -121.8305521
47.28371079999999, -121.828845
47.2930478, -121.8300581
47.3041215, -121.8276621
47.3144532, -121.8300693
47.3201684, -121.8306733
47.326241, -121.8334733
47.3370335, -121.8334448
47.34857299999999, -121.8280953
47.35594409999999, -121.8304728
47.3653123, -121.8300287
47.3735353, -121.8302082
47.3852773, -121.8236066
47.3914885, -121.8300332
47.4045269, -121.8340475
47.4093555, -121.8289182
47.4178076, -121.8287949
47.4272581, -121.8313814
47.4369012, -121.8305555
47.4451954, -121.8287986
47.4550887, -121.8291909
47.46355699999999, -121.8286087
47.4730456, -121.8299386
47.4820475, -121.8300871
47.4914362, -121.8292947
47.498649, -121.8293183
47.5091866, -121.8297968
47.5182011, -121.8297945
47.52705390000001, -121.8285049
47.5359183, -121.8305533
47.54481999999999, -121.8295456
47.55321, -121.828455
47.5623046, -121.8300448
47.5720991, -121.8297703
47.5803591, -121.8307572
47.5892767, -121.8327508
47.5990863, -121.829809
47.6089675, -121.8271701
47.6140905, -121.8296022
47.6266578, -121.8273654
47.6352863, -121.8287955
47.6440292, -121.8304956
47.6527694, -121.8292477
47.6620616, -121.8301442
47.6715147, -121.8258358
47.6791515, -121.8305413
47.6889665, -121.8268308
47.697784, -121.8240735
47.7067618, -121.830329
47.7178629, -121.8262947
47.722505, -121.829094
47.73555409999999, -121.8285438
47.7429127, -121.831306
47.7530896, -121.8268996
47.760525, -121.8308501
47.768673, -121.836339
47.7769532, -121.8341126
47.7863159, -121.8272631
47.7970929, -121.8307427
47.8082581, -121.8309127
47.815906, -121.833658
47.8243658, -121.8334496
47.8328916, -121.8306857
47.8433893, -121.8321912
47.8475467, -121.8291904
47.8601719, -121.8300059
47.8727163, -121.8310016
47.87869200000001, -121.8267811
47.8881239, -121.8290755
47.8955979, -121.8308406
47.9046813, -121.8297131
47.9155472, -121.8308169
47.92317, -121.8303212
47.9300825, -121.8255753
47.9419346, -121.8286684
47.95008379999999, -121.8305767
47.9529659, -121.830765
47.96662, -121.8394578
47.9783469, -121.8473052
47.9802835, -121.8477523
48.0047649, -121.8197651
48.0050661, -121.8200296
48.0157289, -121.8256437
48.0225448, -121.829255
48.03211109999999, -121.8282775
48.03977889999999, -121.8305
48.04731100000001, -121.8260254
48.05443959999999, -121.8368624
48.0667984, -121.8311379
48.0763375, -121.8303578
48.0856022, -121.8228078
48.0906119, -121.8275989
48.10324300000001, -121.8298981
48.10637089999999, -121.8363911
48.1222234, -121.82703
48.1317003, -121.8286131
48.138989, -121.8299759
48.146604, -121.8270606
48.1470863, -121.8256452
48.1786099, -121.8275974
48.1839252, -121.8251365
48.18956439999999, -121.8304882
48.19165779999999, -121.8225476
48.24556279999999, -121.8054909
48.2503057, -121.8152305
48.2506166, -121.815314
48.2734225, -121.8316719
48.2739825, -121.8298829
48.2830866, -121.8305963
48.287055, -121.8356645
48.3012475, -121.8415103
48.3044234, -121.8430295
48.3712495, -121.8206169
48.371469, -121.8211103
48.375129, -121.8257893
48.3818874, -121.8311094
48.3912171, -121.8301455
48.3995995, -121.8292154
48.412306, -121.8283408
48.4172337, -121.8299104
48.4292868, -121.8358865
48.4367301, -121.8316734
48.437842, -121.832841
48.48744259999999, -121.8370228
48.4894861, -121.8360501
48.5013546, -121.8356238
48.5070635, -121.8352155
48.5146218, -121.832575
48.5266053, -121.8303919
48.5345538, -121.8311843
48.54052129999999, -121.8317134
48.5607372, -121.8305235
48.5607647, -121.8298802
48.56438259999999, -121.8360079
48.5643989, -121.836063
48.6548011, -121.8370659
48.65525359999999, -121.8318844
48.6552539, -121.8318767
48.65525950000001, -121.8318256
48.65656629999999, -121.8272962
48.6652925, -121.8162899
48.66537400000001, -121.816175
48.7009499, -121.805262
48.7069728, -121.8127522
48.7070658, -121.812814
48.7072198, -121.8127363
48.70722840000001, -121.8127117
48.8535865, -121.7946842
48.85360499999999, -121.7947164
48.8547798, -121.7952944
48.8549681, -121.7952868
48.8825868, -121.8459386
48.8871183, -121.8306946
48.8871634, -121.830281
48.89406779999999, -121.8303392
48.9051943, -121.8302579
48.9096815, -121.8323587
48.9110187, -121.8379042
48.9484924, -121.8183117
46.2111473, -121.8277674
46.2257078, -121.8196942
46.2306262, -121.819161
46.2397844, -121.8158761
46.24797040000001, -121.8153944
46.2480486, -121.8149043
46.2741503, -121.8217393
46.2883331, -121.8284495
46.2944865, -121.8287782
46.3027368, -121.8294117
46.30282649999999, -121.8294587
46.3208525, -121.7942129
46.3362171, -121.7959772
46.3440308, -121.8012784
46.3464653, -121.8019387
46.35903150000001, -121.8018308
46.3683092, -121.8037528
46.3765097, -121.806414
46.3836008, -121.8098417
46.392407, -121.8139835
46.4009381, -121.8202164
46.41271159999999, -121.8214051
46.4152948, -121.8224385
46.4277766, -121.8169397
46.4394639, -121.8147761
46.4453044, -121.8164831
46.4587008, -121.8112261
46.465456, -121.8135379
46.4732594, -121.816636
46.4826992, -121.8152648
46.4895536, -121.8165159
46.5019992, -121.8138068
46.5039129, -121.8175706
46.5180611, -121.8168078
46.5279344, -121.8163838
46.5371918, -121.8157319
46.5453564, -121.8115078
46.55611529999999, -121.8157252
46.5630081, -121.8207121
46.5711779, -121.8229291
46.5832296, -121.8143078
46.5911226, -121.8187156
46.6001558, -121.8196859
46.6083356, -121.8152378
46.6195572, -121.8146208
46.6258927, -121.8161223
46.6341552, -121.8149683
46.6462137, -121.8088114
46.6548282, -121.8164196
46.6610385, -121.8255074
46.6726738, -121.8178151
46.6799896, -121.8113162
46.6896959, -121.8130378
46.69760309999999, -121.8139663
46.70805350000001, -121.8137041
46.71501139999999, -121.8204142
46.7277865, -121.8167312
46.735712, -121.8182031
46.7437248, -121.8154802
46.7535785, -121.8130859
46.7596471, -121.8052309
46.7680527, -121.7957685
46.7770117, -121.7882541
46.780836, -121.7795556
47.001427, -121.8057409
47.0024992, -121.8103241
47.0026686, -121.8109003
47.0042523, -121.8168534
47.0143024, -121.8270059
47.0314559, -121.8270678
47.0320274, -121.8278939
47.0324361, -121.8286759
47.0847647, -121.8085682
47.0856572, -121.8138712
47.09413720000001, -121.8104173
47.0985939, -121.8066556
47.1085893, -121.7990747
47.1290533, -121.8074226
47.1327523, -121.8141766
47.1412913, -121.8140355
47.1468639, -121.81245
47.1608521, -121.818101
47.16778679999999, -121.8172253
47.1757071, -121.8161043
47.1841265, -121.8142406
47.1947133, -121.8167516
47.2035699, -121.8161819
47.2120962, -121.8161867
47.2210835, -121.8175245
47.22943, -121.8135046
47.2431596, -121.8176922
47.24799789999999, -121.8165101
47.25086899999999, -121.817299
47.2714539, -121.8261529
47.27485799999999, -121.811935
47.2855749, -121.8159651
47.29242860000001, -121.8167066
47.3022129, -121.814851
47.31206, -121.8164442
47.3228843, -121.8189424
47.3390481, -121.8144372
47.3444439, -121.820212
47.35595929999999, -121.8163758
47.3646093, -121.8158002
47.3753561, -121.8150711
47.3831382, -121.8168003
47.3919911, -121.8163994
47.3992859, -121.814458
47.4118513, -121.8181624
47.418111, -121.8149084
47.4280568, -121.8175175
47.4371911, -121.8162895
47.4459287, -121.8162549
47.4545181, -121.8168894
47.4643735, -121.814843
47.4716177, -121.8209607
47.48197709999999, -121.8102582
47.488743, -121.81979
47.49947820000001, -121.8174895
47.508573, -121.816739
47.518075, -121.8163075
47.527214, -121.8162585
47.536687, -121.815861
47.5447478, -121.8162872
47.5543923, -121.8159239
47.5627208, -121.8152607
47.5712454, -121.8174373
47.5806456, -121.8163265
47.5900575, -121.8152154
47.598915, -121.8161546
47.60740269999999, -121.8170447
47.617068, -121.8161717
47.6255906, -121.8177237
47.63440970000001, -121.816533
47.6441854, -121.8156993
47.6521587, -121.8180228
47.6613319, -121.818496
47.6701765, -121.813679
47.6785532, -121.817002
47.6906872, -121.8158128
47.6987079, -121.810569
47.7071583, -121.8163588
47.71471200000001, -121.815149
47.7249199, -121.8181758
47.7327447, -121.8183937
47.744097, -121.8144719
47.7521801, -121.8149061
47.7607267, -121.816558
47.7695978, -121.8148859
47.7715322, -121.8151062
47.7891129, -121.8220605
47.8029088, -121.8171225
47.8044292, -121.813554
47.81521739999999, -121.8168682
47.82626519999999, -121.8248957
47.837913, -121.8166715
47.8384796, -121.8157873
47.8510768, -121.8146953
47.8600922, -121.8150048
47.8691028, -121.816302
47.8786221, -121.816236
