47.9739715, -123.4752794
47.9831115, -123.4489974
47.9831274, -123.4489284
47.9845833, -123.4441921
47.9865032, -123.4339481
47.9865105, -123.4337806
47.9870209, -123.4316134
47.9874637, -123.4290798
48.0315811, -123.421835
48.0324276, -123.42417
48.0343563, -123.428384
48.0402711, -123.4325885
48.0443076, -123.4352449
48.0581036, -123.4340444
48.0679443, -123.4326229
48.0734489, -123.4322573
48.0851586, -123.4322954
48.0945341, -123.434377
48.1035383, -123.4335744
48.1119867, -123.4337847
48.1209959, -123.4337761
48.1258515, -123.4261034
48.14190259999999, -123.433554
48.1419132, -123.4340169
48.1419238, -123.4344798
48.1419343, -123.4349361
48.1778968, -123.390316
48.1868122, -123.3916147
48.1957276, -123.3929139
48.204643, -123.3942135
48.2135584, -123.3955135
48.22247369999999, -123.396814
48.23157639999999, -123.3981859
48.2404772, -123.3995936
48.249378, -123.4010019
48.2562051, -123.4018917
48.2648466, -123.4016523
48.2738456, -123.4015022
48.2828445, -123.4013521
48.2918434, -123.4012019
48.3008424, -123.4010517
48.3098413, -123.4009014
48.3188364, -123.40075
48.3278353, -123.4005972
48.3368342, -123.4004444
48.3458331, -123.4002915
48.354832, -123.4001386
48.3638309, -123.3999856
48.3728297, -123.3998325
48.3818286, -123.3996794
48.3908275, -123.3995262
48.399856, -123.3993896
48.4219107, -123.4188393
48.4267759, -123.42764
48.42844059999999, -123.4310572
48.4386985, -123.4302373
48.4463841, -123.4321069
48.453988, -123.4335471
48.4633634, -123.4337365
48.4744495, -123.4316552
48.4808785, -123.4345297
48.49005589999999, -123.4337125
48.4986678, -123.4342178
48.5084363, -123.434523
48.5168855, -123.4333745
48.5260262, -123.4337625
48.5351165, -123.4337949
48.5432269, -123.436716
48.5534463, -123.4317323
48.5631757, -123.4337211
48.5710509, -123.4306665
48.57972609999999, -123.4336991
48.5886043, -123.4308013
48.5978248, -123.4337017
48.6069551, -123.4331502
48.61643369999999, -123.4335524
48.624633, -123.4361029
48.6340845, -123.4305821
48.6436001, -123.4366131
48.6553877, -123.4337027
48.66134700000001, -123.432405
48.66899290000001, -123.4304142
48.6788152, -123.4345814
48.6889673, -123.4343032
48.6965171, -123.4340227
48.7023437, -123.4374454
48.7165238, -123.4354545
48.71990359999999, -123.4289597
48.736054, -123.4344906
48.742142, -123.4333454
48.7510448, -123.4337749
48.759858, -123.433753
48.771068, -123.428705
48.7780196, -123.4326447
48.78703160000001, -123.4336885
48.7921478, -123.4401376
48.8071658, -123.4338357
48.811299, -123.433243
48.84123599999999, -123.426605
48.84337319999999, -123.4310772
48.8494974, -123.4344269
48.8561414, -123.4400439
48.8589372, -123.4454606
48.8628162, -123.4516954
48.8987079, -123.4024394
48.9104974, -123.4188868
48.91243739999999, -123.423248
48.9167381, -123.4303797
48.91980239999999, -123.437433
48.9303779, -123.4348357
48.933635, -123.4400568
48.9355639, -123.4446274
46.20471089999999, -123.421288
46.2281876, -123.4061797
46.2343217, -123.4106264
46.23993429999999, -123.4200284
46.2435538, -123.4248079
46.2577135, -123.4201892
46.2659854, -123.4205286
46.2755484, -123.4201725
46.2851671, -123.429749
46.2946381, -123.4203093
46.30821, -123.4220517
46.3122892, -123.4200849
46.3175376, -123.4174253
46.3302398, -123.4212567
46.3363063, -123.4189939
46.3476607, -123.4209681
46.354883, -123.419508
46.3649806, -123.4194376
46.374223, -123.4188611
46.38556579999999, -123.4211504
46.391306, -123.4184414
46.4020464, -123.4195368
46.4109726, -123.4201957
46.419602, -123.4197452
46.4292722, -123.4210539
46.438441, -123.418479
46.4454887, -123.4195608
46.4568553, -123.4211462
46.4636068, -123.4206453
46.4742487, -123.4197345
46.4836159, -123.4179803
46.4917623, -123.4219122
46.5042761, -123.4207125
46.5098807, -123.4200867
46.5212675, -123.4209328
46.5242948, -123.4163681
46.54973649999999, -123.4235209
46.5500269, -123.4217647
46.5532806, -123.415217
46.5657797, -123.4152389
46.5733229, -123.4202808
46.58131789999999, -123.4193609
46.5910905, -123.4199503
46.6010122, -123.4212577
46.6084204, -123.4185799
46.6172931, -123.4175002
46.6275174, -123.422572
46.6354965, -123.4196961
46.6445346, -123.4212416
46.6533513, -123.4201069
46.6627429, -123.4195411
46.6694326, -123.416404
46.6806359, -123.4200721
46.6902167, -123.4200214
46.7006707, -123.4193766
46.7076467, -123.4205585
46.716831, -123.4204853
46.7257675, -123.4199381
46.73382549999999, -123.4199755
46.74251109999999, -123.4204316
46.7529228, -123.4204058
46.7625082, -123.4191073
46.7710634, -123.4200107
46.7798522, -123.4198682
46.788814, -123.4182
46.7952902, -123.4221056
46.79535629999999, -123.422413
46.821075, -123.4387833
46.8314696, -123.4318793
46.8389633, -123.4250665
46.84252559999999, -123.4207156
46.8532577, -123.4179945
46.859029, -123.4233993
46.8614579, -123.4278634
46.8878391, -123.416909
46.888396, -123.4197175
46.8979801, -123.4147314
46.9025024, -123.4103155
46.908221, -123.4021628
46.9307977, -123.4199957
46.9308499, -123.4206198
46.9490614, -123.4167587
46.9513429, -123.4193988
46.9575647, -123.4182732
46.970733, -123.4233647
46.9788706, -123.421113
46.9870448, -123.4247568
46.9966876, -123.4203828
47.0051895, -123.419998
47.0133657, -123.4190211
47.0230717, -123.4200269
47.0317496, -123.4229965
47.0415875, -123.4207716
47.045602, -123.4173597
47.0460711, -123.4153936
47.0485356, -123.4055555
47.0921082, -123.4240036
47.09535020000001, -123.4234618
47.1029146, -123.4171683
47.1141821, -123.4211591
47.122505, -123.4213597
47.1309945, -123.4203458
47.1384959, -123.4202782
47.14991630000001, -123.4209332
47.1583126, -123.4203924
47.1673117, -123.4204752
47.1736739, -123.4175984
47.1895833, -123.4231918
47.1936386, -123.4164142
47.2040237, -123.4207438
47.2128562, -123.4220275
47.2197274, -123.4163957
47.2294548, -123.4188775
47.2408175, -123.41651
47.2483696, -123.41953
47.25462049999999, -123.41633
47.2677164, -123.4236319
47.27429799999999, -123.4176659
47.2845205, -123.4237389
47.2907057, -123.4139219
47.307464, -123.4105496
47.3105515, -123.4197046
47.3188834, -123.4174836
47.3297782, -123.4204322
47.3385841, -123.4197357
47.3468852, -123.4209689
47.3556436, -123.4174183
47.3647211, -123.4203181
47.3738006, -123.4195869
47.3840229, -123.4187059
47.3940345, -123.4214058
47.4008056, -123.4194235
47.4091262, -123.4173793
47.42006380000001, -123.4205287
47.4283399, -123.4206633
47.436272, -123.4188657
47.44183719999999, -123.4213562
47.4519093, -123.4217625
47.4629653, -123.4137598
47.4692039, -123.4068063
47.4852258, -123.4398296
47.4928088, -123.4039169
47.49337269999999, -123.4037721
47.5007258, -123.3946945
47.5075321, -123.3915509
47.98552549999999, -123.4192215
47.9855279, -123.4193246
47.98575899999999, -123.4202752
47.98848779999999, -123.4132067
47.99195049999999, -123.4069634
48.0249307, -123.4018653
48.0310709, -123.4188822
48.0311877, -123.4199605
48.0422782, -123.420853
48.0491669, -123.4195619
48.058069, -123.4199231
48.0659185, -123.4206938
48.0762462, -123.4205336
48.0850684, -123.4187584
48.0937065, -123.4210098
48.1035684, -123.4198172
48.1120235, -123.4198563
48.1171357, -123.4201983
48.1301453, -123.42009
48.1415708, -123.4256874
48.14172079999999, -123.426364
48.16809749999999, -123.3888891
48.1770131, -123.3901873
48.18592870000001, -123.391486
48.1948442, -123.3927851
48.2037598, -123.3940847
48.2126753, -123.3953847
48.2215908, -123.3966852
48.2306218, -123.398035
48.2395228, -123.3994427
48.2484237, -123.4008509
48.25614969999999, -123.4018912
48.2649449, -123.4016507
48.2739438, -123.4015006
48.2829428, -123.4013505
48.2919417, -123.4012003
48.3009406, -123.40105
48.3099395, -123.4008997
48.3189361, -123.4007483
48.327935, -123.4005956
48.3369339, -123.4004427
48.3459328, -123.4002898
48.35493169999999, -123.4001369
48.3639305, -123.3999839
48.3729294, -123.3998308
48.38192830000001, -123.3996777
48.3909272, -123.3995245
48.3999438, -123.3993883
48.4204591, -123.4144241
48.4270863, -123.4204688
48.4370425, -123.4198026
48.4452329, -123.4194836
48.4539492, -123.4198299
48.46404860000001, -123.420074
48.4721568, -123.4200794
48.4811222, -123.4207525
48.4903234, -123.4192096
48.49884429999999, -123.4201353
48.5079438, -123.4200961
48.5173992, -123.4198231
48.52663709999999, -123.4194632
48.5341614, -123.4213292
48.54523520000001, -123.4199888
48.5533306, -123.4199906
48.5623195, -123.4202486
48.5706214, -123.4199991
48.5797408, -123.4199948
48.5887164, -123.4200042
48.5980841, -123.4204139
48.6068809, -123.4199931
48.6163796, -123.419978
48.6251742, -123.4199927
48.6339956, -123.4206484
48.6430047, -123.4195752
48.653208, -123.4216949
48.6603058, -123.4193017
48.6703232, -123.4199516
48.6792547, -123.4201804
48.688053, -123.4200128
48.6952606, -123.4220223
48.7075322, -123.4212525
48.7096323, -123.420068
48.7242417, -123.4201773
48.7335711, -123.4178726
48.7407553, -123.42363
48.757346, -123.418056
48.7580973, -123.4194974
48.77225720000001, -123.4227735
48.776402, -123.421618
48.7872578, -123.4198703
48.7954923, -123.4204176
48.8064453, -123.4236237
48.8105024, -123.4267666
48.8260412, -123.4135384
48.8326755, -123.4167221
48.8412552, -123.4198312
48.8475168, -123.4230683
48.8496659, -123.4258314
48.857164, -123.4022723
48.88592329999999, -123.3965574
48.9075407, -123.4131368
48.9116431, -123.4213608
48.9236127, -123.4186784
48.9263957, -123.4258491
48.9295882, -123.4306482
48.93321359999999, -123.4391433
46.21506369999999, -123.3904173
46.22697429999999, -123.4040524
46.2308029, -123.4076522
46.2387877, -123.4125657
46.25123259999999, -123.4017429
46.25807589999999, -123.4062905
46.2674765, -123.4054725
46.2750431, -123.4073953
46.28204410000001, -123.4055873
46.2985619, -123.4067528
46.30103829999999, -123.4043804
46.3121008, -123.4064412
46.3190704, -123.4068547
46.324379, -123.3959055
46.3440613, -123.4139621
46.3479728, -123.4062068
46.356223, -123.3985816
46.3664068, -123.4092782
46.376489, -123.4095143
46.3839894, -123.4084797
46.3929439, -123.4078574
46.4029934, -123.4083384
46.4126357, -123.4087576
46.4202066, -123.4065995
46.4288692, -123.4061261
46.4375144, -123.4082334
46.4473995, -123.4059759
46.4566825, -123.4026982
46.4655961, -123.4068122
46.4739191, -123.4071945
46.4835427, -123.4067605
46.49382629999999, -123.4064666
46.4982829, -123.403023
46.50947420000001, -123.4061692
46.518434, -123.4061717
46.5243054, -123.4037042
46.5458823, -123.4023084
46.5467618, -123.4058216
46.5559963, -123.4084243
46.5640921, -123.4062965
46.5740018, -123.4057071
46.58423579999999, -123.4050679
46.5909971, -123.406114
46.6009672, -123.4069005
46.6109562, -123.4074219
46.619054, -123.4071713
46.62771, -123.4052962
46.6369973, -123.4064103
46.6449843, -123.4066895
46.6544568, -123.4087808
46.66316, -123.4061481
46.6706675, -123.4086013
46.6826234, -123.4094507
46.6898734, -123.4061806
46.6982264, -123.4060032
46.70902969999999, -123.4063929
46.7170879, -123.4062493
46.7258333, -123.4071198
46.7359195, -123.4072673
46.7438818, -123.4069213
46.7540991, -123.4065162
46.762807, -123.4056111
46.7706882, -123.4052261
46.7800349, -123.406409
46.7887883, -123.4056345
46.79660750000001, -123.4058189
46.8395027, -123.4134686
46.842907, -123.4063143
46.8489927, -123.4065197
46.85251760000001, -123.41496
46.8883318, -123.4144733
46.8891599, -123.4126831
46.8998031, -123.4096772
46.905021, -123.4047019
46.910981, -123.3981833
46.9310657, -123.4134403
46.9346973, -123.4059053
46.94236799999999, -123.4010084
46.9503342, -123.4066899
46.9585641, -123.406678
46.9674078, -123.4062558
46.97768120000001, -123.4065363
46.9886114, -123.4073966
46.99652700000001, -123.4063127
47.0049533, -123.4062637
47.01402849999999, -123.4057592
47.0225292, -123.4053343
47.0320529, -123.4068367
47.0418123, -123.4038673
47.0485556, -123.4054745
47.0491614, -123.4023007
47.0496936, -123.3991011
47.0863, -123.391085
47.0904286, -123.399354
47.0952306, -123.4062735
47.1045938, -123.4082937
47.112286, -123.405176
47.1211686, -123.4105339
47.1320823, -123.4119329
47.1400842, -123.4064652
47.1490737, -123.4061515
47.15807359999999, -123.4060699
47.1677082, -123.4061512
47.1767518, -123.4058587
47.1856968, -123.4063374
47.19419509999999, -123.4044525
47.2030505, -123.4077803
47.2124064, -123.4027422
47.2212429, -123.4045118
47.2300796, -123.4062795
47.238283, -123.4064008
47.2471496, -123.4060076
47.2589704, -123.4105907
47.2667632, -123.4075831
47.2763149, -123.4066591
47.2867488, -123.4060182
47.2937748, -123.4079214
47.2998796, -123.3992311
47.31054229999999, -123.4064144
47.3195115, -123.4050553
47.3291227, -123.406302
47.336588, -123.4057194
47.3465772, -123.4062459
47.3558381, -123.4063932
47.3637944, -123.4092246
47.3726207, -123.4069272
47.3835533, -123.4011346
47.3909544, -123.4071193
47.4006136, -123.4056242
47.4096705, -123.4066702
47.420144, -123.4077368
47.4283674, -123.4068521
47.436422, -123.4060595
47.4497996, -123.4062204
47.4498009, -123.4063786
47.4631385, -123.4054616
47.4695314, -123.4056813
47.4926592, -123.4037593
47.4926938, -123.4038488
47.4945304, -123.4013893
47.985556, -123.4188445
47.9855755, -123.4187358
47.9856287, -123.4185293
47.987238, -123.4146073
47.9896855, -123.409896
47.99200990000001, -123.4066164
47.9931546, -123.4006656
48.0218301, -123.395294
48.0299085, -123.4074725
48.04387819999999, -123.4181544
48.0496785, -123.4177825
48.0612272, -123.3970661
48.0662637, -123.4011931
48.076785, -123.4080496
48.0869901, -123.4062239
48.0947459, -123.406966
48.1030868, -123.4062787
48.111639, -123.4067684
48.11556299999999, -123.4071047
48.1353157, -123.4073832
48.1354091, -123.4059149
48.1354499, -123.4050095
48.1582995, -123.3874629
48.1672153, -123.3887607
48.176131, -123.3900589
48.1850467, -123.3913575
48.1939625, -123.3926566
48.2028781, -123.3939562
48.2117938, -123.3952562
48.2207095, -123.3965567
48.2296688, -123.3978843
48.2385699, -123.399292
48.2474711, -123.4007001
48.2560959, -123.4018908
48.2650448, -123.401649
48.2740437, -123.4014989
48.2830426, -123.4013488
48.2920415, -123.4011986
48.3010404, -123.4010484
48.3100393, -123.4008981
48.31903759999999, -123.4007466
48.32803639999999, -123.4005938
48.3370353, -123.400441
48.3460341, -123.4002881
48.355033, -123.4001352
48.36403190000001, -123.3999822
48.3730307, -123.3998291
48.3820296, -123.399676
48.3910284, -123.3995228
48.4000333, -123.3993869
48.4085675, -123.3991218
48.41871829999999, -123.4050443
48.4270724, -123.4062878
48.4365985, -123.4067172
48.4442418, -123.4071482
48.45395449999999, -123.406021
48.4636821, -123.4066159
48.4722599, -123.405808
48.48131739999999, -123.4072643
48.4900739, -123.4067228
48.4985204, -123.4041429
48.5083384, -123.4072931
48.5182414, -123.4069746
48.5260804, -123.4062109
48.5366064, -123.4049778
48.54205899999999, -123.4069761
48.5531472, -123.4034798
48.5621058, -123.4035312
48.5713272, -123.4051768
48.5801443, -123.4037785
48.5890665, -123.4036554
48.5971077, -123.4083353
48.6068109, -123.4062929
48.6160787, -123.4062874
48.6245529, -123.4078496
48.6343629, -123.4069161
48.6430354, -123.4060795
48.6520713, -123.4067049
48.6610772, -123.4063269
48.6676502, -123.4072081
48.6788806, -123.4059603
48.68796829999999, -123.4083446
48.6970185, -123.4060961
48.7060768, -123.4056998
48.7151356, -123.4049782
48.724097, -123.4058691
48.7330561, -123.4061694
48.7390766, -123.4013491
48.7593115, -123.4079003
48.7597818, -123.4080559
48.768853, -123.4053965
48.7781177, -123.4059082
48.7868828, -123.4065092
48.7929008, -123.4060181
48.811622, -123.3960706
48.8162469, -123.402901
48.8218077, -123.4090564
48.8303543, -123.4157451
48.844295, -123.4128158
48.8500641, -123.4062555
48.8583249, -123.3999359
48.9041556, -123.40616
48.9140801, -123.4067915
48.9188225, -123.4047348
48.9227737, -123.4168425
48.9246616, -123.4208835
46.2134145, -123.3899834
46.2221171, -123.3922762
46.2323656, -123.3928555
46.2400299, -123.3927243
46.2464244, -123.3923049
46.2581729, -123.3938331
46.2649898, -123.3915458
46.2747294, -123.3926376
46.28399350000001, -123.3966491
46.2976511, -123.3949293
46.2995897, -123.3893358
46.3094451, -123.3873082
46.3202729, -123.3929107
46.3266165, -123.3908629
46.3456537, -123.3951759
46.3476889, -123.3923551
46.359384, -123.3918409
46.3667375, -123.392238
46.3738997, -123.391035
46.3870835, -123.3921603
46.3924426, -123.3928348
46.4028793, -123.3935632
46.4113614, -123.3922791
46.4191997, -123.3912271
46.4282188, -123.3916121
46.4368809, -123.3919573
46.4471107, -123.3921964
46.4568923, -123.393454
46.4647058, -123.3927299
46.4747277, -123.3983894
46.4843817, -123.3927748
46.4916014, -123.3925187
46.5029046, -123.3927405
46.5101066, -123.3913656
46.5182834, -123.3922541
46.5280044, -123.3915997
46.5380373, -123.3905454
46.5443947, -123.3920424
46.5561429, -123.3977806
46.5644861, -123.3927055
46.5743651, -123.3904445
46.5815616, -123.3933607
46.591681, -123.3906345
46.5946834, -123.3963561
46.6093352, -123.3824276
46.6245503, -123.394383
46.6266738, -123.3918285
46.6350005, -123.393727
46.6451431, -123.392703
46.6541314, -123.3928181
46.6631617, -123.3925636
46.6721466, -123.39277
46.6815198, -123.3933421
46.6912675, -123.3923221
46.6993529, -123.3907326
46.7067908, -123.3915323
46.71710849999999, -123.3930594
46.7260262, -123.3909714
46.7352099, -123.3916193
46.7433026, -123.3939309
46.7532333, -123.3938777
46.7611238, -123.3939528
46.7674552, -123.3939743
46.7797972, -123.3919324
46.7872553, -123.3920564
46.7956789, -123.3962923
46.7967769, -123.3986966
46.83566380000001, -123.3755247
46.84265629999999, -123.3981644
46.84362429999999, -123.3965953
46.8464458, -123.3914153
46.8890834, -123.4127108
46.8923273, -123.4103849
46.9057914, -123.4028044
46.9114742, -123.3935913
46.9157362, -123.3909156
46.9218355, -123.3929924
46.9367545, -123.3983092
46.9394725, -123.3919189
46.9461081, -123.4002407
46.96179619999999, -123.3983194
46.9671095, -123.3990188
46.9779612, -123.3926773
46.9924997, -123.3837424
47.0002314, -123.3934437
47.005071, -123.3927215
47.01407589999999, -123.3894565
47.021544, -123.390322
47.0319061, -123.3910339
47.0412543, -123.3913085
47.0479668, -123.3931425
47.0496948, -123.3980117
47.0694696, -123.3748138
47.0952464, -123.3947013
47.1053477, -123.3941887
47.1112003, -123.3914164
47.1188223, -123.3935459
47.1369556, -123.3894407
47.1385669, -123.3926282
47.1482022, -123.391222
47.1597038, -123.3925904
47.167077, -123.3930526
47.1760487, -123.3932789
47.18503020000001, -123.3898822
47.1952039, -123.388471
47.2025868, -123.392813
47.2121011, -123.3905972
47.22107520000001, -123.3921606
47.23187739999999, -123.3898981
47.2396772, -123.3953427
47.2482058, -123.3927036
47.2569245, -123.3906029
47.27028869999999, -123.3963297
47.2748126, -123.3903095
47.288686, -123.3904694
47.2947807, -123.392763
47.3021255, -123.3903542
47.3111168, -123.3924878
47.3190034, -123.3924943
47.3291925, -123.3944348
47.33837390000001, -123.3927195
47.3477834, -123.3922927
47.3566213, -123.3933016
47.3649622, -123.3943628
47.3748855, -123.3922616
47.3821916, -123.3931213
47.392427, -123.3942073
47.4002163, -123.3925048
47.4093723, -123.3916225
47.4194462, -123.3927988
47.4299305, -123.3951847
47.4361527, -123.3935867
47.4472416, -123.3919116
47.4551123, -123.3928533
47.4640241, -123.3909208
47.4723256, -123.394329
47.4723975, -123.3945343
47.4927431, -123.3938073
47.5008785, -123.3933759
47.5181398, -123.3633981
47.5182335, -123.3632532
47.9856783, -123.4183882
47.9873497, -123.4143564
47.9928936, -123.3974999
47.9929239, -123.3973731
47.9949827, -123.3920345
47.9962514, -123.3885505
48.02025630000001, -123.3903054
48.022018, -123.3925767
48.0241291, -123.3983109
48.0296743, -123.4069794
48.0579652, -123.3873371
48.0600372, -123.3917777
48.0670833, -123.3921303
48.0760809, -123.3923338
48.0850792, -123.3925588
48.0939445, -123.3920465
48.1031875, -123.3939575
48.1118391, -123.3925797
48.1136327, -123.3890036
48.1360558, -123.3945284
48.1375517, -123.3903031
48.1485104, -123.3860322
48.15741870000001, -123.3873347
48.1663347, -123.3886325
48.1752505, -123.3899306
48.1841664, -123.3912293
48.1930823, -123.3925284
48.2019981, -123.3938279
48.210914, -123.3951279
48.21982980000001, -123.3964283
48.2287174, -123.3977339
48.2376187, -123.3991415
48.24652, -123.4005496
48.2560437, -123.4018903
48.26514640000001, -123.4016473
48.2741452, -123.4014972
48.2831441, -123.4013471
48.292143, -123.4011969
48.3011419, -123.4010467
48.3101408, -123.4008964
48.3191406, -123.4007449
48.3281394, -123.4005921
48.3371383, -123.4004392
48.3461371, -123.4002863
48.35513599999999, -123.4001334
48.3641348, -123.3999804
48.3731336, -123.3998273
48.3821325, -123.3996742
48.3911254, -123.3995213
48.4001245, -123.3993856
48.40953529999999, -123.3989649
48.4188161, -123.394756
48.4259809, -123.3949023
48.436263, -123.3926729
48.4450818, -123.3925749
48.45397879999999, -123.3928015
48.4630997, -123.392403
48.4719932, -123.3925519
48.4811018, -123.392609
48.490271, -123.3927796
48.4990667, -123.3926192
48.5077951, -123.3925301
48.5177468, -123.3851717
48.5249799, -123.3878615
48.5363335, -123.3925576
48.5443519, -123.3907693
48.5530744, -123.3926383
48.5615985, -123.3925814
48.57244540000001, -123.3925684
48.5801631, -123.3923541
48.5890151, -123.3924213
48.598217, -123.3925645
48.605868, -123.394735
48.613693, -123.40044
48.619138, -123.403946
48.6385842, -123.4028817
48.643051, -123.3966438
48.6505954, -123.3943512
48.6614721, -123.3939315
48.66762199999999, -123.39883
48.6755646, -123.397665
48.6907899, -123.3939588
48.6925372, -123.3889459
48.7074882, -123.3989735
48.7155851, -123.3948759
48.7236819, -123.390777
48.7362352, -123.3962477
48.7434494, -123.394323
48.75561099999999, -123.393893
48.7601547, -123.3913038
48.7692306, -123.3926247
48.782258, -123.4008972
48.7919938, -123.4039237
48.8085889, -123.3891062
48.8112714, -123.3953572
48.8175751, -123.4045763
48.8236335, -123.4109893
48.8486233, -123.4078941
48.8551525, -123.3901592
48.8583917, -123.3926553
48.8584393, -123.3936475
48.8801359, -123.3877121
48.885341, -123.3942506
48.8957079, -123.392105
48.908759, -123.3915381
48.9128057, -123.3929678
48.9149532, -123.3963865
48.9233205, -123.4178886
46.213066, -123.3788684
46.2220869, -123.3785647
46.2301298, -123.3776349
46.2396907, -123.379185
46.2487962, -123.3792308
46.2528654, -123.3753977
46.2685717, -123.376288
46.2760568, -123.3792191
46.2859866, -123.3723128
46.301368, -123.3817511
46.3028663, -123.3788465
46.3124584, -123.378731
46.31711019999999, -123.3832669
46.3259645, -123.3888781
46.3414432, -123.3695823
46.348122, -123.3787813
46.357318, -123.3781228
46.3669873, -123.3776896
46.3751348, -123.379133
46.38686089999999, -123.381443
46.3931098, -123.3792869
46.4009647, -123.3795065
46.410993, -123.3789506
46.4198823, -123.3806785
46.4276906, -123.3773209
46.4381466, -123.3788047
46.4476526, -123.3790505
46.4559559, -123.3786684
46.4653363, -123.3788547
46.4723778, -123.3806472
46.4824434, -123.3772588
46.4944948, -123.3785097
46.5014867, -123.3823979
46.5077661, -123.377741
46.520657, -123.380974
46.525855, -123.3811083
46.5370862, -123.3788663
46.5487493, -123.381417
46.5549492, -123.3789848
46.5667098, -123.3744969
46.5733295, -123.3822487
46.5785318, -123.3788145
46.5914733, -123.3793301
46.5953913, -123.3755205
46.6091799, -123.3782414
46.6183651, -123.3791089
46.62727520000001, -123.3790001
46.6365804, -123.3790994
46.6456505, -123.3807027
46.65508, -123.3794226
46.663611, -123.3785343
46.67217429999999, -123.3796352
46.68108280000001, -123.3785852
46.6910852, -123.3800163
46.6992525, -123.3770754
46.7079855, -123.3779599
46.7170935, -123.3788876
46.7261038, -123.3788212
46.7357246, -123.3793402
46.7463452, -123.376497
46.7501091, -123.3828592
46.7621935, -123.3788153
46.7714592, -123.3795886
46.7824619, -123.3772735
46.7894697, -123.3813539
46.7961104, -123.376645
46.7989428, -123.3703573
46.7989824, -123.3702493
46.835475, -123.375115
46.8433309, -123.3804231
46.8452405, -123.3842401
46.84579309999999, -123.3860286
46.8592859, -123.3498181
46.903584, -123.3656505
46.906507, -123.3687927
46.91673429999999, -123.3818663
46.9207217, -123.3785638
46.93346349999999, -123.3774387
46.9441967, -123.3828637
46.9510841, -123.3796438
46.95926, -123.3764854
46.9684258, -123.3795917
46.97598439999999, -123.3757851
46.98853210000001, -123.3762409
46.995496, -123.3805159
47.0053284, -123.38125
47.0143311, -123.3792291
47.023153, -123.3847046
47.0340837, -123.379288
47.0418606, -123.3783428
47.0498991, -123.3790832
47.0591849, -123.3711015
47.0689207, -123.3746312
47.07724959999999, -123.3725001
47.0868776, -123.3712557
47.0939361, -123.3692674
47.1045042, -123.3726941
47.1156258, -123.3806495
47.118942, -123.3750997
47.1298682, -123.3769649
47.1383759, -123.3792942
47.15141939999999, -123.3778573
47.1547938, -123.3781143
47.1680331, -123.3789211
47.1778222, -123.380393
47.1850818, -123.3773592
47.1940568, -123.3763774
47.2023515, -123.3777769
47.2117196, -123.3799052
47.220299, -123.3788546
47.2297, -123.3758163
47.2396252, -123.3799593
47.2475501, -123.3788557
47.2597454, -123.382488
47.2629301, -123.375591
47.2748134, -123.3788513
47.28083059999999, -123.3792028
47.29350119999999, -123.3779662
47.3033726, -123.3851627
47.3120774, -123.3854661
47.3189951, -123.3810417
47.3296515, -123.3789032
47.3380792, -123.3792796
47.3484354, -123.3784142
47.355594, -123.3785419
47.365149, -123.3786886
47.372673, -123.3776755
47.3827593, -123.3783376
47.3899212, -123.3821183
47.40293279999999, -123.3852278
47.4103153, -123.378843
47.4196916, -123.3789398
47.4285331, -123.3785523
47.4404593, -123.3751953
47.4467268, -123.3789819
47.4537938, -123.3792241
47.4609146, -123.3809436
47.4672282, -123.3720314
47.4979828, -123.3829512
47.5007803, -123.380883
47.5078015, -123.3761996
47.5121218, -123.3694107
47.5183028, -123.3629574
47.9872917, -123.4144743
47.9942129, -123.3927228
47.99610089999999, -123.3802784
47.99623159999999, -123.3796097
48.0050271, -123.3764766
48.014453, -123.3778623
48.0193968, -123.3837367
48.0334884, -123.372391
48.0385898, -123.370755
48.0511926, -123.3707126
48.0580977, -123.3786281
48.0683339, -123.3775283
48.0774537, -123.3788352
48.0829757, -123.3789473
48.0941347, -123.3780439
48.1030751, -123.3783732
48.1120805, -123.3791537
48.1141934, -123.3821356
48.1376511, -123.3901533
48.14074799999999, -123.3862326
48.1476163, -123.3858999
48.1565396, -123.3872068
48.16545560000001, -123.3885045
48.17437169999999, -123.3898026
48.1832877, -123.3911013
48.1922037, -123.3924003
48.2011197, -123.3936998
48.2100357, -123.3949998
48.2189517, -123.3963002
48.2278677, -123.3976011
48.2366691, -123.3989913
48.2455706, -123.4003994
48.2551813, -123.4018495
48.2652495, -123.4016456
48.2742484, -123.4014955
48.2832473, -123.4013454
48.29224610000001, -123.4011952
48.30124499999999, -123.401045
48.31024379999999, -123.4008947
48.3192452, -123.4007431
48.3282441, -123.4005903
48.3372429, -123.4004375
48.3462417, -123.4002846
48.3552405, -123.4001316
48.3642394, -123.3999786
48.3732382, -123.3998256
48.382237, -123.3996725
48.3912181, -123.3995199
48.4093262, -123.3718551
48.41144629999999, -123.3763577
48.4178258, -123.3791482
48.427273, -123.3788547
48.4364891, -123.3806853
48.4450723, -123.3794343
48.4536413, -123.378737
48.4628014, -123.3787773
48.4717582, -123.3790302
48.481255, -123.3781751
48.4888009, -123.379276
48.49907470000001, -123.3788536
48.5074321, -123.3783684
48.517046, -123.378457
48.5262022, -123.3788664
48.5350619, -123.3789498
48.5440882, -123.3763068
48.5521486, -123.3762536
48.56154890000001, -123.3788723
48.5717373, -123.377712
48.5789931, -123.3771306
48.5890445, -123.3785265
48.5911402, -123.3786628
48.5996593, -123.3898581
48.61247059999999, -123.399957
48.616076, -123.401625
48.6468129, -123.394095
48.6493811, -123.392795
48.6622525, -123.3934116
48.694311, -123.3838557
48.69627209999999, -123.3782271
48.7016226, -123.3676805
48.7183033, -123.3935
48.7275133, -123.3875235
48.73412039999999, -123.3814957
48.7444326, -123.3821137
48.7516178, -123.3795578
48.7579212, -123.3867182
48.7719264, -123.3794552
48.773502, -123.3768652
48.7854299, -123.3599091
48.8049756, -123.3767133
48.8051998, -123.378843
48.807143, -123.3857374
48.8098264, -123.3919898
48.8368644, -123.351289
48.8517669, -123.3737717
48.8525749, -123.3776812
48.8577368, -123.3790214
48.8577847, -123.3800161
48.8803187, -123.3814496
48.88668939999999, -123.3779335
48.895155, -123.3788463
48.9071844, -123.377563
48.9101185, -123.3802556
48.9134085, -123.3864241
46.2145926, -123.3649881
46.2222442, -123.365415
46.2304623, -123.3669078
46.2410516, -123.3647773
46.2486447, -123.3644659
46.258026, -123.3632834
46.267719, -123.3652213
46.27657869999999, -123.3661495
46.2849931, -123.3618951
46.2878549, -123.3705425
46.3034812, -123.3651071
46.3124269, -123.3681715
46.3299483, -123.3514781
46.34182999999999, -123.3647737
46.3481053, -123.3659118
46.3591902, -123.3676934
46.36792579999999, -123.3631704
46.3748263, -123.3621204
46.38257720000001, -123.3638337
46.3926871, -123.3655056
46.4002323, -123.3658967
46.41124569999999, -123.3649969
46.4207994, -123.3649638
46.4291912, -123.3653244
46.4395753, -123.3622556
46.4476567, -123.3645061
46.4560736, -123.3651776
46.463473, -123.364188
46.4738609, -123.365145
46.4815299, -123.3625935
46.4920595, -123.365163
46.501079, -123.3655912
46.5116541, -123.3659484
46.5192199, -123.3661194
46.5275602, -123.365483
46.5312068, -123.3654555
46.5459372, -123.3582713
46.5535276, -123.3644343
46.5616176, -123.3673432
46.57522059999999, -123.3732569
46.58068429999999, -123.3647446
46.5960007, -123.3692683
46.5988941, -123.3655971
46.608344, -123.3668059
46.6207827, -123.3691692
46.6281142, -123.3654624
46.6374385, -123.3665205
46.6469357, -123.3666265
46.6533873, -123.3667231
46.6632165, -123.362561
46.6726787, -123.3661064
46.6810987, -123.3646406
46.6900556, -123.365327
46.7006975, -123.364065
46.70825319999999, -123.3665612
46.7177909, -123.3656159
46.7216804, -123.3718173
46.7356547, -123.3656341
46.7457938, -123.3669591
46.7534575, -123.3635312
46.7622334, -123.3655
46.7718201, -123.3659962
46.7815725, -123.3650585
46.78906569999999, -123.3650369
46.7990625, -123.3649524
46.7991923, -123.3659821
46.7993199, -123.3678945
46.837104, -123.362192
46.837355, -123.363225
46.8399156, -123.3655231
46.839937, -123.365927
46.8596775, -123.3492435
46.8859287, -123.3388702
46.9004593, -123.3570151
46.9016033, -123.3601258
46.9072086, -123.3643071
46.9081661, -123.3656713
46.9253458, -123.3674022
46.9310086, -123.3632784
46.9414753, -123.3651326
46.9497294, -123.3650105
46.95928989999999, -123.3666006
46.9635661, -123.372268
46.979884, -123.3673448
46.9857321, -123.3661992
46.99251659999999, -123.3711047
47.00637829999999, -123.3632589
47.01305550000001, -123.3644115
47.0229165, -123.3649234
47.0337734, -123.3649153
47.0410743, -123.3637909
47.05022169999999, -123.3643585
47.0585122, -123.3628379
47.0665044, -123.3593849
47.07970419999999, -123.370794
47.0851198, -123.3704292
47.0966355, -123.3666555
47.1017734, -123.3644695
47.1108926, -123.3719171
47.1234226, -123.3662519
47.125661, -123.36069
47.1407864, -123.3638166
47.1528113, -123.3693731
47.1581789, -123.3648042
47.1662717, -123.3658493
47.1760333, -123.3610906
47.1821506, -123.3644537
47.1937039, -123.3657167
47.2023792, -123.3644522
47.2153852, -123.3657754
47.2215108, -123.367704
47.22997950000001, -123.3645806
47.2395241, -123.3649601
47.2479814, -123.3651122
47.2578149, -123.3701136
47.2653891, -123.3642325
47.2749445, -123.3624723
47.2823653, -123.3639817
47.2956793, -123.3679627
47.3023896, -123.3642938
47.3145843, -123.3648125
47.3192264, -123.364979
47.3284384, -123.3675975
47.3372683, -123.3660836
47.347226, -123.3653465
47.3589983, -123.3622793
47.3627857, -123.3667981
47.3766304, -123.3613123
47.3828423, -123.3653742
47.3916266, -123.3654715
47.4025662, -123.3644301
47.41122259999999, -123.3623523
47.4191549, -123.3651357
47.4258868, -123.3660442
47.4376255, -123.3649401
47.4441832, -123.3642897
47.4549938, -123.3651524
47.4655757, -123.365783
47.46604989999999, -123.363887
47.4672989, -123.3716237
47.4988457, -123.3766936
47.504541, -123.3711896
47.5086705, -123.3640649
47.5179881, -123.3634154
47.5183232, -123.3626978
47.99614039999999, -123.3799583
47.9961753, -123.3798061
47.9965942, -123.3783568
47.9966677, -123.3781831
47.9983808, -123.3753785
48.003124, -123.3730264
48.0126096, -123.3714402
48.0308742, -123.3684688
48.0310796, -123.3681477
48.0396115, -123.364117
48.0490801, -123.3651438
48.058091, -123.3659292
48.0647721, -123.3651567
48.0763868, -123.3661521
48.08507789999999, -123.3651516
48.0938328, -123.3651909
48.1030796, -123.3652485
48.1128355, -123.3651356
48.1135955, -123.3662487
48.1147986, -123.3569814
48.1426037, -123.385511
48.1467239, -123.3857678
48.155662, -123.3870791
48.1645782, -123.3883768
48.1734944, -123.3896749
48.1824106, -123.3909735
48.1913268, -123.3922725
48.200243, -123.393572
48.2091591, -123.394872
48.2180752, -123.3961724
48.22699129999999, -123.3974732
48.2357212, -123.3988414
48.24462279999999, -123.4002495
48.254085, -123.4017275
48.2653543, -123.4016439
48.2743532, -123.4014938
48.283352, -123.4013436
48.2923509, -123.4011934
48.3013497, -123.4010432
48.3103485, -123.4008929
48.3193515, -123.4007413
48.3283503, -123.4005885
48.3373491, -123.4004357
48.346348, -123.4002828
48.35534680000001, -123.4001298
48.3643456, -123.3999768
48.3733444, -123.3998238
48.3823432, -123.3996706
48.4031725, -123.3492236
48.4085215, -123.3637576
48.4086489, -123.3652927
48.4181274, -123.365696
48.4272485, -123.3651253
48.435967, -123.3656252
48.4449018, -123.3658948
48.4541803, -123.3652876
48.4628737, -123.3651679
48.4717268, -123.3657104
48.4806553, -123.3657242
48.4900464, -123.3653754
48.4990135, -123.3647506
48.5073527, -123.3658858
48.5167438, -123.3667336
48.5260654, -123.3659732
48.5353194, -123.3666581
48.5432238, -123.3654362
48.55437449999999, -123.3654715
48.5615046, -123.3687887
48.5724015, -123.3672958
48.5767694, -123.3690795
48.588915, -123.371948
48.595733, -123.3547567
48.6040575, -123.3518785
48.6960864, -123.3787602
48.6980465, -123.3731332
48.6991621, -123.3699301
48.70562349999999, -123.3640219
48.7122205, -123.3579879
48.7201664, -123.3522085
48.7394318, -123.3759331
48.7444308, -123.369152
48.7497693, -123.3625239
48.7598554, -123.364252
48.7689371, -123.3639712
48.7776538, -123.3615864
48.7866011, -123.3596743
48.7954468, -123.3579001
48.8037921, -123.3654783
48.8125346, -123.3515481
48.8213782, -123.3500276
48.8346399, -123.3503989
48.8430557, -123.3537667
48.8503981, -123.3651149
48.8570803, -123.3653882
48.8670699, -123.3516604
48.8772338, -123.3600368
48.8834556, -123.3657599
48.8953494, -123.3649045
48.9050058, -123.3672255
48.9078397, -123.367746
48.9078531, -123.3678088
46.21294959999999, -123.3503687
46.2203648, -123.3550036
46.2286826, -123.3579222
46.23964489999999, -123.3513303
46.251036, -123.3510923
46.2590403, -123.3526164
46.2679791, -123.3522483
46.2766797, -123.351908
46.2849412, -123.3509463
46.2899827, -123.3522177
46.3030791, -123.3543351
46.3121156, -123.3489346
46.3232824, -123.3455122
46.33006169999999, -123.3514036
46.3413164, -123.3531599
46.347629, -123.3526891
46.3580452, -123.3513961
46.3659636, -123.3525292
46.3748629, -123.3515177
46.3841469, -123.3516882
46.3929516, -123.3514218
46.4008962, -123.3512339
46.4121448, -123.3497082
46.4200684, -123.3516743
46.4300785, -123.3515708
46.4392718, -123.3503259
46.4462121, -123.3507184
46.4560769, -123.3514665
46.4639378, -123.3505269
46.4737662, -123.3533133
46.484766, -123.3509185
46.49043529999999, -123.3539496
46.4990827, -123.3513594
46.5108836, -123.3520944
46.5198881, -123.3503454
46.5254599, -123.3517682
46.5370444, -123.3508505
46.5439455, -123.3520243
46.5526223, -123.3502774
46.5674944, -123.3470317
46.5715902, -123.3496227
46.5816559, -123.3523136
46.5957486, -123.3505131
46.596494, -123.348945
46.6091789, -123.350582
46.617393, -123.3532745
46.626869, -123.3505708
46.6355532, -123.3513637
46.6449706, -123.3514624
46.6541063, -123.3514819
46.66364490000001, -123.3534729
46.67148590000001, -123.352046
46.6802238, -123.3529419
46.6893915, -123.3521207
46.6994458, -123.3511281
46.70710589999999, -123.3504233
46.7184621, -123.3531653
46.7241891, -123.3494375
46.734379, -123.3510804
46.7422722, -123.3503616
46.7535738, -123.3501143
46.7618438, -123.3513332
46.770366, -123.3516714
46.7804969, -123.352325
46.7894276, -123.3513668
46.7984964, -123.3513133
46.8012725, -123.3462297
46.8107608, -123.3377884
46.837151, -123.361093
46.838638, -123.354908
46.838662, -123.354966
46.8575153, -123.3472754
46.885783, -123.3387674
46.8957286, -123.34549
46.8986473, -123.3499495
46.9077422, -123.3518511
46.9139954, -123.3469492
46.92766719999999, -123.3393589
46.933456, -123.3614128
46.9425846, -123.3502474
46.9497777, -123.3560473
46.9600588, -123.3478576
46.9685929, -123.3478315
46.9775112, -123.3521268
46.9810016, -123.3585468
46.9987844, -123.3476082
47.006217, -123.349274
47.0141175, -123.3496726
47.0223298, -123.3506008
47.0320642, -123.3506827
47.0408052, -123.3518749
47.05384480000001, -123.3525363
47.0602528, -123.3502478
47.068206, -123.3511912
47.0772092, -123.3525494
47.0865525, -123.340909
47.0955997, -123.3534608
47.1055157, -123.3529575
47.11317, -123.3514998
47.12031899999999, -123.3519916
47.1326234, -123.3522884
47.1399601, -123.3512297
47.1472104, -123.3496408
47.1583817, -123.3513457
47.1653177, -123.3507502
47.1754578, -123.3526243
47.18771659999999, -123.3528351
47.192673, -123.355379
47.2029746, -123.3513651
47.2123296, -123.351929
47.2210501, -123.350586
47.227936, -123.3495256
47.2399461, -123.3538549
47.2455274, -123.3462904
47.2539931, -123.3497258
47.2660934, -123.3515746
47.2765537, -123.3528039
47.2877674, -123.3561589
47.2916764, -123.3487534
47.301564, -123.3471893
47.3127234, -123.3459895
47.3197966, -123.3510338
47.3288113, -123.3494821
47.3373362, -123.3505625
47.3459637, -123.353141
47.3586102, -123.3528365
47.3640948, -123.3519289
47.3742033, -123.3518851
47.3843085, -123.3506845
47.3913892, -123.3526323
47.402313, -123.3501053
47.4096716, -123.3513201
47.41940049999999, -123.3513099
47.4228665, -123.3544608
47.436422, -123.3521376
47.4451688, -123.3507547
47.4533756, -123.3526458
47.46510929999999, -123.3540584
47.4670679, -123.3532256
47.5048069, -123.3538039
47.5048425, -123.3534302
47.5092394, -123.3517886
47.51696219999999, -123.3515368
47.5174915, -123.3551337
47.5179196, -123.3580193
47.9967537, -123.3780335
47.9982937, -123.37547
48.0021738, -123.3731937
48.0029317, -123.3729831
48.0199666, -123.3438851
48.0210456, -123.344177
48.0373731, -123.3522421
48.0402705, -123.3510815
48.04904029999999, -123.3552181
48.0580334, -123.3554828
48.0667441, -123.3524791
48.07711339999999, -123.3494777
48.0849578, -123.3514474
48.0943424, -123.3512245
48.1036644, -123.3524444
48.1116976, -123.3509114
48.1170874, -123.3489707
48.1172541, -123.3477368
48.1172574, -123.3477109
48.145833, -123.385636
48.1547861, -123.3869516
48.1637024, -123.3882493
48.1726188, -123.3895474
48.1815351, -123.390846
48.19045149999999, -123.392145
48.1993678, -123.3934444
48.20828410000001, -123.3947444
48.2172004, -123.3960447
48.2261166, -123.3973456
48.2347748, -123.3986917
48.2436766, -123.4000998
48.2525784, -123.4015083
48.2654607, -123.4016421
48.27445960000001, -123.401492
48.2834584, -123.4013419
48.2924572, -123.4011917
48.301456, -123.4010414
48.3104549, -123.4008911
48.3194595, -123.4007395
48.3284582, -123.4005867
48.337457, -123.4004338
48.3464558, -123.4002809
48.35545459999999, -123.400128
48.3644534, -123.399975
48.4031629, -123.3490276
48.4031672, -123.3491162
48.4090856, -123.3515178
48.4181204, -123.3518412
48.42709139999999, -123.3514561
48.4363833, -123.351425
48.4449933, -123.3509802
48.454505, -123.3515323
48.4630822, -123.3516945
48.4718986, -123.3514079
48.4811414, -123.3530559
48.4909997, -123.3558512
48.5002352, -123.3539687
48.5065659, -123.3524217
48.5117906, -123.360018
48.5385435, -123.3653453
48.5429952, -123.3645768
48.55671700000001, -123.36548
48.5909761, -123.3495953
48.5910303, -123.3498893
48.5981712, -123.3509301
48.62483899999999, -123.3205891
48.70302909999999, -123.3663944
48.70962549999999, -123.3603616
48.71614779999999, -123.354997
48.72358819999999, -123.3498338
48.7330953, -123.3476824
48.7420949, -123.3477713
48.7510945, -123.3478602
48.7600336, -123.3513557
48.7662559, -123.3450484
48.7788213, -123.3585652
48.7876007, -123.3564535
48.79638, -123.3543412
48.80515930000001, -123.3522281
48.81404430000001, -123.351153
48.8228745, -123.3496396
48.8324169, -123.3495096
48.8408331, -123.3528772
48.84943939999999, -123.3515628
48.8588225, -123.3513625
48.8772032, -123.3509643
48.8861461, -123.3511962
48.8950776, -123.3496905
48.90284, -123.349415
48.9051375, -123.3584644
48.9066262, -123.3626686
48.9073873, -123.3656194
48.9077627, -123.367384
46.2139134, -123.3483446
46.2234656, -123.339551
46.2305139, -123.3364294
46.2398287, -123.3389707
46.2478095, -123.3417487
46.2577142, -123.3391394
46.266429, -123.3358727
46.2771217, -123.3381781
46.2839323, -123.3366814
46.2969987, -123.3384019
46.3033429, -123.3428503
46.3118652, -123.3385159
46.3227416, -123.3377659
46.3285673, -123.3391378
46.340523, -123.3386024
46.347499, -123.3308597
46.3573889, -123.3358656
46.3669951, -123.336564
46.3752587, -123.3364108
46.3836826, -123.3378921
46.3937209, -123.3406734
46.4016686, -123.3366428
46.4110763, -123.3377507
46.4210337, -123.3357918
46.4296648, -123.3360553
46.4380132, -123.337576
46.4460034, -123.338002
46.4567031, -123.3384483
46.4648017, -123.3377646
46.4746575, -123.3408839
46.4838764, -123.3370233
46.4920169, -123.3380355
46.5004528, -123.3343756
46.51194539999999, -123.3403093
46.5181789, -123.3370912
46.52563689999999, -123.339601
46.5365717, -123.3356934
46.5498561, -123.3386876
46.5511106, -123.3347586
46.5633341, -123.3371984
46.5729392, -123.3363487
46.582079, -123.3375729
46.5849687, -123.3410276
46.6012887, -123.3362371
46.6093038, -123.3383386
46.6179917, -123.3376973
46.6283979, -123.336913
46.6361083, -123.3389513
46.6450168, -123.337639
46.65407159999999, -123.3383419
46.6626394, -123.3377004
46.670946, -123.3335943
46.68075, -123.337752
46.6898287, -123.3377928
46.6985865, -123.3379109
46.70799239999999, -123.3362371
46.717088, -123.3384862
46.7257397, -123.337939
46.7360555, -123.3444822
46.7438836, -123.3375441
46.7528562, -123.3380222
46.7633397, -123.3419341
46.7709913, -123.3378182
46.7791973, -123.3386725
46.7893018, -123.3350029
46.799264, -123.333782
46.8070494, -123.3361972
46.8130354, -123.3358903
46.856003, -123.339516
46.8604953, -123.3372692
46.872988, -123.330741
46.8797591, -123.3321275
46.8881331, -123.3378418
46.89411639999999, -123.3403473
46.9058188, -123.3428438
46.9172828, -123.3401539
46.9214305, -123.337655
46.9322112, -123.3375134
46.9394265, -123.3378028
46.9541416, -123.3479226
46.9629108, -123.3324557
46.9687579, -123.3384583
46.97366969999999, -123.3422734
46.9851579, -123.3238234
46.9976293, -123.3430467
47.0053768, -123.3418189
47.01465590000001, -123.3362059
47.0231554, -123.3377586
47.0321642, -123.3379468
47.0408877, -123.3354592
47.048662, -123.3371254
47.0588024, -123.3385578
47.0707984, -123.3410806
47.07671759999999, -123.3362299
47.0864364, -123.3375997
47.0947658, -123.3376666
47.1052088, -123.3331457
47.1140561, -123.3377951
47.1222444, -123.3372416
47.1310972, -123.3378361
47.1403492, -123.3380897
47.1490879, -123.3377554
47.1581548, -123.3377442
47.16716030000001, -123.3381624
47.1768102, -123.3397796
47.1851119, -123.3398348
47.1953466, -123.339008
47.20021209999999, -123.3336704
47.2105506, -123.3386931
47.2201701, -123.338828
47.2299444, -123.3389974
47.23641929999999, -123.33944
47.2470193, -123.3372037
47.2575636, -123.3348913
47.26589999999999, -123.3378293
47.274904, -123.3358075
47.2847267, -123.3391672
47.2923553, -123.3374936
47.3023737, -123.3374817
47.31122209999999, -123.3365168
47.3192595, -123.3382602
47.3288498, -123.3400353
47.33885919999999, -123.3398906
47.3478575, -123.3381555
47.3590649, -123.3419441
47.3650093, -123.3380924
47.3731316, -123.3367593
47.3819332, -123.3379764
47.39235069999999, -123.3393739
47.4011642, -123.3378055
47.4098328, -123.3375395
47.4170455, -123.3370092
47.4282248, -123.3349202
47.4383647, -123.3372527
47.4470524, -123.3378521
47.4524651, -123.336233
47.4619769, -123.3379689
47.46226189999999, -123.3400627
47.46702680000001, -123.3530972
47.4950796, -123.3175328
47.5058569, -123.3275553
47.5129109, -123.3369941
47.5142898, -123.3361709
47.514309, -123.3359874
47.5169085, -123.3510106
48.00017620000001, -123.3195074
48.0039919, -123.3187325
48.0187801, -123.3372511
48.0229689, -123.3412937
48.0300562, -123.3390889
48.039433, -123.3388587
48.0490483, -123.3392796
48.0580722, -123.3379174
48.0670699, -123.3382738
48.0722985, -123.3378432
48.0880421, -123.3362752
48.0922209, -123.334335
48.1016228, -123.339289
48.1103835, -123.3405569
48.1159392, -123.3439434
48.11720589999999, -123.3471055
48.1172579, -123.3474086
48.15391169999999, -123.3868244
48.1628282, -123.388122
48.1717448, -123.3894201
48.1806613, -123.3907187
48.1895777, -123.3920177
48.1984942, -123.3933171
48.2074107, -123.394617
48.2163271, -123.3959174
48.2252435, -123.3972182
48.23383, -123.3985423
48.242732, -123.3999503
48.25163389999999, -123.4013589
48.2655688, -123.4016403
48.2745676, -123.4014902
48.2835664, -123.4013401
48.2925652, -123.4011899
48.301564, -123.4010396
48.3105628, -123.4008893
48.319569, -123.4007376
48.32856779999999, -123.4005848
48.3375665, -123.400432
48.34656529999999, -123.4002791
48.3555641, -123.4001261
48.403187, -123.3488945
48.4033244, -123.3487057
48.409707, -123.336298
48.41808, -123.3377246
48.4271675, -123.3378013
48.4361361, -123.3377519
48.4449729, -123.3376537
48.4542758, -123.3377469
48.46310709999999, -123.337731
48.4721009, -123.3375506
48.481097, -123.3375467
48.4900651, -123.3379301
48.49857540000001, -123.3387441
48.5026385, -123.3443648
48.50913, -123.355462
48.5390713, -123.3650697
48.59105230000001, -123.3491225
48.5911744, -123.3489975
48.5975803, -123.3391669
48.603624, -123.3431581
48.7004373, -123.3687643
48.7070331, -123.3627328
48.7134244, -123.3568865
48.71957159999999, -123.3526213
48.7267776, -123.34762
48.7330368, -123.3476818
48.7420364, -123.3477707
48.751036, -123.3478596
48.7625465, -123.3419775
48.7685532, -123.3363729
48.7782002, -123.3349894
48.7871605, -123.3358946
48.7961208, -123.3368002
48.80501080000001, -123.3383835
48.8143487, -123.336088
48.8230505, -123.33816
48.8320617, -123.3375037
48.8411977, -123.3382718
48.8500953, -123.3377371
48.8595216, -123.3376797
48.8677693, -123.3315241
48.8754205, -123.3318168
48.8862876, -123.3384923
48.894814, -123.3380266
48.8984496, -123.3401969
48.9036938, -123.3475371
46.221134, -123.3238252
46.2220835, -123.3240758
46.2308526, -123.3242044
46.24178, -123.3237442
46.2492159, -123.3242413
46.2586757, -123.3224534
46.2673256, -123.3243055
46.2752735, -123.3253351
46.28490530000001, -123.3214136
46.2944817, -123.323617
46.3023771, -123.3246553
46.313671, -123.3231944
46.3205079, -123.323558
46.33045449999999, -123.3235653
46.3388072, -123.3239234
46.3476002, -123.3216612
46.3572202, -123.3239046
46.3672921, -123.3248351
46.3734529, -123.323082
46.3845, -123.3245788
46.3921515, -123.3258696
46.402268, -123.3252467
46.4116076, -123.322992
46.4200384, -123.3242201
46.429789, -123.3233835
46.4380615, -123.3264243
46.4476874, -123.3234039
46.4574149, -123.3237035
46.4650919, -123.3240557
46.4741065, -123.3241931
46.48289159999999, -123.3245136
46.4926847, -123.3237004
46.5006604, -123.3240284
46.5132537, -123.3272988
46.5188245, -123.322879
46.5235838, -123.3220459
46.537409, -123.3240248
46.5458462, -123.3231813
46.5548502, -123.3241312
46.564359, -123.3240339
46.5733449, -123.3209376
46.5839708, -123.3223561
46.5918631, -123.3220753
46.5998165, -123.325585
46.6090491, -123.3247406
46.6192485, -123.3232937
46.62703, -123.3237556
46.63612, -123.3237974
46.6432708, -123.3244527
46.6534122, -123.3230834
46.6635013, -123.3246982
46.6723289, -123.32892
46.6812727, -123.327257
46.6899759, -123.3240545
46.6996274, -123.3220621
46.7088397, -123.3245914
46.7180457, -123.3242298
46.72444369999999, -123.3281851
46.734906, -123.3236335
46.748219, -123.323635
46.7532625, -123.3231481
46.7602529, -123.3288449
46.7717651, -123.3241135
46.7783623, -123.3234338
46.78855979999999, -123.3292894
46.7994095, -123.3227509
46.805299, -123.3237311
46.8547854, -123.3134994
46.8572303, -123.3217367
46.8605707, -123.324424
46.8700482, -123.3240543
46.876701, -123.330313
46.8838274, -123.3321452
46.9001658, -123.325565
46.9060964, -123.3240896
46.9150667, -123.3221693
46.92403789999999, -123.3220025
46.9330513, -123.3272837
46.942114, -123.3270865
46.9513342, -123.3229582
46.9597369, -123.3251672
46.97105, -123.3195844
46.9783897, -123.3228901
46.98636339999999, -123.3227121
47.000218, -123.325959
47.0061814, -123.3245904
47.0143619, -123.3242885
47.02228350000001, -123.3263918
47.0287289, -123.3194539
47.0413548, -123.3243744
47.050147, -123.3230926
47.0562325, -123.3296208
47.0741673, -123.3326169
47.0778732, -123.3298545
47.0852874, -123.3293349
47.0972395, -123.3257658
47.10406529999999, -123.3241577
47.1140404, -123.3275349
47.124443, -123.320029
47.1306254, -123.3282538
47.1378226, -123.3281073
47.1467731, -123.322801
47.158534, -123.3254816
47.1696549, -123.3258516
47.1754785, -123.3247384
47.1840708, -123.3201168
47.193925, -123.324163
47.2031368, -123.3241449
47.2110291, -123.3224055
47.2225989, -123.3217924
47.2353439, -123.3249786
47.2385579, -123.3243793
47.2489773, -123.3252414
47.2569333, -123.3239007
47.2638572, -123.3332727
47.2784122, -123.3239685
47.2865531, -123.3253982
47.2905601, -123.3200123
47.3019982, -123.3237453
47.3104921, -123.3219203
47.3204076, -123.3231145
47.3271044, -123.3280927
47.3342428, -123.33183
47.348451, -123.3190455
47.3563012, -123.3205537
47.3643445, -123.3213706
47.3736059, -123.3238981
47.3830667, -123.3232433
47.3919965, -123.3235189
47.40006, -123.3288955
47.4099887, -123.3241538
47.4185163, -123.3212511
47.42762370000001, -123.32584
