47.7729362, -120.96694
47.7746416, -120.9592014
47.7759326, -120.9528198
47.7777186, -120.9531029
47.7810871, -120.9419979
47.7816946, -120.9407579
47.7818104, -120.940341
47.8347317, -120.945307
47.8356177, -120.9494349
47.8405565, -120.952778
47.8526555, -120.9515248
47.85670959999999, -120.9539983
47.8644852, -120.9641933
47.8681543, -120.9673192
47.8693484, -120.9697657
47.871809, -120.9759211
47.9365444, -120.9218901
47.9368456, -120.9222953
47.9430771, -120.9286562
47.9505238, -120.9355922
47.9530896, -120.9380281
47.9622869, -120.9446674
47.9627849, -120.944866
48.7040765, -120.9503372
48.7040881, -120.9505633
48.70411499999999, -120.950817
48.7053152, -120.953702
48.7060238, -120.9564546
48.7061486, -120.9572748
48.7061916, -120.9577577
46.2123614, -120.9393517
46.2241849, -120.9402794
46.2250022, -120.9401652
46.2323899, -120.9237046
46.2553133, -120.942982
46.2563034, -120.9383626
46.2730286, -120.9398344
46.2737845, -120.9375937
46.2830968, -120.9409335
46.2929902, -120.9395053
46.2997549, -120.938085
46.3104234, -120.9431435
46.3236674, -120.9378024
46.32382639999999, -120.9385588
46.3637323, -120.9489737
46.3653302, -120.9443563
46.3665086, -120.9392233
46.3675674, -120.9352809
46.39711270000001, -120.9615651
46.4001416, -120.9615396
46.4180036, -120.9452679
46.42046999999999, -120.9394188
46.432769, -120.9422229
46.4377424, -120.9367756
46.4459409, -120.9344025
46.455549, -120.9391403
46.4653246, -120.9403333
46.4725781, -120.9344342
46.48239419999999, -120.9385613
46.4953685, -120.9438088
46.4995753, -120.9377087
46.5120093, -120.9265473
46.5129742, -120.9265367
46.5223752, -120.9185514
46.530655, -120.9166868
46.5531546, -120.9506695
46.55756179999999, -120.9458395
46.5664963, -120.9394731
46.5717702, -120.9377138
46.5817075, -120.938948
46.5907738, -120.9394305
46.5977705, -120.9370031
46.61054739999999, -120.9378874
46.6192869, -120.9389692
46.62778429999999, -120.9363684
46.635969, -120.9390686
46.65177389999999, -120.9349177
46.6533907, -120.9392034
46.664059, -120.940404
46.6658103, -120.935737
46.683049, -120.9401309
46.6866151, -120.9362359
46.699274, -120.9392107
46.7072994, -120.9384958
46.7162943, -120.9384567
46.7265819, -120.9397226
46.7348851, -120.9391611
46.7463478, -120.9338863
46.7509789, -120.940737
46.7593849, -120.9383062
46.7700476, -120.9389589
46.7784742, -120.93681
46.790699, -120.9306005
46.79925799999999, -120.9358213
46.8066159, -120.9391709
46.8173448, -120.9394304
46.8244982, -120.9404188
46.8338972, -120.9396153
46.840673, -120.9446653
46.8553524, -120.9306243
46.8605674, -120.9327124
46.8702123, -120.9385186
46.8836423, -120.9406938
46.8853108, -120.939137
46.9001278, -120.9399691
46.9054645, -120.9383983
46.9187014, -120.9400965
46.924012, -120.9397493
46.9322803, -120.9386315
46.9394325, -120.9392507
46.956851, -120.93999
46.9590812, -120.9377548
46.9702177, -120.9344684
46.9730972, -120.9327194
46.9906829, -120.9490329
47.0136875, -120.9361084
47.0143262, -120.9385105
47.0230891, -120.9394546
47.0313281, -120.9397013
47.0410608, -120.9390127
47.0521129, -120.9334688
47.0585528, -120.9383372
47.0683175, -120.9384464
47.0767132, -120.9407502
47.08406189999999, -120.9350372
47.0912429, -120.936088
47.1070269, -120.9397842
47.1131266, -120.9389793
47.1221371, -120.9369007
47.1313057, -120.9367791
47.14064430000001, -120.938188
47.1450206, -120.9419933
47.1564911, -120.9387154
47.1689508, -120.9369546
47.1753522, -120.9391506
47.1855702, -120.9382618
47.1939972, -120.9390942
47.2028898, -120.9391737
47.2100714, -120.9417132
47.22362409999999, -120.9381717
47.2288829, -120.9396363
47.2388777, -120.9387001
47.248334, -120.9310373
47.2641558, -120.9382254
47.26543960000001, -120.9394002
47.2748979, -120.9393863
47.2843172, -120.9391681
47.293267, -120.93482
47.3064051, -120.937187
47.31121170000001, -120.938271
47.3199702, -120.9388517
47.33200790000001, -120.933655
47.3421155, -120.9241555
47.3681206, -120.9155345
47.3994435, -120.9249962
47.400563, -120.926941
47.4043685, -120.9312127
47.4107012, -120.9348323
47.4195547, -120.9366223
47.4279688, -120.937837
47.4369561, -120.9372532
47.45423599999999, -120.9787879
47.4693303, -120.9911284
47.4730917, -120.9932698
47.6057365, -120.9228105
47.6079041, -120.9377429
47.60822109999999, -120.9389454
47.6130811, -120.9405126
47.6149833, -120.9456267
47.6150178, -120.9458652
47.6159522, -120.9521478
47.7708789, -120.9269237
47.7818159, -120.9382583
47.7819116, -120.9391782
47.7832126, -120.9304607
47.7834182, -120.9295298
47.8347426, -120.9452597
47.8347755, -120.9452327
47.8431291, -120.9374507
47.8503439, -120.9387284
47.8569183, -120.9361313
47.903044, -120.8937585
47.9362401, -120.9212997
47.93735400000001, -120.9227397
47.9435143, -120.9290085
47.9511769, -120.9361516
47.95898469999999, -120.9406213
48.67510129999999, -120.8797828
48.7046678, -120.9399813
48.704674, -120.9398238
48.7050569, -120.9381954
48.705457, -120.9368128
48.7054774, -120.9365923
46.2136174, -120.9250554
46.2219252, -120.9255348
46.230918, -120.9249422
46.2334713, -120.9215946
46.2552464, -120.9194773
46.2570381, -120.9251419
46.2570715, -120.9248124
46.2778261, -120.9278318
46.28490710000001, -120.9252345
46.300656, -120.9309777
46.3022818, -120.9283261
46.312046, -120.9253412
46.3198558, -120.9258223
46.32054979999999, -120.9272593
46.3237485, -120.9371561
46.35623820000001, -120.9086501
46.3655041, -120.9218601
46.3666413, -120.9248255
46.370222, -120.918047
46.3703026, -120.9175529
46.4198621, -120.9408542
46.4208222, -120.9387279
46.4250322, -120.9329258
46.4294101, -120.9257133
46.4334333, -120.9190222
46.448106, -120.9263785
46.4551329, -120.9255797
46.462156, -120.9239813
46.4733058, -120.9253852
46.4851198, -120.9271416
46.49293309999999, -120.9251424
46.4993527, -120.9243546
46.5105759, -120.9245512
46.51903, -120.9177369
46.5305, -120.9166341
46.5632315, -120.9266371
46.5633995, -120.9250896
46.5730444, -120.9255267
46.58133489999999, -120.9231619
46.5900309, -120.922096
46.5989509, -120.9239917
46.6078998, -120.9234347
46.6172422, -120.9258536
46.6259155, -120.9347862
46.6383594, -120.9278133
46.6411263, -120.9209478
46.65572969999999, -120.9255117
46.6664898, -120.9296212
46.6717362, -120.922951
46.6811659, -120.9253966
46.6896351, -120.9250133
46.7020564, -120.9275054
46.7098529, -120.9259508
46.7131675, -120.9228024
46.726433, -120.9259501
46.7351165, -120.9253891
46.7423014, -120.9278121
46.74761669999999, -120.934471
46.7630166, -120.9288401
46.771403, -120.9252111
46.7787508, -120.9244822
46.7877789, -120.9280826
46.8023501, -120.9218262
46.8076656, -120.9231116
46.8161089, -120.924995
46.8234408, -120.9310797
46.8303478, -120.9281999
46.84565629999999, -120.9224951
46.8523157, -120.9253199
46.8571692, -120.9269102
46.8682233, -120.9332749
46.8792342, -120.9219111
46.8866051, -120.9247893
46.8976634, -120.9230171
46.9066424, -120.923494
46.9098461, -120.9178125
46.9254551, -120.9221294
46.933409, -120.9248009
46.9426718, -120.9270604
46.9506303, -120.9248006
46.9593629, -120.922603
46.9678975, -120.9269892
46.9780673, -120.9254646
46.9848994, -120.9235136
46.9850356, -120.9228909
47.0118669, -120.9207285
47.0147969, -120.9227409
47.0214477, -120.9258009
47.0307079, -120.9284006
47.0408786, -120.927113
47.0490242, -120.9238415
47.0590544, -120.9253626
47.0713318, -120.9285595
47.0755326, -120.9252307
47.0872258, -120.9313202
47.0956059, -120.9241544
47.1041412, -120.925349
47.1131215, -120.925383
47.12230599999999, -120.9298332
47.1299477, -120.9252339
47.14007850000001, -120.9253951
47.1537648, -120.930282
47.15884130000001, -120.9264471
47.16644300000001, -120.922958
47.1751719, -120.9253822
47.184818, -120.9256335
47.194235, -120.9253202
47.203954, -120.9266654
47.2120937, -120.9253784
47.2210264, -120.9254349
47.2320818, -120.9281801
47.2377453, -120.9217279
47.2476314, -120.9268858
47.2586408, -120.9196955
47.2660168, -120.9254832
47.2760449, -120.9311831
47.28380980000001, -120.9254991
47.2906196, -120.9272133
47.3126359, -120.9371032
47.3206452, -120.9260236
47.3290027, -120.9254302
47.3663039, -120.9143111
47.3670211, -120.9151445
47.39084219999999, -120.909659
47.3963697, -120.9174195
47.4002774, -120.9265026
47.407994, -120.9336665
47.4183741, -120.936121
47.429958, -120.9366256
47.43663129999999, -120.9369957
47.6056544, -120.92205
47.6056816, -120.9224398
47.60675000000001, -120.9257878
47.6106213, -120.9297155
47.6107301, -120.9301645
47.6128361, -120.9391882
47.7710261, -120.9255949
47.7799651, -120.9241024
47.7835429, -120.9262791
47.7835957, -120.9269833
47.783601, -120.9270812
47.8306623, -120.905252
47.83603129999999, -120.9212756
47.8363695, -120.9228034
47.8440925, -120.9220571
47.8523205, -120.9239875
47.8545208, -120.9282877
47.8568187, -120.9358397
47.88725110000001, -120.8888008
47.9257718, -120.9051605
47.9326707, -120.913246
47.9363109, -120.9214848
47.9410089, -120.9254597
47.9475007, -120.9309089
47.9563383, -120.9378593
47.9608187, -120.9410189
47.9613737, -120.9419958
48.6660279, -120.8728406
48.6700367, -120.8764528
48.67454619999999, -120.8794464
48.67819309999999, -120.8815286
48.694571, -120.89667
48.70487929999999, -120.9315934
48.70501549999999, -120.9310551
48.7059436, -120.9253457
48.7060153, -120.9240539
48.7061151, -120.9225216
48.7065602, -120.9184682
46.209739, -120.9088635
46.2242463, -120.9126692
46.2303801, -120.9159795
46.23325879999999, -120.9182861
46.2519883, -120.9097766
46.2541636, -120.9151184
46.2648872, -120.8939445
46.2787543, -120.9272262
46.2882313, -120.9153422
46.29257639999999, -120.9095576
46.3029224, -120.9059354
46.3111198, -120.9119974
46.3197178, -120.9105688
46.3220174, -120.9057414
46.3471293, -120.8949553
46.3541903, -120.9043289
46.3571426, -120.9091177
46.36296859999999, -120.9136892
46.3703175, -120.9108211
46.3807286, -120.89463
46.42502169999999, -120.9329401
46.4305646, -120.9233723
46.4338476, -120.9183988
46.4369738, -120.9108059
46.4492383, -120.9134905
46.4550875, -120.9114179
46.4616299, -120.9113807
46.47505, -120.9115317
46.4838534, -120.9116298
46.4946937, -120.9095172
46.50147399999999, -120.9195627
46.512743, -120.9137264
46.5195224, -120.9104095
46.5278015, -120.9120165
46.5354233, -120.9055434
46.5407378, -120.8975174
46.5569459, -120.904308
46.5638448, -120.9118146
46.57111, -120.919732
46.5879626, -120.9145526
46.58940339999999, -120.9109704
46.59990519999999, -120.9194769
46.6092019, -120.91174
46.6172112, -120.9115702
46.61917440000001, -120.9043177
46.6376238, -120.9099414
46.6460837, -120.9129167
46.6515847, -120.9069823
46.6632053, -120.9117253
46.6754161, -120.9149186
46.6835634, -120.9155579
46.6903335, -120.9109523
46.694982, -120.9132657
46.7069452, -120.9106418
46.71318, -120.9227617
46.7245919, -120.9190951
46.7357013, -120.9117462
46.7403517, -120.9188667
46.7632516, -120.8992055
46.7663354, -120.9061198
46.7708823, -120.9119722
46.780131, -120.9116159
46.7870463, -120.915946
46.7980214, -120.9118956
46.80660959999999, -120.9114782
46.8177378, -120.9094963
46.82519689999999, -120.90563
46.83675419999999, -120.9086368
46.842819, -120.9127114
46.8521207, -120.9115759
46.8605013, -120.9149892
46.86941729999999, -120.9097053
46.8772923, -120.9125933
46.887792, -120.9115815
46.8958534, -120.9116781
46.9073472, -120.9092192
46.9150897, -120.912049
46.9238154, -120.9117722
46.9351822, -120.9101274
46.9426879, -120.9112951
46.95113509999999, -120.9113347
46.9556106, -120.9124013
46.9716713, -120.9094836
46.97774039999999, -120.9163977
46.9841817, -120.9204165
47.0028434, -120.9083956
47.0051502, -120.9113999
47.0175843, -120.913649
47.0229848, -120.9135231
47.031468, -120.914682
47.0447823, -120.9045378
47.0518185, -120.9102284
47.0605914, -120.9153754
47.067193, -120.9114612
47.0757377, -120.9098039
47.0865945, -120.903855
47.0970312, -120.9125234
47.10609969999999, -120.9116769
47.1126003, -120.9126708
47.1239296, -120.9089622
47.1311568, -120.9121349
47.137342, -120.908943
47.1521616, -120.9091792
47.15807359999999, -120.9107722
47.1681789, -120.910751
47.1749755, -120.9116926
47.1858194, -120.9113171
47.1940862, -120.91209
47.2029024, -120.911028
47.2101501, -120.9162803
47.2222623, -120.9109078
47.2231832, -120.9130157
47.2416704, -120.9188136
47.2496382, -120.913279
47.2599952, -120.909662
47.2629649, -120.9132467
47.2744145, -120.911324
47.284016, -120.914451
47.2937099, -120.9104071
47.3002909, -120.9097429
47.313477, -120.897956
47.324409, -120.9151292
47.3272406, -120.9100367
47.3417565, -120.9105626
47.3418669, -120.9116468
47.3550569, -120.904635
47.3651413, -120.9115997
47.372855, -120.9096673
47.3902028, -120.9085865
47.3922997, -120.9109057
47.3974546, -120.9184107
47.398894, -120.9217162
47.4316927, -120.9361428
47.4333764, -120.9361616
47.4368349, -120.9371571
47.6062157, -120.9159252
47.6062504, -120.9155872
47.6065637, -120.9125952
47.607121, -120.9111298
47.6103935, -120.9083162
47.6108451, -120.9061614
47.771845, -120.9165006
47.7719114, -120.9153546
47.7719697, -120.9143491
47.7721565, -120.9134794
47.77925159999999, -120.9116467
47.7817067, -120.9074399
47.7867718, -120.9005078
47.7880556, -120.8970944
47.8286493, -120.8997659
47.8305722, -120.9050972
47.8340422, -120.9115623
47.84191080000001, -120.9117268
47.8503828, -120.9125232
47.8534616, -120.908861
47.8534823, -120.9086711
47.8805772, -120.8884146
47.92346449999999, -120.901158
47.9319616, -120.9117091
47.9354464, -120.9181162
47.9409004, -120.9252852
47.9477025, -120.931162
47.9606272, -120.9408438
47.9610085, -120.9412833
48.0753819, -120.8528912
48.0792392, -120.8556659
48.0793004, -120.855684
48.0793589, -120.8556803
48.07943789999999, -120.8556423
48.079494, -120.8556009
48.4000048, -120.8552141
48.643081, -120.8539931
48.6470464, -120.8570641
48.6652269, -120.87185
48.6661722, -120.8729777
48.6703134, -120.8766644
48.6780501, -120.8814584
48.6891627, -120.8900808
48.6947677, -120.896896
48.7009138, -120.906264
48.7044229, -120.9130409
48.7061243, -120.915894
46.2159714, -120.8988654
46.2253353, -120.8994607
46.2305305, -120.8978771
46.2318151, -120.892669
46.2517381, -120.8987911
46.2589997, -120.8927768
46.2660912, -120.8935024
46.2690707, -120.8895431
46.2891304, -120.8964114
46.2915782, -120.8999112
46.3008654, -120.899032
46.3111062, -120.9043397
46.3209641, -120.8968246
46.3239667, -120.889401
46.3449238, -120.8904873
46.3487659, -120.8967792
46.3576797, -120.8976169
46.3652966, -120.8984062
46.3706959, -120.8988135
46.4307729, -120.9229908
46.4369363, -120.9109085
46.4385811, -120.9064422
46.4410597, -120.9012207
46.44395859999999, -120.8952765
46.45470539999999, -120.8979486
46.4663423, -120.8984825
46.4767447, -120.8980241
46.4767481, -120.8977705
46.4932543, -120.8979067
46.4994078, -120.8968048
46.5149081, -120.9076256
46.51942649999999, -120.8984125
46.5298081, -120.8978619
46.5372583, -120.8976732
46.54552409999999, -120.8938062
46.5549679, -120.8981533
46.5599095, -120.9057239
46.5830338, -120.8909457
46.5846384, -120.8933554
46.5909852, -120.8979516
46.59117759999999, -120.895768
46.6125966, -120.8988912
46.62032230000001, -120.8995062
46.6211989, -120.896253
46.6364823, -120.8980051
46.6479947, -120.8957828
46.65567310000001, -120.900078
46.6606139, -120.8936777
46.6717632, -120.8967463
46.6837405, -120.9013738
46.6897314, -120.8961548
46.6988727, -120.8987297
46.7095311, -120.8965554
46.7109217, -120.899289
46.7315449, -120.895169
46.7328868, -120.8985814
46.7362777, -120.9074824
46.7575073, -120.8901961
46.7634317, -120.8974497
46.7664286, -120.8994254
46.7814746, -120.900518
46.7825359, -120.9012586
46.7987324, -120.8976181
46.8006664, -120.8985403
46.8174813, -120.9090887
46.82615330000001, -120.8978847
46.8362281, -120.8982379
46.84283019999999, -120.8976935
46.8532162, -120.8983395
46.8598979, -120.9018639
46.8694114, -120.8996924
46.8781997, -120.8977235
46.886181, -120.8987498
46.8995653, -120.9047922
46.9107788, -120.9011363
46.9188264, -120.8969991
46.9209154, -120.9008806
46.93352729999999, -120.8978055
46.9372256, -120.9005094
46.9498658, -120.8987097
46.952965, -120.8980021
46.970704, -120.90122
46.9788315, -120.8966077
46.9815195, -120.8991983
46.9969543, -120.8946784
47.0081893, -120.8959371
47.0141323, -120.8974809
47.0228055, -120.9002891
47.0293486, -120.8970841
47.0410678, -120.8981039
47.0493135, -120.9017238
47.0632629, -120.9000206
47.0696221, -120.8988495
47.0810821, -120.9001988
47.0840012, -120.9009684
47.0918886, -120.9057139
47.1045412, -120.900725
47.1137373, -120.8977003
47.12441980000001, -120.8988719
47.1287153, -120.8982687
47.1412177, -120.8958121
47.1496442, -120.8985634
47.15755739999999, -120.8980639
47.1685581, -120.8959146
47.1769466, -120.8974343
47.1864316, -120.897061
47.1940617, -120.8996429
47.2029504, -120.8970133
47.212203, -120.8982692
47.221266, -120.8984724
47.2240768, -120.9000464
47.25349079999999, -120.9070789
47.25859149999999, -120.8979874
47.2659563, -120.8982397
47.2748859, -120.8975764
47.28517410000001, -120.8999861
47.2928311, -120.8992871
47.3016, -120.9025042
47.312417, -120.8964264
47.3185086, -120.9002579
47.326935, -120.9047349
47.341853, -120.902151
47.347468, -120.896068
47.3569298, -120.9036303
47.3627421, -120.9071027
47.3765626, -120.9010071
47.385443, -120.8964693
47.3885812, -120.9007955
47.4019475, -120.8840242
47.4055027, -120.8839115
47.6069428, -120.907512
47.6069836, -120.9071708
47.60748580000001, -120.905166
47.60984939999999, -120.8966753
47.6110689, -120.90052
47.6111015, -120.9007856
47.6111125, -120.9010442
47.6111133, -120.9010623
47.77246239999999, -120.9085469
47.77342, -120.9022174
47.7737529, -120.9012422
47.7812534, -120.8995444
47.7877607, -120.8976661
47.78904559999999, -120.8940488
47.7891729, -120.8932709
47.8270626, -120.8915383
47.8286307, -120.8994147
47.83402820000001, -120.897949
47.8425424, -120.8975513
47.8511232, -120.8979373
47.8524409, -120.9017413
47.8758408, -120.8863441
47.8804573, -120.8883585
47.8998698, -120.8910079
47.9150551, -120.8922458
47.9230725, -120.8980625
47.926132, -120.8987601
47.9318086, -120.9113435
47.9343697, -120.9152749
47.9472363, -120.9306467
47.9564196, -120.9379033
48.0381569, -120.8323935
48.0519993, -120.8359879
48.0699896, -120.8481191
48.0752815, -120.8528166
48.0794665, -120.8556254
48.0825226, -120.8527198
48.082532, -120.8527101
48.38043260000001, -120.8403246
48.39089269999999, -120.8463317
48.6300063, -120.8450007
48.6304793, -120.8453885
48.63714239999999, -120.850406
48.6469281, -120.8569943
48.64924509999999, -120.8579316
48.6658631, -120.8726538
48.6700359, -120.8764521
48.6748609, -120.879647
48.6817085, -120.8831152
48.6920255, -120.8931095
48.6969268, -120.8982404
48.6995394, -120.9023968
48.7022907, -120.9081203
48.70600719999999, -120.9155206
48.7060866, -120.9157492
46.2166694, -120.8855266
46.2171375, -120.882858
46.2329579, -120.8863784
46.2342083, -120.8831346
46.2479658, -120.8763325
46.2605276, -120.8792266
46.2702698, -120.8865478
46.2737082, -120.8795474
46.2893748, -120.8858517
46.2895657, -120.8839194
46.3040572, -120.8871721
46.3084606, -120.8797177
46.3179995, -120.885578
46.3274126, -120.8816565
46.34254500000001, -120.8843642
46.3435267, -120.8867889
46.35867469999999, -120.8826297
46.3658995, -120.8840649
46.3804811, -120.8838896
46.38049940000001, -120.884476
46.3805176, -120.8850624
46.3969804, -120.8593983
46.3970238, -120.8593661
46.4397305, -120.9037874
46.4422484, -120.8989303
46.4459715, -120.8868399
46.4464103, -120.884018
46.4567439, -120.8842847
46.4666562, -120.8807241
46.4767745, -120.8841764
46.4768173, -120.8851088
46.4899729, -120.8847444
46.50217689999999, -120.8847485
46.5025142, -120.8829789
46.5232518, -120.8883056
46.52808719999999, -120.8847401
46.5368441, -120.8845267
46.5453033, -120.8850981
46.5503777, -120.8902572
46.55510229999999, -120.8983078
46.5830663, -120.8904794
46.5850631, -120.8875891
46.5940867, -120.8853228
46.5943936, -120.8835138
46.6148795, -120.8767092
46.6190937, -120.8863771
46.6226827, -120.8792941
46.6406517, -120.8889116
46.6459649, -120.8878761
46.6538184, -120.8900702
46.6648702, -120.8853161
46.6703234, -120.8880046
46.6815747, -120.8846655
46.6917803, -120.8885291
46.6966878, -120.8811528
46.7088949, -120.8858358
46.7128201, -120.8826212
46.731277, -120.884341
46.7313663, -120.8832724
46.7491287, -120.8751902
46.7528797, -120.8844289
46.7648411, -120.885016
46.7675266, -120.8787373
46.78383789999999, -120.8732998
46.7948937, -120.8814109
46.7983042, -120.8841365
46.8128459, -120.879114
46.8147785, -120.8808414
46.82370359999999, -120.8865093
46.83408439999999, -120.8842531
46.8419205, -120.8807991
46.851367, -120.8830422
46.8615411, -120.8858307
46.8736318, -120.8854523
46.87787549999999, -120.8850662
46.885481, -120.895198
46.9117353, -120.8687187
46.9183609, -120.8847693
46.9189743, -120.8814812
46.937793, -120.8823977
46.9434824, -120.8821119
46.9508156, -120.8843485
46.9603253, -120.8830728
46.9707353, -120.8811394
46.9803575, -120.8849579
46.9843224, -120.8788605
46.99405700000001, -120.8861262
47.0056996, -120.8804535
47.0120482, -120.8858887
47.0240763, -120.8833467
47.0311141, -120.8790985
47.0368287, -120.8856454
47.0533878, -120.8768167
47.0596357, -120.882827
47.0670498, -120.8876646
47.0767821, -120.8832819
47.0886563, -120.8794799
47.1000733, -120.8820473
47.102597, -120.8795899
47.113834, -120.8840781
47.1229546, -120.8835207
47.1313867, -120.8848739
47.1401979, -120.884269
47.1481838, -120.883749
47.15916439999999, -120.8843584
47.1675826, -120.8835051
47.1771798, -120.8835766
47.1850814, -120.8836197
47.1931066, -120.8844173
47.2026828, -120.8840608
47.2168137, -120.8896061
47.2211059, -120.8843069
47.2219634, -120.8813842
47.251095, -120.8724739
47.2549031, -120.8796247
47.25717299999999, -120.8842375
47.2668767, -120.8826737
47.27561860000001, -120.8852466
47.2807502, -120.8876142
47.2948139, -120.8768103
47.3047089, -120.876573
47.31149200000001, -120.8846568
47.31555119999999, -120.8787915
47.3339819, -120.868775
47.3465221, -120.8813557
47.34703950000001, -120.8842563
47.352391, -120.875943
47.37100179999999, -120.8762439
47.3761026, -120.8799631
47.38211949999999, -120.8861633
47.3964477, -120.8795441
47.4011703, -120.8838131
47.527871, -120.820754
47.5280476, -120.8207277
47.6068978, -120.8857272
47.6069589, -120.8848009
47.6073588, -120.8832864
47.6089515, -120.8866292
47.6110246, -120.9003196
47.7754583, -120.8924594
47.7768373, -120.8886411
47.7777827, -120.8847386
47.7875001, -120.8841046
47.7910826, -120.8847062
47.8267927, -120.8868998
47.8270024, -120.8842382
47.832412, -120.8842622
47.84122499999999, -120.8843842
47.8491356, -120.8863638
47.875782, -120.8861576
47.8775194, -120.8859993
47.88664439999999, -120.8884519
47.8960237, -120.8843631
47.9046177, -120.8848004
47.9111164, -120.8892183
47.92541079999999, -120.8891025
47.92693269999999, -120.8905082
47.9269492, -120.8905462
47.9269566, -120.8905891
47.934284, -120.9151074
47.947385, -120.9307942
48.0179707, -120.8262133
48.018984, -120.8266878
48.0302632, -120.8292356
48.049762, -120.834896
48.0625927, -120.841515
48.0717108, -120.8496775
48.0792702, -120.8556771
48.0825382, -120.8526989
48.3797929, -120.8396749
48.3805531, -120.8403811
48.6183455, -120.8327528
48.6233898, -120.8393445
48.6237736, -120.8397569
48.6301511, -120.8451355
48.636621, -120.8500548
48.6472107, -120.8571363
48.66274989999999, -120.8686137
48.6711839, -120.8770167
48.678975, -120.8815846
48.6876138, -120.8867141
48.69121519999999, -120.8915653
48.697045, -120.8983933
48.6994014, -120.9020541
48.7022197, -120.9079432
48.705946, -120.9153787
46.2153952, -120.8703771
46.2154153, -120.8709913
46.2346695, -120.8704606
46.2406127, -120.8710719
46.2493088, -120.8679535
46.2570433, -120.8714467
46.2592249, -120.8755684
46.2779079, -120.8759695
46.283948, -120.8690702
46.2906325, -120.8710575
46.3075096, -120.8799438
46.3130993, -120.8709569
46.3213873, -120.8710261
46.3305778, -120.8728057
46.3399112, -120.8700489
46.340839, -120.8738856
46.3598004, -120.8729266
46.3693092, -120.8744498
46.372493, -120.8665941
46.3827347, -120.8696264
46.39311619999999, -120.8594382
46.40041739999999, -120.854126
46.43207930000001, -120.8541989
46.4321211, -120.8542292
46.4477026, -120.8708671
46.4477076, -120.8705572
46.457284, -120.87038
46.4617345, -120.8761992
46.4772319, -120.8723322
46.4873849, -120.8680116
46.4882058, -120.8716198
46.5042375, -120.8744712
46.50809, -120.8683318
46.5247722, -120.8685557
46.5284121, -120.87047
46.5378903, -120.8694606
46.5460901, -120.8633412
46.5513991, -120.8633581
46.5851518, -120.8552763
46.5903465, -120.8618438
46.5937895, -120.8683704
46.5998334, -120.8703716
46.6116032, -120.86783
46.6148961, -120.8706213
46.6284552, -120.8720439
46.6346373, -120.8681828
46.6390552, -120.8619547
46.6659751, -120.8785308
46.66762, -120.8711559
46.6676645, -120.8701583
46.6800065, -120.8657544
46.6899623, -120.8699267
46.7013249, -120.8728357
46.704533, -120.8664967
46.7146504, -120.8681852
46.7307077, -120.8705927
46.7307084, -120.8704814
46.7476686, -120.8701285
46.7501616, -120.8758456
46.7671565, -120.8791401
46.7814145, -120.8709872
46.7892821, -120.8702098
46.7959772, -120.878385
46.8107175, -120.8702524
46.8169479, -120.8698003
46.8259769, -120.8723661
46.8356408, -120.8732977
46.842403, -120.8673627
46.8505748, -120.8699014
46.8604606, -120.8693066
46.8725786, -120.8711402
46.8742633, -120.8756971
46.8766363, -120.8799768
46.9091219, -120.8640556
46.91013539999999, -120.8665384
46.91389849999999, -120.8678612
46.9199449, -120.8713591
46.9356197, -120.8638772
46.9415964, -120.8709696
46.9512242, -120.870329
46.9552893, -120.8736634
46.9704572, -120.8705646
46.9833788, -120.873907
46.9856878, -120.8695044
46.9976908, -120.8679868
47.0053883, -120.8658037
47.013734, -120.871251
47.023127, -120.8705122
47.0325901, -120.8710358
47.041825, -120.875413
47.0499728, -120.8708707
47.0590127, -120.8723876
47.06690829999999, -120.8678799
47.07653699999999, -120.8689487
47.0884758, -120.8715956
47.09564719999999, -120.8693618
47.1038092, -120.8701585
47.1136102, -120.8705597
47.1224909, -120.8703965
47.1300853, -120.8710307
47.14066039999999, -120.8706549
47.1497313, -120.873009
47.1582648, -120.8704355
47.1684089, -120.8696491
47.1765798, -120.8703277
47.187369, -120.8750773
47.1940907, -120.8638287
47.2038199, -120.8794902
47.2082906, -120.8647579
47.2219665, -120.8711699
47.2232108, -120.8695484
47.2499517, -120.8658185
47.25715779999999, -120.8725025
47.26960080000001, -120.871468
47.2760334, -120.8712388
47.2827151, -120.8686373
47.2935807, -120.8736389
47.305627, -120.87147
47.3062459, -120.869321
47.32002749999999, -120.8704245
47.3470683, -120.8706548
47.35514, -120.87359
47.36673140000001, -120.868306
47.3758488, -120.8743932
47.3825493, -120.8722686
47.3916062, -120.8724355
47.3976339, -120.8705355
47.528276, -120.820641
47.5358488, -120.8149568
47.6075125, -120.8711494
47.6077787, -120.870267
47.6107457, -120.8657862
47.6108178, -120.8653456
47.777597, -120.8830673
47.7776342, -120.8829321
47.77771449999999, -120.882771
47.7816667, -120.877296
47.78852699999999, -120.8705558
47.7912858, -120.8719522
47.7913219, -120.8722797
47.8275246, -120.8748338
47.8307351, -120.8716209
47.8441121, -120.872018
47.8496573, -120.864447
47.8649278, -120.8595295
47.8705165, -120.8675344
47.8780656, -120.8698511
47.8875393, -120.8692566
47.893883, -120.8737573
47.8995659, -120.8815148
47.9091538, -120.8878923
47.9254488, -120.8890729
47.9256323, -120.8891668
47.9928682, -120.8125547
48.0001675, -120.8166449
48.001666, -120.8173963
48.0178167, -120.8261211
48.0254606, -120.8280271
48.0521352, -120.8360272
48.0690269, -120.8471684
48.0752161, -120.8527548
48.3798392, -120.8397312
48.6107617, -120.8236494
48.6114246, -120.8244839
48.6184039, -120.832826
48.623446, -120.8394134
48.6242829, -120.840138
48.630739, -120.8455381
48.6379208, -120.8507751
48.65391289999999, -120.8590798
48.662674, -120.8684914
48.6681137, -120.8739445
48.6765376, -120.8805162
48.6841157, -120.8844016
48.688066, -120.8870948
48.6911727, -120.8914872
48.6993721, -120.9020001
48.7021078, -120.9077192
46.2153232, -120.8562566
46.2161021, -120.8598248
46.2319565, -120.8542888
46.2400995, -120.8568918
46.2459369, -120.8536439
46.2599518, -120.8599743
46.2666173, -120.8541096
46.2732318, -120.8512996
46.2883542, -120.8622783
46.2912743, -120.8536199
46.3125448, -120.8575639
46.3126117, -120.8569164
46.32731099999999, -120.8582589
46.3275095, -120.8562906
46.33896559999999, -120.8572135
46.3412387, -120.8535927
46.360206, -120.8584818
46.3615076, -120.8547701
46.3768635, -120.860646
46.3833928, -120.8561755
46.3930704, -120.8594379
46.4004614, -120.8539473
46.427421, -120.8471344
46.4334073, -120.852597
46.4478635, -120.8568336
46.4571559, -120.8600737
46.4644693, -120.8542192
46.4757422, -120.8548699
46.4869679, -120.8549562
46.487258, -120.8567005
46.5070472, -120.8538984
46.5082068, -120.8578533
46.5223767, -120.8547608
46.5283053, -120.8604969
46.5369042, -120.8595285
46.54282389999999, -120.8593328
46.5822728, -120.8492694
46.58471919999999, -120.8543231
46.589208, -120.859761
46.6013357, -120.8583816
46.6073417, -120.8589794
46.618195, -120.8569542
46.6297439, -120.8518772
46.6359757, -120.8542756
46.6437713, -120.8540642
46.6505593, -120.8469287
46.66925579999999, -120.8631968
46.6725925, -120.8580799
46.6783828, -120.8537156
46.6914771, -120.8693097
46.69963689999999, -120.8629715
46.7082322, -120.8570244
46.7170638, -120.8568259
46.7293459, -120.854034
46.7304148, -120.8581511
46.7473092, -120.8569236
46.7503414, -120.8595737
46.7719958, -120.8497326
46.7737054, -120.8532278
46.7778764, -120.8597847
46.7861239, -120.8666993
46.8025438, -120.8482959
46.80924359999999, -120.8556985
46.8145699, -120.8610265
46.8239624, -120.8581325
46.8351642, -120.8591352
46.841013, -120.8534976
46.852695, -120.8589515
46.8618867, -120.8574027
46.8675394, -120.8547613
46.87524, -120.855979
46.875373, -120.8547895
46.9011737, -120.8502806
46.9058046, -120.8555402
46.9151591, -120.8567933
46.92330700000001, -120.861501
46.9316154, -120.8579873
46.9407496, -120.8582245
46.9469179, -120.851415
46.9675163, -120.8592593
46.9682805, -120.8565578
46.97081319999999, -120.8625213
46.9879624, -120.8536915
46.9973492, -120.8568155
47.0059692, -120.8598994
47.0140781, -120.8565637
47.0233604, -120.8563799
47.0319691, -120.8568182
47.0399127, -120.861254
47.0520985, -120.8539617
47.0590359, -120.8562998
47.07155179999999, -120.858843
47.0769552, -120.8574654
47.0866335, -120.8587022
47.0950662, -120.8568345
47.1055662, -120.8528319
47.1125328, -120.8576778
47.1214603, -120.8589945
47.129847, -120.8586729
47.14032599999999, -120.8558298
47.1471771, -120.8574326
47.1580121, -120.8566914
47.1660954, -120.8540893
47.1760795, -120.8568978
47.1850791, -120.8568448
47.1940102, -120.8566807
47.2018673, -120.8526764
47.2127144, -120.8546949
47.2210827, -120.8572181
47.2313898, -120.8508194
47.2392386, -120.8522237
47.24872939999999, -120.856042
47.2519185, -120.8622683
47.27304290000001, -120.8641386
47.2765594, -120.8588394
47.2840188, -120.8559765
47.2928446, -120.8556226
47.3020887, -120.8567725
47.3110268, -120.8565382
47.3211691, -120.8578306
47.3294934, -120.8581127
47.33723149999999, -120.8596883
47.3450826, -120.8503064
47.3578003, -120.85362
47.3629986, -120.8599046
47.3649687, -120.8633054
47.38435279999999, -120.8447299
47.393424, -120.8477402
47.402869, -120.8598067
47.4042959, -120.857882
47.5359047, -120.8148856
47.5893069, -120.8115186
47.6068851, -120.8471996
47.6074006, -120.8491577
47.6104837, -120.8565113
47.6105545, -120.8576902
47.6106497, -120.8547384
47.6107075, -120.8598942
47.6107082, -120.8599107
47.6107244, -120.8602971
47.75992170000001, -120.8176774
47.7792962, -120.8414285
47.7821677, -120.8497909
47.7836829, -120.8541862
47.78769150000001, -120.8568706
47.7898417, -120.8624567
47.7903326, -120.864136
47.826994, -120.849881
47.8278449, -120.8531251
47.8288816, -120.857061
47.8377649, -120.8567624
47.8484619, -120.8606251
47.8623943, -120.8547784
47.870175, -120.8546253
47.8780888, -120.856789
47.88377819999999, -120.867515
47.8911334, -120.8713571
47.8948969, -120.875015
47.904347, -120.8845438
47.9255265, -120.88909
47.9267735, -120.8902843
47.9801526, -120.8058769
47.98742439999999, -120.8098667
47.9971284, -120.8147571
48.00149570000001, -120.8173397
48.0174478, -120.8258454
48.0254317, -120.8280197
48.0377084, -120.8321412
48.0520449, -120.8360028
48.0704494, -120.8485377
48.0775289, -120.8540589
48.0825404, -120.852686
48.2002929, -120.7898181
48.3797745, -120.8396125
48.38715029999999, -120.8426089
48.391878, -120.8470495
48.5875672, -120.8024445
48.5882169, -120.8030409
48.6115287, -120.8245898
48.61856270000001, -120.8330146
48.6236702, -120.8396578
48.63657389999999, -120.8500153
48.6437441, -120.8544203
48.6519973, -120.8582998
48.6587061, -120.8608965
48.6615696, -120.8652727
48.6722368, -120.8775256
48.6799031, -120.8817253
48.6878233, -120.8868465
48.6880674, -120.8870965
48.6968068, -120.8981105
48.756378, -120.7954488
48.7586156, -120.7947016
46.2151874, -120.8429436
46.2221059, -120.8414453
46.2306744, -120.8432372
46.2396143, -120.8436079
46.2489388, -120.8428246
46.2571609, -120.8391121
46.268882, -120.852836
46.2757941, -120.8429155
46.2785525, -120.8365641
46.2955681, -120.8439881
46.2962055, -120.8404595
46.3141671, -120.8459341
46.3209273, -120.8442887
46.3307909, -120.8442411
46.3389281, -120.8431088
46.3445463, -120.8409022
46.3637162, -120.8488983
46.366102, -120.843142
46.3694006, -120.836934
46.3834036, -120.8432694
46.39312839999999, -120.846575
46.40047140000001, -120.8431119
46.4059149, -120.8332039
46.4262897, -120.8431403
46.4262897, -120.8431138
46.43807839999999, -120.8440332
46.4474576, -120.8429403
46.4516741, -120.847226
46.4666612, -120.8508365
46.4766881, -120.8437384
46.4835737, -120.8427403
46.48599249999999, -120.8478181
46.5053963, -120.8423848
46.5065225, -120.84598
46.5224224, -120.8423769
46.5294329, -120.843099
46.5364521, -120.8434449
46.548026, -120.8407156
46.5496893, -120.8393104
46.5753564, -120.8334096
46.57805, -120.8402714
46.5805758, -120.8442155
46.592569, -120.844112
46.5979506, -120.8486176
46.60531169999999, -120.8536281
46.6227512, -120.8488175
46.62554799999999, -120.8430942
46.6360417, -120.8357027
46.648464, -120.848297
46.6544422, -120.8441744
46.6614041, -120.8390541
46.6801314, -120.8441278
46.6802474, -120.8429117
46.692761, -120.8341091
46.6956929, -120.8332584
46.7077838, -120.8429829
46.7216974, -120.8423111
46.7301867, -120.8414089
46.7306025, -120.8424223
46.744775, -120.8412907
46.750102, -120.8450205
46.7685307, -120.8392043
46.770044, -120.8438578
46.780158, -120.8428597
46.7879019, -120.8410974
46.7971407, -120.8432223
46.8044874, -120.8496193
46.8170041, -120.8419124
46.8259988, -120.8465273
46.8331203, -120.8419109
46.8432553, -120.8446984
46.84926900000001, -120.8396353
46.8601438, -120.8385781
46.8717216, -120.8430112
46.8718906, -120.8448856
46.89152439999999, -120.8361986
46.89793969999999, -120.8404072
46.9095008, -120.8402603
46.9166176, -120.8426043
46.9244114, -120.8430695
46.9332812, -120.842936
46.9412162, -120.8460166
46.9518991, -120.8418256
46.9635628, -120.8417001
46.9672686, -120.8451614
46.9851494, -120.8404015
46.9865392, -120.8433962
46.9942011, -120.8445909
47.00900009999999, -120.8366164
47.0139902, -120.8434181
47.0232036, -120.842998
47.0297971, -120.8428586
47.0415934, -120.8450141
47.0500794, -120.843124
47.05897830000001, -120.8430276
47.0681232, -120.8432021
47.0770602, -120.8431265
47.0857523, -120.844474
47.0951958, -120.8429841
47.10612589999999, -120.847997
47.1144459, -120.8441753
47.1178101, -120.8375748
47.1308047, -120.8430374
47.1400329, -120.8435553
47.147023, -120.8444115
47.1592056, -120.842465
47.1665004, -120.8413526
47.1749367, -120.843139
47.1857809, -120.8431244
47.193425, -120.8523441
47.2071432, -120.8427456
47.2076455, -120.8454079
47.221772, -120.8428764
47.23025639999999, -120.8429463
47.238178, -120.8450523
47.2453002, -120.8444962
47.25456459999999, -120.8372187
47.256775, -120.8320942
47.2793432, -120.8441594
47.2839497, -120.8430968
47.2914114, -120.8422284
47.2979186, -120.8442852
47.3103759, -120.8421472
47.3192225, -120.852292
47.3301781, -120.8441811
47.3384453, -120.8498312
47.3487696, -120.8461118
47.3582569, -120.843046
47.3640011, -120.8426829
47.3735268, -120.839153
47.3831181, -120.8430875
