47.3921523, -120.8440524
47.4006164, -120.8420975
47.40321549999999, -120.8388857
47.40330669999999, -120.838364
47.527871, -120.820754
47.528276, -120.820641
47.5358488, -120.8149568
47.5359047, -120.8148856
47.5797624, -120.8013237
47.5888219, -120.8110187
47.5898798, -120.8119573
47.6068851, -120.8471996
47.60840719999999, -120.8427897
47.6112191, -120.8460222
47.75992170000001, -120.8176774
47.7727482, -120.8286677
47.7750132, -120.8329707
47.7799363, -120.8421305
47.7851042, -120.8456313
47.7869251, -120.8503766
47.7874039, -120.8521869
47.826994, -120.849881
47.8368924, -120.841487
47.8408757, -120.8406704
47.8539764, -120.838125
47.858354, -120.8449808
47.8661357, -120.8487495
47.8778656, -120.8542949
47.8959787, -120.8222186
47.9254843, -120.8890727
47.9256323, -120.8891668
47.9748289, -120.8002881
47.9765774, -120.8021036
47.9800737, -120.8058279
47.987369, -120.809838
47.9932243, -120.8127438
48.00124839999999, -120.817221
48.0103149, -120.8197314
48.0178534, -120.8261442
48.0254008, -120.8280068
48.0328673, -120.8298255
48.0397792, -120.8321011
48.050315, -120.8350863
48.0595577, -120.8392052
48.06701049999999, -120.8434758
48.0748662, -120.8405091
48.080248, -120.845449
48.08269139999999, -120.8351131
48.2002929, -120.7898181
48.3797745, -120.8396125
48.3828859, -120.8402325
48.3903244, -120.8451785
48.3971226, -120.8482618
48.3989056, -120.8518169
48.4000048, -120.8552141
48.5753212, -120.7910104
48.5760266, -120.7915574
48.5875672, -120.8024445
48.5882169, -120.8030409
48.605169, -120.8152624
48.6107617, -120.8236494
48.6121337, -120.8250738
48.619124, -120.8335478
48.62563429999999, -120.8409301
48.6328264, -120.8466075
48.64062819999999, -120.8519852
48.6512726, -120.8582059
48.6566917, -120.8594191
48.6587998, -120.8610267
48.6614624, -120.8650621
48.6796948, -120.8816102
48.6847674, -120.884827
48.68791119999999, -120.8869211
48.7158741, -120.7858983
48.7249048, -120.7846862
48.756378, -120.7954488
48.7586156, -120.7947016
46.2154969, -120.8302074
46.224083, -120.8228787
46.2315261, -120.829375
46.23501659999999, -120.8271314
46.2536478, -120.8298002
46.2575488, -120.8292828
46.2669518, -120.829266
46.2793455, -120.8319002
46.2816181, -120.8279266
46.2986429, -120.8337887
46.3000105, -120.8296811
46.317118, -120.8421913
46.3185086, -120.842042
46.3381354, -120.8297588
46.338258, -120.8290774
46.3444981, -120.8290769
46.361361, -120.8173908
46.3705978, -120.8305617
46.3710369, -120.8280052
46.386323, -120.8277644
46.3930192, -120.8331565
46.4022512, -120.8331231
46.4124797, -120.8296842
46.4200843, -120.828159
46.4283523, -120.8307132
46.4435885, -120.8279632
46.447321, -120.8292124
46.4535408, -120.8320394
46.4692253, -120.8228514
46.4743948, -120.828695
46.4802009, -120.8344142
46.4814996, -120.8366969
46.507344, -120.8331978
46.50829359999999, -120.8294021
46.51943929999999, -120.8293358
46.5297326, -120.8294481
46.5403211, -120.82904
46.5450238, -120.8300252
46.5503545, -120.8267568
46.5643896, -120.8226106
46.57346680000001, -120.8289062
46.576103, -120.8350519
46.592569, -120.844112
46.5939231, -120.8453138
46.61724290000001, -120.8299463
46.6176076, -120.830135
46.6278447, -120.8345719
46.63611100000001, -120.835702
46.6381969, -120.8357782
46.6577733, -120.8413349
46.6635772, -120.82952
46.6648754, -120.8252588
46.6821895, -120.8304708
46.692761, -120.8341091
46.6978766, -120.8287143
46.708738, -120.8295266
46.71991269999999, -120.8311886
46.7278204, -120.8274475
46.7358021, -120.8281385
46.7392431, -120.833512
46.75714379999999, -120.825581
46.7617847, -120.8289155
46.7697215, -120.829209
46.7769254, -120.8345653
46.7893442, -120.8359557
46.7931195, -120.8356537
46.8084029, -120.8275849
46.8171549, -120.832205
46.8244147, -120.826933
46.8385119, -120.8319745
46.8399446, -120.8290169
46.852554, -120.828439
46.8608904, -120.8279676
46.8701211, -120.8294542
46.8806953, -120.826481
46.88879559999999, -120.83283
46.8930496, -120.8356104
46.90809, -120.832226
46.9147383, -120.8295611
46.9275792, -120.8266546
46.9295225, -120.831677
46.9511741, -120.8365899
46.952918, -120.8345999
46.9610834, -120.8279496
46.9696211, -120.8220937
46.9805181, -120.8273139
46.98424190000001, -120.832486
47.0036207, -120.8276587
47.0045517, -120.8304525
47.0082493, -120.8349241
47.0281438, -120.8262678
47.0297211, -120.8303706
47.043786, -120.832724
47.0529151, -120.8290052
47.0619829, -120.8251778
47.0691968, -120.8277127
47.08241710000001, -120.8295355
47.0863249, -120.8291443
47.0955647, -120.828673
47.104753, -120.8288212
47.1132064, -120.8289135
47.1202986, -120.8299806
47.1298926, -120.8297977
47.1402331, -120.8291051
47.148657, -120.829696
47.15849499999999, -120.8289136
47.16715929999999, -120.8293722
47.1762479, -120.8304202
47.1846535, -120.8289321
47.1891767, -120.8331313
47.20655319999999, -120.8282739
47.2123581, -120.8301558
47.2218812, -120.8319449
47.2326294, -120.8251034
47.2415068, -120.8273746
47.2479648, -120.8293834
47.256775, -120.8320942
47.2770023, -120.8283735
47.282233, -120.8315274
47.2914346, -120.828536
47.2974954, -120.8296176
47.3161956, -120.8318752
47.3193996, -120.8268623
47.3323702, -120.8325676
47.3348576, -120.8259234
47.353637, -120.836725
47.3578319, -120.8311507
47.3648625, -120.8377347
47.3757078, -120.8384102
47.3799317, -120.8397948
47.3926391, -120.8439687
47.5311587, -120.8171469
47.5385023, -120.8108116
47.57962740000001, -120.801196
47.5822424, -120.8034605
47.5893069, -120.8115186
47.5972502, -120.81733
47.6040862, -120.8272412
47.6063195, -120.8314506
47.6066053, -120.8324045
47.6106203, -120.8445193
47.6111844, -120.8458874
47.7792143, -120.8293141
47.7810211, -120.8347113
47.78336789999999, -120.8411154
47.8231696, -120.809976
47.82340079999999, -120.8102077
47.8237321, -120.8104169
47.8421685, -120.833438
47.8508212, -120.83136
47.85454499999999, -120.8388572
47.8639367, -120.8453182
47.8902338, -120.8174646
47.9647957, -120.7854058
47.9746878, -120.8000721
47.9797544, -120.8055141
47.981436, -120.8064877
47.9895267, -120.8107259
48.0000793, -120.8165828
48.0066905, -120.8177432
48.0165874, -120.8246946
48.0224439, -120.8259164
48.031078, -120.8294251
48.04027199999999, -120.8320182
48.0480163, -120.8336974
48.05519169999999, -120.8360425
48.0662557, -120.8400495
48.0772495, -120.8380438
48.3788207, -120.8246194
48.3788638, -120.8250474
48.3793184, -120.8283212
48.37945999999999, -120.8299221
48.3885611, -120.8423729
48.3941652, -120.8459125
48.3992192, -120.8526846
48.5476483, -120.7648747
48.56589289999999, -120.7799034
48.5750964, -120.7907488
48.5757215, -120.7913542
48.5874296, -120.8022604
48.59190659999999, -120.8034089
48.6060251, -120.8164202
48.6164488, -120.8288409
48.6214024, -120.8353311
48.6283094, -120.842652
48.6388904, -120.8512058
48.6444853, -120.854898
48.6559623, -120.858993
48.6582418, -120.860394
48.6588071, -120.8610375
48.7004859, -120.7859334
48.7094479, -120.7860931
48.7250423, -120.7846366
48.7597913, -120.7926916
48.7598237, -120.7926333
48.9285851, -120.7620358
46.2129298, -120.8159122
46.2227245, -120.8172081
46.2327498, -120.8139447
46.2341751, -120.8185023
46.2542222, -120.8191523
46.2571865, -120.8204728
46.2718734, -120.819959
46.2752236, -120.8154145
46.2819345, -120.81628
46.2984914, -120.8183519
46.30186560000001, -120.8142162
46.3128738, -120.8068382
46.3151385, -120.8059259
46.338767, -120.8236271
46.3411432, -120.8183706
46.3480319, -120.816633
46.3660813, -120.8173621
46.3751494, -120.8157093
46.3828632, -120.8230603
46.3987008, -120.8097378
46.40298380000001, -120.8122352
46.4088097, -120.8108016
46.4225372, -120.8157152
46.425866, -120.817657
46.4409838, -120.812848
46.448002, -120.8157037
46.4600337, -120.8105791
46.4645793, -120.8168207
46.4694115, -120.8230994
46.4850799, -120.8010511
46.4927334, -120.8028408
46.5056531, -120.8123503
46.5075535, -120.8174402
46.5194708, -120.8157095
46.5295353, -120.8157758
46.5395986, -120.8147752
46.54393109999999, -120.8155595
46.5583857, -120.81576
46.5640903, -120.816712
46.56780759999999, -120.8177224
46.573051, -120.8282738
46.6068758, -120.8034823
46.6092921, -120.808524
46.6106708, -120.8115072
46.6157811, -120.8131173
46.6352019, -120.8356495
46.6643779, -120.8211914
46.6658814, -120.8155479
46.6662185, -120.8166587
46.6881625, -120.820755
46.6899526, -120.8154519
46.6951746, -120.8135695
46.7088956, -120.8157704
46.7196209, -120.818225
46.7273196, -120.8144482
46.733462, -120.8191213
46.7472726, -120.8149797
46.75190689999999, -120.8165661
46.7611211, -120.8211724
46.7688299, -120.827035
46.7746226, -120.8328598
46.7949784, -120.8084072
46.7988623, -120.8131615
46.8028974, -120.8179818
46.8193375, -120.8293133
46.8290197, -120.8229422
46.8337926, -120.8152776
46.84454909999999, -120.8169714
46.855491, -120.820308
46.8593517, -120.8130227
46.870033, -120.8157149
46.8768716, -120.8164407
46.8805837, -120.8243393
46.90319909999999, -120.8049339
46.9111161, -120.8166142
46.9158743, -120.8125273
46.92291880000001, -120.8184965
46.9265945, -120.8233024
46.942891, -120.8004006
46.95327409999999, -120.815159
46.9583514, -120.8186283
46.9700082, -120.8151245
46.9772419, -120.8166962
46.9910737, -120.8087239
46.99628939999999, -120.8153069
47.0043935, -120.8100941
47.0194773, -120.8106597
47.02266179999999, -120.8165909
47.0334441, -120.8083099
47.0415516, -120.8151753
47.05074519999999, -120.8153973
47.0593631, -120.8156534
47.0671524, -120.8146277
47.0782685, -120.8187559
47.0865676, -120.8148083
47.0951351, -120.8156585
47.1034817, -120.8145254
47.11317690000001, -120.8157595
47.1209421, -120.8162578
47.1305985, -120.8158977
47.1405799, -120.8132828
47.1491875, -120.8153666
47.1548309, -120.8217163
47.16808229999999, -120.8149198
47.175763, -120.8192855
47.1845151, -120.8186441
47.1938325, -120.8155709
47.2011777, -120.8184043
47.21277449999999, -120.815173
47.2206907, -120.8155808
47.2278673, -120.8212959
47.23766639999999, -120.8179102
47.2462569, -120.8230134
47.2564777, -120.8027011
47.2778624, -120.8228256
47.2779705, -120.8226172
47.28396050000001, -120.8158625
47.2919045, -120.8164455
47.29866519999999, -120.8144089
47.3163107, -120.8180901
47.3192318, -120.8141035
47.32947180000001, -120.8159519
47.3396121, -120.8189544
47.3431361, -120.8114207
47.3613741, -120.8175962
47.3624863, -120.8136526
47.3637029, -120.8103721
47.3770259, -120.8382585
47.5293114, -120.8185953
47.5387158, -120.8103354
47.5400928, -120.8054844
47.5727443, -120.7912676
47.5860805, -120.8069987
47.5901922, -120.8119781
47.5987543, -120.8162263
47.6032841, -120.8220495
47.6035271, -120.8227471
47.6063738, -120.8315539
47.6065158, -120.8319727
47.7575996, -120.7964285
47.75987629999999, -120.8166293
47.7598876, -120.8163005
47.7612175, -120.81537
47.771399, -120.8140599
47.7757242, -120.8184199
47.7877028, -120.8084342
47.7879566, -120.8081101
47.8231198, -120.8097813
47.8413322, -120.8097313
47.8430087, -120.8145318
47.84409950000001, -120.8172274
47.8509474, -120.8314508
47.8788053, -120.80296
47.888807, -120.8141748
47.8943159, -120.8175059
47.8955849, -120.8206198
47.9451627, -120.7657871
47.9589192, -120.7793301
47.9648147, -120.7854276
47.974529, -120.7997627
47.9751467, -120.8006242
47.98742439999999, -120.8098667
47.99553239999999, -120.8137494
48.004254, -120.8165365
48.011967, -120.8204273
48.0217417, -120.8257239
48.0289937, -120.8287326
48.03604439999999, -120.830674
48.0461739, -120.8327906
48.0544084, -120.8355498
48.082304, -120.8353248
48.1975259, -120.7847113
48.19764499999999, -120.7849783
48.37894379999999, -120.8216843
48.3789981, -120.8209055
48.379096, -120.8195001
48.3791705, -120.8184311
48.3792353, -120.8177029
48.3798257, -120.8147821
48.3803183, -120.8120469
48.3969633, -120.8481153
48.5363694, -120.7561699
48.5468146, -120.7643493
48.54712010000001, -120.7646027
48.5654371, -120.7793416
48.56637740000001, -120.7803513
48.5751972, -120.7908743
48.57625480000001, -120.7916769
48.6013285, -120.8101698
48.6063467, -120.8168772
48.6138418, -120.8259121
48.6164941, -120.8289076
48.6214567, -120.8354084
48.6326857, -120.8464917
48.64075769999999, -120.8520685
48.6557624, -120.8589252
48.657927, -120.860152
48.70699159999999, -120.7857815
46.2129254, -120.8020661
46.2261956, -120.7965326
46.2297395, -120.8011935
46.2406419, -120.7981513
46.2501576, -120.7994167
46.2546652, -120.7976212
46.2758321, -120.8046294
46.2763364, -120.8021385
46.28451, -120.8011921
46.2864107, -120.7979587
46.3069227, -120.8071575
46.3106423, -120.8047708
46.3190341, -120.7994165
46.3228702, -120.7930071
46.346171, -120.8020472
46.3461712, -120.8019895
46.3561683, -120.8014353
46.3665979, -120.7953155
46.3752375, -120.8020061
46.38411019999999, -120.7963528
46.39429630000001, -120.8007516
46.4011347, -120.8078932
46.410949, -120.8021755
46.4200661, -120.8071019
46.4293912, -120.8016627
46.4395899, -120.801546
46.447972, -120.8020058
46.4551173, -120.805494
46.4651433, -120.7974954
46.4744323, -120.7986174
46.48316819999999, -120.800534
46.4919962, -120.8025413
46.5007234, -120.804393
46.5042112, -120.805522
46.51780249999999, -120.8020053
46.5275779, -120.8017678
46.5293617, -120.799985
46.5512362, -120.8019652
46.55610679999999, -120.8017036
46.5631349, -120.8016613
46.572321, -120.7929078
46.5811055, -120.7913631
46.5956992, -120.7868357
46.60594409999999, -120.8002069
46.6075398, -120.8046097
46.6147008, -120.811189
46.6636141, -120.8032656
46.6637908, -120.8024734
46.6646744, -120.8054415
46.6854066, -120.791494
46.69553519999999, -120.8012437
46.6956162, -120.8024828
46.71118389999999, -120.802115
46.7174607, -120.8032652
46.7243652, -120.8006803
46.7318605, -120.7993436
46.74650140000001, -120.8013909
46.7491488, -120.8032666
46.7495979, -120.8062523
46.7647507, -120.8230743
46.7892571, -120.7956796
46.7913753, -120.7989198
46.79393839999999, -120.8058571
46.7995961, -120.8138242
46.8028743, -120.8179268
46.83622520000001, -120.8069456
46.8368003, -120.8055165
46.84170650000001, -120.7996385
46.8493618, -120.801491
46.8636366, -120.8046438
46.8711803, -120.8024459
46.8787128, -120.7997292
46.8903318, -120.7964439
46.8994765, -120.7992423
46.905236, -120.8044835
46.9142814, -120.7986297
46.9178355, -120.7963566
46.9403442, -120.7952241
46.9426359, -120.8002858
46.9522791, -120.800164
46.9613193, -120.7982716
46.96772499999999, -120.804082
46.9772368, -120.804271
46.9863259, -120.8042369
46.9987159, -120.7968694
47.0050442, -120.8021463
47.0145036, -120.8052754
47.0231348, -120.801704
47.0308749, -120.8076196
47.0372294, -120.8028666
47.0491372, -120.802132
47.0599742, -120.8026646
47.06835660000001, -120.802386
47.0713831, -120.8002773
47.0880834, -120.8016304
47.09709429999999, -120.8005466
47.1045544, -120.8049183
47.113457, -120.8020023
47.1221196, -120.8017851
47.130725, -120.8019446
47.1398991, -120.8018393
47.1490352, -120.8020966
47.156732, -120.8018283
47.1671297, -120.8027374
47.173098, -120.7996807
47.1842963, -120.8010632
47.1937179, -120.8019171
47.2035172, -120.8019942
47.2108109, -120.7985829
47.2166382, -120.8036856
47.2292959, -120.8009393
47.23953340000001, -120.8034425
47.2478646, -120.8013821
47.2569215, -120.8020103
47.2632497, -120.7906262
47.2787504, -120.8008827
47.2805656, -120.8001081
47.289871, -120.8035744
47.300281, -120.804962
47.31848189999999, -120.812551
47.3231045, -120.8081815
47.3262855, -120.8026646
47.3437445, -120.8073602
47.3465216, -120.8013483
47.3645271, -120.8069151
47.3661149, -120.8030049
47.36764729999999, -120.7990076
47.3684069, -120.7949523
47.3828743, -120.7748045
47.5327653, -120.8148995
47.5404344, -120.8020185
47.5424006, -120.7984236
47.54712259999999, -120.7907554
47.56847130000001, -120.7867379
47.5785272, -120.798867
47.5810961, -120.8018864
47.5869045, -120.8077924
47.598049, -120.8158107
47.5989491, -120.816495
47.60345239999999, -120.8224308
47.6657298, -120.7364171
47.6670477, -120.7363899
47.69649510000001, -120.7452968
47.6973633, -120.7457277
47.69816669999999, -120.7458589
47.6995333, -120.7455911
47.708424, -120.7425171
47.75793849999999, -120.7977093
47.7597445, -120.802085
47.7699776, -120.8021604
47.7813632, -120.7936218
47.788908, -120.804375
47.7910787, -120.8007145
47.8183067, -120.7910363
47.8205122, -120.799273
47.8233068, -120.8025654
47.83678889999999, -120.7999951
47.8398226, -120.8038096
47.8418704, -120.8095081
47.8742261, -120.7921638
47.8763234, -120.7980363
47.8782794, -120.8018178
47.8868301, -120.8022938
47.8903276, -120.8084685
47.8931269, -120.8150764
47.8951333, -120.8191587
47.8954884, -120.820296
47.9450126, -120.7656901
47.9559321, -120.7750887
47.959164, -120.7795582
47.9648338, -120.7854434
47.9738544, -120.7979704
47.9770755, -120.8022964
47.9839162, -120.8071727
47.9916606, -120.8110474
48.00457410000001, -120.8164275
48.00883169999999, -120.8185906
48.0142812, -120.8216295
48.0266503, -120.8275193
48.0352888, -120.8302292
48.0460678, -120.8327521
48.05432769999999, -120.8355176
48.1966022, -120.7820663
48.1973389, -120.7841858
48.376242, -120.7895984
48.3774831, -120.7951111
48.3789176, -120.8005219
48.379216, -120.8027235
48.3802704, -120.8075228
48.3803077, -120.8076967
48.3803213, -120.8078069
48.5354387, -120.7551234
48.5363122, -120.7561152
48.5375811, -120.7569262
48.5542901, -120.7681579
48.5654946, -120.7794137
48.5742281, -120.7894073
48.57543099999999, -120.7911106
48.58300149999999, -120.7969406
48.5889639, -120.8024412
48.59679380000001, -120.8051331
48.6018655, -120.8108902
48.606565, -120.8171901
48.61463699999999, -120.8264905
48.6279337, -120.8422992
48.6403523, -120.8518212
48.7277356, -120.7832503
48.840317, -120.7366412
48.9277192, -120.7609399
46.2136925, -120.7848593
46.22119199999999, -120.7892934
46.2297343, -120.7883117
46.2382628, -120.7953629
46.2509155, -120.7887894
46.25616100000001, -120.793071
46.2793917, -120.7900445
46.2876706, -120.7890649
46.2888142, -120.7859233
46.3129856, -120.7877695
46.3129861, -120.7883498
46.3212839, -120.7882164
46.3307669, -120.7875587
46.3438187, -120.7912528
46.3462198, -120.7882785
46.3606477, -120.791292
46.3662338, -120.7882948
46.3753242, -120.7882965
46.38619689999999, -120.787167
46.38978059999999, -120.788315
46.4055723, -120.787104
46.4086922, -120.7917089
46.4276151, -120.7923087
46.42869839999999, -120.7880983
46.4405472, -120.7882789
46.4471677, -120.7894971
46.45324100000001, -120.7884896
46.4622564, -120.788414
46.4730998, -120.7983204
46.4814118, -120.8001592
46.5014194, -120.7854524
46.5024009, -120.7878538
46.5026325, -120.7896254
46.5232404, -120.7932571
46.5290445, -120.7901638
46.5384498, -120.7836758
46.5499927, -120.7906245
46.55658589999999, -120.7882895
46.5619544, -120.7882605
46.5732313, -120.7922952
46.5940793, -120.7842675
46.6000306, -120.7883621
46.6056152, -120.7932002
46.6062494, -120.794529
46.6148605, -120.8113349
46.6630313, -120.7804988
46.66399029999999, -120.7872048
46.6641081, -120.7879492
46.6644495, -120.7901658
46.6819777, -120.7865672
46.6862018, -120.7863046
46.6949253, -120.7886957
46.71022079999999, -120.7895834
46.7150329, -120.7883376
46.7266741, -120.7887823
46.7363693, -120.7914288
46.74409379999999, -120.7889623
46.7496831, -120.7863892
46.7881811, -120.785975
46.7881908, -120.7860755
46.7890285, -120.7883186
46.7894066, -120.7915512
46.7925218, -120.8010042
46.8365804, -120.8059822
46.8381526, -120.8030839
46.8438194, -120.784252
46.852452, -120.7883766
46.8675133, -120.7933329
46.8696603, -120.7884444
46.8804081, -120.7834657
46.8874615, -120.7888369
46.89974040000001, -120.7924157
46.904961, -120.7911004
46.9167295, -120.7969457
46.934003, -120.7871095
46.9408588, -120.7889577
46.9504212, -120.7866535
46.9592384, -120.7882406
46.9680601, -120.7903728
46.96872399999999, -120.7915916
46.9944922, -120.7932222
47.0057951, -120.7856821
47.0136607, -120.7900155
47.019754, -120.7955221
47.034627, -120.794533
47.0436288, -120.7841189
47.047089, -120.7891656
47.0573846, -120.7887937
47.0680782, -120.7882935
47.0739497, -120.7864987
47.0865364, -120.7881407
47.097293, -120.794725
47.10535480000001, -120.7939767
47.1134795, -120.7880327
47.1220061, -120.7875154
47.1333406, -120.7850516
47.1385701, -120.7916275
47.1531302, -120.7883941
47.159627, -120.7866216
47.16232489999999, -120.7916409
47.17953989999999, -120.7930581
47.1836421, -120.7890425
47.1951772, -120.788555
47.199372, -120.7883826
47.2129123, -120.7939515
47.2214086, -120.7889089
47.2268076, -120.7921333
47.2311509, -120.7966614
47.2475579, -120.7996399
47.25896170000001, -120.7849831
47.2646662, -120.7887531
47.2783718, -120.789303
47.283031, -120.7891384
47.2930824, -120.7879234
47.2972905, -120.7885559
47.31253160000001, -120.780216
47.326158, -120.801495
47.3467953, -120.788439
47.3467964, -120.7882903
47.3474205, -120.7862853
47.3685391, -120.7892746
47.37046369999999, -120.7823711
47.3802549, -120.7766331
47.38474249999999, -120.7730886
47.3852439, -120.7723281
47.4075995, -120.749851
47.4077065, -120.7497962
47.5326661, -120.8149967
47.5406214, -120.8013019
47.543023, -120.7963345
47.54664229999999, -120.7910822
47.5534218, -120.7833895
47.5626934, -120.7832661
47.5712766, -120.7893859
47.5771999, -120.7951086
47.58419929999999, -120.8044384
47.5921593, -120.812627
47.5985549, -120.8160219
47.6644871, -120.7359078
47.6648506, -120.7361553
47.6655439, -120.7363933
47.6672711, -120.7363555
47.69623430000001, -120.7451088
47.6971508, -120.745648
47.7013232, -120.7450697
47.711195, -120.7417754
47.7575148, -120.7945535
47.7583898, -120.7921813
47.7609712, -120.7901852
47.7680204, -120.7851229
47.7803153, -120.7873603
47.7868711, -120.7900159
47.79223589999999, -120.7943454
47.8170549, -120.7880054
47.8209982, -120.7943768
47.8354905, -120.7891192
47.8371542, -120.7888227
47.8534954, -120.7797695
47.8571472, -120.7786227
47.873328, -120.7881272
47.8777981, -120.7884492
47.8829935, -120.7868402
47.8939321, -120.7721903
47.8940634, -120.7720149
47.9410248, -120.7611063
47.9441097, -120.7646942
47.9623955, -120.7821606
47.9681681, -120.788032
47.9738208, -120.7915172
47.9738519, -120.7916473
47.9912783, -120.8108341
47.99873239999999, -120.8148311
48.0049508, -120.8165318
48.0140728, -120.821488
48.0232138, -120.8260523
48.0350107, -120.8301472
48.0426197, -120.831754
48.0547028, -120.8356874
48.1960875, -120.778756
48.19625079999999, -120.7799156
48.2004272, -120.7861691
48.2004921, -120.7847644
48.3638051, -120.7497807
48.375426, -120.7831081
48.3755066, -120.7841415
48.3760528, -120.7877125
48.3773744, -120.7917663
48.37874300000001, -120.7988685
48.37882219999999, -120.7992539
48.5059283, -120.7305867
48.5110683, -120.733681
48.535099, -120.7546077
48.5465677, -120.764091
48.54778109999999, -120.7649323
48.5550843, -120.7686129
48.5727456, -120.786085
48.57893439999999, -120.7929005
48.5849655, -120.7991749
48.5954333, -120.8042674
48.59868179999999, -120.8070754
48.6024221, -120.811636
48.6072437, -120.8181248
48.6149169, -120.8267896
48.7060792, -120.7857119
48.715656, -120.7858608
48.72780359999999, -120.7831912
48.7473123, -120.7769027
48.7536219, -120.7849021
48.7594194, -120.7923567
48.7598156, -120.7925422
48.9257698, -120.7567271
48.92595499999999, -120.7572162
48.9279535, -120.7612381
46.2090044, -120.7740431
46.22147650000001, -120.7741815
46.2311544, -120.7733144
46.2399228, -120.773466
46.24909700000001, -120.7745913
46.2492871, -120.7725814
46.2798399, -120.7690662
46.2805574, -120.7719969
46.2818571, -120.7769177
46.2911516, -120.7729846
46.2929549, -120.7663708
46.314728, -120.7858286
46.32390969999999, -120.7833396
46.3299563, -120.7803991
46.3427936, -120.7753137
46.3480783, -120.7752463
46.3570791, -120.7752473
46.3660775, -120.7752963
46.3750651, -120.7753515
46.3840791, -120.7754769
46.3930724, -120.7755682
46.4020744, -120.7756618
46.4043074, -120.7745437
46.42778510000001, -120.7695778
46.4291089, -120.7745754
46.44053359999999, -120.7761655
46.447828, -120.7746032
46.4545653, -120.7717198
46.4636922, -120.7737257
46.4640096, -120.7729556
46.5006659, -120.7736114
46.5006742, -120.7739176
46.5007421, -120.7747182
46.50230879999999, -120.7781754
46.5286521, -120.7716469
46.5370188, -120.7749997
46.54203270000001, -120.7746358
46.55513149999999, -120.774689
46.5620167, -120.7745651
46.58131909999999, -120.7748513
46.58206089999999, -120.7743926
46.5894342, -120.7745334
46.6001031, -120.7831988
46.6041993, -120.7832867
46.60496, -120.7845447
46.6575925, -120.754967
46.6623633, -120.7742853
46.6623646, -120.774443
46.6623659, -120.7746007
46.6694913, -120.7716482
46.681633, -120.7751842
46.6890639, -120.7749279
46.6990755, -120.7727158
46.7092617, -120.7740838
46.7165979, -120.7745698
46.7249129, -120.7732566
46.7350894, -120.7745882
46.7445455, -120.7760674
46.75060999999999, -120.7724943
46.7851537, -120.773112
46.7851574, -120.773159
46.7893699, -120.7747404
46.7918543, -120.7727723
46.79309, -120.766455
46.7941639, -120.7630469
46.8377552, -120.761012
46.8391952, -120.7631793
46.845363, -120.774847
46.8551417, -120.7753869
46.8610033, -120.7747234
46.8707097, -120.772946
46.8793953, -120.7728929
46.88543689999999, -120.7707105
46.8955683, -120.7644152
46.9023332, -120.7623825
46.90465, -120.7600463
46.92994909999999, -120.7731213
46.9330443, -120.7754232
46.9345094, -120.7764707
46.95146920000001, -120.7793946
46.9619353, -120.7743166
46.96604730000001, -120.7828967
46.96746599999999, -120.7848732
47.0010735, -120.7758671
47.0010856, -120.7757552
47.0050901, -120.7746149
47.0098031, -120.7721965
47.0260877, -120.7673633
47.0336086, -120.773259
47.0371262, -120.776416
47.0552993, -120.7747546
47.0554715, -120.7737878
47.0729942, -120.774416
47.0758854, -120.774703
47.0867814, -120.7749611
47.09686869999999, -120.7653143
47.10850569999999, -120.7716305
47.1105522, -120.7762659
47.1220818, -120.7747626
47.1306211, -120.7747325
47.14042999999999, -120.7749717
47.150698, -120.7741189
47.1596251, -120.7810817
47.16573030000001, -120.7706728
47.1814594, -120.7745187
47.1843073, -120.7733854
47.19433129999999, -120.7734565
47.2033664, -120.7746293
47.2116641, -120.7760154
47.2180672, -120.7805519
47.2245176, -120.7846356
47.2599477, -120.7754215
47.26585679999999, -120.7733055
47.274719, -120.7753731
47.2848692, -120.7742094
47.2938017, -120.7803576
47.2951248, -120.7816466
47.3113953, -120.7738281
47.3189337, -120.7684209
47.3262654, -120.7660316
47.33146199999999, -120.761756
47.3496214, -120.7765584
47.3506315, -120.7711356
47.36484730000001, -120.774658
47.3745064, -120.7788695
47.3830876, -120.7746086
47.3859713, -120.7706647
47.4322207, -120.7248816
47.5294418, -120.8184236
47.5446309, -120.7928562
47.5516545, -120.768246
47.5549042, -120.7717382
47.5612962, -120.776339
47.565914, -120.783144
47.5750209, -120.7929117
47.57726359999999, -120.7951883
47.5846472, -120.8048597
47.5987011, -120.816153
47.6306409, -120.7278123
47.6310952, -120.7278152
47.655111, -120.7295053
47.6647505, -120.7361015
47.6674027, -120.7363306
47.6885905, -120.7405626
47.6966832, -120.7454159
47.702013, -120.7448491
47.7115253, -120.7416792
47.7304317, -120.7400582
47.7362561, -120.7410143
47.7588875, -120.7878284
47.7609224, -120.7838531
47.7655227, -120.773934
47.7672384, -120.7742363
47.774508, -120.7806886
47.7826937, -120.7826868
47.7907003, -120.7919981
47.8116078, -120.7676961
47.8148565, -120.7748392
47.8282338, -120.7710921
47.8326912, -120.7741703
47.8382903, -120.7751278
47.8517901, -120.7745171
47.8602448, -120.7768864
47.86770019999999, -120.7763947
47.8822178, -120.7696605
47.8850469, -120.7745117
47.8941404, -120.7717615
47.911235, -120.750747
47.9328477, -120.7518009
47.9525039, -120.7714331
47.9584053, -120.7769183
47.9636744, -120.7833649
47.9731762, -120.7907636
47.9738002, -120.7914809
48.0048712, -120.8164882
48.0129048, -120.8208435
48.0425345, -120.8317258
48.0463968, -120.8328784
48.0545079, -120.8355914
48.2005107, -120.7749144
48.3453339, -120.7212833
48.3534347, -120.7320587
48.3635609, -120.7492125
48.3719091, -120.7646057
48.37200370000001, -120.7648764
48.3748821, -120.7735542
48.3764605, -120.7776572
48.3765237, -120.7779195
48.5051891, -120.7297189
48.50550519999999, -120.730183
48.5058906, -120.7305559
48.5107258, -120.7334886
48.5157849, -120.7363537
48.5348939, -120.75422
48.5359, -120.7556873
48.539336, -120.7579445
48.5545527, -120.7683386
48.5631122, -120.7734292
48.5688927, -120.7818103
48.5726208, -120.7858654
48.580903, -120.794404
48.5944827, -120.804
48.5964161, -120.8048065
48.5996515, -120.8080717
48.602975, -120.8123761
48.6081754, -120.8193673
48.6149998, -120.8268897
48.70921939999999, -120.7793392
48.7136771, -120.7798876
48.7261707, -120.7746022
48.73089, -120.7765672
48.74457719999999, -120.7728612
48.7498364, -120.7785929
48.7528185, -120.7832532
48.808724, -120.711977
48.9232044, -120.7488436
48.9233896, -120.7494653
48.9271177, -120.7596323
46.2086926, -120.7641553
46.2246019, -120.7617172
46.23097079999999, -120.7601636
46.2363291, -120.7629324
46.24912, -120.7610834
46.2573242, -120.753159
46.2796764, -120.7648597
46.2836013, -120.7594152
46.2946368, -120.761336
46.3003802, -120.752544
46.312765, -120.7540459
46.3211306, -120.7543021
46.3300517, -120.754325
46.33912460000001, -120.7544116
46.3463113, -120.7608703
46.3564487, -120.7565675
46.3681797, -120.7648518
46.3716908, -120.760861
46.382529, -120.7609085
46.38975569999999, -120.7609028
46.4043508, -120.7608876
46.41112649999999, -120.7546871
46.4228898, -120.7586994
46.429157, -120.7549056
46.43722349999999, -120.7620532
46.4456268, -120.766004
46.45981039999999, -120.7644015
46.4657006, -120.7610829
46.4686697, -120.7522181
46.4972582, -120.7584046
46.4972923, -120.7586428
46.5003405, -120.7632039
46.5023645, -120.76506
46.5210236, -120.7502768
46.5294547, -120.7668626
46.53655089999999, -120.760884
46.5431381, -120.7580237
46.55485789999999, -120.7607739
46.5638453, -120.7596687
46.5700065, -120.7547658
46.5805333, -120.757037
46.5916586, -120.7632303
46.60107379999999, -120.7586598
46.60607599999999, -120.7515773
46.6542233, -120.7445146
46.6638183, -120.7624442
46.6731214, -120.7577772
46.6818428, -120.7593864
46.6913408, -120.7608566
46.6990636, -120.7621947
46.7080907, -120.7622077
46.7168423, -120.7608888
46.7260877, -120.7621888
46.7347086, -120.7621715
46.7448793, -120.7604913
46.749601, -120.760437
46.7514121, -120.7659057
46.7867196, -120.7540332
46.7871963, -120.7553714
46.7887565, -120.7608042
46.7941858, -120.7627574
46.794196, -120.762817
46.8282848, -120.7385419
46.8374914, -120.758113
46.83773559999999, -120.7608532
46.84183770000001, -120.7639084
46.8518522, -120.7601439
46.862961, -120.7608302
46.8699862, -120.7606721
46.87883739999999, -120.7606864
46.8887218, -120.7669695
46.8974787, -120.7631614
46.904686, -120.759933
46.9049916, -120.7585055
46.9294246, -120.7639241
46.9316281, -120.7607933
46.9349942, -120.7541532
46.9618644, -120.7655842
46.9623588, -120.7645201
46.9640718, -120.7600401
46.9640891, -120.7596449
46.9972257, -120.7536395
46.99856440000001, -120.7572136
47.0051527, -120.759067
47.009175, -120.7625324
47.0234079, -120.7606407
47.0306608, -120.7691062
47.0357734, -120.7741415
47.0559079, -120.7706004
47.0608807, -120.7610534
47.0715734, -120.7599253
47.0745265, -120.762947
47.0868809, -120.7614901
47.0954687, -120.7603755
47.1035177, -120.7632442
47.1130769, -120.7618866
47.120981, -120.7594547
47.1292279, -120.7613831
47.1441755, -120.7668992
47.1483754, -120.76162
47.1592275, -120.7593936
47.16715199999999, -120.7602076
47.176237, -120.7604733
47.1856343, -120.7607971
47.1917956, -120.7606541
47.2024196, -120.7614992
47.20627469999999, -120.7638418
47.2193666, -120.752459
47.2539031, -120.7467001
47.2545125, -120.7473326
47.2610341, -120.7515484
47.2698559, -120.758064
47.2747287, -120.7616251
47.2840789, -120.7608812
47.2880487, -120.7616912
47.3025107, -120.746795
47.3130227, -120.7654359
47.3200448, -120.760816
47.3293774, -120.7616166
47.3361455, -120.7548299
47.3480166, -120.7608075
47.3500239, -120.7655034
47.36617649999999, -120.7613041
47.3815022, -120.7602179
47.3815562, -120.7610878
47.3903457, -120.7517008
47.4074975, -120.7498134
47.4178042, -120.7334217
47.5426814, -120.7426642
47.5427087, -120.742779
47.542898, -120.7434135
47.5432651, -120.7443786
47.5474642, -120.7532602
47.5498077, -120.7590079
47.551004, -120.7617534
47.5552818, -120.7692694
47.5612019, -120.7761281
47.5704032, -120.788236
47.57589189999999, -120.7936244
47.6019102, -120.7156142
47.6182938, -120.72371
47.6197716, -120.7241578
47.6305459, -120.7277868
47.6311559, -120.7278023
47.654866, -120.7293435
47.6653205, -120.7363377
47.6676604, -120.7362641
47.6959509, -120.7448608
47.7034282, -120.7442179
47.7122964, -120.7413862
47.7300976, -120.7399162
47.7353741, -120.7408881
47.7425773, -120.7418114
47.7618592, -120.7598306
47.761971, -120.7605908
47.76533730000001, -120.762264
47.766037, -120.7665687
47.7826619, -120.7826632
47.8063036, -120.7520062
47.80855380000001, -120.7593851
47.8102888, -120.7645691
47.8241421, -120.7608382
47.83099600000001, -120.7600119
47.8381947, -120.7642563
47.8529288, -120.7618351
47.8600673, -120.7608554
47.8663296, -120.7581181
47.8817633, -120.7608925
47.8869543, -120.7608343
47.8972665, -120.7611564
47.8985779, -120.7580174
47.9300895, -120.7482078
47.9340112, -120.7529222
47.9409765, -120.7610337
47.9482456, -120.7669722
47.9514314, -120.7688298
47.9699251, -120.7885543
47.9732054, -120.7907805
47.98828959999999, -120.7203244
47.9953933, -120.7180301
47.9957911, -120.717754
47.9958947, -120.7176435
48.0141656, -120.8215455
48.1979066, -120.7579136
48.1979569, -120.7586038
48.1980267, -120.7591712
48.19930799999999, -120.7623432
48.19935710000001, -120.7626591
48.3631939, -120.7483469
48.3653015, -120.7513788
48.3716559, -120.7607357
48.3733454, -120.7666615
48.3742892, -120.7709235
48.37644700000001, -120.7776012
48.5050111, -120.7293835
48.5051378, -120.7296327
48.5056138, -120.7303102
48.5061901, -120.7307455
48.5155746, -120.7362301
48.5161214, -120.7363844
48.5344712, -120.7532413
48.5365021, -120.7562632
48.54414, -120.7606856
48.551369, -120.7658851
48.5590378, -120.769726
48.5629278, -120.7730979
48.5696891, -120.7825633
48.5816339, -120.7951556
48.5958954, -120.8044882
48.60008149999999, -120.8085714
48.6423979, -120.7010028
48.7201969, -120.7513174
48.7252839, -120.7594715
48.7344134, -120.7589536
48.74047669999999, -120.7645233
48.7429669, -120.767845
48.7512341, -120.7801508
48.7514624, -120.7804434
48.8056653, -120.7114197
48.9230192, -120.7479317
48.9230955, -120.7483462
46.2031886, -120.7494641
46.2249063, -120.7614222
46.2312522, -120.7601079
46.2355857, -120.7602349
46.2541868, -120.7474908
46.2571728, -120.7521877
46.2573693, -120.752445
46.28495299999999, -120.7545091
46.28776999999999, -120.7496371
46.2921997, -120.7442507
46.3033426, -120.7503907
46.3130886, -120.7484126
46.3210235, -120.7543004
46.3312215, -120.7463034
46.3390712, -120.7485992
46.34632089999999, -120.7471753
46.36070309999999, -120.7453357
46.366037, -120.7543734
46.3773104, -120.7484962
46.3841011, -120.7462258
46.3933846, -120.7494199
46.4045503, -120.7470863
46.41102189999999, -120.7546854
46.4200701, -120.7547864
46.4334567, -120.7470584
46.4334597, -120.7472975
46.4401387, -120.7563484
46.4628224, -120.7597174
46.4684112, -120.7524965
46.4729436, -120.7452086
46.4772671, -120.7386998
46.4989748, -120.7493766
46.5006996, -120.7463474
46.5028739, -120.7428243
46.5210261, -120.747178
46.5289672, -120.7477053
46.5369114, -120.7470637
46.5504067, -120.7486497
46.5577228, -120.7496263
46.5640613, -120.7471747
46.5727377, -120.7485015
46.57859029999999, -120.7471528
46.59306549999999, -120.7471566
46.6002605, -120.7471731
46.65388979999999, -120.7431734
46.6539045, -120.7432773
46.6548268, -120.7453633
46.66308, -120.7483768
46.6729407, -120.7471578
46.6802911, -120.7471787
46.6899607, -120.7473834
46.6996756, -120.7487971
46.7080321, -120.7459922
46.7170796, -120.7472275
46.7239838, -120.7472105
46.7344133, -120.7519384
46.7440721, -120.7480742
46.7524015, -120.7470356
46.7563049, -120.7381485
46.786656, -120.7521965
46.78672539999999, -120.7518451
46.78805879999999, -120.7466956
46.7881815, -120.7460655
46.7941595, -120.7627106
46.8282785, -120.7385259
46.8282964, -120.7385554
46.8365432, -120.7441289
46.8477519, -120.7469405
46.85334839999999, -120.7442555
46.8585879, -120.7505595
46.8734079, -120.7502006
46.8766528, -120.7489385
46.884908, -120.7451375
46.9046555, -120.7470983
46.9049589, -120.7463072
46.9080711, -120.738694
46.9244067, -120.7374216
46.932782, -120.7472316
46.93487700000001, -120.7533417
46.94851449999999, -120.733351
46.9642962, -120.7498243
46.9655959, -120.7462515
46.9844016, -120.7405429
46.9871535, -120.7421135
46.9967184, -120.7465834
47.0065301, -120.7530995
47.0116439, -120.7443044
47.0196939, -120.7483828
47.02185859999999, -120.7565747
47.0315271, -120.7697033
47.06258769999999, -120.7563103
47.06500399999999, -120.751176
47.0670753, -120.7467486
47.0773994, -120.7471585
47.0860913, -120.7471676
47.0933208, -120.7475299
47.1025273, -120.7515564
47.1122373, -120.7450854
47.1217114, -120.7468982
47.1311923, -120.7467827
47.1396998, -120.7473702
47.1452059, -120.7502614
47.1595508, -120.7489315
47.1674415, -120.7517983
47.1772138, -120.749316
47.1876286, -120.7484688
47.1934787, -120.751659
47.2015121, -120.7475271
47.21209349999999, -120.7410114
47.21865589999999, -120.7470126
47.2520913, -120.739972
47.2531971, -120.7440906
47.2568806, -120.7479965
47.264594, -120.7527466
47.2713421, -120.7533215
47.286969, -120.7545937
47.2933354, -120.7484814
47.3022249, -120.7467067
47.3131585, -120.7400698
47.3188418, -120.7473041
47.3290395, -120.7467995
47.3391041, -120.7505722
47.3450223, -120.7508472
47.35931679999999, -120.7440602
47.3638219, -120.7483425
47.3656354, -120.7520754
47.3865877, -120.7542246
47.3919502, -120.746866
47.4054846, -120.746193
47.40745620000001, -120.7478244
47.4175391, -120.7334869
47.4182442, -120.7327656
47.5418741, -120.7369233
47.5455784, -120.7467614
47.5470872, -120.7505632
47.5494429, -120.7570342
47.5608919, -120.7757582
47.5933422, -120.711912
47.5957638, -120.7131781
47.6176697, -120.7232663
47.6191809, -120.724057
47.62949500000001, -120.7273965
47.6312965, -120.7277566
47.6459012, -120.7236293
47.6554374, -120.7296469
47.6647757, -120.736115
47.6698216, -120.7356462
47.6805192, -120.7345884
47.6980884, -120.7458577
47.7065473, -120.7430516
47.7145518, -120.7402634
47.72922, -120.739404
47.7345152, -120.7407641
47.7428494, -120.7417898
47.7520039, -120.7420195
47.7613919, -120.7464212
47.7637918, -120.7488406
47.7640277, -120.7508993
47.8006264, -120.7361734
47.8049058, -120.7447932
47.80556360000001, -120.7477247
47.81876399999999, -120.7444308
47.822056, -120.7490079
47.8314628, -120.7564876
47.8473419, -120.7478566
47.8525149, -120.7483058
47.8663087, -120.7434695
47.86838520000001, -120.7467212
47.8762221, -120.7453357
47.88519460000001, -120.7459461
47.8976865, -120.748666
47.905713, -120.7461005
47.9111234, -120.750528
47.9261571, -120.7431858
47.930933, -120.7492469
47.9371126, -120.7547552
47.95054810000001, -120.7366301
47.95607039999999, -120.735489
47.9589019, -120.7318435
47.9782526, -120.7264725
47.978342, -120.7264546
47.9883119, -120.7203122
47.995496, -120.7179686
47.9959302, -120.7175867
47.9959494, -120.7175411
48.1957664, -120.7348217
48.196026, -120.7365521
48.1965452, -120.7384347
48.1978524, -120.7452835
48.1993609, -120.7489555
48.1994578, -120.7492946
48.1994836, -120.7497131
48.33491189999999, -120.7017702
48.3458612, -120.7216945
48.360302, -120.7397147
48.36313519999999, -120.7476995
48.36922999999999, -120.7503943
48.3718358, -120.7549567
48.3719184, -120.755203
48.3719719, -120.7556348
48.5047774, -120.7284863
48.5049029, -120.7290345
48.505775, -120.7304614
48.51614590000001, -120.7363796
48.5290069, -120.7426871
48.5329202, -120.7489993
48.5409783, -120.7588715
48.5506675, -120.7654377
48.5579289, -120.7689373
48.5620851, -120.7721298
48.5628579, -120.7729913
48.571517, -120.7845482
48.5804182, -120.7939448
48.5956176, -120.8043443
48.712774, -120.7427183
48.7127798, -120.7427843
48.7128635, -120.7431132
48.71554400000001, -120.7463445
48.7243084, -120.7460907
48.7287917, -120.7471903
48.7341826, -120.7585864
48.7406377, -120.764689
48.7426531, -120.7672172
48.79361369999999, -120.7046014
48.79893879999999, -120.7084123
48.8052766, -120.7111941
48.8071206, -120.7116983
48.8126459, -120.7120733
48.8390424, -120.733007
48.9229865, -120.7473017
48.9229884, -120.7472391
48.9280316, -120.737854
48.9316958, -120.7323081
48.93720099999999, -120.7251616
46.203153, -120.7491431
46.2286582, -120.7598665
46.2287696, -120.7598128
46.2486255, -120.7250012
46.2515094, -120.7323912
46.2533672, -120.7378662
46.2543693, -120.7408245
46.2884105, -120.7483385
46.2901114, -120.745568
46.2966054, -120.7397737
46.3031946, -120.7337895
46.312042, -120.7333129
46.3211887, -120.7342685
46.3300819, -120.7328591
46.3390625, -120.7328313
46.3480761, -120.7328327
46.3570728, -120.7327119
46.3660831, -120.7327409
46.3750674, -120.7326201
46.3839945, -120.7326822
46.3914991, -120.7303182
46.4043168, -120.733401
46.40432209999999, -120.7337112
46.4333805, -120.7331967
46.4333818, -120.7332487
46.4333928, -120.7337067
46.43340389999999, -120.7341646
46.4696508, -120.7504984
46.4727943, -120.7453904
46.478009, -120.737416
46.481092, -120.7315604
46.488337, -120.732446
46.5046373, -120.7358302
46.5072143, -120.7322969
46.5210363, -120.7334707
46.5278055, -120.7393818
46.5366043, -120.733464
46.542342, -120.7314399
46.5512139, -120.7338779
46.564046, -120.7334653
46.571283, -120.7334644
46.5814703, -120.7334755
46.5930174, -120.7334561
46.6003761, -120.7334764
46.6068559, -120.7357656
46.64728900000001, -120.7197362
46.6510061, -120.7285784
46.6549003, -120.7336796
46.66402249999999, -120.7312649
46.6729026, -120.7334726
46.6801976, -120.7334677
46.690233, -120.73327
46.6984198, -120.7351158
46.7093148, -120.7334632
46.7166003, -120.7334688
46.724825, -120.7342841
46.73550669999999, -120.7336379
46.7428898, -120.7335109
46.7537531, -120.7332939
46.7563394, -120.7379511
46.763086, -120.7204928
46.7891971, -120.7385714
46.7911821, -120.7350749
46.7938525, -120.7295566
46.7943261, -120.7281564
46.8216597, -120.7199595
46.82719119999999, -120.7341133
46.8341369, -120.7394409
46.840671, -120.7316473
46.8516319, -120.7328619
46.8632066, -120.7284762
46.86954009999999, -120.7345374
46.8733955, -120.7394408
46.8879252, -120.733375
46.9029202, -120.7352463
46.903756, -120.7328384
46.9151703, -120.7333089
46.9234304, -120.733641
46.935148, -120.7343877
46.9402197, -120.7307244
46.9502678, -120.7323439
46.9661452, -120.7341896
46.96622439999999, -120.7330254
46.98375799999999, -120.7385438
46.988716, -120.735086
46.9941729, -120.738389
47.0126323, -120.7410033
47.016157, -120.7316136
47.0168134, -120.7347729
