46.3173025, -120.5143458
46.317308, -120.5140255
46.3300385, -120.522877
46.3390732, -120.522909
46.3461995, -120.5141403
46.3608764, -120.5142164
46.36795859999999, -120.5142109
46.3754113, -120.5141726
46.3797819, -120.5178908
46.39018, -120.514144
46.40208699999999, -120.5125201
46.4104254, -120.5212333
46.41918769999999, -120.5141536
46.4328458, -120.5180313
46.4381667, -120.5129618
46.4476529, -120.5137837
46.456018, -120.5232554
46.4630146, -120.5140513
46.47756, -120.5141775
46.4829897, -120.5075896
46.4920163, -120.5141621
46.498707, -120.5126247
46.5021247, -120.5082031
46.5277549, -120.52079
46.5300411, -120.51694
46.5398613, -120.5122529
46.546074, -120.5138217
46.5550816, -120.5141635
46.5640767, -120.5135333
46.5730808, -120.5147619
46.582082, -120.5147645
46.5911151, -120.5141601
46.6001213, -120.5139648
46.6088248, -120.5141584
46.6170791, -120.5141884
46.6274008, -120.5141738
46.6344731, -120.513841
46.6434258, -120.512468
46.6519094, -120.5163054
46.66518929999999, -120.5160016
46.6720619, -120.5146055
46.6820166, -120.5141474
46.6905655, -120.5141467
46.6996857, -120.5156551
46.7079719, -120.5159466
46.7170859, -120.5145202
46.7261444, -120.5140902
46.7344591, -120.5163363
46.74230120000001, -120.5205263
46.7504377, -120.526112
46.7702789, -120.5101325
46.7716509, -120.5136419
46.77557729999999, -120.5190053
46.7839913, -120.5243378
46.8017712, -120.5111422
46.8032479, -120.51401
46.830959, -120.5080815
46.8350778, -120.5133095
46.837833, -120.5167467
46.8388824, -120.5203217
46.8749654, -120.4933808
46.87660349999999, -120.4951659
46.8772586, -120.4952866
46.8958811, -120.5027266
46.8977713, -120.5042019
46.9071824, -120.5054245
46.91561799999999, -120.5079422
46.9245564, -120.50971
46.93338, -120.5130994
46.94216369999999, -120.5140822
46.950876, -120.5181085
46.9588516, -120.5140909
46.9698581, -120.5139076
46.9731047, -120.5148049
46.9870803, -120.5156962
46.9956736, -120.5138742
47.0058664, -120.5148926
47.0141905, -120.5141629
47.0228863, -120.5141577
47.032034, -120.5161108
47.0412747, -120.5153033
47.05007500000001, -120.5182984
47.056625, -120.5126323
47.0660692, -120.5138826
47.0699863, -120.5246023
47.0858812, -120.497321
47.0952624, -120.4974499
47.10389809999999, -120.4974502
47.1150773, -120.5048846
47.13439229999999, -120.5041905
47.1405521, -120.5134637
47.1498256, -120.5127389
47.1587462, -120.5111094
47.1670185, -120.5153156
47.1764854, -120.5168595
47.1783769, -120.5169777
47.201577, -120.4992848
47.207304, -120.5108613
47.2106175, -120.5152809
47.2207847, -120.5162302
47.23100789999999, -120.5132006
47.2390559, -120.5155473
47.2471816, -120.5170937
47.2563696, -120.5153027
47.26304, -120.520313
47.27564109999999, -120.5177638
47.2843009, -120.5186555
47.2938432, -120.5153379
47.3042741, -120.5137082
47.3116791, -120.5189683
47.3190328, -120.5207707
47.3205222, -120.5223896
47.322734, -120.5267002
47.3227672, -120.5267963
47.355436, -120.554408
47.3812022, -120.4897627
47.3829663, -120.4919792
47.38854329999999, -120.4965303
47.3954072, -120.5003029
47.4047127, -120.5064438
47.4106216, -120.509733
47.4187272, -120.5098034
47.4303779, -120.5124122
47.433131, -120.5166553
47.4400059, -120.5243733
47.4498966, -120.4960769
47.4638678, -120.4930411
47.4829146, -120.5200316
47.48421829999999, -120.5149442
47.4848337, -120.5120415
47.5011553, -120.5172689
47.5097133, -120.5141581
47.5180798, -120.514376
47.5271015, -120.5141598
47.5357639, -120.5142219
47.539679, -120.5120419
47.556477, -120.5227515
47.56417649999999, -120.5196517
47.5710203, -120.5124478
47.5767596, -120.507899
47.5910243, -120.5117846
47.5993201, -120.5140455
47.6114428, -120.5153464
47.6161412, -120.5111041
47.6202791, -120.5064823
47.641385, -120.507551
47.6440806, -120.5137068
47.652277, -120.5151054
47.656877, -120.5117714
47.6744503, -120.5139601
47.6827136, -120.519021
47.6875, -120.516641
47.6988073, -120.5121807
47.7031436, -120.5177363
47.7038886, -120.5204631
47.7295565, -120.5342073
47.7404808, -120.5263545
47.7484794, -120.5225614
47.7513619, -120.5195895
47.761602, -120.5203388
47.7709734, -120.5146087
47.77116360000001, -120.5133985
47.774648, -120.5035179
47.8252411, -120.5034519
47.8257707, -120.5056846
47.8333915, -120.5113084
47.835398, -120.509813
47.8388331, -120.5027651
47.847639, -120.4903037
47.866371, -120.4799009
47.9100768, -120.4870325
47.9123048, -120.4915172
47.9173455, -120.5024339
47.9194311, -120.505213
47.9251719, -120.5098526
47.9320436, -120.5135199
47.9423288, -120.5144544
47.9500685, -120.5141308
47.959167, -120.5128717
47.9684908, -120.5120279
47.9764634, -120.5102663
47.9892599, -120.516241
47.99478209999999, -120.5132287
48.0026368, -120.5157409
48.0131319, -120.5221121
48.0190758, -120.5150256
48.0337858, -120.5257479
48.0390096, -120.5241593
48.0471271, -120.5199695
48.0489659, -120.5233057
48.06205629999999, -120.5356629
48.062902, -120.5366356
48.0632305, -120.5370748
48.0633494, -120.537399
48.0641112, -120.5397208
48.4055633, -120.4897306
48.4171403, -120.4990045
48.42281029999999, -120.5088332
48.4260209, -120.5148814
48.43484309999999, -120.5199025
48.4362209, -120.5229216
48.4384366, -120.5289053
48.4452359, -120.5424166
48.4599363, -120.5592535
48.4600132, -120.5593304
48.52698239999999, -120.5507154
48.5306891, -120.5448136
48.5319612, -120.5426882
48.5388046, -120.5337566
48.54168989999999, -120.5286551
48.5475639, -120.519021
48.5519233, -120.5116499
48.5538104, -120.5072496
48.5545121, -120.5055124
48.5907434, -120.5101597
48.59121529999999, -120.5122841
48.5980161, -120.5138076
48.5982096, -120.5127585
48.6441957, -120.5030414
48.6454936, -120.5079762
48.6462855, -120.509666
48.6532718, -120.5144239
48.6564638, -120.51841
48.657841, -120.507139
48.6674247, -120.5426455
48.8538486, -120.5629718
48.8649131, -120.564465
48.8708209, -120.5659741
48.8730395, -120.5670317
48.88045650000001, -120.5715426
46.2105277, -120.495308
46.2206057, -120.5000275
46.2314777, -120.4967489
46.2417249, -120.5011577
46.24192610000001, -120.4996473
46.2684525, -120.5167855
46.2725511, -120.5127924
46.277639, -120.5009293
46.2826446, -120.4993921
46.2975612, -120.5031368
46.3024424, -120.4995612
46.3136642, -120.4952209
46.3179296, -120.5002318
46.3179507, -120.499601
46.3436213, -120.4962801
46.34807350000001, -120.5019787
46.35707319999999, -120.5020469
46.3660788, -120.5020779
46.3756054, -120.5004423
46.3840775, -120.5021512
46.3930786, -120.5022451
46.4020774, -120.502257
46.4110756, -120.5022548
46.4191705, -120.5004522
46.4284323, -120.5004612
46.4375704, -120.5004715
46.4470774, -120.5023884
46.4560953, -120.5013419
46.464087, -120.4996042
46.4740844, -120.5023739
46.4830824, -120.5022875
46.4919933, -120.500453
46.5002145, -120.4999393
46.5125995, -120.4966154
46.5213703, -120.4956764
46.5286779, -120.4990157
46.5395455, -120.4973254
46.54597750000001, -120.5007704
46.555083, -120.5021642
46.5633096, -120.5004767
46.5728266, -120.5002837
46.5820662, -120.5015089
46.5911061, -120.500365
46.6001659, -120.5000697
46.609109, -120.500467
46.6173485, -120.5038442
46.6273378, -120.4973414
46.6306501, -120.5022669
46.6467289, -120.5014553
46.6541425, -120.4973274
46.66115079999999, -120.4953335
46.67922799999999, -120.5008682
46.6810249, -120.4988278
46.6903757, -120.5004333
46.6962145, -120.4981692
46.7084818, -120.5004358
46.7170971, -120.5003896
46.7241776, -120.4979268
46.7329181, -120.4962581
46.7354336, -120.4941513
46.7475298, -120.5239818
46.7704452, -120.5103969
46.7951098, -120.4949186
46.7981088, -120.5004232
46.80030259999999, -120.5046189
46.8263243, -120.4924052
46.8279457, -120.4987096
46.8303142, -120.5044458
46.8342688, -120.509465
46.85565709999999, -120.4835817
46.8775993, -120.4951549
46.8892281, -120.4964583
46.898413, -120.4998911
46.9061288, -120.5003905
46.9170101, -120.4994715
46.92419590000001, -120.5013079
46.9331604, -120.4978389
46.9420915, -120.497928
46.9511044, -120.4980749
46.9603122, -120.5007768
46.9704254, -120.5005047
46.9780742, -120.4980272
46.9874038, -120.500433
46.99522049999999, -120.5012813
47.0048166, -120.4999325
47.0143773, -120.5004565
47.02221549999999, -120.5004392
47.0321136, -120.4975877
47.0411167, -120.497841
47.05010859999999, -120.4976876
47.05802449999999, -120.496435
47.06807570000001, -120.4978482
47.0770403, -120.4975471
47.086042, -120.4973169
47.0951118, -120.4974463
47.1040463, -120.4974467
47.1150664, -120.5004705
47.1224386, -120.4969913
47.1311405, -120.5008806
47.1382571, -120.5038104
47.1477932, -120.5075613
47.155247, -120.5081669
47.1611097, -120.5119992
47.177446, -120.5166261
47.19870419999999, -120.4938173
47.2029642, -120.5007149
47.2132331, -120.4997011
47.2138636, -120.5015787
47.2347417, -120.4916488
47.2394469, -120.4933143
47.2444759, -120.4934169
47.261828, -120.497207
47.26665149999999, -120.4983443
47.273364, -120.4982805
47.2845373, -120.4910269
47.28989730000001, -120.4898537
47.3064347, -120.4933779
47.3133725, -120.504422
47.3176123, -120.5024441
47.3176524, -120.5025522
47.3176633, -120.5027024
47.3656807, -120.467788
47.3679068, -120.4704941
47.3763848, -120.4813432
47.38677759999999, -120.494594
47.393225, -120.4983405
47.4005879, -120.5017628
47.4064376, -120.5075302
47.4195548, -120.5094115
47.428817, -120.5065624
47.4370929, -120.500371
47.4462925, -120.496551
47.4542108, -120.4943714
47.4737701, -120.4914461
47.4860631, -120.5016739
47.4876335, -120.4974918
47.5060694, -120.4992212
47.5096988, -120.5004636
47.51847189999999, -120.500098
47.5266128, -120.501162
47.5341635, -120.5018517
47.536781, -120.5072078
47.55146389999999, -120.4809822
47.5695542, -120.5139607
47.57479610000001, -120.5083015
47.5804805, -120.4995141
47.5908964, -120.5061802
47.5988546, -120.5045608
47.6076185, -120.4941127
47.619322, -120.5016721
47.6232306, -120.495307
47.6399058, -120.5029751
47.6434471, -120.5025196
47.6520118, -120.5019179
47.665474, -120.4980044
47.6704597, -120.50184
47.6809093, -120.4990984
47.6881525, -120.502556
47.6952037, -120.5067653
47.7113455, -120.4859734
47.7344506, -120.4738048
47.7512663, -120.4924931
47.754659, -120.4964531
47.7635579, -120.4986995
47.7699043, -120.5003231
47.7746769, -120.5021929
47.7920741, -120.4771698
47.8177554, -120.4843962
47.82527049999999, -120.5031911
47.82537, -120.5030012
47.83155900000001, -120.498827
47.8388853, -120.5024245
47.8455673, -120.4929355
47.8477578, -120.4900619
47.9074962, -120.4808081
47.9096303, -120.4861729
47.9122296, -120.4913974
47.9159061, -120.49863
47.9217036, -120.5069435
47.9330474, -120.5132487
47.9454285, -120.5107681
47.9532034, -120.5105973
47.9602343, -120.5045077
47.9693958, -120.5053131
47.9772609, -120.5050475
47.9835961, -120.4988799
47.9959196, -120.5114478
48.0088009, -120.4951244
48.01402479999999, -120.4948539
48.0181237, -120.5003343
48.018125, -120.5002393
48.0467356, -120.5199172
48.0469243, -120.5198544
48.0632276, -120.5370709
48.3934565, -120.4609626
48.4021949, -120.4772108
48.4128064, -120.4930521
48.4182286, -120.5001489
48.42425249999999, -120.5038453
48.42925109999999, -120.5097669
48.43627499999999, -120.5230462
48.4392322, -120.5308775
48.5317723, -120.5429394
48.5416456, -120.5287011
48.5498011, -120.5145025
48.55213879999999, -120.5103876
48.5548264, -120.5028704
48.5559683, -120.5003679
48.555969, -120.5002425
48.5882423, -120.4999597
48.5883349, -120.5007706
48.5939652, -120.5028397
48.5979119, -120.5113018
48.5981694, -120.5118461
48.6384113, -120.4905761
48.6441604, -120.5024302
48.6522979, -120.5001664
48.6577443, -120.5002441
48.65956749999999, -120.4931345
48.667164, -120.4742508
48.6672482, -120.4739893
46.2126346, -120.487295
46.2242865, -120.4864486
46.2300221, -120.4857089
46.2423898, -120.4901322
46.2465936, -120.4845103
46.2488467, -120.4793295
46.27835779999999, -120.4969455
46.2804948, -120.492785
46.2831149, -120.4868705
46.2831169, -120.4869366
46.3055999, -120.492681
46.3121359, -120.4900457
46.3171955, -120.4866311
46.3336706, -120.4810357
46.3393648, -120.4864886
46.3462818, -120.4867578
46.3608535, -120.4866912
46.3679585, -120.4867148
46.3754274, -120.4867375
46.3820622, -120.4873651
46.3930658, -120.4906193
46.4046772, -120.486731
46.4110625, -120.4801593
46.41914999999999, -120.4867517
46.4283049, -120.4910218
46.43734269999999, -120.4867577
46.448196, -120.4866943
46.45628259999999, -120.4799633
46.46280369999999, -120.4868412
46.4775504, -120.4867076
46.4811348, -120.4881875
46.4919883, -120.4867465
46.502501, -120.4878292
46.5104739, -120.4903816
46.5191924, -120.4867768
46.5322238, -120.4872604
46.5389784, -120.4856089
46.5494974, -120.4824599
46.5538509, -120.4872
46.5631097, -120.4867659
46.57307360000001, -120.4863379
46.5820142, -120.4863076
46.59107789999999, -120.4863549
46.5996282, -120.4867668
46.6084549, -120.4884068
46.6183608, -120.485462
46.6233998, -120.4888071
46.6353957, -120.4862225
46.6479018, -120.4858845
46.6544141, -120.4874579
46.6631121, -120.4880563
46.6720295, -120.4866149
46.6810261, -120.4874642
46.6901818, -120.4867449
46.6990516, -120.4865041
46.7081115, -120.4867672
46.71674729999999, -120.4915779
46.7263234, -120.4873876
46.7340824, -120.492491
46.7353876, -120.4940065
46.75136579999999, -120.4642759
46.789421, -120.4804124
46.7911568, -120.4858701
46.7935322, -120.4906726
46.8066135, -120.4781008
46.817106, -120.4785929
46.8241702, -120.4873313
46.827078, -120.4938213
46.85467939999999, -120.4827623
46.8547152, -120.4828615
46.8588028, -120.4808111
46.8719435, -120.4860254
46.8767027, -120.4898371
46.88511159999999, -120.4840564
46.899483, -120.4915293
46.9076371, -120.486095
46.9142648, -120.4873443
46.9262715, -120.4868167
46.9277298, -120.4817671
46.9408442, -120.4955918
46.9480979, -120.4923688
46.9617239, -120.4903821
46.9706538, -120.4867914
46.9778691, -120.4867391
46.9852109, -120.4866708
46.9985237, -120.4866046
47.00360939999999, -120.4875466
47.0144555, -120.4867541
47.02227629999999, -120.4863663
47.0366463, -120.4867002
47.03852639999999, -120.4823937
47.0476992, -120.4866804
47.058691, -120.486738
47.0681987, -120.4870074
47.07708359999999, -120.4854322
47.0875354, -120.4847689
47.0962433, -120.4889406
47.1032808, -120.4867492
47.1099531, -120.4791236
47.1240768, -120.4825929
47.1303457, -120.4826612
47.1352488, -120.4776633
47.1419597, -120.4717583
47.154151, -120.5077135
47.1909657, -120.4827376
47.1943798, -120.4859857
47.19802989999999, -120.4924386
47.2133504, -120.4861385
47.2159886, -120.4901511
47.2300815, -120.4867064
47.24002950000001, -120.4874304
47.2451157, -120.487113
47.25688599999999, -120.487063
47.2702705, -120.4918828
47.27097329999999, -120.4909743
47.282888, -120.4886014
47.29305950000001, -120.4868315
47.30197, -120.4833604
47.3113479, -120.488533
47.3148096, -120.4926597
47.3172453, -120.4981831
47.3656063, -120.467668
47.3658304, -120.4679605
47.3728565, -120.4753323
47.380809, -120.4885954
47.3919009, -120.4969033
47.3998031, -120.5011536
47.4025656, -120.5029917
47.42316779999999, -120.466201
47.434976, -120.5009046
47.436839, -120.4990104
47.44499870000001, -120.4961543
47.45737399999999, -120.4901162
47.4648894, -120.4923848
47.4728561, -120.4909711
47.4812576, -120.4859851
47.4888067, -120.4862988
47.5070665, -120.4896743
47.5090092, -120.4857265
47.5180961, -120.4860967
47.5277185, -120.4865016
47.5362056, -120.485671
47.5445183, -120.484958
47.5518024, -120.4807811
47.5608304, -120.4749737
47.5736462, -120.4848544
47.5810639, -120.4866917
47.5903436, -120.4874128
47.5994526, -120.4861409
47.6072753, -120.4889478
47.6221448, -120.483921
47.6261624, -120.4864332
47.6348511, -120.4886149
47.6435338, -120.4899534
47.64914659999999, -120.4870932
47.66202920000001, -120.4866576
47.6704811, -120.4901434
47.6786445, -120.4884602
47.6882213, -120.4821853
47.69888479999999, -120.4807765
47.7113092, -120.4858317
47.7121959, -120.4834372
47.7288766, -120.4710238
47.7481896, -120.4821806
47.750865, -120.4875997
47.7567, -120.4870095
47.7703613, -120.4933845
47.77345469999999, -120.4953586
47.7952149, -120.4757218
47.8093738, -120.4750533
47.8170396, -120.4831907
47.82488480000001, -120.4875068
47.8310339, -120.4864728
47.8417711, -120.4900114
47.8492409, -120.4836139
47.8660923, -120.479672
47.8663854, -120.4798486
47.9028024, -120.4712086
47.9062474, -120.4778586
47.9090783, -120.4848627
47.91130949999999, -120.4894221
47.922363, -120.4831129
47.926576, -120.4850242
47.9279994, -120.4800712
47.9600901, -120.5045993
47.9603443, -120.5044378
47.970061, -120.5049921
47.9849152, -120.4953338
47.9892975, -120.4900445
47.9948972, -120.4861127
48.0040915, -120.4867055
48.0156578, -120.4925779
48.0159858, -120.4925428
48.0175277, -120.4967121
48.0621622, -120.5357738
48.3805933, -120.4370626
48.3982092, -120.4682116
48.4044507, -120.4808982
48.4088349, -120.4875829
48.41528630000001, -120.4891053
48.4212942, -120.4970694
48.4223312, -120.4988193
48.4299569, -120.5110685
48.5558462, -120.4894214
48.5561393, -120.4878205
48.558022, -120.4821996
48.5714832, -120.4738769
48.5811429, -120.4830828
48.587177, -120.4875275
48.58857099999999, -120.4926962
48.61853379999999, -120.4690754
48.62049160000001, -120.4710441
48.6288283, -120.477346
48.6363233, -120.4854015
48.64297209999999, -120.4869085
48.6476613, -120.4937113
48.6692315, -120.4664069
48.6692831, -120.4662335
46.20729040000001, -120.4659798
46.23395530000001, -120.4751424
46.2380184, -120.468892
46.2496989, -120.4731348
46.2498847, -120.4719924
46.2803639, -120.4651712
46.2819805, -120.4713055
46.2828349, -120.4755874
46.28331, -120.4763774
46.3152446, -120.4704001
46.31544179999999, -120.4723156
46.31583209999999, -120.4753197
46.33255459999999, -120.4707634
46.3351117, -120.4766324
46.3462271, -120.4730266
46.3608268, -120.4730565
46.3608269, -120.4730157
46.3753688, -120.4730413
46.3790095, -120.4729651
46.390736, -120.4719334
46.4046718, -120.4730564
46.4110972, -120.4801591
46.4191714, -120.473035
46.4315446, -120.472734
46.4375235, -120.4739699
46.448105, -120.4730589
46.4558724, -120.4799374
46.4662758, -120.4730353
46.4774268, -120.4730203
46.4850675, -120.4701526
46.4919423, -120.4730408
46.4991709, -120.4730605
46.510273, -120.4725209
46.516648, -120.4713178
46.5281846, -120.471179
46.5373634, -120.4721789
46.5458888, -120.4730392
46.5551211, -120.4741124
46.5641419, -120.4732382
46.5734822, -120.4730257
46.5823613, -120.4730617
46.59077430000001, -120.4748819
46.6002451, -120.4703438
46.60938669999999, -120.4730388
46.6186882, -120.4730584
46.6231064, -120.4641299
46.63570050000001, -120.4730391
46.6448358, -120.4731469
46.6549116, -120.4726287
46.665107, -120.4770252
46.6716852, -120.4734961
46.68179139999999, -120.4738106
46.6900865, -120.4730396
46.6991921, -120.4746249
46.7072592, -120.4720164
46.7127416, -120.4759985
46.7310878, -120.4803094
46.73350869999999, -120.4808762
46.74946449999999, -120.4644325
46.751512, -120.4642456
46.7518346, -120.4639012
46.7658995, -120.4557798
46.7880419, -120.4720446
46.7883341, -120.4734054
46.79738469999999, -120.473574
46.8090269, -120.4765995
46.8139506, -120.4759584
46.8209276, -120.4802461
46.82922869999999, -120.4597838
46.8447561, -120.4628804
46.8548458, -120.4729893
46.8620428, -120.4788818
46.8674619, -120.4795868
46.8794238, -120.4745005
46.884563, -120.4768578
46.9059164, -120.4612802
46.9104739, -120.4694133
46.9150593, -120.4728137
46.92452309999999, -120.4729978
46.9330254, -120.4763614
46.9420331, -120.4766064
46.951899, -120.4730457
46.9600248, -120.4770123
46.9703662, -120.4728992
46.9781221, -120.4730419
46.98714810000001, -120.4737766
46.9926669, -120.4728621
47.0047576, -120.4733738
47.0145925, -120.473049
47.0218831, -120.4730104
47.0338526, -120.4695739
47.04046049999999, -120.4748027
47.0490974, -120.4729384
47.0588835, -120.4730315
47.068107, -120.4676604
47.07362699999999, -120.4729137
47.0889226, -120.4730915
47.0962383, -120.4729418
47.1042082, -120.4736603
47.1130897, -120.4723319
47.1215003, -120.473355
47.1339243, -120.4787059
47.1400768, -120.4730293
47.1478198, -120.46806
47.1533561, -120.4643671
47.1599247, -120.4603911
47.1658622, -120.4558438
47.1911894, -120.4828381
47.2051849, -120.4727316
47.208285, -120.478218
47.2170386, -120.4679701
47.2305973, -120.4745598
47.2382909, -120.4718132
47.2493246, -120.4722838
47.2506249, -120.4760589
47.2676713, -120.4667804
47.27533950000001, -120.4715319
47.277566, -120.472924
47.30072209999999, -120.4678799
47.3040124, -120.4703716
47.30715, -120.476893
47.3532765, -120.4484081
47.36121139999999, -120.4595271
47.3631525, -120.4630011
47.3676988, -120.4701965
47.37235, -120.4729202
47.37782139999999, -120.4820729
47.37972689999999, -120.4849728
47.3980897, -120.4520362
47.4249008, -120.4669118
47.45193889999999, -120.4943345
47.4634689, -120.469434
47.4740669, -120.4662385
47.483361, -120.4672631
47.4928436, -120.4753477
47.5000783, -120.4746062
47.5098443, -120.4730767
47.518096, -120.4734478
47.5276638, -120.4727774
47.52775339999999, -120.473592
47.5479447, -120.4813936
47.5565329, -120.475814
47.5628676, -120.4726817
47.56691170000001, -120.4652355
47.5802187, -120.4799571
47.5905555, -120.4718335
47.59886280000001, -120.4685618
47.6046611, -120.4753131
47.6222129, -120.4835972
47.6265293, -120.4738213
47.635276, -120.469418
47.64404589999999, -120.47348
47.6530914, -120.4730666
47.662543, -120.480604
47.6714612, -120.4771899
47.6796736, -120.4726217
47.6901433, -120.474392
47.6978784, -120.4733656
47.7070987, -120.47302
47.71624389999999, -120.4731348
47.7287846, -120.4709296
47.733962, -120.4732621
47.7430835, -120.4730313
47.7536301, -120.47495
47.7611911, -120.472474
47.7661552, -120.4735066
47.792251, -120.4701507
47.79647569999999, -120.4749275
47.8080583, -120.4727701
47.8125191, -120.4748607
47.8240325, -120.4730767
47.8347363, -120.4693089
47.8420685, -120.4726729
47.8539954, -120.475427
47.8606629, -120.4722191
47.8656944, -120.4746425
47.8664097, -120.4780194
47.8986217, -120.4612578
47.9026665, -120.470717
47.9046084, -120.4734742
47.917188, -120.4729465
47.9224354, -120.4746746
47.9305481, -120.4691139
47.9334052, -120.4658824
47.9335351, -120.4655075
47.9705814, -120.5048738
47.9909973, -120.4609994
47.9933784, -120.4662617
47.9958734, -120.4718854
47.99676299999999, -120.4747183
48.0058651, -120.4876329
48.35601810000001, -120.4172444
48.380502, -120.4369231
48.3807718, -120.437258
48.39233189999999, -120.4579155
48.3979349, -120.4674487
48.4006494, -120.4727048
48.4058077, -120.4758988
48.4134954, -120.4852229
48.4141379, -120.4862111
48.4215076, -120.4973458
48.4222295, -120.4985928
48.4291437, -120.5096005
48.42977279999999, -120.5106784
48.5562998, -120.4859132
48.5570156, -120.4833372
48.55854859999999, -120.4802759
48.5629073, -120.4755199
48.5709013, -120.4733361
48.5788054, -120.4722622
48.5890443, -120.4729809
48.5901356, -120.4694142
48.6123561, -120.462024
48.6248616, -120.4727278
48.63536939999999, -120.4710605
48.6382257, -120.4755994
48.6632028, -120.4689648
48.663241, -120.4691312
48.6672587, -120.4738389
48.6692532, -120.4663339
48.6722921, -120.4520008
48.677277, -120.437297
46.2117352, -120.4580643
46.2136073, -120.4530644
46.2367663, -120.4702214
46.24207879999999, -120.4646201
46.2491674, -120.4593752
46.2504166, -120.4596172
46.2678796, -120.4485099
46.27907760000001, -120.4578767
46.2801665, -120.4606868
46.2810857, -120.4663063
46.31515479999999, -120.4551924
46.3156849, -120.4595947
46.3156907, -120.4594223
46.3300795, -120.4601035
46.33897169999999, -120.4593294
46.3480827, -120.4601397
46.3570822, -120.4600564
46.3660752, -120.4600836
46.3754238, -120.4593449
46.3840783, -120.4601331
46.393079, -120.4593338
46.40207909999999, -120.4593145
46.411079, -120.4593315
46.4200788, -120.4593135
46.4290788, -120.4592222
46.4380779, -120.4591667
46.4470771, -120.4590393
46.4560774, -120.4589434
46.4650785, -120.4593012
46.4740799, -120.4592824
46.48300099999999, -120.4596432
46.4918521, -120.4593363
46.49985880000001, -120.4627033
46.5100366, -120.4596951
46.5192886, -120.459138
46.5350654, -120.4571315
46.5370869, -120.4593438
46.5411379, -120.4545745
46.5580145, -120.4539082
46.5637976, -120.4540058
46.5737666, -120.4590131
46.581374, -120.4572311
46.5913031, -120.459128
46.5970947, -120.4576407
46.60907599999999, -120.4593352
46.6171319, -120.4600457
46.6274069, -120.4606365
46.6365691, -120.4596018
46.644794, -120.4586687
46.6566005, -120.4592614
46.6638984, -120.4582842
46.6725269, -120.4593233
46.682686, -120.4592797
46.6904024, -120.4592134
46.6992117, -120.4662568
46.7107268, -120.4661431
46.7169103, -120.4591104
46.7290895, -120.4523504
46.7332987, -120.4528126
46.7475904, -120.457854
46.7530928, -120.4597444
46.7643233, -120.4552106
46.76642649999999, -120.4551444
46.7797197, -120.4538204
46.78553, -120.4608975
46.7974235, -120.4610707
46.80257719999999, -120.4589686
46.8182738, -120.4547004
46.8250101, -120.45977
46.83246949999999, -120.4564777
46.842223, -120.4600425
46.851102, -120.4619311
46.85378499999999, -120.4646173
46.8776717, -120.4757538
46.8803004, -120.4742004
46.8949947, -120.4469074
46.9010224, -120.453303
46.9058384, -120.4596313
46.9146691, -120.4632733
46.9240686, -120.4606495
46.9330814, -120.4554383
46.9413269, -120.4553858
46.9522539, -120.4586522
46.96339709999999, -120.4594024
46.9703295, -120.4593698
46.978132, -120.4618541
46.9855959, -120.4593437
47.0001472, -120.4593112
47.0075067, -120.4593559
47.01327, -120.4561461
47.0222049, -120.4592872
47.03701119999999, -120.4595561
47.0370198, -120.459149
47.0498014, -120.4633418
47.0592428, -120.4593448
47.0680361, -120.4676596
47.0770726, -120.467738
47.088987, -120.4594845
47.09396100000001, -120.45246
47.1033731, -120.4593276
47.1097781, -120.4520685
47.1210968, -120.4593572
47.1290935, -120.4534213
47.1444808, -120.4687994
47.1509239, -120.465634
47.1586793, -120.4610599
47.1710911, -120.4509459
47.1829739, -120.4462615
47.1954353, -120.450377
47.20355230000001, -120.4599051
47.21247750000001, -120.4586983
47.22051339999999, -120.4616305
47.2256861, -120.4623385
47.2394134, -120.4581233
47.2448882, -120.4628902
47.2570142, -120.4600008
47.265864, -120.4586328
47.2691357, -120.4562365
47.2875171, -120.4455665
47.2980715, -120.4560845
47.3003162, -120.4598738
47.3032434, -120.4673484
47.305459, -120.4728224
47.312335, -120.4341808
47.3527286, -120.4473074
47.3589497, -120.4547149
47.3625803, -120.4616037
47.3693118, -120.4574365
47.3766782, -120.4467903
47.4151807, -120.4480438
47.4210826, -120.4588759
47.423324, -120.4626671
47.42485, -120.4665363
47.4584181, -120.4554822
47.4588844, -120.4567328
47.4636481, -120.4615663
47.4738671, -120.4639231
47.483745, -120.4640364
47.4903746, -120.456545
47.5003585, -120.4581388
47.5077835, -120.4584133
47.5180817, -120.4593795
47.5272783, -120.4597288
47.53190619999999, -120.4540568
47.5404259, -120.4457169
47.5635701, -120.4580548
47.5636093, -120.4580916
47.5721629, -120.4589388
47.5820133, -120.4576913
47.59226289999999, -120.4609997
47.5990932, -120.4593743
47.6083782, -120.4565486
47.61722839999999, -120.4564605
47.6251323, -120.4600998
47.6348273, -120.4584498
47.643169, -120.4604815
47.6549959, -120.4589572
47.6615669, -120.4614644
47.6726292, -120.4615214
47.68008589999999, -120.4644337
47.6917936, -120.4586114
47.6990406, -120.4593079
47.7041864, -120.4590048
47.7188476, -120.4621312
47.7289942, -120.4589996
47.7343179, -120.4593845
47.7421275, -120.4595117
47.7519317, -120.4486421
47.7622377, -120.459578
47.7640468, -120.4548828
47.7922571, -120.4699677
47.7960303, -120.4603313
47.79710679999999, -120.4592795
47.8043234, -120.4600528
47.8151197, -120.4595625
47.8236881, -120.4583239
47.8317386, -120.4573761
47.8424877, -120.4726293
47.8556432, -120.4703948
47.8574736, -120.4695338
47.8641602, -120.4716832
47.8860991, -120.4399442
47.896503, -120.4532663
47.9017817, -120.464793
47.9140813, -120.4593206
47.922767, -120.4605847
47.9812202, -120.4400179
47.9848888, -120.4483113
47.98618200000001, -120.4518659
47.9900331, -120.4579695
47.9926079, -120.4628124
47.9945663, -120.4687334
47.9961193, -120.4722528
48.385751, -120.4434942
48.3889879, -120.4495621
48.3924497, -120.4582556
48.3988652, -120.4603874
48.4007271, -120.4653085
48.40507119999999, -120.4742653
48.41361680000001, -120.4853293
48.4139679, -120.485864
48.4216151, -120.4974948
48.4220477, -120.4982297
48.5568014, -120.484027
48.5595039, -120.4782748
48.5596335, -120.4780832
48.5634496, -120.4753583
48.5765869, -120.4496839
48.5810433, -120.457686
48.58892849999999, -120.4584979
48.5956751, -120.4566681
48.6078509, -120.456464
48.6159556, -120.4597068
48.6252509, -120.4588627
48.631111, -120.4652603
48.64795609999999, -120.4516545
48.6560576, -120.4553184
48.6598798, -120.4553095
48.6691813, -120.4577386
48.67217549999999, -120.4522907
48.6723317, -120.4518428
46.2155826, -120.4475109
46.21746960000001, -120.4422031
46.219358, -120.4368834
46.2499915, -120.437988
46.2527256, -120.4448902
46.25745149999999, -120.4448073
46.2736956, -120.447393
46.27831279999999, -120.4539327
46.2785989, -120.4548067
46.3133282, -120.442868
46.3136389, -120.4447842
46.3209763, -120.4392508
46.3258818, -120.4469956
46.3390539, -120.4456252
46.3463925, -120.4455857
46.3609412, -120.4456829
46.366071, -120.4388814
46.37557899999999, -120.4456274
46.38459290000001, -120.4456273
46.3900927, -120.4456521
46.40108619999999, -120.4462622
46.4118852, -120.4456092
46.41914560000001, -120.4456414
46.4283986, -120.4463149
46.4380913, -120.4486205
46.4480149, -120.4456104
46.45726459999999, -120.4456069
46.4626138, -120.4456324
46.4744876, -120.4445218
46.4845688, -120.445678
46.4919362, -120.4475189
46.5011185, -120.4455803
46.5081687, -120.445459
46.5184743, -120.4456302
46.5352218, -120.4459659
46.53673329999999, -120.4455609
46.5420702, -120.4425484
46.55682780000001, -120.4455858
46.5643936, -120.4464994
46.5731684, -120.4512032
46.5844712, -120.4455787
46.5917572, -120.445594
46.5999863, -120.4456272
46.6089509, -120.4456231
46.6182368, -120.4458671
46.6265736, -120.4445227
46.6360807, -120.4458655
46.6450803, -120.4458135
46.6531989, -120.4458739
46.6644583, -120.4464158
46.67206239999999, -120.4457598
46.68138580000001, -120.4445105
46.6900774, -120.4456076
46.698555, -120.4452493
46.7061084, -120.4381
46.7219233, -120.4523022
46.7259803, -120.4499365
46.7367646, -120.4494497
46.7434552, -120.4481934
46.75198270000001, -120.455403
46.7616126, -120.4529436
46.7712483, -120.4481188
46.7789734, -120.4452363
46.7885753, -120.4504938
46.800551, -120.4467067
46.8089048, -120.4412107
46.8162479, -120.4457354
46.8256556, -120.4460076
46.8314793, -120.4397244
46.840262, -120.4555573
46.8498797, -120.4611201
46.8631239, -120.4314359
46.86751719999999, -120.4303563
46.8868662, -120.441141
46.88697, -120.441527
46.8963206, -120.4468915
46.9061083, -120.4420724
46.9151315, -120.4439613
46.9241176, -120.4447242
46.9264304, -120.4457468
46.9413646, -120.4456176
46.9510064, -120.4502866
46.9635906, -120.4457371
46.97082959999999, -120.4458505
46.9791646, -120.4444733
46.9860287, -120.4455333
46.9959303, -120.4416569
47.0077053, -120.4489474
47.01148209999999, -120.4454673
47.0225509, -120.4455957
47.0372695, -120.4498673
47.04019640000001, -120.4445706
47.0484328, -120.4436401
47.0595795, -120.4456475
47.0683189, -120.4348149
47.0773606, -120.4352397
47.0888499, -120.4455321
47.1034073, -120.445627
47.125221, -120.4546093
47.13115790000001, -120.4457594
47.14111990000001, -120.4413337
47.1495307, -120.4416519
47.1557568, -120.4402148
47.1687659, -120.4520258
47.1754735, -120.4467352
47.1850902, -120.4454501
47.1947509, -120.4466211
47.2030809, -120.445676
47.2120719, -120.4421329
47.2207213, -120.4477596
47.2300694, -120.4467338
47.2392403, -120.4442684
47.2478901, -120.4442469
47.25419979999999, -120.4552031
47.2621715, -120.4548638
47.269117, -120.455935
47.28694309999999, -120.4447835
47.2943895, -120.4411619
47.299762, -120.4418429
47.3393328, -120.4258383
47.35045419999999, -120.4408851
47.3549151, -120.4490886
47.3700536, -120.4531325
47.3744276, -120.4482709
47.3823613, -120.443338
47.400948, -120.4453409
47.4112366, -120.4430832
47.4177283, -120.4446121
47.43150300000001, -120.4413805
47.4315678, -120.4413656
47.4472019, -120.438485
47.4569134, -120.445626
47.4640969, -120.4468459
47.4723777, -120.446963
47.4848509, -120.444278
47.4918135, -120.4447906
47.500216, -120.444149
47.5091924, -120.445468
47.517742, -120.4457617
47.5269726, -120.4477365
47.5355756, -120.4452049
47.5441983, -120.4426911
47.5538716, -120.4413184
47.5666362, -120.4547326
47.57377959999999, -120.4463945
47.5806153, -120.4452161
47.5890761, -120.4469704
47.60048, -120.4451458
47.6108212, -120.4410949
47.6178112, -120.4494034
47.624765, -120.4445239
47.637677, -120.4421969
47.64289489999999, -120.4472326
47.6542197, -120.447015
47.6650259, -120.4468764
47.66787900000001, -120.4475534
47.6855506, -120.4423314
47.6871059, -120.4468079
47.6971005, -120.4464954
47.706889, -120.4455005
47.7165733, -120.4431775
47.7230707, -120.4449105
47.7355847, -120.4442829
47.7401324, -120.4487606
47.7524513, -120.4463239
47.7609743, -120.4462191
47.7641041, -120.4534094
47.7868067, -120.4335214
47.7899564, -120.439402
47.79700589999999, -120.445878
47.8049949, -120.4493406
47.8153896, -120.4456337
47.8235351, -120.4443237
47.8287792, -120.4385613
47.83176539999999, -120.4571323
47.8522492, -120.4252528
47.8591466, -120.4253096
47.879311, -120.4346283
47.8814809, -120.4358986
47.8884718, -120.4421696
47.8944589, -120.4472767
47.9049305, -120.4458964
47.9152137, -120.4471345
47.9218015, -120.4440321
47.9274731, -120.4434152
47.9274948, -120.4432833
47.9736804, -120.4272001
47.9806388, -120.4384247
47.9814111, -120.440369
47.98452839999999, -120.4465812
47.9888146, -120.4521624
47.9894313, -120.4544347
47.9928274, -120.4633294
48.3781251, -120.4317488
48.3803707, -120.4366945
48.3850699, -120.442195
48.3919283, -120.4446265
48.3951502, -120.448807
48.3971923, -120.4560486
48.39961049999999, -120.462279
48.4049917, -120.4741081
48.5583683, -120.4806336
48.5747776, -120.4462624
48.579192, -120.4508737
48.5934164, -120.4493455
48.5981764, -120.4457267
48.60702, -120.442501
48.6152139, -120.4486742
48.6256283, -120.4382492
48.63547029999999, -120.4346084
48.6433727, -120.4402206
48.6518921, -120.4504409
48.661552, -120.4463584
48.6702162, -120.4489209
46.2194376, -120.4366602
46.2217584, -120.4315176
46.2276947, -120.4247063
46.2400868, -120.4189063
46.2508102, -120.4328592
46.2579116, -120.4321278
46.2659803, -120.4323748
46.2725918, -120.4449669
46.2732705, -120.4456583
46.3099527, -120.4278518
46.3101036, -120.4286599
46.3115601, -120.4323921
46.3244778, -120.4318443
46.3286519, -120.438164
46.3390709, -120.4389636
46.3463508, -120.4319529
46.3609783, -120.4319053
46.3660877, -120.4388813
46.3755674, -120.4319187
46.3854285, -120.4379784
46.3899889, -120.4319859
46.4045068, -120.4318755
46.4110241, -120.4387269
46.4190038, -120.4319425
46.43149529999999, -120.436327
46.4380884, -120.4342407
46.4479001, -120.4319127
46.4563165, -120.4306664
46.464023, -120.434763
46.4772968, -120.4319493
46.4846599, -120.4364259
46.4925691, -120.4315362
46.5035312, -120.4338332
46.5189165, -120.4385778
46.52864650000001, -120.4269292
46.537838, -120.4380665
46.5446746, -120.4350791
46.5567105, -120.4319466
46.5624449, -120.4319224
46.5731839, -120.4318327
46.5835237, -120.4301945
46.59108459999999, -120.4313274
46.6000824, -120.4327901
46.6090043, -120.4318128
46.6158885, -120.4337457
46.624588, -120.4313624
46.6364837, -120.4305049
46.6461368, -120.4319314
46.6513784, -120.4314584
46.6654407, -120.4316881
46.6702843, -120.43567
46.6800304, -120.4319255
46.6920325, -120.4347329
46.6964339, -120.4318392
46.70868429999999, -120.4328305
46.7125707, -120.4289492
46.7371543, -120.4304379
46.7372877, -120.4313691
46.7435842, -120.4300748
46.7523132, -120.4260778
46.7681072, -120.4258162
46.7706015, -120.432173
46.7796162, -120.4313631
46.7843394, -120.4316626
46.8030178, -120.4416043
46.8070706, -120.4401797
46.8167379, -120.4317771
46.8265514, -120.4305735
46.8341035, -120.4319347
46.8434702, -120.4234533
46.85174259999999, -120.4286153
46.8612362, -120.4302196
46.86943489999999, -120.4293316
46.878799, -120.4275385
46.8881041, -120.4317379
46.8989633, -120.4268153
46.9075982, -120.4349631
46.9152119, -120.427934
46.9240716, -120.434158
46.9330349, -120.4344499
46.941456, -120.4319181
46.9510196, -120.4346851
46.96004620000001, -120.434979
46.96908130000001, -120.435083
46.9781478, -120.4347786
46.9863244, -120.4319478
46.9961502, -120.4333364
47.0050493, -120.4331314
47.0150492, -120.4319553
47.0228227, -120.4319128
47.0320311, -120.4345269
47.0410184, -120.4348929
47.0501511, -120.4350258
47.0597079, -120.43189
47.0680152, -120.4348004
47.0769898, -120.435218
47.0863917, -120.4342361
47.09661639999999, -120.4340741
47.1041733, -120.432358
47.1093862, -120.4281144
47.122523, -120.4237498
47.1320668, -120.4265344
47.1391295, -120.4284265
47.1488239, -120.4415535
47.15879959999999, -120.4358306
47.1664988, -120.430129
47.1749683, -120.4289587
47.18434329999999, -120.426124
47.1890193, -120.4250426
47.2048967, -120.4375306
47.2130486, -120.4285427
47.21909549999999, -120.4336361
47.228687, -120.4282301
47.2412375, -120.4257798
47.24169, -120.425527
47.28587659999999, -120.4419676
47.2876424, -120.4406788
47.2921062, -120.4386116
47.3043709, -120.4359165
47.3115003, -120.4313162
47.3164202, -120.4269898
47.33584829999999, -120.4210541
47.3394364, -120.4259432
47.348785, -120.4282669
47.3510635, -120.4309524
47.3631462, -120.4234109
47.3792596, -120.4441407
47.3869449, -120.4349797
47.3923686, -120.4304727
47.4009832, -120.4322446
47.4077932, -120.4377289
47.42125490000001, -120.4373914
47.4278826, -120.4383282
47.4383103, -120.4305757
47.44674209999999, -120.4332681
47.4548392, -120.4378162
47.4638792, -120.426592
47.4722909, -120.429529
47.4806635, -120.4314059
47.4909066, -120.4319
47.5003694, -120.4304636
47.5088303, -120.431934
47.5180461, -120.431377
47.5267427, -120.4295619
47.5349772, -120.4345784
47.54359059999999, -120.4350867
47.5558898, -120.4332864
47.56256519999999, -120.4330021
47.5728274, -120.4308987
47.5828119, -120.4321219
47.5908459, -120.4298958
47.60001219999999, -120.4319378
47.608249, -120.4314736
47.6159925, -120.435811
47.6274238, -120.4263846
47.6334481, -120.4315487
47.6436941, -120.4353647
47.6524418, -120.4321698
47.6589469, -120.4326986
47.6713359, -120.427121
47.6803445, -120.4322185
47.6857962, -120.4313669
47.6950245, -120.4311153
47.7075063, -120.4347252
47.7171424, -120.436697
47.7250539, -120.4319177
47.73648190000001, -120.4335771
47.7444247, -120.431497
47.7501882, -120.4312494
47.7633313, -120.4274989
47.766984, -120.4261483
47.7793226, -120.4277244
47.7875418, -120.4331148
47.7972955, -120.4300269
47.8065509, -120.4317005
47.8120729, -120.4324788
47.8283195, -120.4344489
47.8299116, -120.432426
47.845765, -120.4178458
47.8592113, -120.4252988
47.8745842, -120.4251836
47.8793453, -120.4319553
47.8865124, -120.432258
47.8961105, -120.4285209
47.9054008, -120.4323294
47.9150194, -120.4305441
47.9213923, -120.4304064
47.9269915, -120.4376518
47.92707619999999, -120.4379402
47.92709379999999, -120.4380587
47.97952739999999, -120.4317423
47.9812756, -120.4322731
47.9822008, -120.4373265
47.9887792, -120.4520885
47.9969919, -120.4016761
48.3525931, -120.4070406
48.3661896, -120.4189836
48.3769231, -120.4280787
48.383914, -120.4301339
48.3871346, -120.4366302
48.3906421, -120.4396242
48.39493539999999, -120.4481477
48.4465825, -120.3758019
48.5888206, -120.4239304
48.5915613, -120.4322677
48.59718119999999, -120.4325024
48.605279, -120.4337076
48.621675, -120.4313249
48.6232724, -120.4351261
48.6337906, -120.4320312
48.6416781, -120.4298767
48.6538459, -120.433895
48.6608952, -120.4329797
48.6701073, -120.432124
48.67657490000001, -120.4362707
48.6838354, -120.409813
46.2249629, -120.4139815
46.22567009999999, -120.4169537
46.2320867, -120.4203449
46.2400786, -120.4189063
46.2485694, -120.4166744
46.254941, -120.4111087
46.2670061, -120.4181897
46.27015460000001, -120.4108699
46.2702381, -120.4106328
46.3008386, -120.4093484
46.3065146, -120.4151409
46.3090327, -120.4210921
46.3210788, -120.4181394
46.3300792, -120.4181028
46.339079, -120.4181053
46.348078, -120.4180619
46.3570787, -120.4179587
46.3660779, -120.4179112
46.3750763, -120.4178248
46.38408, -120.4178805
46.3935763, -120.4181299
46.4020786, -120.4173679
46.41108149999999, -120.4174116
46.4200792, -120.4173985
46.42906560000001, -120.4182107
46.4380767, -120.41733
46.4468865, -120.4185048
46.4560612, -120.4171267
46.4650886, -120.4171776
46.46968270000001, -120.4183663
46.48620940000001, -120.4147634
46.4920886, -120.4183132
46.495135, -120.4184187
46.5178886, -120.4098935
46.5208151, -120.4167816
46.5301014, -120.4190984
46.5391644, -120.4226644
46.5496177, -120.4183009
46.5568186, -120.4182413
46.5626027, -120.418198
46.5770977, -120.4182307
46.5820774, -120.4144453
46.59166260000001, -120.4182101
46.6002544, -120.4179364
46.6063453, -120.4182456
46.617196, -120.4182951
46.6258079, -120.4205224
46.63598289999999, -120.414368
46.6422457, -120.4206493
46.65300800000001, -120.4179323
46.6629145, -120.4075014
46.6756221, -120.4187413
46.6759408, -120.4174803
46.6923557, -120.425304
46.70070279999999, -120.4082567
46.71056369999999, -120.4159035
46.7136063, -120.4178547
46.7225117, -120.4069964
46.7381156, -120.4204895
46.74675879999999, -120.4216367
46.7553614, -120.4205673
46.7633107, -120.416598
46.7664459, -120.421809
46.7805156, -120.4298203
46.7842074, -120.431085
46.80505530000001, -120.4173956
46.8061421, -120.4185671
46.8129554, -120.4236562
46.8258507, -120.4185642
46.8372927, -120.4253089
46.8443173, -120.4226283
46.84890559999999, -120.4151343
46.85736680000001, -120.4266063
46.8703102, -120.4179484
46.8782461, -120.4235956
46.8856326, -120.4239529
46.8994239, -120.4262032
46.9060827, -120.4156852
46.9151228, -120.4171947
46.9266361, -120.4182526
46.9331484, -120.4126086
46.9414846, -120.4182075
46.9512328, -120.4131482
46.9600702, -120.4134609
46.9712792, -120.4179937
46.9788226, -120.4166562
46.9870149, -120.4182216
46.9943742, -120.4156172
47.0030851, -120.4159766
47.0154741, -120.4209438
47.0227697, -120.4182202
47.0321647, -120.4129715
47.0411571, -120.413297
47.0500859, -120.4186094
47.05907999999999, -120.4182736
47.0681218, -120.4129763
47.07703859999999, -120.4176174
47.0823985, -120.4214932
47.0969292, -120.4337969
47.1100095, -120.4268615
47.1140822, -120.4226666
47.1217687, -120.4234681
47.1299785, -120.4256435
47.1419963, -120.4258834
47.1494528, -120.4196853
47.1601659, -120.4138578
47.1671334, -120.4180046
47.1763511, -120.4132574
47.1847743, -120.4195557
47.1904089, -120.4174459
47.20908619999999, -120.4170294
47.2120805, -120.4180358
47.2179915, -120.4191468
47.2311687, -120.4243625
47.2393137, -120.4180963
47.2431707, -120.4125173
47.250805, -120.4085334
47.273502, -120.4058537
47.274036, -120.4065061
47.29364400000001, -120.399951
47.3055398, -120.4242898
47.3104647, -120.4219257
47.319973, -120.4181482
47.3300417, -120.4171784
47.3389108, -120.4196872
47.346911, -120.4241206
47.3619822, -120.4120698
47.3654008, -120.4190617
47.3718167, -120.4139583
47.390012, -120.4149852
47.3911556, -120.4183101
47.3988524, -120.4257551
47.4050228, -120.4327351
47.43797850000001, -120.4208205
47.4383742, -120.4190249
47.44560310000001, -120.4191731
47.4567107, -120.4147817
47.46321580000001, -120.4218111
47.4689427, -120.4234105
47.4820873, -120.4180667
47.4910624, -120.4182398
47.5000826, -120.4181257
47.5083589, -120.4197381
47.513101, -120.4229446
47.5278477, -120.4292161
47.5345683, -120.4203961
47.559985, -120.419518
47.5720618, -120.419358
47.58061379999999, -120.4197918
47.5904905, -120.4180612
47.5997778, -120.4178394
47.6026641, -120.4216546
47.6226394, -120.4132068
47.6254776, -120.4180859
47.634433, -120.413889
47.6444061, -120.4180171
47.6521163, -120.4263115
47.6712599, -120.420169
47.6713187, -120.4201448
47.68015459999999, -120.4181405
47.6906478, -120.414497
47.6986661, -120.4181945
47.7072759, -120.4117344
47.716923, -120.4186302
47.7258508, -120.4193707
47.7349943, -120.4189261
47.7455955, -120.4212142
47.7533295, -120.4177071
47.758956, -120.4224634
47.7701246, -120.4198333
47.7791679, -120.4200361
47.7887565, -120.4191599
47.7985883, -120.4200119
47.8052485, -120.4228697
47.8156967, -120.4170159
47.8229421, -120.4154551
47.8311431, -120.4153835
47.8432573, -120.4154208
47.851036, -120.4207812
47.85999, -120.4188653
47.8686191, -120.4192559
47.8738565, -120.4237676
47.88699039999999, -120.418173
47.8999639, -120.417932
47.9058126, -120.4185135
47.9152372, -120.4141083
47.9228132, -120.4177975
47.9239845, -120.415164
47.9756959, -120.415078
47.9767777, -120.4173245
47.9844991, -120.4163169
47.9916047, -120.405389
47.9970298, -120.4015753
48.1041475, -120.3630799
48.1062709, -120.3636161
48.1070875, -120.3635585
48.10721299999999, -120.3635009
48.1072849, -120.3634483
48.268672, -120.3519919
48.3642382, -120.4176124
48.37222, -120.4192366
48.3796398, -120.4199428
48.3828389, -120.4264209
48.4163345, -120.3697395
48.5714464, -120.3879879
48.5758436, -120.3978719
48.5760201, -120.3982278
48.5808366, -120.406477
48.5841994, -120.4098497
48.5896965, -120.4174338
48.5983866, -120.4179081
48.6032828, -120.4239946
48.6161723, -120.4136597
48.62101639999999, -120.4231304
48.6328557, -120.4311136
48.64410400000001, -120.4261117
48.6500667, -120.4170664
48.66081459999999, -120.422946
48.6650187, -120.4254734
48.6818554, -120.4083338
