48.7551868, -122.9074133
48.7567705, -122.9104842
48.7881515, -122.8906114
48.7902861, -122.8964215
48.7924205, -122.9022321
48.7945546, -122.9080432
48.7966884, -122.9138548
48.7988218, -122.9196669
48.80095499999999, -122.9254795
48.803088, -122.9312925
46.2130557, -122.8842845
46.222218, -122.8840194
46.2314668, -122.8863863
46.2400927, -122.8856255
46.2490196, -122.8848294
46.2580588, -122.8855013
46.2663733, -122.8868398
46.2759455, -122.884269
46.2863006, -122.8859133
46.29399369999999, -122.8850856
46.3043155, -122.886887
46.3121061, -122.8854676
46.3206877, -122.885068
46.3256253, -122.8823905
46.3394446, -122.8850186
46.3483849, -122.8844051
46.3548482, -122.8831847
46.3728424, -122.8799352
46.3750906, -122.8861773
46.3852673, -122.8855915
46.3953242, -122.8846158
46.401953, -122.8854286
46.411048, -122.8853913
46.42040249999999, -122.8857167
46.4292065, -122.8842724
46.4377342, -122.8864036
46.44715370000001, -122.8858681
46.45612209999999, -122.8860626
46.4650538, -122.8850535
46.47417739999999, -122.8843896
46.4822856, -122.8808681
46.4931987, -122.889513
46.5010771, -122.8864593
46.5100774, -122.8865091
46.5190785, -122.8865301
46.5280821, -122.8865295
46.53708289999999, -122.8865113
46.5460735, -122.886482
46.5550804, -122.8864677
46.5640771, -122.8872292
46.5730767, -122.8848153
46.5820109, -122.8860918
46.5926238, -122.8829929
46.6000684, -122.8871587
46.6100329, -122.8860627
46.6170353, -122.8851189
46.6272491, -122.8845487
46.6312531, -122.8830917
46.64548, -122.8858216
46.6596552, -122.8823667
46.6612134, -122.8868557
46.6721221, -122.8853876
46.6802346, -122.8835785
46.6900898, -122.8873201
46.6990768, -122.8873106
46.7085679, -122.8861223
46.7174736, -122.8862316
46.726087, -122.8860569
46.7371466, -122.8805771
46.74482949999999, -122.8834954
46.7518883, -122.8927026
46.7596825, -122.8872586
46.7703979, -122.8853941
46.7745937, -122.8855242
46.794982, -122.8864012
46.7985502, -122.8854366
46.80937429999999, -122.8831603
46.8139116, -122.8829303
46.823466, -122.879066
46.8332839, -122.8831289
46.8442692, -122.88598
46.8485932, -122.8866944
46.8610628, -122.8848074
46.8694961, -122.8878629
46.8792824, -122.8853935
46.8898869, -122.8850079
46.8967488, -122.886987
46.9041185, -122.8907692
46.92001519999999, -122.8813605
46.9237084, -122.885418
46.93307129999999, -122.8835413
46.94208279999999, -122.8813975
46.9527124, -122.8854253
46.960078, -122.8855088
46.9686681, -122.8850186
46.9776798, -122.8854245
46.9871519, -122.8854318
46.99622129999999, -122.8854459
47.0053989, -122.8848729
47.0144212, -122.885432
47.0232454, -122.8854289
47.032078, -122.8857214
47.0409033, -122.8854033
47.0501505, -122.8854283
47.05908789999999, -122.885864
47.0682846, -122.8854266
47.0787969, -122.8854623
47.0871091, -122.8843616
47.0959719, -122.8884605
47.1046637, -122.8848236
47.1138428, -122.8843815
47.1219288, -122.8858102
47.1310781, -122.8862223
47.1400898, -122.8861715
47.1478135, -122.8816659
47.1635221, -122.8783737
47.1638896, -122.8780938
47.1812944, -122.8791153
47.1887189, -122.8833207
47.1935848, -122.8853368
47.2049589, -122.883632
47.2121855, -122.8863145
47.2210811, -122.8864103
47.2300867, -122.8863964
47.23912319999999, -122.8854734
47.2480823, -122.8856341
47.2570986, -122.8859362
47.2660914, -122.887076
47.2750692, -122.8870066
47.2838548, -122.8846957
47.2959182, -122.8863288
47.3012145, -122.8854012
47.31089679999999, -122.8854837
47.3200336, -122.8852972
47.3281848, -122.8852643
47.3316798, -122.8835405
47.3379579, -122.8678212
47.3613569, -122.904089
47.3744285, -122.8911179
47.37567019999999, -122.8864417
47.383001, -122.8836803
47.3913547, -122.8854612
47.402223, -122.8888849
47.4079454, -122.8847705
47.425599, -122.8835774
47.428079, -122.8854397
47.4378103, -122.8843919
47.4464735, -122.8822333
47.4575069, -122.8842197
47.46468369999999, -122.8899126
47.4731277, -122.8856893
47.4808733, -122.8819614
47.4926808, -122.8864553
47.5008119, -122.8894661
47.5093225, -122.8859045
47.5209333, -122.8865696
47.5258401, -122.8798137
47.5384711, -122.889782
47.5445496, -122.8877104
47.5537754, -122.8862719
47.5630443, -122.8860194
47.5719118, -122.8873189
47.57884199999999, -122.8909534
47.590909, -122.8880513
47.5984902, -122.8834586
47.6053086, -122.8835058
47.6169591, -122.8881067
47.6269034, -122.8875921
47.63036169999999, -122.8785626
47.6504734, -122.9038471
47.650654, -122.903709
47.66367049999999, -122.9044521
47.675551, -122.90106
47.6793404, -122.8986757
47.690598, -122.8964621
47.6995181, -122.8960899
47.7092754, -122.8891361
47.7162252, -122.8865435
47.72506440000001, -122.8847818
47.7340751, -122.8854259
47.7451601, -122.8805097
47.7530016, -122.8856023
47.7607572, -122.8863541
47.77118710000001, -122.8768352
47.7808266, -122.8796569
47.7879252, -122.8787025
47.801272, -122.887597
47.8076742, -122.8846162
47.8154778, -122.8842995
47.8223713, -122.8825457
47.8328895, -122.8857764
47.8418915, -122.8882691
47.85148, -122.8829516
47.85945299999999, -122.8836543
47.8678169, -122.8829607
47.8787098, -122.8803634
47.8872395, -122.8847814
47.897051, -122.886956
47.9016292, -122.8800283
47.9140859, -122.8853912
47.9231839, -122.8866533
47.9320775, -122.8853864
47.9411326, -122.8855655
47.9500074, -122.8852193
47.9590203, -122.8827552
47.96810869999999, -122.8852647
47.9774453, -122.8836635
47.9861922, -122.8849388
47.9954989, -122.8862694
48.0061854, -122.8880587
48.0129618, -122.8855813
48.0228718, -122.8842429
48.0301446, -122.8849973
48.04065079999999, -122.8853044
48.0462601, -122.8906025
48.0481249, -122.8933468
48.0766666, -122.8909608
48.0779182, -122.8848949
48.0829726, -122.8833088
48.0947252, -122.8782821
48.1032789, -122.8846416
48.1075435, -122.8809214
48.11069209999999, -122.8724662
48.1141184, -122.867082
48.1188674, -122.858622
48.1255037, -122.8482866
48.1317174, -122.8396435
48.423085, -122.8783054
48.423193, -122.8785957
48.4263623, -122.8784792
48.4359282, -122.8855297
48.446048, -122.887244
48.4557041, -122.8861674
48.4628504, -122.8855161
48.4707491, -122.8856588
48.4782686, -122.888903
48.4910702, -122.8853811
48.4998945, -122.8849251
48.5068537, -122.8833286
48.5170623, -122.8826629
48.5248784, -122.8825075
48.5359107, -122.8854368
48.54406820000001, -122.8858607
48.5533869, -122.8851491
48.562714, -122.8871689
48.57138430000001, -122.8859639
48.5777256, -122.8875986
48.5903644, -122.8862394
48.5982788, -122.8845503
48.60685489999999, -122.8853144
48.611809, -122.88352
48.6263887, -122.8852571
48.63426640000001, -122.8852442
48.6414866, -122.8899416
48.65415340000001, -122.8811585
48.6631595, -122.8815509
48.67071259999999, -122.8810945
48.6781993, -122.8822913
48.68841949999999, -122.8835252
48.6971385, -122.8852628
48.7060836, -122.8845142
48.7123321, -122.8878012
48.7141956, -122.8925698
48.7821724, -122.8743445
48.7843086, -122.8801551
48.7864444, -122.8859662
48.78858, -122.8917778
48.7907153, -122.8975899
48.7928503, -122.9034024
48.794985, -122.9092155
48.7971194, -122.9150291
48.9405248, -122.8196306
48.9425853, -122.8201711
48.9429829, -122.8201352
46.2145079, -122.8812079
46.2209377, -122.8630353
46.2316936, -122.8709625
46.24022, -122.8736605
46.2503459, -122.8682733
46.2613851, -122.8702279
46.2667738, -122.8726785
46.2767962, -122.8717776
46.28570209999999, -122.8699318
46.2940785, -122.8705224
46.3048356, -122.8714818
46.31333799999999, -122.8721186
46.3208865, -122.8721629
46.33048050000001, -122.8725256
46.3388167, -122.8714261
46.3459462, -122.8730138
46.3579614, -122.8770156
46.3660319, -122.8689508
46.372021, -122.8739764
46.3820312, -122.8716669
46.3932938, -122.8716159
46.4019638, -122.8717217
46.4125765, -122.8675882
46.4196202, -122.8765167
46.4301866, -122.8735058
46.43438769999999, -122.874025
46.44911829999999, -122.8717081
46.4559259, -122.8717224
46.4715745, -122.8682333
46.4726515, -122.8724874
46.4871089, -122.8715283
46.4948215, -122.869535
46.501083, -122.8724079
46.5106732, -122.870625
46.5179124, -122.8717314
46.5280909, -122.8708125
46.537082, -122.8765052
46.5460594, -122.8708846
46.5550823, -122.8764948
46.5630721, -122.871092
46.5730215, -122.8662195
46.5809437, -122.8723629
46.58870659999999, -122.8701719
46.6007681, -122.8718201
46.6090704, -122.8716713
46.6196117, -122.8720788
46.6271549, -122.8694285
46.6320725, -122.8741294
46.6457522, -122.8697578
46.6583991, -122.8679833
46.65941549999999, -122.8717091
46.6716147, -122.8715972
46.6833791, -122.8711566
46.6879655, -122.8711963
46.6995959, -122.8715801
46.7080631, -122.8696582
46.7173023, -122.871314
46.726738, -122.8706011
46.7328349, -122.8769402
46.746215, -122.8691892
46.75426909999999, -122.8730574
46.7674621, -122.8718299
46.7716951, -122.8710347
46.7790726, -122.8769357
46.7927985, -122.8721396
46.79773350000001, -122.8718708
46.805307, -122.8700914
46.8176275, -122.8720547
46.8259646, -122.8724268
46.8341821, -122.8721548
46.84280039999999, -122.868899
46.8527307, -122.8726976
46.8612566, -122.8720326
46.8702852, -122.8717193
46.8802278, -122.8717091
46.8871168, -122.8693416
46.8985156, -122.8725529
46.8994542, -122.8716856
46.9200137, -122.8730963
46.9250327, -122.8736667
46.9330911, -122.8706592
46.9431982, -122.8743472
46.95277, -122.8717683
46.9576006, -122.8756292
46.9700829, -122.8753114
46.97679249999999, -122.8723736
46.9869645, -122.8726242
46.9972034, -122.8695638
47.0050822, -122.8711807
47.0140783, -122.8719186
47.0227533, -122.8716588
47.0320764, -122.870955
47.0410786, -122.8716601
47.0500782, -122.8722456
47.05908729999999, -122.8729998
47.0680772, -122.8713978
47.0770815, -122.871323
47.0841884, -122.8732409
47.0942886, -122.8715604
47.10407730000001, -122.8729745
47.11307499999999, -122.8730205
47.12153379999999, -122.8718041
47.13201309999999, -122.8675177
47.1425881, -122.8704658
47.1487707, -122.8717233
47.1561083, -122.8704446
47.1675506, -122.872829
47.1761534, -122.866844
47.1868861, -122.8724455
47.1940803, -122.8730523
47.2054821, -122.8696398
47.212073, -122.8716824
47.2139832, -122.8717314
47.2321394, -122.8717149
47.2397347, -122.8733255
47.2472228, -122.8760865
47.2576155, -122.8717376
47.2648504, -122.8725341
47.2743344, -122.8776309
47.28269909999999, -122.8700746
47.2914082, -122.868978
47.3029984, -122.8735689
47.310875, -122.8711989
47.3160086, -122.8679216
47.32820299999999, -122.8717041
47.33678279999999, -122.8690957
47.3416501, -122.8629082
47.3461002, -122.8569032
47.3775194, -122.8742727
47.3775986, -122.8739077
47.3830765, -122.873008
47.3920825, -122.8717341
47.3992604, -122.8709809
47.4100447, -122.8717244
47.4171965, -122.8682901
47.4308975, -122.8716319
47.4371038, -122.8723143
47.4445882, -122.8731533
47.4539741, -122.8692209
47.4725439, -122.8682604
47.47338269999999, -122.8713514
47.4814142, -122.8712913
47.4894111, -122.8756518
47.5000376, -122.8736246
47.5081055, -122.8728331
47.5170095, -122.8710949
47.52933789999999, -122.8728191
47.5368822, -122.8691083
47.5442375, -122.8755232
47.5568805, -122.8744749
47.5630828, -122.8716754
47.57247760000001, -122.8728594
47.5806231, -122.8718109
47.5898445, -122.8715366
47.59873899999999, -122.8717424
47.6082186, -122.8791172
47.6170919, -122.8736505
47.6245954, -122.8721143
47.6315263, -122.8713595
47.6399661, -122.8575532
47.646967, -122.8538638
47.6778334, -122.8993884
47.6920493, -122.8960609
47.7092199, -122.8892102
47.7114572, -122.8867895
47.7183042, -122.8858542
47.730641, -122.873755
47.7331168, -122.874437
47.7434574, -122.8757161
47.753911, -122.8772818
47.7610513, -122.8750151
47.7705968, -122.8764863
47.7786926, -122.87823
47.7888817, -122.8760315
47.7963483, -122.8755997
47.8063963, -122.8703302
47.8150848, -122.8713281
47.8236527, -122.8719668
47.83251180000001, -122.8712487
47.8382888, -122.8734608
47.8513329, -122.8751349
47.8566351, -122.8673319
47.8698261, -122.8778841
47.8780583, -122.8769889
47.8886127, -122.8745304
47.8963587, -122.8702257
47.9050107, -122.8722165
47.9099257, -122.8766287
47.9268836, -122.8813131
47.928907, -122.880048
47.943069, -122.8712015
47.9433448, -122.8735357
47.95999579999999, -122.8707333
47.96838049999999, -122.8665727
47.978024, -122.8632097
47.98291709999999, -122.876064
47.9928901, -122.8727933
48.0030641, -122.871037
48.0102735, -122.872085
48.0205202, -122.8732928
48.03246009999999, -122.8683222
48.0388904, -122.8755134
48.0424896, -122.8785503
48.0603642, -122.8545921
48.07056129999999, -122.86383
48.076428, -122.8714953
48.08630460000001, -122.8669044
48.0943364, -122.87186
48.1025557, -122.8717432
48.1107594, -122.872195
48.1149912, -122.8652208
48.1189279, -122.8585075
48.4222235, -122.8661499
48.422249, -122.8663609
48.4228047, -122.8712931
48.426592, -122.8719861
48.43505469999999, -122.8685999
48.443723, -122.869079
48.4538282, -122.8720614
48.46359390000001, -122.8717293
48.4730362, -122.8771274
48.4810969, -122.8665097
48.4924461, -122.8717695
48.4985519, -122.8713792
48.5080614, -122.8772927
48.517301, -122.8685981
48.52615350000001, -122.8769966
48.5368562, -122.8708209
48.542017, -122.8749112
48.5530181, -122.8715768
48.5619965, -122.8702703
48.5711076, -122.8716923
48.5737095, -122.8776776
48.59404319999999, -122.8780768
48.5956148, -122.874887
48.6070455, -122.8716716
48.6154393, -122.8708033
48.62592790000001, -122.878316
48.632495, -122.882408
48.6446632, -122.8735943
48.6519223, -122.8723105
48.660837, -122.8718844
48.6695548, -122.8716331
48.67909059999999, -122.8718156
48.6890689, -122.873594
48.697074, -122.8717945
48.7065845, -122.8705948
48.7102309, -122.8737657
48.7121424, -122.8781186
48.7761901, -122.8580789
48.7783278, -122.86389
48.78046510000001, -122.8697015
48.7826022, -122.8755136
48.78473899999999, -122.8813262
48.78687550000001, -122.8871392
48.7890118, -122.8929528
48.7911477, -122.8987668
48.7932833, -122.9045814
46.2141236, -122.8559718
46.2221911, -122.8580772
46.2308407, -122.8578407
46.23958690000001, -122.8582601
46.2488521, -122.8620263
46.2581395, -122.8577828
46.2667619, -122.8543686
46.275281, -122.8580307
46.2849503, -122.8588344
46.2944768, -122.8574106
46.3030582, -122.8606189
46.31213229999999, -122.8573806
46.3229632, -122.8599062
46.3294641, -122.8569191
46.3391277, -122.8581542
46.3479337, -122.8576115
46.3560186, -122.8521377
46.3654237, -122.8543566
46.3749512, -122.8585022
46.3836854, -122.8573824
46.38903089999999, -122.8616177
46.4019325, -122.8580176
46.4128147, -122.8611698
46.4208884, -122.859249
46.4315755, -122.8607921
46.4375651, -122.8559495
46.4482302, -122.8572138
46.45590310000001, -122.857727
46.4683214, -122.856141
46.4696638, -122.8569044
46.482421, -122.8580205
46.4928886, -122.8579539
46.5021689, -122.85791
46.5106419, -122.8579944
46.5178647, -122.8580232
46.5323715, -122.8605554
46.5378132, -122.8580154
46.5454745, -122.8580987
46.5550812, -122.8557583
46.5640814, -122.8557771
46.5716289, -122.857963
46.58277959999999, -122.8546077
46.5911366, -122.8588502
46.6000032, -122.8578593
46.6124282, -122.8580536
46.6150434, -122.8617445
46.627781, -122.8587646
46.6360637, -122.8608144
46.6449148, -122.8608011
46.6566231, -122.8636687
46.6607462, -122.8609598
46.6746194, -122.8590287
46.675487, -122.8549138
46.69661019999999, -122.8495234
46.7025736, -122.8584053
46.7075571, -122.8589773
46.7157077, -122.8563807
46.7255665, -122.8663552
46.735049, -122.858072
46.7418671, -122.8602823
46.7547593, -122.8580833
46.76469789999999, -122.8634476
46.7694493, -122.8637452
46.7708588, -122.8656671
46.79311879999999, -122.8574919
46.79818, -122.8592679
46.8075415, -122.8629427
46.8150177, -122.8581293
46.8241299, -122.857057
46.8346695, -122.8571452
46.84326799999999, -122.8580155
46.8520004, -122.8578361
46.8594661, -122.8579472
46.87257719999999, -122.8576711
46.8793447, -122.8580054
46.8888513, -122.8606216
46.897455, -122.8562517
46.9059113, -122.8590909
46.9150935, -122.8601854
46.92484870000001, -122.857654
46.9332345, -122.8585402
46.9427979, -122.8583535
46.9504599, -122.859459
46.9634001, -122.860279
46.9689528, -122.8569727
46.978066, -122.8550388
46.9871264, -122.8550125
46.9954273, -122.8584052
47.0058411, -122.8581528
47.0156412, -122.8607454
47.0231986, -122.8574848
47.0325676, -122.8580121
47.0414392, -122.8583919
47.0508117, -122.858005
47.0579186, -122.8580347
47.0680045, -122.8578713
47.0754808, -122.8598368
47.0860785, -122.8562416
47.0950719, -122.8561935
47.10524729999999, -122.8576777
47.1130885, -122.8589133
47.1204311, -122.8546689
47.1312617, -122.857546
47.1414616, -122.8580193
47.1487734, -122.8580136
47.1589202, -122.8577618
47.1645572, -122.8512666
47.1759984, -122.8602435
47.1884348, -122.858271
47.195971, -122.8582807
47.2037998, -122.8582193
47.2121492, -122.8580858
47.2200627, -122.8570823
47.22606829999999, -122.8558804
47.2370752, -122.8645283
47.243801, -122.869571
47.2576315, -122.8705241
47.2694585, -122.8642661
47.269611, -122.864215
47.2872851, -122.8599889
47.2930043, -122.8575732
47.2991725, -122.8524539
47.31107799999999, -122.858124
47.3200221, -122.8577891
47.3278054, -122.8490056
47.338622, -122.85706
47.3461922, -122.856764
47.3533284, -122.8490318
47.3643968, -122.8520792
47.3752682, -122.8520122
47.3830717, -122.8580088
47.3922748, -122.8584661
47.4010889, -122.8590897
47.40956329999999, -122.8572819
47.4192237, -122.8591923
47.42652020000001, -122.855593
47.4369513, -122.8632671
47.4460255, -122.8578866
47.45507749999999, -122.8580746
47.4664671, -122.8565812
47.4719521, -122.8576294
47.4819286, -122.8570251
47.4905531, -122.8573384
47.49836759999999, -122.8572553
47.5091081, -122.8536971
47.51692449999999, -122.8580099
47.5264484, -122.8573172
47.5344017, -122.8633059
47.5446953, -122.8580759
47.5534027, -122.8586808
47.5629509, -122.8592784
47.57379599999999, -122.8543692
47.579019, -122.8564453
47.5895956, -122.8577626
47.5988029, -122.8610732
47.6075285, -122.8525676
47.6207327, -122.8629018
47.6265718, -122.8577673
47.637859, -122.8580329
47.6430683, -122.8546605
47.6484049, -122.851002
47.65078630000001, -122.8417211
47.6922736, -122.8283943
47.7118702, -122.8865909
47.7379745, -122.8537899
47.74287349999999, -122.8587366
47.7522843, -122.858634
47.7594268, -122.8590601
47.7628925, -122.8616458
47.781061, -122.846661
47.7886842, -122.8490357
47.7962801, -122.8483526
47.8064557, -122.8685136
47.8152992, -122.8494226
47.82829779999999, -122.8579833
47.8308049, -122.8556963
47.8439086, -122.8628241
47.8521881, -122.8610386
47.8586289, -122.8537581
47.8689584, -122.8487243
47.8697407, -122.8485603
47.892164, -122.8702942
47.8947306, -122.8695805
47.90161819999999, -122.871143
47.9200318, -122.8563965
47.9202734, -122.8583742
47.9393548, -122.8503476
47.9414381, -122.8579148
47.948216, -122.8461131
47.96234, -122.8581409
47.9679795, -122.8636618
47.9775222, -122.8563474
47.9859625, -122.8539028
47.9943926, -122.8613189
48.0063357, -122.8644425
48.01349750000001, -122.8620144
48.021439, -122.8635234
48.0293512, -122.8665234
48.0337998, -122.8697852
48.0542488, -122.8481796
48.0677803, -122.8571781
48.07692489999999, -122.8582746
48.0859378, -122.8579455
48.0923548, -122.859493
48.1029285, -122.8581851
48.1124969, -122.8576258
48.11935940000001, -122.857351
48.1254786, -122.8483145
48.1311864, -122.8401839
48.4231178, -122.860181
48.42906989999999, -122.8626452
48.4358738, -122.8556147
48.4453225, -122.8580141
48.4527833, -122.8580289
48.46413560000001, -122.8597295
48.4721638, -122.8585435
48.4819902, -122.8591805
48.4857813, -122.8612069
48.4967814, -122.8687064
48.5173242, -122.8663069
48.517456, -122.8662111
48.5261849, -122.864197
48.5352088, -122.8588287
48.5420925, -122.863623
48.555437, -122.866392
48.5621657, -122.8579076
48.56677180000001, -122.8632765
48.5701018, -122.869634
48.602398, -122.867599
48.607757, -122.8637282
48.6127466, -122.8647147
48.6276405, -122.8509466
48.6342597, -122.8554552
48.643029, -122.8608217
48.6531415, -122.8519578
48.6635996, -122.8585524
48.666246, -122.8618455
48.68111649999999, -122.8632513
48.6891738, -122.8570485
48.6975244, -122.8570794
48.7040947, -122.8591702
48.7081404, -122.8707737
48.7676825, -122.8352847
48.7699789, -122.8412358
48.7723437, -122.8476259
48.7744825, -122.853438
48.7766211, -122.8592505
48.7787594, -122.8650636
48.7808974, -122.8708771
48.7830352, -122.8766912
48.7851726, -122.8825057
48.78730969999999, -122.8883208
48.8937044, -122.7922583
48.8938508, -122.7922663
48.9424296, -122.8201492
46.2136406, -122.8426493
46.2211151, -122.8461858
46.2309549, -122.8426663
46.2400826, -122.8465342
46.2489858, -122.8437928
46.258624, -122.844506
46.2676959, -122.843905
46.2757754, -122.8441206
46.2850815, -122.8452301
46.29358209999999, -122.8443096
46.3043149, -122.8443139
46.3125981, -122.8453023
46.3221998, -122.844971
46.33004589999999, -122.8441346
46.3387049, -122.8434466
46.34768829999999, -122.8442995
46.35614, -122.8426844
46.3667693, -122.8471463
46.3750971, -122.8449667
46.3828177, -122.8496559
46.39307669999999, -122.8453497
46.4018749, -122.8443056
46.4110711, -122.8453176
46.4200854, -122.8453076
46.4291328, -122.8442609
46.4385842, -122.8440558
46.4471117, -122.8439745
46.4559193, -122.8434459
46.4641791, -122.8465114
46.473045, -122.842898
46.4852232, -122.8399317
46.4961037, -122.8513624
46.501301, -122.8451617
46.5114914, -122.8439269
46.5178228, -122.8443163
46.52873350000001, -122.8443083
46.5359601, -122.8443105
46.5468216, -122.8443126
46.5550819, -122.845303
46.5640801, -122.8439508
46.5736475, -122.8484845
46.58211559999999, -122.8442152
46.5910725, -122.8443141
46.60238510000001, -122.8431606
46.6079792, -122.844519
46.6123222, -122.8502761
46.627774, -122.8422413
46.6340331, -122.8442931
46.6451041, -122.8345846
46.6582217, -122.8491456
46.6597002, -122.8442578
46.6716106, -122.8417747
46.6771599, -122.8426566
46.6959019, -122.8447994
46.6985035, -122.8456976
46.71013, -122.8478255
46.7179178, -122.8482361
46.7270428, -122.8434221
46.7354946, -122.840513
46.7440069, -122.8441964
46.7536093, -122.8444941
46.7619383, -122.844202
46.7661913, -122.8385096
46.78732429999999, -122.8377974
46.7895934, -122.8397049
46.7948044, -122.8456081
46.8128667, -122.842344
46.8158922, -122.8447024
46.82587789999999, -122.8443273
46.8354115, -122.8435225
46.84313119999999, -122.8443948
46.8568972, -122.8444384
46.8611627, -122.8443107
46.8702148, -122.8451011
46.879808, -122.8447225
46.8880865, -122.8470247
46.8970954, -122.8468709
46.9062502, -122.8444032
46.9188494, -122.8440911
46.9242541, -122.8433972
46.9296742, -122.8514841
46.9458655, -122.8483453
46.9510788, -122.8443275
46.9610666, -122.8412683
46.970646, -122.8442761
46.9774599, -122.8460301
46.98792599999999, -122.8436582
46.9958259, -122.8442643
47.0050791, -122.8443149
47.014079, -122.8443125
47.023078, -122.8441863
47.03245279999999, -122.8441665
47.0410266, -122.8450286
47.0500808, -122.8444229
47.0590792, -122.8444007
47.0680792, -122.84433
47.077079, -122.8443142
47.08619359999999, -122.8459786
47.095079, -122.8442802
47.1040614, -122.8442705
47.113079, -122.8443466
47.1220791, -122.8442897
47.1286271, -122.844038
47.141513, -122.8451831
47.1488536, -122.8441126
47.1580784, -122.8441643
47.1639, -122.8437338
47.1789255, -122.8594867
47.1889145, -122.8519768
47.1925828, -122.8491178
47.2056694, -122.8427032
47.2116443, -122.8450663
47.2193479, -122.8494827
47.2259535, -122.8557791
47.2384646, -122.8261148
47.2575292, -122.8383197
47.2580995, -122.8394181
47.2653323, -122.8390632
47.2709425, -122.8330602
47.2884969, -122.8588493
47.2981732, -122.8483544
47.30033239999999, -122.8474054
47.3142583, -122.8465748
47.3199003, -122.8439083
47.3276431, -122.841497
47.3367588, -122.8357756
47.3448822, -122.8373481
47.3560269, -122.8437259
47.3649339, -122.8436387
47.3751332, -122.844442
47.3829953, -122.8434966
47.391776, -122.8432344
47.4030072, -122.8378336
47.4100794, -122.844892
47.4180952, -122.8443009
47.42813779999999, -122.8444552
47.4354076, -122.8388958
47.4472294, -122.8442974
47.455084, -122.8442917
47.4623423, -122.8461826
47.4744489, -122.8455745
47.4781476, -122.8409262
47.4956317, -122.8494054
47.5004847, -122.8451216
47.5080225, -122.8407169
47.51918329999999, -122.8458884
47.5254529, -122.8462663
47.5370984, -122.8402153
47.54250829999999, -122.8453904
47.555386, -122.844844
47.5630193, -122.8444781
47.5708788, -122.8416582
47.5833562, -122.8376959
47.5899295, -122.8448654
47.59909709999999, -122.8450701
47.6080616, -122.8440977
47.616454, -122.8441103
47.6274741, -122.8442902
47.6350789, -122.8444633
47.6434911, -122.843568
47.6517005, -122.8385509
47.6537686, -122.8310087
47.707126, -122.8237833
47.7111426, -122.8238549
47.73776489999999, -122.8522968
47.7424626, -122.8542016
47.7550462, -122.8521534
47.7610568, -122.8512294
47.7614612, -122.8512388
47.7810304, -122.8442537
47.7876983, -122.8486362
47.7970142, -122.8457453
47.80590369999999, -122.8438394
47.8165156, -122.8450258
47.8239455, -122.8459641
47.8334231, -122.8390652
47.8419276, -122.838641
47.8503761, -122.8442518
47.8599174, -122.8414175
47.8698568, -122.8477111
47.8802669, -122.8424103
47.8896288, -122.8418608
47.89522789999999, -122.8406832
47.9053985, -122.8416995
47.9141142, -122.8431417
47.920886, -122.848842
47.93505039999999, -122.8411871
47.943742, -122.8420449
47.9500747, -122.845299
47.9588759, -122.8466713
47.9676407, -122.8450971
47.9726524, -122.845246
47.9874689, -122.8373503
47.9962982, -122.8461356
47.99978, -122.8414353
48.0156285, -122.833191
48.0206785, -122.8302614
48.0267984, -122.8282917
48.0513331, -122.8385816
48.0521274, -122.8420447
48.0576234, -122.8416618
48.0676321, -122.8422107
48.0763909, -122.8483264
48.0850349, -122.8433621
48.0928447, -122.8442692
48.102779, -122.845823
48.1120767, -122.8458969
48.12108509999999, -122.8443071
48.1301786, -122.8407659
48.133309, -122.8301344
48.1348662, -122.8233649
48.426778, -122.842387
48.4272782, -122.842513
48.4347607, -122.8453224
48.44506759999999, -122.8437021
48.4563433, -122.8469699
48.4590964, -122.846459
48.4693075, -122.8325429
48.4789864, -122.8543369
48.48926489999999, -122.834283
48.4929479, -122.8301882
48.5109095, -122.8378922
48.51162619999999, -122.8383844
48.5190558, -122.8305105
48.5474906, -122.835489
48.55407400000001, -122.8430699
48.558547, -122.8489344
48.5716399, -122.829146
48.579321, -122.8273158
48.5800608, -122.8264614
48.60049189999999, -122.8241921
48.6085234, -122.82676
48.6185466, -122.8383194
48.6240185, -122.8479663
48.6330929, -122.8403664
48.6404473, -122.8463775
48.6496802, -122.8444678
48.66314029999999, -122.8371451
48.66910679999999, -122.8376135
48.6791237, -122.8414552
48.6881471, -122.8453333
48.69694519999999, -122.844712
48.70066869999999, -122.8492603
48.70332800000001, -122.854557
48.7637404, -122.8250716
48.76603799999999, -122.8310236
48.7683353, -122.8369761
48.7706368, -122.8429886
48.77277660000001, -122.8488022
48.7749161, -122.8546162
48.7770553, -122.8604307
48.7791942, -122.8662458
48.7813329, -122.8720613
48.8927495, -122.791862
48.8939813, -122.7922529
48.9396077, -122.8174458
48.94505179999999, -122.8193671
46.21307410000001, -122.8305354
46.2208096, -122.8306871
46.231562, -122.8309829
46.2440674, -122.8270737
46.2495663, -122.8325405
46.2565454, -122.8316272
46.264783, -122.8372345
46.275952, -122.8318199
46.28267340000001, -122.8305406
46.2935694, -122.8306059
46.3031361, -122.8300149
46.3111364, -122.8333994
46.3223205, -122.8318779
46.329103, -122.8310499
46.3370746, -122.8287655
46.3467075, -122.8256576
46.355301, -122.8276739
46.3666723, -122.8349318
46.3748474, -122.8282501
46.3860659, -122.8351968
46.3923322, -122.8301456
46.4018552, -122.8306067
46.41275350000001, -122.8306049
46.422121, -122.835003
46.4273183, -122.8305499
46.4380853, -122.830605
46.4470695, -122.8244873
46.4557374, -122.831479
46.4656345, -122.8313054
46.4745451, -122.8293716
46.4824255, -122.830371
46.4924121, -122.8205284
46.4996297, -122.828607
46.5091981, -122.8328507
46.5177836, -122.8305902
46.5286882, -122.8315744
46.53594580000001, -122.8306115
46.54682320000001, -122.8306052
46.5558146, -122.8297944
46.5648808, -122.8308466
46.5724724, -122.8338666
46.578875, -122.8350722
46.5906396, -122.8305945
46.5954303, -122.8307993
46.6113991, -122.8324784
46.6180487, -122.8292473
46.62703459999999, -122.8306023
46.6360789, -122.8306064
46.6467975, -122.8306199
46.65556609999999, -122.8334271
46.6629242, -122.8298235
46.6703504, -122.8336703
46.6813943, -122.8197023
46.6901905, -122.8304258
46.6995661, -122.8297349
46.70595120000001, -122.8312165
46.7174686, -122.8298206
46.7241231, -122.8352969
46.7352451, -122.8311947
46.7441048, -122.8305515
46.75309379999999, -122.8306233
46.7635168, -122.8310036
46.7717505, -122.8326287
46.7799285, -122.8270035
46.7863495, -122.8315252
46.7992097, -122.8306294
46.8103218, -122.8285455
46.8114218, -122.8320469
46.8267767, -122.8302551
46.8299854, -122.8322801
46.8441191, -122.8345546
46.8575598, -122.8292493
46.8609551, -122.8305977
46.87513939999999, -122.8276775
46.88002600000001, -122.8296569
46.8883975, -122.8319423
46.8970905, -122.830034
46.9060667, -122.8312803
46.9138321, -122.8306452
46.9245974, -122.8288942
46.9331536, -122.8284576
46.9382239, -122.8266949
46.9533473, -122.8321706
46.9616106, -122.8306004
46.9688053, -122.8305917
46.9797442, -122.8306077
46.9867095, -122.831109
46.9962654, -122.8306009
47.00507899999999, -122.8306829
47.0143236, -122.8306004
47.0244515, -122.830296
47.0320793, -122.8305069
47.0408515, -122.8297559
47.05048559999999, -122.8305924
47.05829809999999, -122.8312112
47.0685783, -122.8305427
47.0768757, -122.829148
47.08636, -122.830982
47.0950916, -122.8336746
47.1042526, -122.833494
47.112119, -122.8315957
47.1221115, -122.8288146
47.1311853, -122.828152
47.1383833, -122.8273521
47.1500063, -122.8262395
47.1578976, -122.8257038
47.1664694, -122.8229517
47.1739136, -122.8198246
47.17586619999999, -122.8186507
47.1983642, -122.8455763
47.2106088, -122.8435617
47.2364378, -122.8253342
47.2488475, -122.8228284
47.2582111, -122.8346784
47.2660315, -122.8304694
47.2716071, -122.8322768
47.2755965, -122.8182033
47.299043, -122.8475354
47.30012, -122.847266
47.3155557, -122.8324164
47.3193822, -122.8294613
47.32898, -122.8301738
47.3374529, -122.8284095
47.3466269, -122.8307705
47.3565584, -122.8338392
47.3656633, -122.8313565
47.3744552, -122.8299725
47.3829097, -122.8305703
47.3921782, -122.831183
47.4017002, -122.8290241
47.4114942, -122.8323931
47.4190791, -122.8331742
47.4264315, -122.8343926
47.4383469, -122.8348109
47.4460555, -122.8305219
47.4536287, -122.8292514
47.4636855, -122.830473
47.4731752, -122.8301153
47.4820179, -122.8299379
47.4904168, -122.822951
47.5007709, -122.8255634
47.5088832, -122.8288668
47.5200428, -122.8326497
47.5281408, -122.8266257
47.5362321, -122.830877
47.5455757, -122.831715
47.55558509999999, -122.828318
47.5636848, -122.8306603
47.5729076, -122.833152
47.5818765, -122.8306575
47.590743, -122.8305907
47.5991481, -122.8307888
47.6075148, -122.8306164
47.6185011, -122.8297746
47.6251665, -122.8319673
47.6342208, -122.8295469
47.6409991, -122.8283286
47.6529812, -122.8304134
47.6537904, -122.8308142
47.6896208, -122.8192626
47.7013189, -122.8235221
47.71160159999999, -122.823297
47.7117415, -122.8230409
47.76104710000001, -122.8512293
47.7810521, -122.8431726
47.7846874, -122.8329008
47.7874973, -122.8295414
47.7985976, -122.8302934
47.80653849999999, -122.8283656
47.817116, -122.8293409
47.8236423, -122.8273828
47.8325326, -122.8389355
47.8425022, -122.8385069
47.8507539, -122.8313436
47.8599981, -122.830891
47.869514, -122.830431
47.8782238, -122.8306356
47.8871711, -122.8306865
47.8959699, -122.8342695
47.9049565, -122.8298282
47.9135146, -122.8269403
47.9277445, -122.8256956
47.9314492, -122.8312871
47.9392884, -122.8321938
47.9524742, -122.8262582
47.9577885, -122.8328933
47.9687731, -122.8288741
47.9749942, -122.8298862
47.9860122, -122.8301295
47.9945983, -122.8275757
48.0045669, -122.8314915
48.0131979, -122.8300885
48.0219595, -122.8298601
48.0305075, -122.8264164
48.0403747, -122.8261005
48.0491973, -122.8305032
48.060228, -122.8305285
48.0670805, -122.8294602
48.0765657, -122.8306295
48.0850078, -122.830317
48.09457279999999, -122.8315287
48.1036693, -122.8306047
48.1126025, -122.8302338
48.1200639, -122.830616
48.1303198, -122.8305919
48.13504320000001, -122.8219915
48.2255184, -122.7684341
48.22556489999999, -122.7684535
48.2256371, -122.7684473
48.2295506, -122.7677956
48.4304087, -122.8339541
48.4360874, -122.8338846
48.444513, -122.829929
48.4527528, -122.8308166
48.46565529999999, -122.8281413
48.4706371, -122.8292824
48.4856167, -122.8329966
48.4900571, -122.8304981
48.5102796, -122.8316672
48.517075, -122.8296128
48.5208115, -122.8282797
48.5370826, -122.8262984
48.5439572, -122.8309189
48.55068499999999, -122.8367994
48.5823527, -122.8237498
48.6084708, -122.8267377
48.6169384, -122.8296664
48.623813, -122.8298182
48.6332898, -122.8303926
48.64249119999999, -122.8341199
48.65423999999999, -122.8319156
48.65942709999999, -122.8351672
48.670655, -122.836882
48.6780738, -122.8318354
48.6893702, -122.8293103
48.6966049, -122.8314013
48.6975635, -122.832873
48.7574986, -122.8089089
48.7597977, -122.8148612
48.7620966, -122.8208141
48.7643951, -122.8267675
48.7666933, -122.8327215
48.76899119999999, -122.838676
48.7710722, -122.8441716
48.7732126, -122.8499871
48.7753528, -122.8558031
48.7774926, -122.8616196
48.886437, -122.7853915
48.886943, -122.785987
48.8930351, -122.7919906
48.8940435, -122.7922152
48.9383075, -122.8128844
48.9484477, -122.8184906
46.21557809999999, -122.8124405
46.2198047, -122.8159089
46.2299592, -122.8200716
46.2403333, -122.8173998
46.2496102, -122.8169413
46.2580831, -122.8151737
46.2673307, -122.8173679
46.2769217, -122.8162558
46.2803384, -122.8192027
46.2952635, -122.8177753
46.3030906, -122.813853
46.3128269, -122.8167149
46.3210741, -122.8141348
46.3257918, -122.8142472
46.3420572, -122.8216448
46.34755209999999, -122.8160784
46.3528271, -122.818429
46.366144, -122.8237205
46.3772206, -122.8166242
46.3823215, -122.8135532
46.393656, -122.815167
46.4016537, -122.8169442
46.4111998, -122.8181799
46.4200619, -122.8139437
46.4290937, -122.8139784
46.4381243, -122.8168951
46.4489627, -122.8169007
46.4579623, -122.8181122
46.4654076, -122.8148615
46.4742564, -122.8164368
46.4832827, -122.8150009
46.49242479999999, -122.8169111
46.5011975, -122.8184135
46.5099447, -122.8163035
46.5178061, -122.8168902
46.5257025, -122.8176833
46.5363172, -122.8169021
46.5460111, -122.8172859
46.5545598, -122.8202165
46.5679647, -122.8168848
46.5714638, -122.8166683
46.58207609999999, -122.8138021
46.5905633, -122.8169054
46.6000818, -122.8192384
46.6090883, -122.8192079
46.6159588, -122.8166743
46.63155039999999, -122.8193253
46.6361518, -122.8194612
46.643076, -122.8162344
46.6575705, -122.8172585
46.6625313, -122.8155339
46.6679428, -122.8188854
46.6804779, -122.8178355
46.6903642, -122.8171504
46.699569, -122.8204892
46.7083765, -122.8162372
46.7194648, -122.815057
46.7265151, -122.8166922
46.7361269, -122.8186728
46.7442788, -122.8166308
46.7530079, -122.8169377
46.7620899, -122.818997
46.774351, -122.8186183
46.7799933, -122.8168106
46.785808, -122.8173307
46.7980709, -122.8206379
46.8070139, -122.8192978
46.8135167, -122.8201315
46.8251026, -122.8168616
46.83701869999999, -122.8188426
46.8430794, -122.8168939
46.852079, -122.8168243
46.8617751, -122.8165206
46.8698302, -122.8165237
46.8789729, -122.8191607
46.8880748, -122.8141415
46.8997253, -122.8191213
46.9038851, -122.8173375
46.9150172, -122.8146442
46.9228445, -122.8163514
46.9322558, -122.8109706
46.941424, -122.8219159
46.95265930000001, -122.8130541
46.9605788, -122.8164892
46.9686444, -122.8168954
46.9781965, -122.8169129
46.9870257, -122.8168953
46.9960861, -122.8168951
47.0050468, -122.8168987
47.0140878, -122.8172159
47.02295789999999, -122.817207
47.0318634, -122.8174246
47.0412283, -122.8166503
47.0500197, -122.8168051
47.0590839, -122.8177375
47.0691053, -122.8174827
47.0771638, -122.8178358
47.0860968, -122.8169386
47.0945993, -122.8148204
47.10383119999999, -122.8164337
47.1130807, -122.8177509
47.1220787, -122.81776
47.1310748, -122.8162127
47.14007489999999, -122.8176992
47.1488457, -122.8169032
47.1580673, -122.8174376
47.1671148, -122.8175736
47.1763095, -122.8170135
47.1775123, -122.8156684
47.198446, -122.794078
47.2087157, -122.8029435
47.2113092, -122.8046806
47.2251308, -122.8095263
47.2337123, -122.8156809
47.2390323, -122.8146422
47.249856, -122.8171528
47.2578989, -122.8174724
47.26608900000001, -122.8159495
47.2758427, -122.8168737
47.2758459, -122.8171268
47.279298, -122.806327
47.31605099999999, -122.8310244
47.3180501, -122.8271272
47.31937569999999, -122.8254944
47.32874049999999, -122.8212961
47.3406939, -122.8239787
47.3460638, -122.8223601
47.3555334, -122.8267321
47.36847059999999, -122.8112337
47.3744654, -122.8148296
47.3821772, -122.8142826
47.3912928, -122.8117393
47.4010963, -122.8147885
47.4094567, -122.815081
47.4191413, -122.8111483
47.4194516, -122.810673
47.4437785, -122.8226328
47.4460773, -122.8225993
47.4550312, -122.8181065
47.4629893, -122.81911
47.4720916, -122.8173137
47.4834263, -122.8224331
47.4907182, -122.8163692
47.4991801, -122.8219727
47.5104519, -122.8284713
47.5194966, -122.8255193
47.5282023, -122.8223851
47.53414249999999, -122.8204019
47.5486204, -122.8290608
47.5544156, -122.827114
47.5639708, -122.8243474
47.57261, -122.8163084
47.5825477, -122.8185262
47.59017670000001, -122.8110118
47.5991384, -122.8207321
47.6080781, -122.8174984
47.6164865, -122.8176785
47.6261237, -122.8208722
47.6357678, -122.8169096
47.6444748, -122.8173034
47.6471428, -122.8113346
47.6536491, -122.8303258
47.6838269, -122.8122897
47.6841377, -122.8134963
47.6892152, -122.8169286
47.698125, -122.8159317
47.7070192, -122.8169503
47.7121639, -122.8132453
47.7152722, -122.8090026
47.7321016, -122.7978088
47.74623070000001, -122.7985762
47.7519649, -122.8024982
47.75424470000001, -122.8014525
47.7740448, -122.7935134
47.7889938, -122.8244414
47.7908874, -122.8229027
47.7929264, -122.8226171
47.806858, -122.820947
47.812273, -122.823201
47.8256805, -122.8242324
47.8462579, -122.804406
47.8533376, -122.815603
47.8600192, -122.8164517
47.8690149, -122.8170931
47.8778636, -122.8211998
47.88516329999999, -122.8225208
47.8976672, -122.8219343
47.90536789999999, -122.8184541
47.9126848, -122.8198569
47.922509, -122.816495
47.9316112, -122.8153349
47.9415951, -122.8163728
47.9500896, -122.8176595
47.959397, -122.8164888
47.9699385, -122.8110178
47.97758719999999, -122.8147268
47.9859732, -122.8171369
47.9949655, -122.8185074
48.0027246, -122.822167
48.0141959, -122.8170504
48.0186888, -122.8165643
48.0293956, -122.8209421
48.0408742, -122.8204723
48.0490194, -122.8169109
48.0579994, -122.8192326
48.0676522, -122.8158998
48.07617, -122.8182118
48.08507789999999, -122.8168783
48.0939023, -122.8178976
48.1023462, -122.8178154
48.1151206, -122.8133138
48.1201489, -122.8168916
48.13008079999999, -122.8161026
48.13489010000001, -122.8169899
48.1366688, -122.8103566
48.1378677, -122.8057661
48.1381186, -122.8047889
48.1403389, -122.7950833
48.2165308, -122.7609193
48.2254668, -122.7683973
48.2310116, -122.7673853
48.2320624, -122.7666385
48.2444537, -122.7580169
48.2524141, -122.7553528
48.4263927, -122.8117205
48.4264327, -122.8124409
48.4264952, -122.8135669
48.4265152, -122.8139271
48.42721479999999, -122.8166498
48.4309451, -122.8229326
48.4451569, -122.8168966
48.4533747, -122.8172149
48.4634143, -122.8189784
48.4686817, -122.8275517
48.4905372, -122.8153855
48.4905781, -122.8155792
48.499842, -122.817376
48.5112003, -122.8156332
48.5192884, -122.820217
48.5243929, -122.8175428
48.5333336, -122.8187486
48.5400184, -122.8274667
48.5546787, -122.8167375
48.5575795, -122.8086716
48.5728808, -122.809087
48.5812051, -122.8197315
48.5864535, -122.8141571
48.6016012, -122.8210165
48.6067264, -122.8163852
48.6161196, -122.8169277
48.6266341, -122.8193184
48.6311822, -122.8129748
48.6454535, -122.8176174
48.652511, -122.8191692
48.6570252, -122.8183589
48.673452, -122.8093424
48.6816808, -122.816464
48.6884823, -122.8164595
48.6913463, -122.8203236
48.6948994, -122.8274854
48.7535542, -122.7987003
48.7558546, -122.8046535
48.7581546, -122.8106073
48.7604544, -122.8165616
48.7627539, -122.8225164
48.76505299999999, -122.8284719
48.7673519, -122.8344278
48.7696504, -122.8403843
48.7715107, -122.845363
48.8851783, -122.7831522
48.8855858, -122.7839354
48.8940677, -122.7922006
48.9341219, -122.7974898
48.9405216, -122.8168837
48.9492276, -122.8178609
46.2143423, -122.8031048
46.221668, -122.7997003
46.23094220000001, -122.8034119
46.2395502, -122.8037856
46.25019469999999, -122.8028675
46.2582749, -122.8034794
46.2675396, -122.8012827
46.2762952, -122.7970439
46.2774305, -122.7967311
46.2961424, -122.8051094
46.3016102, -122.8028408
46.312052, -122.8009341
46.32304569999999, -122.8009347
46.3308991, -122.8019926
46.3381767, -122.8016647
46.3551477, -122.8058132
46.3569361, -122.8029197
46.3611931, -122.7987107
46.3816571, -122.8018108
46.3823904, -122.8040101
46.3927332, -122.8068239
46.402918, -122.8048061
46.4114863, -122.8006688
46.42008, -122.8036756
46.4311687, -122.7983452
46.4381159, -122.8031885
46.4480848, -122.8002891
46.4552939, -122.8024575
46.4633039, -122.8076565
46.4725864, -122.8019286
46.4845763, -122.8039653
46.4959984, -122.8034896
46.5177939, -122.8032459
46.5177941, -122.8031789
46.527645, -122.79939
46.5359311, -122.803216
46.5440956, -122.8034541
46.5527591, -122.804275
46.5614745, -122.8032262
46.5723911, -122.8034569
46.5870688, -122.803401
46.5910793, -122.8033682
46.597694, -122.803335
46.6138372, -122.8107812
46.6193291, -122.8027232
46.62708, -122.8032382
46.6376875, -122.7951623
46.6428758, -122.7958763
46.6541743, -122.8030581
46.6631654, -122.803139
46.6720873, -122.8037464
46.6777395, -122.8058277
46.6893721, -122.8015763
46.7055774, -122.7985771
46.7073525, -122.8030545
46.7181369, -122.8040076
46.726121, -122.8031525
46.7345254, -122.8036597
46.7479321, -122.8042681
46.7505993, -122.8070176
46.7616613, -122.8034726
46.7634732, -122.8087331
46.7856098, -122.8078979
46.78764, -122.8017503
46.7985918, -122.8031686
46.8082568, -122.7988219
46.8198058, -122.8075898
46.8251474, -122.8030892
46.83193, -122.8006043
46.8460244, -122.799069
46.8521136, -122.804948
46.85934030000001, -122.8044475
46.8687, -122.8021611
46.878899, -122.8013868
46.8881333, -122.8020548
46.9001852, -122.8022484
46.9060932, -122.801996
46.9151806, -122.8031852
46.921716, -122.804964
46.9325989, -122.8038574
46.9432817, -122.8034234
46.9526425, -122.806326
46.9598443, -122.8032585
46.97056389999999, -122.7999707
46.979011, -122.8066049
46.9875976, -122.8037058
46.99654590000001, -122.8031877
47.0050941, -122.8018051
47.0152603, -122.803407
47.0220137, -122.8029271
47.0320522, -122.8031889
47.04110379999999, -122.8031502
47.0499484, -122.8031697
47.0592452, -122.8049971
47.0680787, -122.8017591
47.0770875, -122.801845
47.0868516, -122.8031959
47.0954876, -122.8031506
47.1031396, -122.8033481
47.11360029999999, -122.8074252
47.1220863, -122.8031436
47.1285172, -122.8031764
47.1410659, -122.8039917
47.1502114, -122.8034582
47.1592501, -122.803154
47.163909, -122.8053086
47.1890643, -122.7891428
47.1950026, -122.7923949
47.2049307, -122.7992759
47.2114231, -122.803203
47.221163, -122.801346
47.2300949, -122.8041206
47.2389865, -122.8039652
47.2480847, -122.8031883
47.2572881, -122.8005972
47.2681595, -122.8027611
47.274453, -122.803738
47.2828255, -122.7979857
47.2893862, -122.7931914
47.3077279, -122.7916064
47.322767, -122.7913417
47.32763079999999, -122.7901577
47.3378747, -122.7895196
47.3490508, -122.7936015
47.3587729, -122.8061326
47.3673886, -122.8040558
47.3742382, -122.8009498
47.38178850000001, -122.8032305
47.3920806, -122.801216
47.4051494, -122.8094374
47.4126436, -122.8072419
47.4188677, -122.803155
47.4262783, -122.8000426
47.433616, -122.7935228
47.462156, -122.8130272
47.4664528, -122.8067425
47.4730999, -122.8046899
47.4812153, -122.8008346
47.4938181, -122.8047103
47.4998131, -122.8016444
47.5110498, -122.8001835
47.5162256, -122.7954827
47.5241145, -122.7907154
47.53507519999999, -122.789935
47.5489398, -122.7957955
47.564011, -122.805349
47.5724467, -122.8033672
47.5803725, -122.8020223
47.5885054, -122.7981626
47.5980792, -122.8026331
47.6044485, -122.8000984
47.6177578, -122.8044656
47.6211494, -122.8044063
47.6351022, -122.8016044
47.6429363, -122.8037621
47.6517743, -122.8021963
47.6530536, -122.7984977
47.683663, -122.8097162
47.6841564, -122.8086186
47.6904479, -122.8045774
47.6980448, -122.8031898
47.7057841, -122.7997698
47.7159704, -122.8032186
47.7251164, -122.7971426
47.7457044, -122.7981467
47.7740172, -122.7934932
47.7746473, -122.7931847
47.7847569, -122.7883811
47.8107598, -122.7935211
47.81480699999999, -122.7949976
47.8287394, -122.7942535
47.8323944, -122.793306
47.8460647, -122.804075
47.8510442, -122.8038164
47.857006, -122.805718
47.8712606, -122.8022946
47.8713928, -122.803321
47.8848143, -122.822363
47.906273, -122.7977742
47.9141061, -122.7980208
47.9204891, -122.8046946
47.9324816, -122.8042083
47.940659, -122.8032015
47.950069, -122.8000094
47.960088, -122.8027989
47.9667556, -122.8050017
47.9736087, -122.8027695
47.9844213, -122.7998527
47.9924586, -122.804872
48.0101691, -122.8018023
48.0127585, -122.8038741
48.018263, -122.8046447
48.0310813, -122.7987961
48.045244, -122.7987231
48.0471759, -122.8042895
48.0578911, -122.8032121
48.0671685, -122.8026515
48.07803699999999, -122.8031314
48.0851128, -122.8046418
48.0925794, -122.800321
48.1028723, -122.8031354
48.1119321, -122.8031867
48.1210698, -122.8028902
48.1300266, -122.8077659
48.13815659999999, -122.8031829
48.13896219999999, -122.8004807
48.14188499999999, -122.7880469
48.2163531, -122.7607135
48.2597897, -122.7513959
48.2643925, -122.7481305
48.4266409, -122.8082332
48.426821, -122.8071831
48.4280461, -122.8059568
48.4301729, -122.805804
48.4496846, -122.8058561
48.4515089, -122.8052248
48.4636587, -122.8189075
48.4637462, -122.8189709
48.490826, -122.810992
48.4944016, -122.8059921
48.4986889, -122.8041771
48.5071417, -122.8032313
48.5192613, -122.8027585
48.5278504, -122.8028813
48.53615509999999, -122.8065456
48.5400652, -122.7984377
48.5514478, -122.8034903
48.5621533, -122.8051847
48.57115899999999, -122.8028077
48.5797301, -122.8011574
48.58593399999999, -122.8083827
48.6031796, -122.8052675
48.6076398, -122.8058311
48.61250219999999, -122.8067534
48.62558079999999, -122.8037885
48.6346238, -122.8032439
48.641504, -122.797897
48.6520897, -122.8031908
48.6614877, -122.8004708
48.6700893, -122.8030088
48.6730873, -122.8060634
48.6849517, -122.8095007
48.6897725, -122.8159555
48.737481, -122.7741367
48.7435246, -122.7805441
48.751901, -122.7944278
48.75421230000001, -122.8004032
48.75651329999999, -122.8063584
48.7588139, -122.8123141
48.7611143, -122.8182704
48.76341439999999, -122.8242273
48.76571420000001, -122.8301847
48.7680136, -122.8361426
48.8659746, -122.7523282
48.8682436, -122.7541173
48.8847462, -122.7820444
48.8941153, -122.7921081
48.93401859999999, -122.7970532
48.93420140000001, -122.797626
48.94051229999999, -122.8038223
48.9439197, -122.8024332
46.2129177, -122.7904516
46.2226562, -122.7884816
46.2286888, -122.7886013
46.2402902, -122.788632
46.2477809, -122.7886853
46.257983, -122.7892635
46.2669387, -122.7898538
46.2783165, -122.7889978
46.2816631, -122.783111
46.2969553, -122.7981139
46.30215399999999, -122.7931519
46.3120509, -122.7894843
46.321455, -122.7899651
46.3300715, -122.7894574
46.3390225, -122.7832947
46.3480154, -122.7833393
46.3587904, -122.7897219
46.36569249999999, -122.789393
46.375589, -122.7900208
46.38624129999999, -122.795939
46.39065950000001, -122.7932155
46.4020911, -122.7935138
46.408511, -122.7979162
46.4234901, -122.790159
46.4265512, -122.7856892
46.4381076, -122.7894817
46.4498227, -122.787689
46.452661, -122.786721
46.462927, -122.7952135
46.4759775, -122.7905071
46.4830835, -122.7855598
46.4912457, -122.7888348
46.5010518, -122.7824998
46.5106986, -122.7902766
46.5177422, -122.7894721
46.52698549999999, -122.7929348
46.54049269999999, -122.7914384
46.54676509999999, -122.7894814
46.5614298, -122.7929471
46.56281, -122.790658
46.57302929999999, -122.7927447
46.5820594, -122.7894788
46.5904321, -122.7894748
46.59939, -122.780833
46.61982279999999, -122.7816962
46.6266949, -122.789673
46.63615129999999, -122.7925326
46.6461413, -122.7936587
46.6518598, -122.7937668
46.6634189, -122.7894277
46.6726394, -122.7887073
46.6808307, -122.7855733
46.69083020000001, -122.7899082
46.6957105, -122.7846513
46.7095849, -122.7915839
46.71698809999999, -122.789546
46.7270212, -122.7890012
46.73255040000001, -122.7904471
46.7427295, -122.7861
46.75095899999999, -122.790369
46.75961849999999, -122.7888921
46.7726367, -122.7834021
46.791022, -122.7890087
46.7978833, -122.7895802
46.80688989999999, -122.7896662
46.81601269999999, -122.7890825
46.8253632, -122.7886591
46.83387399999999, -122.7895969
46.84458679999999, -122.7928189
46.85069, -122.7907785
46.8595739, -122.7889614
46.869871, -122.7884996
46.8791687, -122.7895305
46.8880981, -122.7895592
46.89386950000001, -122.7860215
46.9025322, -122.7935667
46.9155235, -122.7896263
46.9225173, -122.7971049
46.9281294, -122.7791614
46.9489861, -122.7890619
46.9490016, -122.789608
46.9604286, -122.7888958
46.9671513, -122.7914568
46.9780781, -122.7889683
46.9870742, -122.7899278
46.9957128, -122.7894308
47.0051, -122.7893384
47.0138058, -122.7894672
47.0241073, -122.7896872
47.0320967, -122.7894809
47.0411375, -122.7894996
47.0502467, -122.7894827
47.0594276, -122.7896039
47.068149, -122.7892624
47.0770628, -122.7894441
47.0863102, -122.7894776
47.0951396, -122.7894626
47.10359159999999, -122.7882664
47.1121165, -122.7895081
47.1212726, -122.7894521
47.1305615, -122.7894823
47.1400909, -122.7897413
47.1489312, -122.7933548
47.1521712, -122.7944196
47.1609681, -122.8025172
47.181378, -122.775936
47.1871077, -122.7865943
47.1935923, -122.7891383
47.20308989999999, -122.7909177
47.2120903, -122.7908355
47.2210956, -122.790773
47.2301729, -122.7902408
47.239701, -122.7909846
47.24808119999999, -122.7906023
47.2570572, -122.7905473
47.265609, -122.7895748
47.2756532, -122.789487
47.2849602, -122.7911573
47.2900485, -122.7910973
47.301435, -122.7865713
47.3110849, -122.7892969
47.318927, -122.787512
47.327657, -122.7893612
47.3380117, -122.7894559
47.3469641, -122.7897493
47.3557546, -122.7894835
47.36485039999999, -122.7895552
47.3727524, -122.7892948
47.383276, -122.7912177
47.391482, -122.7898988
47.4008953, -122.7798207
47.4100757, -122.7892596
47.4177083, -122.7855514
47.4246826, -122.7880371
47.4357391, -122.7881074
47.4438542, -122.7780453
47.4539637, -122.7714194
47.4692952, -122.7821225
47.4735393, -122.7887771
47.480218, -122.7866783
47.48480379999999, -122.7800411
47.5040768, -122.7951068
47.5109996, -122.7899867
47.518749, -122.7868985
47.5285936, -122.7877023
47.5356235, -122.7891004
47.5480613, -122.786525
47.5508155, -122.7869997
47.5633126, -122.7903712
47.5687005, -122.7853972
47.5807899, -122.7892335
47.5892262, -122.7904717
47.5999203, -122.7902685
47.60574159999999, -122.7885775
47.6163354, -122.7880287
47.62644969999999, -122.7866289
47.6348363, -122.7869831
47.6440722, -122.7885267
47.6529363, -122.7901661
47.6555663, -122.7868914
47.65789179999999, -122.7778869
47.6874368, -122.7954361
47.6890189, -122.7895003
47.6978689, -122.7872906
47.7074975, -122.7911052
47.7144031, -122.7877556
47.724957, -122.7971372
47.734263, -122.7921257
47.7447379, -122.7925875
47.7515618, -122.7880749
47.7613158, -122.7899711
47.7719747, -122.7886731
47.7790124, -122.7896518
47.79905489999999, -122.7748878
47.8070876, -122.7866685
47.8153789, -122.7903759
47.824039, -122.7898065
47.8341874, -122.792426
47.8404654, -122.7869472
47.8527378, -122.7837597
47.8602329, -122.7849247
47.8694348, -122.7887881
47.8711191, -122.7927417
47.8907831, -122.7735604
47.8987946, -122.7758863
47.9069961, -122.7942271
47.9141869, -122.7893317
47.923079, -122.7894853
47.93200530000001, -122.7891797
47.9410776, -122.7892944
47.9525514, -122.7904549
47.9604885, -122.7873972
47.9676783, -122.791346
47.9771551, -122.7904629
47.98574900000001, -122.7875399
47.9952177, -122.7931254
48.0026659, -122.7909256
48.012559, -122.787489
48.0228283, -122.7882165
48.0292597, -122.7909646
48.0412732, -122.7884364
48.049001, -122.7914579
48.0583894, -122.7894714
48.0669198, -122.7897359
48.0756453, -122.7892435
48.0844968, -122.7989841
48.0951604, -122.7958557
48.10308990000001, -122.7891669
48.1122504, -122.7891675
48.120964, -122.7892653
48.1300746, -122.7887148
48.1388517, -122.789484
48.1425916, -122.7842082
48.2179355, -122.7617669
48.2392137, -122.7606661
48.2684152, -122.7428892
48.29694869999999, -122.7249429
48.2994098, -122.7243058
