47.4668752, -119.2135544
47.4830278, -119.197865
47.4964589, -119.193574
47.510422, -119.1923063
47.53976489999999, -119.2267861
47.5397748, -119.226346
47.5397846, -119.2259059
47.5415492, -119.2273376
47.5584505, -119.2344344
47.5653785, -119.2285198
47.5725268, -119.2211364
47.5802808, -119.2245605
47.5827861, -119.2190643
47.6123421, -119.225801
47.6123422, -119.2257491
47.6123424, -119.2256972
47.6260726, -119.2348157
47.635058, -119.2348399
47.6440805, -119.2348657
47.6558078, -119.2257315
47.6574189, -119.2228385
47.671093, -119.2348877
47.6801347, -119.2347754
47.68910109999999, -119.2346799
47.6991863, -119.2257239
47.70843000000001, -119.2333437
47.71368649999999, -119.22574
47.726289, -119.2196708
47.728255, -119.2185372
47.7446047, -119.2286784
47.7527921, -119.2252024
47.75549789999999, -119.2238451
47.7651518, -119.2124698
47.7721066, -119.2067933
47.800652, -119.228555
47.8061242, -119.2284743
47.8151225, -119.2282082
47.8240768, -119.2229156
47.8301744, -119.2202153
47.8419676, -119.2260246
47.8530858, -119.2326588
47.8608735, -119.2276463
47.868742, -119.2243633
47.87975710000001, -119.2263099
47.886344, -119.224232
47.890114, -119.223521
47.9112017, -119.2172944
47.91438369999999, -119.2257366
47.9168299, -119.2319232
47.9170183, -119.2323461
47.9602404, -119.2380792
47.9616497, -119.2331842
47.9630624, -119.2282807
47.9644651, -119.2234054
47.9795953, -119.2128602
47.98608429999999, -119.2128282
47.998515, -119.234287
48.005184, -119.2257277
48.0130601, -119.2344425
48.02206, -119.234487
48.0310258, -119.2344297
48.0400605, -119.2345298
48.0488148, -119.2257237
48.058391, -119.2250882
48.0589721, -119.2257261
48.08355330000001, -119.2192517
48.0854758, -119.2209919
48.0940865, -119.2256968
48.0995891, -119.2237918
48.1163594, -119.2283888
48.1187303, -119.2239939
48.1283111, -119.2257037
48.139095, -119.2257328
48.1477235, -119.2351377
48.1557108, -119.2258093
48.1652958, -119.2274366
48.1741428, -119.2259272
48.1843171, -119.2250044
48.19324109999999, -119.2251699
48.2026508, -119.2275179
48.209233, -119.2245833
48.2135139, -119.2377886
48.231251, -119.2358269
48.2420026, -119.2343685
48.2471603, -119.2258381
48.2587582, -119.2162892
48.2645012, -119.2168946
48.2787646, -119.2279368
48.2831068, -119.2243155
48.2974959, -119.2302761
48.3014703, -119.2277141
48.3102393, -119.2259971
48.3186732, -119.2243067
48.326244, -119.2209936
48.3369406, -119.2179919
48.3447387, -119.2216285
48.354329, -119.2283665
48.36294609999999, -119.2263223
48.373783, -119.2258729
48.3824713, -119.2232279
48.3910327, -119.2251561
48.39897089999999, -119.2239059
48.4121293, -119.2340213
48.4216418, -119.2346392
48.4270793, -119.233413
48.430674, -119.2364104
48.43228879999999, -119.2383868
48.4744304, -119.2255962
48.4802126, -119.2279653
48.4905879, -119.2237068
48.4988613, -119.2265962
48.5081545, -119.2249197
48.5173356, -119.2335179
48.5214328, -119.2340242
48.5347848, -119.2144164
48.5473686, -119.225466
48.5528218, -119.2268657
48.5538257, -119.2288307
48.5752185, -119.2278143
48.5804748, -119.2261483
48.5902111, -119.2277943
48.5967447, -119.2200942
48.6061015, -119.2184681
48.6157165, -119.2260245
48.62292189999999, -119.229524
48.63445979999999, -119.226702
48.6440879, -119.2263574
48.6488588, -119.2202395
48.6652621, -119.2343523
48.669956, -119.2257249
48.6790771, -119.2260568
48.68630719999999, -119.2304341
48.6960132, -119.2238899
48.7010061, -119.2176637
48.718606, -119.224753
48.7246092, -119.2312572
48.7344787, -119.2214792
48.7391169, -119.2244422
48.7466465, -119.2296522
48.7616929, -119.2230969
48.76872350000001, -119.227977
48.775433, -119.2308722
48.791776, -119.2233919
48.7965002, -119.2254619
48.8006105, -119.2214257
48.8214621, -119.2258276
48.8214628, -119.2257019
48.8286478, -119.2278859
48.8415237, -119.2266983
48.8466984, -119.2221394
48.8591267, -119.2148844
48.8670975, -119.2168767
48.8823714, -119.2216259
48.8860021, -119.2258363
48.8920827, -119.2321253
48.9064577, -119.230969
48.9108757, -119.2248409
48.92565, -119.235241
48.9353103, -119.2315187
48.93904939999999, -119.2312544
48.9504606, -119.2280307
46.2135293, -119.2113725
46.2227325, -119.2122468
46.231276, -119.2120253
46.2367555, -119.2137466
46.24907690000001, -119.2117459
46.2580704, -119.2115464
46.2670715, -119.2117782
46.2760781, -119.21196
46.2849311, -119.2114996
46.2939981, -119.2206636
46.300182, -119.2120278
46.3136217, -119.2090685
46.3211686, -119.2122675
46.3300208, -119.2116988
46.334667, -119.210152
46.3479439, -119.1982465
46.3581604, -119.2120127
46.3631274, -119.2073193
46.3750785, -119.2120375
46.3832677, -119.2083705
46.3961123, -119.2161649
46.4003763, -119.2096651
46.4073754, -119.2165604
46.4163764, -119.2120982
46.42735099999999, -119.2102456
46.43813369999999, -119.2171631
46.44524510000001, -119.2120207
46.456133, -119.2165852
46.4650565, -119.2166045
46.4740909, -119.2166899
46.4831155, -119.2165656
46.4908685, -119.2120321
46.5002572, -119.2116942
46.50388299999999, -119.21346
46.5182198, -119.211727
46.5304385, -119.2119897
46.534215, -119.219357
46.5449754, -119.2095227
46.5592108, -119.218752
46.5622704, -119.2119778
46.5763855, -119.2119069
46.5820702, -119.2183629
46.5912209, -119.2120156
46.6000844, -119.2185321
46.6090727, -119.2080766
46.6201406, -119.211991
46.62707109999999, -119.2185403
46.63481669999999, -119.219135
46.6443074, -119.2179521
46.6540888, -119.2188523
46.6656468, -119.2140978
46.666076, -119.2120378
46.6877573, -119.2038266
46.6915464, -119.2101172
46.6955122, -119.2166498
46.70855599999999, -119.197153
46.7250966, -119.203722
46.7297045, -119.2162285
46.7326578, -119.2111182
46.7437997, -119.2121685
46.7546474, -119.2079988
46.7600597, -119.2120601
46.7710138, -119.2081031
46.78196310000001, -119.2120032
46.7911773, -119.2106304
46.79676629999999, -119.2120059
46.80725229999999, -119.2124267
46.8145215, -119.2120217
46.82609919999999, -119.2120201
46.82609919999999, -119.2119986
46.8380983, -119.1965625
46.86902080000001, -119.1954743
46.8780442, -119.2079747
46.8789983, -119.2120574
46.8872518, -119.211723
46.8927099, -119.2067175
46.9066602, -119.2078368
46.913408, -119.2059838
46.9237986, -119.2124205
46.9336393, -119.2085701
46.9409401, -119.2160795
46.9544684, -119.2199797
46.9573371, -119.2205568
46.9692147, -119.2120194
46.984065, -119.2133342
46.9842726, -119.2113717
46.9960609, -119.2160785
47.0048764, -119.2122565
47.0138397, -119.2120192
47.0230871, -119.2158973
47.0321102, -119.2158097
47.0431588, -119.2119713
47.0500945, -119.2155488
47.0577522, -119.2120364
47.0681151, -119.2152903
47.0771071, -119.2151873
47.0870275, -119.2120177
47.0957758, -119.2118812
47.1017558, -119.2031642
47.11618840000001, -119.2120415
47.1161887, -119.2119726
47.1308616, -119.2120198
47.1454483, -119.2119503
47.14909129999999, -119.2144031
47.15820679999999, -119.2143735
47.1599181, -119.2120361
47.1763415, -119.2121488
47.1893919, -119.2118735
47.1939162, -119.2106426
47.2028222, -119.2125867
47.212062, -119.2142056
47.221129, -119.2140012
47.2296534, -119.212564
47.2390896, -119.2133324
47.247482, -119.2120183
47.2570617, -119.2134108
47.266078, -119.2130453
47.2750924, -119.2129024
47.2842589, -119.2111074
47.2886713, -119.2072539
47.3062447, -119.2210406
47.3123932, -119.2170196
47.31993, -119.2107836
47.3291938, -119.2119046
47.33161399999999, -119.2165493
47.3317122, -119.2169154
47.3800879, -119.2345088
47.3802043, -119.2343868
47.3937138, -119.211231
47.3937363, -119.2118951
47.4064927, -119.2068383
47.4082467, -119.2121765
47.4082776, -119.2129539
47.4316612, -119.2100895
47.4323253, -119.2135283
47.44433919999999, -119.2050767
47.4548174, -119.2126475
47.4640629, -119.2136491
47.4668814, -119.2119646
47.49334810000001, -119.1938815
47.51030739999999, -119.1922927
47.5182946, -119.1923788
47.5398964, -119.2099857
47.5400022, -119.2111791
47.54011620000001, -119.2126972
47.5401215, -119.2127814
47.5698905, -119.2218411
47.5714165, -119.220741
47.5843094, -119.2147476
47.58606150000001, -119.2124886
47.6123777, -119.2120418
47.6123778, -119.2119913
47.6341076, -119.2114707
47.6344962, -119.2121793
47.6558229, -119.212024
47.6606995, -119.2111617
47.66203100000001, -119.2064213
47.6839344, -119.2122488
47.6847441, -119.2099281
47.6991822, -119.2120168
47.6991822, -119.212024
47.7161154, -119.2185294
47.7280976, -119.2120227
47.7287562, -119.2152478
47.7426412, -119.2002889
47.7543793, -119.220354
47.762147, -119.2149203
47.769067, -119.2092759
47.775988, -119.2036265
47.78289239999999, -119.1979732
47.8007192, -119.2285137
47.8063501, -119.228466
47.81963, -119.2229672
47.8241, -119.2229156
47.834909, -119.213995
47.838561, -119.2109834
47.8612172, -119.227488
47.87155749999999, -119.2228379
47.8787054, -119.2184835
47.888563, -119.213567
47.8954687, -119.2096769
47.9050057, -119.2072668
47.9104585, -119.2154032
47.9125472, -119.2193761
47.9141916, -119.2234719
47.9635876, -119.2264554
47.9649897, -119.221582
47.96639159999999, -119.2167083
47.9677961, -119.2118357
47.978143, -119.2107493
47.9860787, -119.2128282
47.9950779, -119.2128391
48.0040741, -119.2128507
48.0130736, -119.2128715
48.0220802, -119.2129016
48.0310802, -119.2128737
48.0400812, -119.2129468
48.0482166, -119.2135484
48.0560798, -119.2183137
48.0711968, -119.2007825
48.0784002, -119.2068612
48.082536, -119.2119813
48.0996388, -119.2119647
48.0996392, -119.2120505
48.12033570000001, -119.2184475
48.1225981, -119.2138095
48.1328162, -119.2139513
48.1420676, -119.2179796
48.142293, -119.2180167
48.1597355, -119.2105529
48.16734109999999, -119.2156079
48.17402389999999, -119.214941
48.1806802, -119.2222997
48.1937402, -119.2119212
48.20089480000001, -119.2197949
48.2112304, -119.2121677
48.2161568, -119.2074297
48.2181266, -119.2032362
48.2490599, -119.2164063
48.2496221, -119.2146916
48.2572069, -119.211612
48.26529910000001, -119.2140632
48.2710681, -119.2079434
48.28544429999999, -119.2147272
48.2914681, -119.2100301
48.30491989999999, -119.211108
48.31008019999999, -119.2112991
48.31731749999999, -119.2073556
48.3289827, -119.2143695
48.33670619999999, -119.2142555
48.34616140000001, -119.214509
48.3561621, -119.2105055
48.3647643, -119.213107
48.37608909999999, -119.2198302
48.38372460000001, -119.2076832
48.3912537, -119.2114281
48.3999518, -119.2117143
48.4080977, -119.2093151
48.4182427, -119.2103526
48.4284913, -119.208064
48.4326743, -119.2089215
48.43275, -119.2084036
48.4560885, -119.1812226
48.4773236, -119.2119757
48.4773236, -119.2120022
48.4812781, -119.2115991
48.4907305, -119.2168682
48.4995031, -119.2105635
48.5065452, -119.2242409
48.5105667, -119.2266323
48.5330355, -119.2133455
48.5350933, -119.2122047
48.5433554, -119.2101046
48.5547834, -119.2111143
48.5566912, -119.2089676
48.570817, -119.2125314
48.5773707, -119.2144722
48.5888577, -119.2125351
48.5996225, -119.2161371
48.6058123, -119.2105054
48.61286680000001, -119.2188952
48.6252186, -119.212784
48.63256819999999, -119.2073568
48.6412534, -119.212944
48.6531064, -119.2115511
48.662218, -119.208578
48.6682916, -119.2132805
48.6790516, -119.2116749
48.6880537, -119.2120231
48.69687039999999, -119.2124575
48.7027201, -119.211654
48.7181453, -119.2118041
48.7185005, -119.213737
48.7366187, -119.2135138
48.74153459999999, -119.208919
48.7503789, -119.207554
48.7593368, -119.2090786
48.7716473, -119.2158408
48.772915, -119.2057104
48.79012609999999, -119.2156336
48.79126549999999, -119.2168751
48.8069053, -119.2095817
48.8140289, -119.2089841
48.8237795, -119.2124791
48.8298437, -119.2036208
48.84770750000001, -119.2199831
48.85125850000001, -119.2159993
48.8590666, -119.2148838
48.86857269999999, -119.21652
48.8772325, -119.2151894
48.8852244, -119.2126054
48.8968451, -119.2053537
48.9036625, -119.2049718
48.9142659, -119.2117903
48.9202704, -119.2080078
48.92044629999999, -119.207698
48.9439251, -119.2210599
48.9512684, -119.2120328
46.2130808, -119.198998
46.2220754, -119.1980572
46.2320469, -119.1979338
46.24132669999999, -119.1970281
46.2490727, -119.1983121
46.25784549999999, -119.1982909
46.2671353, -119.2003153
46.2761035, -119.1983107
46.28535249999999, -119.1983105
46.29503, -119.1927108
46.3033481, -119.1977963
46.3141034, -119.2017133
46.3227561, -119.2072401
46.3291567, -119.1983193
46.3390808, -119.1984772
46.3480783, -119.1982437
46.3570764, -119.1980276
46.3660749, -119.1978613
46.3750873, -119.1978194
46.384082, -119.1981397
46.3930595, -119.1977911
46.4015014, -119.1989099
46.41106550000001, -119.1968592
46.420059, -119.1966606
46.4290549, -119.1964287
46.4380531, -119.1961954
46.4470319, -119.1959299
46.4560302, -119.1955878
46.465063, -119.1953855
46.4740639, -119.1952809
46.4830953, -119.1952925
46.4907484, -119.1983227
46.5010689, -119.1953314
46.5084195, -119.1938158
46.5199696, -119.1951471
46.5280673, -119.1951967
46.5339182, -119.1954573
46.5484807, -119.1982775
46.5553353, -119.1990738
46.5622009, -119.1983035
46.57435230000001, -119.2005417
46.5809553, -119.1952216
46.5911453, -119.1983105
46.5991009, -119.1912776
46.6056228, -119.1983136
46.6200513, -119.1982829
46.62773079999999, -119.1941032
46.63560649999999, -119.1993851
46.64562, -119.2010604
46.6548492, -119.2014705
46.6628411, -119.1973349
46.6658633, -119.2015968
46.6845114, -119.194257
46.6898767, -119.1979243
46.7041291, -119.1889544
46.7206556, -119.1935114
46.7285979, -119.1977338
46.7350675, -119.1975847
46.739781, -119.2023287
46.7527348, -119.198305
46.76739509999999, -119.1983473
46.7710801, -119.1974287
46.78007909999999, -119.1974354
46.7890729, -119.1973607
46.7968222, -119.1983232
46.8071144, -119.1972895
46.8159237, -119.1985826
46.8261137, -119.1983132
46.8340626, -119.1965994
46.8588518, -119.1859631
46.8641777, -119.1909233
46.8706389, -119.1971226
46.8817279, -119.2000292
46.8873669, -119.1979146
46.8971603, -119.1982182
46.9057531, -119.1953239
46.9140843, -119.192809
46.9235204, -119.1988409
46.9325887, -119.1966894
46.9417199, -119.207009
46.9519436, -119.2005909
46.9599688, -119.1949315
46.9671391, -119.1986193
46.9780717, -119.1979676
46.9847964, -119.1983123
46.9992565, -119.2053962
47.0023308, -119.2054513
47.0137832, -119.1983144
47.028448, -119.208241
47.0356526, -119.1942717
47.0430159, -119.1982673
47.0500654, -119.1940915
47.0597437, -119.197096
47.0680409, -119.1938672
47.0796335, -119.1982827
47.0860474, -119.1936551
47.0951295, -119.1983029
47.1021844, -119.1981412
47.1130601, -119.1934428
47.1220516, -119.1933458
47.1307851, -119.1983147
47.1400362, -119.1930961
47.1490359, -119.1929375
47.1599416, -119.1983149
47.1670595, -119.1927924
47.1760335, -119.1926994
47.1833379, -119.1965197
47.1941237, -119.1926283
47.2038574, -119.1982961
47.2120924, -119.1927839
47.2183417, -119.1983467
47.2328613, -119.1982551
47.2376507, -119.1925623
47.24769750000001, -119.1983219
47.2551852, -119.1930716
47.2633182, -119.1916012
47.268707, -119.2082568
47.2894553, -119.2056872
47.2933715, -119.1990596
47.2959245, -119.1961873
47.3165392, -119.2119621
47.3214064, -119.2104311
47.3285653, -119.2104187
47.329088, -119.2107664
47.3305954, -119.2134428
47.3932788, -119.1964299
47.3932971, -119.197029
47.3933154, -119.1976282
47.3933337, -119.1982273
47.4031082, -119.1956192
47.4050088, -119.1984666
47.4276565, -119.1937183
47.4287005, -119.1979782
47.4404603, -119.2053505
47.446753, -119.2038345
47.4496228, -119.2041073
47.4666566, -119.1984406
47.466667, -119.1979886
47.5181438, -119.1923752
47.5270703, -119.1924789
47.539407, -119.1980374
47.5394357, -119.1987944
47.5394657, -119.1995628
47.5708693, -119.1808454
47.5728545, -119.182735
47.583932, -119.185578
47.6123712, -119.1981813
47.6123716, -119.1982691
47.6170963, -119.1920748
47.6260831, -119.1919897
47.6340995, -119.1982977
47.64406779999999, -119.1921107
47.6558363, -119.1983166
47.6639749, -119.1994838
47.6710091, -119.1918161
47.680063, -119.1916686
47.6847431, -119.1983601
47.69913750000001, -119.1983019
47.7070799, -119.1914208
47.7160799, -119.1914226
47.728107, -119.1983152
47.7341067, -119.1913119
47.7426417, -119.1983157
47.74423789999999, -119.199998
47.7660536, -119.2117363
47.7729509, -119.2061046
47.7798721, -119.2004404
47.7867769, -119.1947946
47.7936862, -119.1891531
47.7994061, -119.1843808
47.8196607, -119.2229452
47.8315674, -119.2172178
47.8364638, -119.2114834
47.86808389999999, -119.2247254
47.8752955, -119.2209904
47.89061419999999, -119.2124247
47.89631, -119.190776
47.905797, -119.2062229
47.9089511, -119.2066251
47.928419, -119.174492
47.9355491, -119.170497
47.9683151, -119.2100358
47.9697225, -119.2051542
47.9711302, -119.2002592
47.9739235, -119.1965184
47.99168359999999, -119.1943685
47.9943056, -119.1991302
47.9981224, -119.202679
48.0129879, -119.2128703
48.022935, -119.184519
48.0311001, -119.2128736
48.0401153, -119.2129466
48.0474031, -119.2129466
48.061183, -119.191743
48.0675401, -119.1973801
48.0742553, -119.2033081
48.0803474, -119.2088248
48.0995715, -119.1982993
48.0995715, -119.1983185
48.11652230000001, -119.1878347
48.1226482, -119.1956386
48.1287175, -119.196436
48.1361098, -119.1973465
48.1484543, -119.1912695
48.1580555, -119.1983602
48.1658054, -119.1990978
48.17726889999999, -119.1943849
48.1841236, -119.1989839
48.1910258, -119.2018849
48.1938184, -119.2052763
48.2139084, -119.208728
48.21900489999999, -119.1981509
48.2190713, -119.1971481
48.25183639999999, -119.2092355
48.2537663, -119.1996481
48.2551645, -119.1967465
48.2717345, -119.206352
48.2762422, -119.2021236
48.2828276, -119.1979332
48.2920038, -119.1986598
48.30041300000001, -119.2024856
48.3096307, -119.1985408
48.3185177, -119.1946961
48.32649180000001, -119.1990478
48.34250249999999, -119.1940584
48.344884, -119.1994278
48.3555706, -119.19774
48.3685191, -119.2050098
48.3735893, -119.1992558
48.3822084, -119.1998772
48.38984259999999, -119.1947041
48.4015303, -119.2002984
48.4099859, -119.1953458
48.4168824, -119.1982867
48.42722180000001, -119.204319
48.433491, -119.2013054
48.4335393, -119.2016756
48.4635808, -119.1820831
48.4814187, -119.1955098
48.48207679999999, -119.1975371
48.4913064, -119.198206
48.4990805, -119.1983069
48.5090476, -119.1967043
48.5116241, -119.1945683
48.53305959999999, -119.2131815
48.5426232, -119.1996309
48.5438998, -119.1979305
48.551454, -119.19832
48.5586633, -119.199978
48.5727674, -119.1963754
48.57972729999999, -119.1951786
48.5892553, -119.1995564
48.59559489999999, -119.1941148
48.6115928, -119.2028181
48.6156409, -119.197373
48.62304169999999, -119.1913296
48.6344224, -119.1980904
48.6391289, -119.193755
48.651475, -119.1977313
48.6614242, -119.1982061
48.664476, -119.2047927
48.6779918, -119.2097417
48.6916447, -119.1991416
48.6951093, -119.198023
48.7032481, -119.1989652
48.7190586, -119.1997878
48.7254594, -119.195731
48.7326676, -119.1970957
48.7444987, -119.2014966
48.7503582, -119.198779
48.7575429, -119.195979
48.7670548, -119.2032601
48.7809185, -119.1949242
48.7864079, -119.1991045
48.7964062, -119.1971629
48.8041255, -119.1993069
48.8103842, -119.1942723
48.8266863, -119.1969363
48.8323943, -119.1996129
48.8388678, -119.195159
48.8500557, -119.200999
48.85468789999999, -119.201918
48.8698691, -119.2161777
48.880047, -119.2069733
48.8922587, -119.2024821
48.8951229, -119.202029
48.9049243, -119.2041302
48.9130859, -119.1983252
48.9206142, -119.2066693
48.9303897, -119.1901797
48.9413681, -119.1932074
48.9529726, -119.198921
46.21315930000001, -119.1836792
46.2220997, -119.1857027
46.2291988, -119.18566
46.24010939999999, -119.1846335
46.2489624, -119.1846066
46.257903, -119.18299
46.2671484, -119.1846023
46.275874, -119.1857884
46.2852391, -119.1846028
46.2927966, -119.1846168
46.300144, -119.1846118
46.3121076, -119.1887967
46.32060370000001, -119.1871127
46.3291027, -119.1846106
46.3389747, -119.177671
46.3521485, -119.1845206
46.3580161, -119.1845856
46.3638275, -119.1853725
46.3724959, -119.1846613
46.3870425, -119.1845346
46.3956191, -119.1883829
46.3982565, -119.1835907
46.4161424, -119.1845388
46.4161431, -119.1846551
46.4306833, -119.1845918
46.4376813, -119.1752264
46.4452133, -119.1846099
46.45974140000001, -119.1846074
46.45974140000001, -119.1845995
46.4762999, -119.1839697
46.4830776, -119.1848081
46.4920792, -119.1849196
46.497929, -119.1856238
46.5093664, -119.1853412
46.5197042, -119.1846151
46.5338131, -119.1844701
46.53381539999999, -119.1846805
46.5471224, -119.1864607
46.5502533, -119.1867236
46.5621985, -119.1846052
46.5722388, -119.1832472
46.5820763, -119.1818431
46.59066079999999, -119.1841868
46.6007039, -119.1894207
46.6094093, -119.1815646
46.6200094, -119.1846109
46.62701200000001, -119.1764834
46.6362031, -119.1764473
46.6442504, -119.1834972
46.654103, -119.1768673
46.6641207, -119.1846303
46.6719359, -119.1766131
46.6799753, -119.1860379
46.69020279999999, -119.176297
46.699096, -119.1763173
46.70838149999999, -119.1845946
46.7197575, -119.1840308
46.7250331, -119.1852954
46.7362606, -119.1854034
46.7440927, -119.176434
46.7528207, -119.1846044
46.7628005, -119.1802183
46.7675077, -119.18453
46.7820049, -119.1846671
46.7870438, -119.1825811
46.796769, -119.1846166
46.8046391, -119.183882
46.8166634, -119.1851951
46.8259628, -119.1846057
46.8334583, -119.1802282
46.84084230000001, -119.1786812
46.8558932, -119.1805848
46.8599876, -119.1871324
46.8688152, -119.1882615
46.8839934, -119.1902971
46.886575, -119.1842991
46.9015983, -119.1883944
46.9050751, -119.1868624
46.91455149999999, -119.185269
46.9243141, -119.1817581
46.9330953, -119.1844676
46.9415176, -119.1885003
46.94979439999999, -119.1845294
46.9614049, -119.1856736
46.9686567, -119.1829994
46.9726372, -119.1813687
46.98477, -119.1846233
46.991634, -119.1716077
47.0137128, -119.1845202
47.0137132, -119.1846078
47.0137136, -119.1846953
47.03566199999999, -119.1773673
47.0429446, -119.1845923
47.0497103, -119.1852788
47.0575621, -119.1846281
47.0677204, -119.1846529
47.0795448, -119.1845532
47.0861411, -119.1936537
47.0939709, -119.1848208
47.10141580000001, -119.1846359
47.1157359, -119.1853158
47.1221278, -119.1933449
47.13067239999999, -119.1846122
47.1401492, -119.1930941
47.152579, -119.1845309
47.1598555, -119.1845618
47.1671083, -119.192792
47.174493, -119.1846305
47.1890442, -119.1845824
47.1890443, -119.1846318
47.2037449, -119.1845835
47.2120596, -119.1927837
47.2183425, -119.1910809
47.23273140000001, -119.1845414
47.23908, -119.1847571
47.2482738, -119.1861412
47.2532121, -119.1817889
47.2648027, -119.1843158
47.2649194, -119.183287
47.2927243, -119.1944567
47.2975808, -119.1870313
47.2982615, -119.1848752
47.3228709, -119.2100823
47.3276947, -119.2103282
47.3289661, -119.2106027
47.3305243, -119.2132959
47.3931652, -119.1922277
47.3933733, -119.1918884
47.403146, -119.1846893
47.4031526, -119.1843414
47.4246857, -119.1816025
47.4257296, -119.1858621
47.4401398, -119.1732848
47.4665464, -119.1843194
47.46654900000001, -119.1845429
47.4665515, -119.1847663
47.4810733, -119.1846223
47.4955497, -119.1844573
47.4955542, -119.1847528
47.51013709999999, -119.1845728
47.5179947, -119.1923717
47.52459229999999, -119.1846681
47.5390969, -119.1845255
47.5390997, -119.1847601
47.5534819, -119.1706153
47.5697291, -119.1791074
47.5727481, -119.1826925
47.5844716, -119.1837193
47.6123293, -119.1845471
47.6123294, -119.1845859
47.6123295, -119.1846247
47.6260746, -119.1919897
47.6350899, -119.1920284
47.64409300000001, -119.1921106
47.6558473, -119.1846084
47.6621444, -119.1919609
47.6681773, -119.18281
47.6846799, -119.1847514
47.6846904, -119.1843513
47.6991952, -119.1846123
47.7070786, -119.1914208
47.7160786, -119.1914226
47.728109, -119.1846142
47.73405289999999, -119.1913115
47.7426006, -119.1846053
47.7548919, -119.1755443
47.7624649, -119.1755984
47.7837365, -119.1972808
47.7906454, -119.1916481
47.7975812, -119.1859716
47.80215519999999, -119.1798322
47.8057373, -119.1732483
47.8080712, -119.1688353
47.836541, -119.211443
47.838418, -119.2109261
47.859578, -119.1447065
47.8935295, -119.1862754
47.8960569, -119.1845631
47.9008045, -119.1776926
47.916562, -119.172744
47.92422740000001, -119.1738122
47.930276, -119.173638
47.9376353, -119.1696057
47.93796, -119.169333
47.9730426, -119.1935873
47.9744511, -119.1887035
47.9757734, -119.1839478
47.9906916, -119.183798
47.9909179, -119.1849541
47.99185629999999, -119.1908575
48.0196194, -119.1842844
48.02208419999999, -119.1843793
48.02373499999999, -119.184587
48.0435585, -119.1783552
48.0502269, -119.1813575
48.057045, -119.187358
48.063495, -119.192898
48.0703386, -119.2000769
48.0880988, -119.1651858
48.0995674, -119.1923942
48.1042699, -119.1849842
48.114753, -119.1845
48.1214178, -119.1876133
48.1328785, -119.1864491
48.1389514, -119.1842348
48.1459736, -119.1901633
48.1583015, -119.1881949
48.1668913, -119.1875721
48.1735942, -119.1898239
48.1870256, -119.1738455
48.1975384, -119.1762739
48.1989068, -119.1771319
48.2151656, -119.1850686
48.21867899999999, -119.1877556
48.21930769999999, -119.1893257
48.2286587, -119.1634872
48.2554076, -119.1858993
48.255779, -119.1844272
48.2706788, -119.1849363
48.2732839, -119.1868414
48.2823979, -119.188042
48.29243109999999, -119.1855363
48.2997677, -119.1840758
48.3109561, -119.1891748
48.317175, -119.1805206
48.3271591, -119.181257
48.33708799999999, -119.1845974
48.3461005, -119.1845673
48.35118929999999, -119.191298
48.3549254, -119.1965704
48.3767421, -119.1931671
48.3798779, -119.1911927
48.3933917, -119.190259
48.4002343, -119.1846097
48.4139908, -119.1877604
48.4178765, -119.1830993
48.4278898, -119.1885196
48.430679, -119.187721
48.44686850000001, -119.1743453
48.4643856, -119.1813876
48.48406240000001, -119.1847739
48.4931575, -119.1874194
48.4968358, -119.1870562
48.5069674, -119.185102
48.51008239999999, -119.1880718
48.5242416, -119.1646801
48.5399515, -119.1821653
48.5446056, -119.1857162
48.5532207, -119.1843249
48.5624551, -119.1802814
48.57294, -119.1821905
48.5793031, -119.1879454
48.5885433, -119.1847232
48.598082, -119.1846191
48.60697469999999, -119.1844558
48.6174946, -119.1799013
48.6246697, -119.1827686
48.6358665, -119.1797131
48.6413851, -119.1870748
48.65128139999999, -119.1860674
48.6605761, -119.1857491
48.6627962, -119.1844595
48.68484790000001, -119.1797509
48.6880451, -119.1847971
48.696779, -119.1873575
48.7045889, -119.1845742
48.7212509, -119.1882335
48.7255382, -119.184335
48.7337336, -119.1857656
48.7416303, -119.1845623
48.7501346, -119.1909281
48.7601734, -119.1896539
48.76882149999999, -119.1835025
48.7757181, -119.1894081
48.7880108, -119.1862093
48.7933738, -119.1812842
48.8075032, -119.180772
48.810673, -119.1869884
48.82308399999999, -119.1872833
48.8312341, -119.184603
48.8458499, -119.1845463
48.8515477, -119.1873833
48.85389259999999, -119.1832104
48.86817720000001, -119.1652843
48.8781971, -119.1652721
48.8857137, -119.1654157
48.9000218, -119.1706082
48.9080506, -119.188799
48.91448339999999, -119.1853856
48.9220781, -119.1868775
48.9296043, -119.188102
48.9401977, -119.1847719
48.9491076, -119.1862948
46.2130732, -119.1708974
46.2222944, -119.1708472
46.23442499999999, -119.1700262
46.2400607, -119.1698541
46.2489205, -119.1708999
46.2582957, -119.1707591
46.2671175, -119.1731585
46.2760831, -119.1713498
46.2852793, -119.1709024
46.3001262, -119.1708804
46.3001263, -119.1709059
46.3110049, -119.1709072
46.3145599, -119.1708855
46.3290842, -119.1708969
46.3391812, -119.1776645
46.3481427, -119.1774329
46.3579871, -119.1709074
46.3641563, -119.1771908
46.3724577, -119.1708542
46.3844113, -119.1720701
46.3905116, -119.1669199
46.40214030000001, -119.1762136
46.41114959999999, -119.175968
46.4199989, -119.1652957
46.4306601, -119.1709056
46.4379232, -119.1708947
46.4452052, -119.1708933
46.4597487, -119.1709071
46.4650817, -119.1742008
46.4740775, -119.1742036
46.4831405, -119.1636366
46.4906561, -119.1709083
46.50108789999999, -119.1638459
46.5100231, -119.1637744
46.5198238, -119.1710984
46.53191289999999, -119.1699022
46.5357213, -119.1690154
46.5482085, -119.1708288
46.5523311, -119.1679096
46.5621887, -119.1709048
46.5767232, -119.1708499
46.5794641, -119.167699
46.5911555, -119.1708959
46.6000653, -119.1767297
46.6047562, -119.1781696
46.61973800000001, -119.1771003
46.6271254, -119.1764814
46.6356014, -119.1709049
46.6477784, -119.1717981
46.6537393, -119.1696572
46.6651913, -119.1709633
46.6718387, -119.1711781
46.68085809999999, -119.167004
46.6936739, -119.1708975
46.6990682, -119.1763171
46.7106082, -119.1710632
46.7202014, -119.1734856
46.72723149999999, -119.1734131
46.7323212, -119.171861
46.74404939999999, -119.1764337
46.7540135, -119.1718227
46.7616686, -119.171632
46.7711595, -119.1707405
46.78224360000001, -119.170993
46.7886051, -119.1708809
46.7968412, -119.1708605
46.8070639, -119.1729871
46.81607899999999, -119.1707182
46.8251114, -119.1708979
46.8334683, -119.1708932
46.8408472, -119.1709244
46.85167819999999, -119.1708975
46.864353, -119.1729801
46.8701234, -119.1714095
46.87894480000001, -119.1695827
46.8879458, -119.1686414
46.896076, -119.1672447
46.904736, -119.1741597
46.915206, -119.1716519
46.9218672, -119.1767987
46.9331241, -119.170976
46.9411627, -119.1712673
46.94960709999999, -119.1701966
46.9603665, -119.1738571
46.96807, -119.1686476
46.9851848, -119.1709331
46.9878716, -119.1733431
46.9918738, -119.1709583
47.01365, -119.1708119
47.0136504, -119.1709018
47.0287577, -119.1606112
47.034201, -119.167014
47.0428902, -119.1709044
47.0501025, -119.1726995
47.05908489999999, -119.1725368
47.0680887, -119.1724541
47.0770845, -119.1723612
47.08676819999999, -119.1708892
47.0950802, -119.1723125
47.1040838, -119.1722809
47.113088, -119.1721805
47.1220836, -119.1720932
47.13052949999999, -119.1709144
47.14008459999999, -119.1719314
47.149086, -119.1718069
47.1580848, -119.1716575
47.1670806, -119.1715014
47.1743861, -119.1709717
47.189038, -119.1821647
47.2034575, -119.1708929
47.2180267, -119.1707175
47.2183794, -119.1719356
47.2325846, -119.1708596
47.2390815, -119.1716547
47.2471877, -119.171586
47.2633782, -119.1696451
47.2650543, -119.1719633
47.2650651, -119.172041
47.2980183, -119.174847
47.2980825, -119.1745665
47.3013752, -119.1688242
47.3049219, -119.1664854
47.3288377, -119.2105073
47.3348581, -119.1286042
47.3932166, -119.1920912
47.3932887, -119.1919628
47.4033409, -119.1778349
47.4043627, -119.1759028
47.4101114, -119.1710972
47.4170819, -119.1696503
47.42404, -119.1714379
47.4394433, -119.1702347
47.4663922, -119.1706221
47.4663947, -119.1708411
47.46639709999999, -119.1710602
47.4808887, -119.1709388
47.49538279999999, -119.1707895
47.5000791, -119.1708228
47.509079, -119.1708353
47.518079, -119.1708804
47.5244309, -119.1709663
47.5389578, -119.1708378
47.5389596, -119.1710244
47.56749749999999, -119.1709011
47.5722956, -119.1723589
47.579973, -119.1764469
47.586823, -119.1766425
47.589593, -119.160095
47.612305, -119.1708808
47.6123051, -119.1709164
47.6123051, -119.1709521
47.6351112, -119.1920283
47.65583460000001, -119.170725
47.65583549999999, -119.1708571
47.65583640000001, -119.1709891
47.6714521, -119.1711281
47.6847963, -119.1709737
47.6847974, -119.1708283
47.6991406, -119.1708821
47.7070777, -119.1700612
47.71607770000001, -119.170031
47.7250753, -119.1699921
47.7340756, -119.1699189
47.742579, -119.1709001
47.7525164, -119.1705765
47.7613322, -119.1709798
47.7700736, -119.1695753
47.7790796, -119.1695377
47.7880714, -119.1694975
47.7972128, -119.1691955
47.80664700000001, -119.1715837
47.8116661, -119.1621058
47.8142106, -119.1594972
47.8333603, -119.1480331
47.8420589, -119.1479578
47.8471415, -119.1478616
47.8938638, -119.1852242
47.8942158, -119.1846164
47.9021354, -119.1737044
47.90508639999999, -119.1690175
47.9140864, -119.1710182
47.921924, -119.170443
47.9320014, -119.171906
47.93798899999999, -119.169234
47.94345999999999, -119.161217
47.96567, -119.162209
47.9753226, -119.1712422
47.98634, -119.1640219
47.9911344, -119.1711101
48.001427, -119.16354
48.01861599999999, -119.171204
48.020169, -119.168173
48.0397575, -119.1667163
48.0402822, -119.1708485
48.048603, -119.180337
48.06363, -119.158776
48.067147, -119.158737
48.07461, -119.159892
48.08477509999999, -119.16388
48.0939474, -119.1627883
48.1041892, -119.1681163
48.11203880000001, -119.1711553
48.1147758, -119.1727621
48.13560409999999, -119.1784814
48.1389281, -119.1708022
48.1514472, -119.1758568
48.1570195, -119.1710179
48.1662701, -119.1692751
48.1737507, -119.167708
48.1847409, -119.1692622
48.193101, -119.1705871
48.2021482, -119.1710962
48.2111621, -119.1699965
48.21891249999999, -119.1685594
48.2284249, -119.1636331
48.2304445, -119.1616721
48.25679179999999, -119.1761514
48.25702, -119.1754901
48.2664287, -119.1723576
48.2741845, -119.1764764
48.2758198, -119.1772506
48.2993316, -119.1754598
48.3013596, -119.1717857
48.3102254, -119.1719127
48.3193608, -119.1703893
48.33002219999999, -119.1751962
48.3372805, -119.1707307
48.34612060000001, -119.1642369
48.3492481, -119.1605375
48.3523368, -119.1570689
48.3796966, -119.1913257
48.4005039, -119.176312
48.4025543, -119.1720525
48.41199, -119.1690532
48.4181621, -119.171517
48.43064589999999, -119.1713486
48.4359917, -119.1708613
48.4452845, -119.1691699
48.4536891, -119.1662086
48.4630708, -119.1708155
48.46676739999999, -119.1746884
48.4819582, -119.1711651
48.4909906, -119.1696397
48.4977263, -119.1737232
48.5078544, -119.1720381
48.5157676, -119.1675836
48.524543, -119.164605
48.5367142, -119.1710396
48.5389794, -119.1708773
48.5528724, -119.1707226
48.5586206, -119.1672835
48.570744, -119.1762013
48.5803854, -119.1727456
48.5884181, -119.1681306
48.5978437, -119.1706007
48.6078507, -119.1643372
48.61669269999999, -119.1777613
48.625291, -119.1714836
48.6335205, -119.1739946
48.6414494, -119.1751092
48.64685919999999, -119.1805376
48.6647933, -119.1746922
48.6698438, -119.1713534
48.6783255, -119.1714099
48.6840157, -119.1758403
48.70215760000001, -119.1742491
48.7035875, -119.1694717
48.7188702, -119.167041
48.7244083, -119.1707793
48.7301131, -119.1726673
48.7422428, -119.1762468
48.7428255, -119.1766846
48.768346, -119.1839471
48.7695319, -119.1832448
48.7733941, -119.1846501
48.7907218, -119.178504
48.7960984, -119.1710221
48.8038244, -119.1709329
48.8154736, -119.1609649
48.82500599999999, -119.1707969
48.8318397, -119.1733278
48.8446832, -119.1756896
48.8555629, -119.1747394
48.8586514, -119.1670034
48.8681107, -119.1652834
48.87801040000001, -119.1652231
48.8858646, -119.1654021
48.89910219999999, -119.1687326
48.9037839, -119.1709429
48.911421, -119.1747133
48.9203616, -119.1672403
48.9349781, -119.1737164
48.9360109, -119.1734502
48.9539681, -119.1702361
46.2130595, -119.1572182
46.2215975, -119.1574408
46.2317763, -119.1571611
46.238902, -119.1566351
46.248883, -119.1571929
46.2580326, -119.1572208
46.2667308, -119.1571938
46.2757911, -119.1571927
46.2850848, -119.1581045
46.29236359999999, -119.1554529
46.3030793, -119.1574276
46.31207999999999, -119.1572523
46.3210788, -119.1571359
46.3290805, -119.1571956
46.34359509999999, -119.1562008
46.3480753, -119.1565207
46.3570747, -119.156416
46.3660729, -119.1562898
46.3750852, -119.1562309
46.38408279999999, -119.1563646
46.3930452, -119.1560423
46.402053, -119.1554814
46.411049, -119.1551948
46.4161722, -119.1571375
46.4307035, -119.1572021
46.4381928, -119.1646948
46.4452426, -119.1571787
46.4559758, -119.1533925
46.4650615, -119.1530345
46.4760962, -119.1571328
46.4830248, -119.1636346
46.4905992, -119.1572039
46.5010981, -119.1531349
46.5124216, -119.1571431
46.51978039999999, -119.1571897
46.5334994, -119.157051
46.5370927, -119.1532634
46.54804679999999, -119.1576548
46.5559266, -119.1648631
46.5621778, -119.1571979
46.5766377, -119.1571433
46.5828751, -119.1575698
46.5910136, -119.1571918
46.5970001, -119.1505926
46.5982692, -119.1491692
46.6205748, -119.1767125
46.6355848, -119.168649
46.646414, -119.164486
46.6566733, -119.1681257
46.6650879, -119.1636092
46.6725225, -119.1593519
46.675944, -119.1560781
46.6900957, -119.1633684
46.69348069999999, -119.1639805
46.7085266, -119.1572059
46.7247272, -119.1561862
46.7251161, -119.1577127
46.7352133, -119.160373
46.7459415, -119.1605553
46.752402, -119.1578417
46.7609758, -119.1589372
46.7704896, -119.158272
46.7800316, -119.1547327
46.7890857, -119.154668
46.797059, -119.1571543
46.8070896, -119.154767
46.8161051, -119.1571767
46.82513489999999, -119.1571917
46.833507, -119.1571799
46.8430603, -119.1542423
46.8520595, -119.1541199
46.8616606, -119.1568284
46.8698741, -119.1571829
46.8783809, -119.1595648
46.888082, -119.1542705
46.8970926, -119.1543626
46.9060553, -119.1543757
46.9122304, -119.1565974
46.9240589, -119.1532406
46.9326741, -119.1578064
46.9417272, -119.1571623
46.9517026, -119.1528423
46.961354, -119.1586092
46.9690877, -119.1575723
46.9810131, -119.1590398
46.9867875, -119.1594911
46.9943353, -119.1585346
46.9996051, -119.1477005
47.0136048, -119.1571939
47.0241635, -119.1552053
47.02833469999999, -119.1571825
47.04292119999999, -119.1572034
47.0429214, -119.1571413
47.0574532, -119.157193
47.0680406, -119.1510975
47.0770469, -119.1509621
47.0866943, -119.1571841
47.0940458, -119.156107
47.10128049999999, -119.1571984
47.115829, -119.1571498
47.11583, -119.1572837
47.1304038, -119.1572038
47.1400478, -119.1505879
47.1449505, -119.1572814
47.15801339999999, -119.1502856
47.1743172, -119.157114
47.1743177, -119.1572094
47.1851056, -119.1502906
47.1914203, -119.1571536
47.20338, -119.157187
47.21206309999999, -119.1503698
47.2178711, -119.1572692
47.2324565, -119.1571412
47.239066, -119.1502641
47.2469087, -119.1572175
47.26289879999999, -119.1619985
47.2989001, -119.1564658
47.2989024, -119.1565075
47.2989335, -119.1573508
47.4035159, -119.1772953
47.4043602, -119.1759063
47.4076358, -119.1722212
47.4187168, -119.1554787
47.4189048, -119.1572438
47.4232092, -119.154929
47.4362832, -119.1570463
47.4462071, -119.1492629
47.45507019999999, -119.1493274
47.4661886, -119.1571598
47.4730699, -119.1493944
47.4807482, -119.1572274
47.4952501, -119.1571425
47.4952507, -119.1572465
47.5098405, -119.1572396
47.5180543, -119.1494993
47.5242908, -119.1572433
47.5388274, -119.157133
47.5450856, -119.1494538
47.5533317, -119.1572143
47.56788700000001, -119.1570774
47.5678893, -119.1572894
47.581094, -119.1493159
47.5896203, -119.1571813
47.5990671, -119.1493848
47.61228209999999, -119.1571648
47.6122822, -119.1572203
47.62606479999999, -119.14912
47.6350752, -119.149099
47.6440354, -119.148981
47.655759, -119.1571574
47.6620662, -119.148934
47.6747267, -119.1594433
47.6760534, -119.1547047
47.68477499999999, -119.1572106
47.699155, -119.1571942
47.7070909, -119.1485356
47.7159315, -119.1485728
47.7281226, -119.1571864
47.7340505, -119.148483
47.7429876, -119.1483614
47.7519939, -119.1481762
47.7589859, -119.1509271
47.771606, -119.1572197
47.7790392, -119.1479564
47.7863411, -119.1572354
47.7945135, -119.1592088
47.81009479999999, -119.1636812
47.81494379999999, -119.157118
47.8194102, -119.1492288
47.8420704, -119.1479578
47.8481694, -119.1472805
47.9025413, -119.1652708
47.9052213, -119.1569558
47.90778, -119.1535762
47.920961, -119.169842
47.938472, -119.1670297
47.9433378, -119.1613644
47.9494706, -119.1555708
47.9599071, -119.1506666
47.9685198, -119.1562499
47.9754471, -119.1571141
47.9906284, -119.1571883
47.994755, -119.163696
48.0046439, -119.1581207
48.013023, -119.153323
48.0208903, -119.1572548
48.035564, -119.151994
48.0396417, -119.1574764
48.049082, -119.1479291
48.0633945, -119.1572365
48.0665299, -119.1578289
48.0760561, -119.1572091
48.0850862, -119.1586496
48.0949317, -119.162511
48.1030303, -119.1665316
48.1139729, -119.1572021
48.1211962, -119.1571917
48.1297118, -119.1563332
48.1420574, -119.1639005
48.1466674, -119.1546747
48.1561921, -119.1702657
48.1710287, -119.1525291
48.1749571, -119.1571729
48.1810453, -119.1588477
48.192621, -119.1582083
48.202682, -119.1568097
48.2115198, -119.1544478
48.2181604, -119.1536578
48.229281, -119.1565897
48.2355287, -119.1514622
48.2456997, -119.1423352
48.26232479999999, -119.1660367
48.2662195, -119.1629777
48.2751634, -119.1605143
48.2799542, -119.1546172
48.286117, -119.14904
48.3040533, -119.1703229
48.3136906, -119.1516991
48.3182488, -119.1563057
48.3276419, -119.1577292
48.3369333, -119.159759
48.3486197, -119.1613725
48.35427199999999, -119.1538333
48.3636743, -119.1467298
48.36911019999999, -119.1432007
48.39104520000001, -119.1516746
48.3917952, -119.1528513
48.4002266, -119.1573984
48.4084676, -119.1559787
48.41758230000001, -119.1538272
48.42696400000001, -119.1568741
48.4359475, -119.1564946
48.4402423, -119.1566312
48.4582035, -119.1589574
48.46250089999999, -119.1584666
48.4720574, -119.1578755
48.4796775, -119.1556606
48.4887345, -119.1639293
48.493694, -119.1664469
48.5112646, -119.1676924
48.5175373, -119.1638469
48.525558, -119.1636969
48.5383887, -119.1581845
48.5420032, -119.1570025
48.5523786, -119.1565203
48.5607264, -119.1532251
48.5646717, -119.151172
48.5815265, -119.1723274
48.590965, -119.1574538
48.5996716, -119.1636387
48.6063068, -119.1634223
48.6154761, -119.1574724
48.6250407, -119.157233
48.6337359, -119.1574369
48.6361675, -119.1501049
48.6442801, -119.1776115
48.6668214, -119.1707998
48.6746103, -119.1623595
48.6773963, -119.1545411
48.6787335, -119.1520771
48.700063, -119.156379
48.7060823, -119.1571714
48.7151246, -119.1520516
48.7232309, -119.1536496
48.729135, -119.1530903
48.7396138, -119.140454
48.74268730000001, -119.1763775
48.7686764, -119.1835806
48.77312420000001, -119.184519
48.7952812, -119.171353
48.79840170000001, -119.1699984
48.8036941, -119.1661792
48.823785, -119.1572306
48.8350276, -119.1648104
48.835488, -119.1653866
48.8553943, -119.1641431
48.8571446, -119.1569405
48.8715749, -119.1590698
48.8751015, -119.1518353
48.8883855, -119.1630436
48.8943822, -119.162486
48.9037433, -119.1572966
48.90401019999999, -119.1594269
48.9245554, -119.1607819
48.9354855, -119.1572441
48.9410596, -119.1585751
48.9485398, -119.1570303
46.2139777, -119.1424378
46.2221149, -119.1434344
46.2314856, -119.1434003
46.2400817, -119.1435953
46.24880599999999, -119.1434855
46.2560648, -119.1435035
46.2670855, -119.1440028
46.2760766, -119.1431029
46.2804739, -119.1432953
46.2941019, -119.1444547
46.3000972, -119.1434997
46.31455769999999, -119.1434646
46.314558, -119.1435351
46.3290879, -119.1434829
46.3435783, -119.1434998
46.3435783, -119.1434682
46.3580957, -119.1434895
46.37261300000001, -119.1434877
46.37261300000001, -119.1434826
46.3813778, -119.1419065
46.3872174, -119.1434015
46.401762, -119.1434854
46.4144015, -119.1447007
46.4162493, -119.1434413
46.4307576, -119.1435059
46.4380853, -119.1438052
46.4470769, -119.1434052
46.4524918, -119.1434857
46.465127, -119.1434288
46.4759473, -119.143446
46.4829295, -119.1425117
46.49054049999999, -119.143691
46.5013692, -119.1424548
46.5093774, -119.1460096
46.5194102, -119.1434579
46.5281069, -119.1435303
46.5337354, -119.1383693
46.5477622, -119.1434322
46.562162, -119.1434811
46.562162, -119.1434848
46.5765553, -119.1434561
46.5837144, -119.1384889
46.5910022, -119.1434838
46.5975926, -119.1468742
46.5983461, -119.1480932
46.6277866, -119.1243726
46.6361668, -119.1243846
46.6424832, -119.1244001
46.66489869999999, -119.138742
46.6655763, -119.1404375
46.6701918, -119.1465552
46.6751537, -119.1524809
46.69013409999999, -119.1633681
46.7051845, -119.1463108
46.707822, -119.1476736
46.7084229, -119.148397
46.7330625, -119.1457999
46.73508690000001, -119.1432655
46.7447001, -119.1428906
46.7528176, -119.143732
46.7602646, -119.1367885
46.7736736, -119.1458016
46.7824094, -119.1434427
46.794179, -119.1474348
46.7980771, -119.144533
46.8070771, -119.1445674
46.8188164, -119.14356
46.8262538, -119.1434944
46.8318021, -119.1440211
46.8408634, -119.1434537
46.8554351, -119.143534
46.8554362, -119.1433751
46.8699819, -119.1434849
46.8790791, -119.14371
46.8844422, -119.1434148
46.8969487, -119.1443187
46.9050587, -119.1402757
46.9122233, -119.1434888
46.9267332, -119.1434279
46.9330416, -119.1422607
46.9412913, -119.1440918
46.951084, -119.143582
46.9540585, -119.1471331
46.9701733, -119.1435185
46.9846255, -119.1434765
46.9846255, -119.1434868
46.993305, -119.143768
47.00867890000001, -119.1369933
47.0141321, -119.1433866
47.0195806, -119.1498128
47.02869399999999, -119.1504097
47.0415865, -119.1433075
47.043985, -119.142892
47.05751129999999, -119.1434571
47.06812739999999, -119.1510963
47.077118, -119.1509613
47.08662469999999, -119.1434777
47.0957587, -119.1437525
47.1006475, -119.1391101
47.1157143, -119.1417572
47.130273, -119.1435026
47.1448505, -119.1434387
47.1448509, -119.1435241
47.158144, -119.1502829
47.159517, -119.1502905
47.1774712, -119.150282
47.18852529999999, -119.1431781
47.1940763, -119.1503676
47.2032819, -119.1434806
47.2120955, -119.1503696
47.2177787, -119.1435343
47.2258536, -119.1459975
47.23909219999999, -119.150264
47.2468792, -119.1434797
47.2571459, -119.1293302
47.2621391, -119.1293463
47.2622379, -119.1292348
47.2988395, -119.1491235
47.3201997, -119.1279982
47.3977013, -119.1033008
47.4057504, -119.1161943
47.40727099999999, -119.1185557
47.4185071, -119.142981
47.4185105, -119.1432407
47.4185129, -119.1434943
47.4289773, -119.1406942
47.4375435, -119.1434338
47.4459861, -119.1492551
47.45143239999999, -119.1435794
47.46596, -119.1433973
47.4730862, -119.1493943
47.48055, -119.1435216
47.4951711, -119.1434255
47.5000678, -119.1495041
47.5090114, -119.1495298
47.5180987, -119.149499
47.5241696, -119.1435503
47.5386889, -119.1434186
47.54507419999999, -119.1494538
47.5531595, -119.1435029
47.5630938, -119.1494048
47.5721298, -119.1493425
47.5810682, -119.1493158
47.5900956, -119.1492963
47.5990884, -119.1493847
47.6081195, -119.1492619
47.6171043, -119.1491707
47.6260892, -119.1491199
47.635082, -119.149099
47.64410849999999, -119.1489802
47.6557167, -119.1434883
47.66208779999999, -119.1489339
47.6702745, -119.1434851
47.6793224, -119.1430162
47.6876885, -119.1486398
47.6991343, -119.1434931
47.7070724, -119.1485355
47.7161662, -119.1485639
47.7258758, -119.1395737
47.7340956, -119.1484827
47.7431297, -119.1483582
47.7521235, -119.1481735
47.763853, -119.143066
47.7715863, -119.1434934
47.7777279, -119.1396869
47.786406, -119.1434737
47.7936162, -119.147961
47.8159631, -119.1541729
47.8188679, -119.149935
47.8225202, -119.142193
47.8323251, -119.1440684
47.842049, -119.142261
47.851085, -119.143539
47.8593377, -119.1442347
47.8635496, -119.1295091
47.90510030000001, -119.1567232
47.9079427, -119.1395097
47.90802540000001, -119.139749
47.9106211, -119.1436418
47.943227, -119.161498
47.951282, -119.148963
47.95183, -119.148123
47.9579806, -119.1499474
47.96573300000001, -119.153532
47.9757317, -119.1434264
47.990673, -119.14492
47.991273, -119.142972
48.0032471, -119.1496382
48.013222, -119.1533166
48.0233825, -119.1388583
48.0312236, -119.143635
48.0396448, -119.1438235
48.0470158, -119.1456422
48.0598051, -119.1434927
48.0647427, -119.1439985
48.07731390000001, -119.1533217
48.087095, -119.133215
48.09247999999999, -119.133102
48.10802, -119.1408547
48.10897199999999, -119.144
48.11801149999999, -119.1349567
48.1349482, -119.1464565
48.1379222, -119.1389427
48.150197, -119.1444671
48.1513634, -119.139255
48.165682, -119.1428144
48.17927780000001, -119.1367962
48.1840943, -119.1434448
48.1904146, -119.1434939
48.1996432, -119.1441699
48.2074907, -119.14407
48.2209931, -119.1516848
48.2331888, -119.1506086
48.2386345, -119.1447764
48.2466877, -119.1418778
48.2571014, -119.1404991
48.2650863, -119.1430473
48.27398300000001, -119.1432518
48.2829691, -119.142876
48.2921227, -119.1373398
48.3038843, -119.1397019
48.3104552, -119.1432912
48.3165472, -119.1468095
48.327944, -119.1377692
48.333682, -119.1360168
48.35077279999999, -119.154923
48.3577648, -119.1475666
48.36414360000001, -119.1466985
48.38898870000001, -119.1362305
48.3933701, -119.1427243
48.3997171, -119.1421085
48.4079436, -119.1438847
48.4180064, -119.1427401
48.42721479999999, -119.1450975
48.4371123, -119.1414992
48.4438548, -119.1414054
48.4542862, -119.1424124
48.4590694, -119.1461714
48.472115, -119.1423713
48.4812826, -119.1434959
48.4812835, -119.1434591
48.4934476, -119.1662526
48.5154743, -119.1652328
48.5269555, -119.1635964
48.5397519, -119.1403111
48.5460995, -119.1422325
48.55077319999999, -119.141251
48.5654263, -119.1490705
48.5708771, -119.1421353
48.5795226, -119.1392982
48.589977, -119.141392
48.5929711, -119.1454063
48.6067474, -119.1448312
48.6165965, -119.1436626
48.6255193, -119.1419973
48.6346295, -119.1427036
48.6354886, -119.1455747
48.6768109, -119.1556084
48.67884840000001, -119.143418
48.67884859999999, -119.1434857
48.6842885, -119.1321008
48.7022437, -119.1364516
48.7031324, -119.1362377
48.7158465, -119.1451803
48.7217591, -119.1386924
48.7331655, -119.1436362
48.74009059999999, -119.1399946
48.7432557, -119.1357701
48.74354959999999, -119.1348735
48.7446552, -119.1299074
48.7954242, -119.1712337
48.803044, -119.1662696
48.8036077, -119.1661485
48.8190263, -119.1581657
48.8269403, -119.1507024
48.83109779999999, -119.1431029
48.8364885, -119.1372254
48.857829, -119.152517
48.8610222, -119.1460143
48.8653395, -119.1384668
48.8769285, -119.1489386
48.8824793, -119.143958
48.8901757, -119.1311352
48.9037085, -119.1570412
48.92675389999999, -119.1480377
48.9282894, -119.1435359
48.9426889, -119.1458603
48.9492505, -119.1425485
46.2130212, -119.1289427
46.21994249999999, -119.1315508
46.2305722, -119.1297819
46.2400849, -119.1296978
46.2491109, -119.1297615
46.2550512, -119.1292325
46.2671335, -119.137307
46.2738628, -119.1377249
46.2891035, -119.136883
46.2942799, -119.1365633
46.3000789, -119.1297861
46.3146218, -119.1302055
46.320246, -119.1245658
46.32918309999999, -119.1297499
46.3436112, -119.1357205
46.3480906, -119.1355579
46.3581678, -119.1297978
46.3636295, -119.1297391
46.3749895, -119.1311614
46.3839245, -119.1296754
46.3873149, -119.1296935
46.4018107, -119.1297737
46.4163139, -119.129817
46.4163141, -119.1297486
46.4308224, -119.1297915
46.4308227, -119.1297175
46.4452253, -119.1276191
46.4561582, -119.1324354
46.4651173, -119.1320685
46.4741082, -119.1317557
46.48261300000001, -119.1306576
46.4920929, -119.1320653
46.50109150000001, -119.1319478
46.5100722, -119.1319535
46.5188874, -119.1297946
46.5280741, -119.1321249
46.5370833, -119.1321597
46.5475481, -119.1297275
46.55508349999999, -119.1321031
46.562136, -119.1298011
46.5731039, -119.1339852
46.581938, -119.1342931
46.59111069999999, -119.1297786
46.5942777, -119.1375955
46.6361035, -119.124384
46.64338980000001, -119.1239707
46.6479953, -119.1203079
46.6647411, -119.129817
46.6647436, -119.1296017
46.6705137, -119.1469753
46.7052418, -119.1460474
46.7081378, -119.1478657
46.7378191, -119.1298655
46.7378193, -119.1297978
46.73781959999999, -119.1297301
46.7540336, -119.1319345
46.76146079999999, -119.1332347
46.77108519999999, -119.1342783
46.7785766, -119.1304913
46.7890826, -119.1342674
46.7970534, -119.1297901
46.80713530000001, -119.1341352
46.8160822, -119.1302654
46.82630169999999, -119.1297686
46.8340937, -119.133195
46.8409841, -119.1297859
46.8520919, -119.1330669
46.8627154, -119.1296958
46.86991829999999, -119.1297807
46.8790634, -119.133017
46.887998, -119.1308478
46.8961719, -119.1262595
46.9081846, -119.1329391
46.9121809, -119.1298269
46.9267817, -119.1297003
46.9333164, -119.1309122
46.9420358, -119.1285813
46.9502943, -119.1271245
46.9561754, -119.1214339
46.9701448, -119.1297799
46.974781, -119.1309635
46.9870963, -119.1307165
46.9960731, -119.1291316
47.0040943, -119.1315846
47.0136908, -119.1250283
47.0204745, -119.1208865
47.0376644, -119.1300184
47.0410787, -119.1300286
47.0500803, -119.1299559
47.0590793, -119.1298127
47.068078, -119.1296534
47.0770765, -119.1294914
47.0860759, -119.1293337
47.095081, -119.1293737
47.1040721, -119.1294107
47.1130789, -119.1293093
47.1220773, -119.1292616
47.1310794, -119.1292048
47.1400788, -119.1292143
47.1490734, -119.1291304
47.1580719, -119.1289618
47.1670855, -119.1287993
47.1737256, -119.1293573
47.1883736, -119.1306242
47.1885181, -119.1291439
47.2031758, -119.1297756
47.2120787, -119.1291395
47.2210809, -119.129157
47.2300787, -119.1291899
47.239079, -119.1291872
47.2480777, -119.1292379
47.2570811, -119.1293295
47.26227720000001, -119.129044
47.2837512, -119.1067507
47.3345716, -119.1276121
47.3657243, -119.0865241
47.393063, -119.0974025
47.3981311, -119.1038456
47.4053642, -119.1154618
47.40747409999999, -119.1188189
47.41215649999999, -119.1227988
47.4179353, -119.1304101
47.4277025, -119.1288762
47.4370391, -119.1281835
47.4460888, -119.1280476
47.4550658, -119.1279913
47.4640959, -119.1280662
47.4730772, -119.1281619
47.4820803, -119.1281208
47.4910851, -119.1281095
47.5000727, -119.1281002
47.5090724, -119.1280256
47.51808450000001, -119.1279973
47.52708459999999, -119.1280712
47.5360767, -119.1280593
47.5450758, -119.1280183
47.5530307, -119.129799
47.56307229999999, -119.1279343
47.57206830000001, -119.1278436
47.5810742, -119.1278654
47.5900724, -119.127807
47.59907279999999, -119.1277181
47.6080726, -119.1276582
47.6122113, -119.1298022
47.6267244, -119.1275222
47.6350742, -119.1274833
47.6440741, -119.1274414
47.653074, -119.1273995
47.655726, -119.1297685
47.67029369999999, -119.1297767
47.682596, -119.1313327
47.6890742, -119.1271531
47.699112, -119.1297748
47.7063009, -119.1279558
47.7160867, -119.1271644
47.7250579, -119.1270713
47.7340738, -119.126994
47.743045, -119.1269478
47.7520221, -119.1266787
47.7610785, -119.1265732
47.77168, -119.1298067
47.77907190000001, -119.1264719
47.7864461, -119.1297621
47.7970817, -119.1264402
47.80092579999999, -119.1262757
47.8235945, -119.1398172
47.8264694, -119.1361647
47.8333435, -119.1304778
47.8388611, -119.1280313
47.8514175, -119.1329844
47.86098579999999, -119.1286952
47.8637218, -119.1285509
47.868652, -119.1167103
47.8696805, -119.1139817
47.9079461, -119.1393329
47.91010300000001, -119.1393834
47.95249, -119.1479277
47.954598, -119.14809
47.97548829999999, -119.1259009
47.9759782, -119.1298272
47.983801, -119.128649
47.9950609, -119.1258435
48.0040821, -119.1258012
48.013512, -119.126534
48.02206, -119.1264828
48.0270713, -119.129699
48.036516, -119.140554
48.046264, -119.144796
48.0598427, -119.1297872
48.0671351, -119.120994
48.0769528, -119.1311511
48.0849111, -119.1316301
48.094348, -119.131161
48.1029551, -119.1264559
48.111272, -119.1346131
48.1215279, -119.1326684
48.123834, -119.131936
48.142772, -119.133076
48.144458, -119.132555
48.1544427, -119.1292852
48.1666335, -119.1292743
48.1745611, -119.1304936
48.1788913, -119.1354582
48.19370660000001, -119.1367199
48.2018527, -119.1309636
48.2109276, -119.1291589
48.2177556, -119.1247229
48.2279878, -119.1235163
48.2396481, -119.1268027
48.2476583, -119.1292161
48.2560953, -119.1299176
48.2642023, -119.1335402
48.27300169999999, -119.1321236
48.2809378, -119.1275666
48.2949326, -119.1344963
48.3016795, -119.1284868
48.305783, -119.1337717
48.32150739999999, -119.1352244
48.32796800000001, -119.1344118
48.3365345, -119.1285889
48.3403922, -119.1251553
48.3583934, -119.1471609
48.3673112, -119.1441487
48.3871519, -119.1276985
48.3923182, -119.1320142
48.4006305, -119.1303443
48.4085142, -119.1305219
48.41714229999999, -119.128264
48.4273974, -119.1308009
48.4360671, -119.126918
48.4441693, -119.1308109
48.45009760000001, -119.1305487
48.45774290000001, -119.1402876
48.4738688, -119.1294949
48.4785629, -119.130796
48.482394, -119.126147
48.523909, -119.1173753
48.52776859999999, -119.1194528
48.5383624, -119.1283401
48.5450856, -119.1313165
48.5526536, -119.1341092
48.5606008, -119.1330706
48.57158829999999, -119.1292365
48.5793644, -119.1303736
48.5863333, -119.1367483
48.6033923, -119.1351337
48.6067559, -119.1299997
48.616042, -119.1295226
48.6245178, -119.1327119
48.6296376, -119.1368069
48.6360412, -119.1157449
48.6444811, -119.1100053
48.651745, -119.104989
48.6799957, -119.1359981
48.6810239, -119.1331502
48.685209, -119.129588
48.7013429, -119.1316028
48.7060919, -119.1297962
48.7154202, -119.1291992
48.7248357, -119.1336402
48.735857, -119.1396869
48.74414789999999, -119.1310906
48.7450228, -119.1277932
48.74974779999999, -119.1143227
48.76757869999999, -119.0923972
48.8128982, -119.1234847
48.8131127, -119.1236248
48.8237084, -119.1226598
48.833652, -119.1258262
48.8400668, -119.1289178
48.8538563, -119.1236053
48.8642579, -119.1277065
48.8666677, -119.1322191
48.877679, -119.1242008
48.88628019999999, -119.132012
48.8939531, -119.1273095
48.9033367, -119.1210436
48.9146654, -119.1193757
48.9289678, -119.135839
48.93188250000001, -119.1313233
48.9395993, -119.1313103
48.94832460000001, -119.1421551
46.21303899999999, -119.1160733
46.2252728, -119.1165753
46.2314118, -119.1160655
46.2401026, -119.1160702
46.2492172, -119.1159911
46.258079, -119.1160704
46.260388, -119.1160397
46.2790283, -119.1126514
46.285039, -119.1164004
46.293769, -119.1186149
46.3033222, -119.1140783
46.3120497, -119.1163105
46.322089, -119.116101
46.3299055, -119.1156206
46.3390588, -119.1144942
46.3480825, -119.1143906
46.35708390000001, -119.1144346
46.366083, -119.1144756
46.3750815, -119.1145189
46.3840805, -119.1145944
46.3930519, -119.1143742
46.4018871, -119.1160682
46.4110297, -119.1136259
46.4200274, -119.1132432
46.4308562, -119.1160739
46.43801089999999, -119.1124886
46.4453717, -119.1160894
46.4559885, -119.1117005
46.4649855, -119.111318
46.4733218, -119.1171653
46.48308979999999, -119.1109272
46.4920965, -119.110969
46.5010871, -119.1109615
46.5100928, -119.1110104
46.5182982, -119.1161416
46.5287583, -119.1177426
46.5370923, -119.1111434
46.5473136, -119.116027
46.5555922, -119.1163148
46.5620815, -119.1160854
46.5730809, -119.1130456
46.58208459999999, -119.1130713
46.5913962, -119.1160842
46.5974273, -119.1131804
46.6360418, -119.1243834
46.6468664, -119.1147166
46.6542989, -119.1115458
46.6648724, -119.1161051
46.664874, -119.1159311
46.6723702, -119.0990724
46.67241620000001, -119.0990081
46.7366552, -119.1104702
46.7368131, -119.1113398
46.737875, -119.1161502
46.7468651, -119.1140273
46.7527938, -119.116073
46.7621469, -119.1125754
46.7710722, -119.11274
46.7800647, -119.1126804
46.7890643, -119.112599
46.7970069, -119.1160764
46.8092678, -119.1153944
46.8160481, -119.1123656
46.826259, -119.1160606
46.8340532, -119.1120755
46.8408493, -119.1161835
46.8520331, -119.11178
46.86101379999999, -119.1116154
46.8695521, -119.1161119
46.8790218, -119.111282
46.8880377, -119.1111085
46.8982828, -119.1159552
46.9120729, -119.1159825
46.91288830000001, -119.1135602
46.9266163, -119.1161441
46.9357105, -119.1198716
46.9411407, -119.1160864
46.951323, -119.1159386
46.9603712, -119.1182044
46.9701709, -119.1160631
46.9780788, -119.1178935
46.9870706, -119.1178716
46.9990468, -119.1160525
47.0050227, -119.109247
47.0144531, -119.1210418
47.020948, -119.1160848
47.02817049999999, -119.1089013
47.0428219, -119.1160343
47.0492469, -119.1162944
47.0574223, -119.1161078
47.0719789, -119.1160394
47.079474, -119.1192008
47.08616540000001, -119.1156786
47.097786, -119.115287
47.0988352, -119.117956
47.1155653, -119.1160357
