48.6521269, -117.9329583
48.6602736, -117.9370728
48.6724004, -117.9269839
48.6829238, -117.9386835
48.6901857, -117.9348653
48.6970738, -117.9373073
48.70646970000001, -117.9388419
48.7098299, -117.9373672
48.7225331, -117.9379895
48.73612, -117.9376312
48.7364928, -117.9357452
48.7484151, -117.9505164
48.76386129999999, -117.9464514
48.7808013, -117.9508222
48.78783110000001, -117.9490567
48.7978151, -117.9454819
48.8070135, -117.9402558
48.8133029, -117.9364666
48.82312080000001, -117.937377
48.8297982, -117.9315511
48.83764499999999, -117.9379841
48.8515297, -117.935708
48.8567396, -117.9374062
48.8682689, -117.9371749
48.8752335, -117.9328212
48.8864935, -117.9339404
48.895079, -117.937144
48.906206, -117.9386644
48.9137799, -117.937942
48.92219859999999, -117.9339777
48.9309682, -117.9374738
48.938385, -117.9421848
48.9548559, -117.9339971
46.2132823, -117.917573
46.2238686, -117.9195058
46.2313943, -117.9189899
46.2412467, -117.9189862
46.2489856, -117.9225726
46.25925710000001, -117.9225491
46.2670962, -117.9228906
46.268193, -117.9240971
46.2869273, -117.9218057
46.296024, -117.9252351
46.2990728, -117.9193606
46.3103268, -117.9211851
46.3163512, -117.92289
46.3299747, -117.9235394
46.3357094, -117.9223254
46.3445843, -117.9246909
46.3581364, -117.9273341
46.3638035, -117.9227298
46.3741937, -117.9225326
46.3841085, -117.9286461
46.3909574, -117.9215421
46.3997035, -117.9327379
46.4141389, -117.9168493
46.417615, -117.9237451
46.4290135, -117.9236105
46.4389222, -117.9279497
46.4489357, -117.9235902
46.4530057, -117.9168894
46.4688133, -117.9110637
46.4758619, -117.9226855
46.4781103, -117.9268914
46.4790655, -117.9299979
46.5128774, -117.9450882
46.5184821, -117.9384305
46.5247979, -117.9282308
46.527972, -117.9234696
46.5365118, -117.9282806
46.5400027, -117.9312841
46.5552017, -117.9366002
46.5724313, -117.9340768
46.5758656, -117.92565
46.5785103, -117.9271417
46.5925734, -117.9063358
46.6008488, -117.9098107
46.60472130000001, -117.9089023
46.60656640000001, -117.9069366
46.6382188, -117.9384696
46.639615, -117.9370418
46.6464016, -117.9139508
46.65603309999999, -117.9258768
46.6606714, -117.9178137
46.6759901, -117.9240691
46.680914, -117.9247203
46.6914852, -117.9161649
46.6989167, -117.9241439
46.7056659, -117.9286916
46.7141799, -117.9334027
46.7286986, -117.9301072
46.7352068, -117.9286621
46.744363, -117.9262404
46.753068, -117.9235259
46.76242, -117.9226108
46.765677, -117.9271427
46.7846383, -117.923099
46.7846854, -117.9240482
46.7958205, -117.9218819
46.8057362, -117.9127171
46.8243559, -117.9289223
46.8257287, -117.928462
46.8319248, -117.9215329
46.8346181, -117.9155034
46.839168, -117.9086861
46.8618458, -117.8964733
46.88620539999999, -117.9226386
46.8980665, -117.9232508
46.901739, -117.925848
46.91592259999999, -117.9235494
46.9240818, -117.9236011
46.93018989999999, -117.9216691
46.9404817, -117.9197783
46.9510331, -117.9199711
46.952548, -117.919661
46.9844401, -117.9287112
46.9845467, -117.9282468
46.9879676, -117.9247497
46.9959275, -117.9250023
47.0020231, -117.9301748
47.01791619999999, -117.9400231
47.02223439999999, -117.939168
47.0362364, -117.9230777
47.0374997, -117.9257993
47.04665240000001, -117.9348927
47.0647556, -117.920479
47.0672826, -117.9242103
47.0823325, -117.9276356
47.08427930000001, -117.9221939
47.0951372, -117.9184739
47.0992944, -117.9158897
47.1172372, -117.9366021
47.1244082, -117.9313423
47.13127129999999, -117.9277364
47.14000799999999, -117.9233316
47.1489093, -117.9200054
47.1576381, -117.9194556
47.16621259999999, -117.9167362
47.1778256, -117.9290518
47.1864183, -117.9258241
47.1914513, -117.9193307
47.2010397, -117.9325627
47.2083976, -117.934597
47.2224445, -117.9165601
47.2304391, -117.9216269
47.2385954, -117.9214239
47.2483832, -117.923162
47.2591308, -117.9298651
47.2637906, -117.9290237
47.274302, -117.9232663
47.2821911, -117.9254048
47.29122659999999, -117.9330776
47.3019851, -117.9235063
47.3126768, -117.9251813
47.32228019999999, -117.9231307
47.3302504, -117.9247653
47.3408162, -117.9225237
47.3412225, -117.9236616
47.36159259999999, -117.9391006
47.36505589999999, -117.9388824
47.3780207, -117.934264
47.3842243, -117.9261158
47.3914087, -117.9208965
47.3986413, -117.9147961
47.4094747, -117.9102194
47.4224375, -117.9264598
47.4287874, -117.9215504
47.4379964, -117.9302624
47.4494854, -117.9198173
47.4511876, -117.9210175
47.4640546, -117.9298075
47.4721524, -117.9242628
47.4829087, -117.9290141
47.4938797, -117.9235923
47.500108, -117.9189628
47.5090811, -117.9189257
47.5198666, -117.9267744
47.5269987, -117.9193364
47.53605599999999, -117.9235823
47.54569009999999, -117.9218294
47.5545202, -117.925553
47.5640788, -117.921489
47.5698766, -117.9275267
47.5795867, -117.9235807
47.5949558, -117.9287637
47.59728210000001, -117.9224288
47.6103706, -117.9249112
47.6217285, -117.9235803
47.6217285, -117.9235844
47.64355949999999, -117.9235815
47.64355949999999, -117.9235825
47.65807419999999, -117.9234387
47.6636415, -117.9243324
47.6734281, -117.9274338
47.6800738, -117.9274536
47.68711, -117.9236143
47.6979789, -117.9279895
47.7071069, -117.9280141
47.7160616, -117.9278928
47.7232077, -117.9236312
47.7340641, -117.9279527
47.7450139, -117.923556
47.7521381, -117.9174302
47.7595165, -117.9238354
47.7701533, -117.9386466
47.781059, -117.9217585
47.7864515, -117.9228222
47.7925128, -117.9156637
47.80803179999999, -117.9241954
47.8118762, -117.9267817
47.8268102, -117.9250668
47.8338561, -117.9232381
47.840691, -117.920637
47.8553748, -117.9283481
47.85820649999999, -117.9227957
47.8695009, -117.9229427
47.8773529, -117.9235824
47.8870321, -117.9275983
47.8966017, -117.9234044
47.9055024, -117.9234632
47.9125397, -117.9263877
47.9297212, -117.9178796
47.932452, -117.9217544
47.93994499999999, -117.921319
47.9481329, -117.9245201
47.95943949999999, -117.9277637
47.9658289, -117.9236766
47.9769257, -117.9244266
47.985746, -117.9225987
47.99536680000001, -117.9241599
48.002213, -117.925197
48.0125258, -117.9188845
48.0249271, -117.9168113
48.0302927, -117.9250501
48.0389941, -117.9272077
48.0484431, -117.9306933
48.0585742, -117.9257805
48.0671262, -117.9228849
48.0760709, -117.9235075
48.08490279999999, -117.9226266
48.0894337, -117.9194903
48.0894622, -117.9193753
48.1240879, -117.9119385
48.1243069, -117.9121643
48.1245838, -117.9123017
48.1437606, -117.9071876
48.14845, -117.9084164
48.163452, -117.9198868
48.1672611, -117.9214971
48.1761955, -117.9243404
48.1858513, -117.9247312
48.1922733, -117.9219284
48.2049347, -117.9248579
48.2102669, -117.9210808
48.2240579, -117.9242429
48.2291219, -117.9235133
48.23032389999999, -117.924598
48.2329596, -117.9347997
48.2650532, -117.9305133
48.2671725, -117.925193
48.274767, -117.9242545
48.27992020000001, -117.9210225
48.292438, -117.9227921
48.3020186, -117.9249145
48.3076015, -117.9244296
48.3125744, -117.9188304
48.3159785, -117.9128857
48.3505882, -117.9008878
48.3606136, -117.9135232
48.368303, -117.9189299
48.3725935, -117.9251624
48.3827183, -117.9233477
48.3910807, -117.9235682
48.3999737, -117.9238198
48.4073097, -117.9165034
48.4182709, -117.9386044
48.43672129999999, -117.9241815
48.4429313, -117.9208095
48.4563069, -117.9287492
48.4625467, -117.9227003
48.4756139, -117.9154304
48.48246320000001, -117.9261894
48.4907627, -117.9254633
48.4990758, -117.9241153
48.5073297, -117.9264455
48.517951, -117.9247016
48.5214854, -117.923565
48.5360743, -117.9136436
48.5433162, -117.9235854
48.5547122, -117.9211141
48.5623095, -117.9235157
48.57287969999999, -117.9216763
48.5780446, -117.9216763
48.5887907, -117.9230595
48.59856509999999, -117.9311703
48.6040248, -117.9325339
48.61208629999999, -117.9126641
48.62439579999999, -117.9179778
48.6340678, -117.9233066
48.64306389999999, -117.9227547
48.6519762, -117.9214538
48.661524, -117.9250242
48.6687855, -117.9198112
48.67562179999999, -117.9235996
48.6848356, -117.9202674
48.6957828, -117.9157887
48.70176619999999, -117.9311154
48.7214348, -117.9228051
48.7241793, -117.9205701
48.7319823, -117.9239399
48.7411, -117.9228395
48.7429986, -117.915348
48.794384, -117.915313
48.80976219999999, -117.9261782
48.8122312, -117.9263157
48.8204719, -117.91886
48.8291055, -117.9209134
48.8425696, -117.9192379
48.8465649, -117.9288503
48.856557, -117.9304465
48.8677929, -117.923773
48.8781746, -117.9281083
48.8860535, -117.9235126
48.8956641, -117.9255343
48.9030157, -117.9304517
48.91351290000001, -117.9251425
48.9218975, -117.9243073
48.9326478, -117.9173664
48.9405994, -117.9209364
48.9490106, -117.924397
46.21295509999999, -117.9175582
46.2208861, -117.9160477
46.2307604, -117.9189348
46.2398185, -117.9184512
46.250388, -117.9006719
46.2562283, -117.9007202
46.2662212, -117.9223849
46.2837643, -117.9077885
46.28566989999999, -117.9093757
46.28701419999999, -117.9133208
46.3034814, -117.9104148
46.3140564, -117.9095474
46.3213129, -117.9101616
46.3293295, -117.9103242
46.3417724, -117.908591
46.3423453, -117.911313
46.3642279, -117.9093916
46.3658183, -117.9098942
46.3785962, -117.9185959
46.38428769999999, -117.916108
46.39349259999999, -117.9098729
46.4020665, -117.9074779
46.4110529, -117.9073044
46.4155712, -117.9098907
46.4301047, -117.9098674
46.43138279999999, -117.9037227
46.4493075, -117.9185414
46.45737, -117.9128504
46.4683116, -117.9075729
46.4763828, -117.9125369
46.4798183, -117.9077367
46.4843696, -117.9010405
46.4844424, -117.900854
46.5261819, -117.9246982
46.5274847, -117.9224244
46.5318444, -117.9123618
46.5350433, -117.9067907
46.53973999999999, -117.9002311
46.5552649, -117.8999956
46.5672368, -117.9078009
46.5742939, -117.909087
46.57852, -117.906462
46.6007354, -117.9096229
46.60680439999999, -117.9065877
46.6099634, -117.9009798
46.6288628, -117.8951675
46.6420358, -117.910689
46.6445014, -117.9120089
46.6516902, -117.9143102
46.6636146, -117.9094176
46.6722069, -117.9113735
46.68107639999999, -117.9098873
46.6895174, -117.9154781
46.700419, -117.9071079
46.70604549999999, -117.9042931
46.709854, -117.9012976
46.7196749, -117.8939153
46.7345105, -117.892444
46.7459015, -117.9258744
46.757631, -117.9202687
46.7587983, -117.9200628
46.7646933, -117.9245092
46.78513299999999, -117.9129178
46.7866045, -117.9082043
46.7996775, -117.911648
46.80597179999999, -117.9110392
46.80602469999999, -117.9112119
46.8335288, -117.9179414
46.8362177, -117.911908
46.8391943, -117.9086052
46.8392049, -117.9085038
46.8696934, -117.8960056
46.88407670000001, -117.9070145
46.885075, -117.9099862
46.89839749999999, -117.9100781
46.9001617, -117.9149061
46.9172395, -117.9176962
46.9175646, -117.9177431
46.9361451, -117.9101742
46.9422002, -117.9171164
46.9488419, -117.9182199
46.9587271, -117.8924805
46.9846021, -117.9281556
46.9892765, -117.923616
46.9945031, -117.9244158
46.9967714, -117.9257081
47.0181617, -117.8973437
47.0315777, -117.908115
47.03174019999999, -117.9099241
47.0378068, -117.9149406
47.0642279, -117.915579
47.0847969, -117.9209625
47.0888469, -117.9106941
47.090037, -117.9077464
47.1022673, -117.9083125
47.1045968, -117.9033204
47.1277078, -117.9292524
47.1381142, -117.9176644
47.1495571, -117.9199389
47.1603676, -117.9185635
47.1702956, -117.9072818
47.1735298, -117.9061485
47.1922534, -117.9163266
47.1950353, -117.9129722
47.201386, -117.9094902
47.2139076, -117.907964
47.219597, -117.9144795
47.2298402, -117.9104097
47.2369289, -117.9163006
47.24525060000001, -117.9187238
47.2479541, -117.9224882
47.274128, -117.9012481
47.2774343, -117.9120421
47.2854885, -117.9072146
47.2949311, -117.9075191
47.2982931, -117.9131279
47.3109453, -117.9095912
47.3192695, -117.9104703
47.3316789, -117.9121719
47.3383712, -117.9103855
47.3470678, -117.9088512
47.35345170000001, -117.9039527
47.3568373, -117.900647
47.38249219999999, -117.915622
47.3855324, -117.9124577
47.397181, -117.9083041
47.4018972, -117.912824
47.4100918, -117.9101584
47.41820300000001, -117.9064311
47.4285421, -117.9045246
47.4384968, -117.9051164
47.44546949999999, -117.9108736
47.45055989999999, -117.91966
47.4716351, -117.923523
47.488105, -117.900295
47.4938587, -117.9098456
47.5000224, -117.9189616
47.50907549999999, -117.9189257
47.52160629999999, -117.9079635
47.5225563, -117.9112061
47.53606310000001, -117.9098757
47.5505451, -117.909969
47.5505463, -117.9098154
47.5650742, -117.9098619
47.572077, -117.9081554
47.5810792, -117.9082855
47.5900853, -117.9082608
47.5996408, -117.9100875
47.5999217, -117.908245
47.62174599999999, -117.9099306
47.6260929, -117.9052014
47.6352728, -117.9050481
47.6435049, -117.9098842
47.6530771, -117.9050943
47.6652914, -117.9098528
47.670497, -117.9049817
47.6801288, -117.9054677
47.6870018, -117.9099186
47.6982082, -117.9062825
47.7070488, -117.9064629
47.7156759, -117.90686
47.7232031, -117.9098935
47.7341109, -117.906605
47.7449996, -117.9098563
47.7520069, -117.9174274
47.7594889, -117.9099504
47.7701335, -117.9067388
47.77843559999999, -117.9096777
47.7887171, -117.9098845
47.7972541, -117.9117002
47.8057108, -117.9098666
47.8152058, -117.9070226
47.8251516, -117.9098969
47.8316782, -117.9128298
47.8380209, -117.9089075
47.8570424, -117.9159115
47.8603576, -117.9138917
47.8643716, -117.9109078
47.8779813, -117.9098717
47.88742430000001, -117.9091011
47.89953080000001, -117.9109544
47.9049066, -117.909753
47.9049199, -117.9097114
47.9249671, -117.9076691
47.9320716, -117.908269
47.94134100000001, -117.90856
47.9500762, -117.9081343
47.9590776, -117.9081411
47.96789589999999, -117.9089323
47.9745572, -117.9078562
47.9856287, -117.9052297
47.9951678, -117.909922
48.001661, -117.914881
48.01351700000001, -117.9110096
48.02126029999999, -117.9101023
48.02661, -117.9179853
48.04702839999999, -117.8995016
48.049268, -117.9019023
48.0643846, -117.9141685
48.067086, -117.906966
48.0817659, -117.9063657
48.08504019999999, -117.9102239
48.08941739999999, -117.9192154
48.0894436, -117.9192732
48.122884, -117.9089965
48.1228888, -117.9090192
48.1414243, -117.9048175
48.1481761, -117.9083903
48.1574627, -117.9108193
48.1657728, -117.9093661
48.1752575, -117.9104804
48.18288099999999, -117.9101448
48.1954435, -117.9107532
48.2016397, -117.9083496
48.210601, -117.9102608
48.2266597, -117.9136843
48.22859529999999, -117.9098652
48.2285972, -117.9096699
48.25879459999999, -117.8893382
48.2659339, -117.9108792
48.2768843, -117.9077026
48.2815856, -117.9115557
48.29704599999999, -117.9106415
48.3005761, -117.9130617
48.310865, -117.9100885
48.3223804, -117.8980741
48.3378622, -117.8910064
48.3642584, -117.9097061
48.3744449, -117.902007
48.3866085, -117.9045692
48.3907465, -117.9108402
48.4003654, -117.9086586
48.4200352, -117.9020684
48.4278072, -117.9054852
48.4361694, -117.9059229
48.44358709999999, -117.9124183
48.45178749999999, -117.9106407
48.4643465, -117.9132762
48.47178110000001, -117.9125984
48.4823065, -117.9175063
48.4908537, -117.9094144
48.4990971, -117.9022183
48.507497, -117.901948
48.5195069, -117.90943
48.52514619999999, -117.9136091
48.5352646, -117.9091101
48.5438674, -117.909871
48.5530834, -117.9107213
48.5620925, -117.9098346
48.5697795, -117.9142412
48.5794752, -117.9176744
48.5914015, -117.9087612
48.5972376, -117.9118763
48.60684500000001, -117.9120681
48.6252903, -117.909635
48.6343372, -117.9098853
48.64151709999999, -117.8991474
48.6532801, -117.9077833
48.6616493, -117.9075956
48.6733023, -117.9133517
48.67888689999999, -117.9095334
48.6894014, -117.9080618
48.694496, -117.9141052
48.7074478, -117.9068311
48.715075, -117.9098901
48.7236489, -117.9071226
48.7262186, -117.917734
48.7440891, -117.9131147
48.7476431, -117.9078333
48.7566965, -117.8981829
48.7719756, -117.8948597
48.7776782, -117.8959666
48.7941496, -117.912032
48.7960637, -117.9098506
48.8025393, -117.9109579
48.8199759, -117.919519
48.82397659999999, -117.9137475
48.83125829999999, -117.9101294
48.8410849, -117.9099763
48.8497109, -117.9060916
48.8597141, -117.9090268
48.8685367, -117.9114313
48.87705920000001, -117.9060604
48.88540829999999, -117.9100335
48.893011, -117.904335
48.9106465, -117.9143037
48.9139032, -117.9113965
48.9231925, -117.9141205
48.9297891, -117.915243
48.9398843, -117.9205996
48.9483809, -117.9090272
46.212895, -117.8957014
46.2218183, -117.8937641
46.2305129, -117.892817
46.2401121, -117.8954257
46.248333, -117.899849
46.25912109999999, -117.8992719
46.266285, -117.894055
46.2765482, -117.8936567
46.2822914, -117.8985658
46.3024674, -117.8903403
46.3045576, -117.8956417
46.31629299999999, -117.8954941
46.3210685, -117.8967721
46.3301717, -117.8962898
46.3383393, -117.8963671
46.3511647, -117.8937437
46.3572103, -117.8952119
46.3670661, -117.8972594
46.37283000000001, -117.891494
46.3930666, -117.8985898
46.39345429999999, -117.8961782
46.4021384, -117.9074771
46.4111926, -117.9073014
46.4154953, -117.9072442
46.4320977, -117.9009775
46.434273, -117.8963163
46.4357717, -117.8896184
46.462761, -117.9032196
46.4658823, -117.8963177
46.4661547, -117.8946071
46.4833108, -117.8961784
46.4844163, -117.8991236
46.5319243, -117.912106
46.5326494, -117.9103502
46.5350674, -117.9067571
46.539745, -117.9002241
46.5468804, -117.8946114
46.55466240000001, -117.8995918
46.5626802, -117.898985
46.5778484, -117.8961081
46.57807, -117.8969614
46.5931945, -117.8963644
46.5998424, -117.8964257
46.60917209999999, -117.8961106
46.6170525, -117.8936749
46.62729, -117.8944461
46.6362464, -117.8956895
46.6451731, -117.8971771
46.6475084, -117.8999041
46.6618161, -117.9034679
46.6793939, -117.898003
46.68077940000001, -117.8960412
46.6894447, -117.8954063
46.6971302, -117.9040996
46.7105414, -117.897259
46.7171061, -117.8928727
46.7224081, -117.8908267
46.734606, -117.8924374
46.74151639999999, -117.8875023
46.7543387, -117.8898339
46.76085699999999, -117.8889336
46.7723709, -117.8892543
46.7802202, -117.8959141
46.7901695, -117.8969106
46.7975185, -117.894388
46.8075531, -117.8967027
46.8188458, -117.8885899
46.824892, -117.8879919
46.8393536, -117.8964245
46.8393621, -117.8960484
46.8518343, -117.886585
46.8617073, -117.8961722
46.8700738, -117.895983
46.8790552, -117.8954208
46.8882442, -117.8950102
46.8968987, -117.8975299
46.8994927, -117.8951548
46.9174419, -117.9176224
46.9371459, -117.8997401
46.9374492, -117.8973373
46.9415542, -117.8922609
46.9497629, -117.8892841
46.9584733, -117.8927577
46.9665529, -117.8826379
46.9781229, -117.8776309
46.9843822, -117.8764367
46.9975797, -117.8805152
47.0163685, -117.8946973
47.023059, -117.8963898
47.03260849999999, -117.8965598
47.0335858, -117.8931017
47.0340746, -117.8905338
47.0899686, -117.898342
47.0901137, -117.8975347
47.0905011, -117.8966011
47.10602790000001, -117.8962861
47.1113838, -117.8913544
47.12006350000001, -117.8852999
47.1320358, -117.8827622
47.1405889, -117.8817463
47.144332, -117.8800031
47.1647592, -117.8852607
47.1693746, -117.8968052
47.17771579999999, -117.8993107
47.1839238, -117.8944389
47.1930207, -117.8976473
47.2035935, -117.900122
47.2113813, -117.8948076
47.2192955, -117.9001552
47.2255548, -117.9062452
47.231853, -117.9123592
47.2446706, -117.9184263
47.2645343, -117.8871397
47.270018, -117.8907742
47.2729193, -117.8971115
47.2819347, -117.8960034
47.290403, -117.8974131
47.2939668, -117.9058376
47.3149394, -117.9060832
47.3221307, -117.8971375
47.32693829999999, -117.8929925
47.3374215, -117.8956655
47.3487792, -117.9000578
47.3552756, -117.8943178
47.3616011, -117.8882724
47.3678733, -117.8822423
47.385563, -117.912412
47.39863949999999, -117.9053791
47.4016378, -117.8963429
47.40586, -117.8873448
47.4226294, -117.8974889
47.4231634, -117.894351
47.4376173, -117.8975597
47.4455646, -117.9110028
47.46691999999999, -117.8769322
47.49375879999999, -117.8961183
47.4937603, -117.8962883
47.5077337, -117.8921426
47.5178958, -117.8963001
47.5215511, -117.8962774
47.5361404, -117.8961703
47.5506474, -117.8963354
47.55065099999999, -117.8960664
47.56516569999999, -117.8963741
47.5770257, -117.8966025
47.57818229999999, -117.8920773
47.5900328, -117.9082604
47.601557, -117.8990453
47.6036455, -117.8929107
47.6225034, -117.8946651
47.6228071, -117.8970761
47.6349676, -117.9050211
47.64419969999999, -117.9051038
47.6578283, -117.8960643
47.6578302, -117.8962625
47.669165, -117.8959788
47.6799745, -117.9054639
47.68710429999999, -117.8963825
47.69771739999999, -117.9062435
47.7071706, -117.9064606
47.7163581, -117.9063021
47.7231448, -117.8962079
47.733978, -117.9066022
47.7439754, -117.9057249
47.7535139, -117.889374
47.7605801, -117.8913507
47.77119039999999, -117.8929429
47.7780885, -117.8920813
47.7886927, -117.8961632
47.7941633, -117.8967648
47.8063268, -117.8929324
47.8130719, -117.8907909
47.8252719, -117.8961956
47.8360681, -117.8902633
47.8425497, -117.8969913
47.8506041, -117.8929118
47.86034830000001, -117.8959733
47.8633904, -117.9017984
47.878671, -117.8963064
47.8814959, -117.8932546
47.89961, -117.8903145
47.9046718, -117.8983206
47.9151499, -117.8919445
47.9211185, -117.898091
47.93213530000001, -117.9082683
47.940275, -117.9081571
47.9526978, -117.8941651
47.9589337, -117.8964352
47.9686445, -117.8972721
47.975387, -117.8968655
47.9865732, -117.9048909
47.9951845, -117.899063
48.0022228, -117.8962304
48.0182419, -117.8963297
48.0220788, -117.8963213
48.02296500000001, -117.8959476
48.0433969, -117.8927484
48.0477447, -117.9001175
48.0613803, -117.8931186
48.0670199, -117.8948057
48.0802683, -117.8979317
48.0815583, -117.8953053
48.0833926, -117.8896993
48.0848376, -117.90796
48.1238857, -117.9053717
48.1257792, -117.8953805
48.129029, -117.8918942
48.1374582, -117.8977277
48.1493618, -117.8907295
48.15679220000001, -117.8970952
48.1701074, -117.900594
48.1762227, -117.8978112
48.1836351, -117.894326
48.1940282, -117.8930662
48.2008173, -117.8962412
48.21001750000001, -117.8902161
48.2255092, -117.894642
48.2264875, -117.8961689
48.2275616, -117.9003538
48.2580547, -117.8874669
48.2660996, -117.8970439
48.27190479999999, -117.8979498
48.2858032, -117.8965475
48.2927099, -117.8946328
48.2982688, -117.8929386
48.3125464, -117.8999526
48.3193402, -117.8958803
48.32258299999999, -117.8959785
48.3373313, -117.8909534
48.35075, -117.9003668
48.3536021, -117.8919934
48.3617117, -117.8985722
48.3733016, -117.8961971
48.3842596, -117.896238
48.3906725, -117.9056443
48.3979915, -117.9072803
48.4138702, -117.8922531
48.4181421, -117.8959389
48.4256994, -117.9041482
48.43710129999999, -117.8954724
48.4453745, -117.8987779
48.4552722, -117.8993293
48.4619765, -117.899988
48.4736467, -117.892578
48.4806041, -117.8963824
48.4897475, -117.9028266
48.4990651, -117.9022181
48.5086318, -117.9017074
48.5169955, -117.8969498
48.5256911, -117.8961434
48.5356309, -117.8970914
48.5437208, -117.8961473
48.55298879999999, -117.896164
48.55430519999999, -117.89877
48.57066589999999, -117.8862698
48.5747993, -117.8824805
48.59086, -117.9071609
48.6003422, -117.8902703
48.6072832, -117.8945734
48.61580980000001, -117.8970733
48.62545679999999, -117.896719
48.6340458, -117.8960125
48.6433534, -117.8985812
48.650895, -117.9005581
48.66255289999999, -117.891064
48.6705696, -117.9008556
48.6813643, -117.8990805
48.6883012, -117.8937095
48.6970934, -117.8950879
48.70633489999999, -117.898171
48.7153114, -117.9027848
48.7235357, -117.9010855
48.7239338, -117.9016831
48.7466365, -117.8943433
48.7510242, -117.8963357
48.760098, -117.8966451
48.7698349, -117.8936362
48.77806040000001, -117.8959045
48.7873954, -117.8977641
48.7962289, -117.8966562
48.8015007, -117.9005086
48.8037453, -117.9055552
48.8324805, -117.8988546
48.8325841, -117.8986352
48.8425045, -117.9014724
48.8502166, -117.896633
48.8605408, -117.8968402
48.86804249999999, -117.9041174
48.8768129, -117.895658
48.8863183, -117.8894817
48.8951571, -117.8888846
48.9043072, -117.8957471
48.911728, -117.892477
48.9188584, -117.884448
48.9275167, -117.880659
48.9514702, -117.8923002
48.9516939, -117.8931988
46.2159531, -117.8728045
46.2223417, -117.8752368
46.2328825, -117.8808705
46.2355718, -117.885375
46.2514239, -117.873578
46.2595804, -117.8753721
46.2689161, -117.8797504
46.2755339, -117.8882151
46.2847339, -117.8819677
46.2888868, -117.8752151
46.3022762, -117.8824712
46.31452, -117.8822287
46.3202333, -117.8832597
46.3343775, -117.8827004
46.3396949, -117.8842343
46.34384600000001, -117.8809577
46.3557159, -117.8833983
46.3598356, -117.8817165
46.37762679999999, -117.8857092
46.3850378, -117.8796611
46.3927205, -117.8835467
46.4020455, -117.8758048
46.41102739999999, -117.8755355
46.4200319, -117.8806487
46.42676789999999, -117.8776851
46.4377781, -117.8822182
46.4385737, -117.8785814
46.4663866, -117.8853402
46.4666465, -117.8821497
46.4667125, -117.8828475
46.48556139999999, -117.8833432
46.4859081, -117.8812137
46.4877607, -117.8736859
46.5043469, -117.8566696
46.5193893, -117.8525071
46.5397525, -117.9002138
46.5459206, -117.8875992
46.5469614, -117.8824217
46.5505269, -117.8805126
46.566636, -117.8769523
46.5703746, -117.8814827
46.57784040000001, -117.8822968
46.5939933, -117.8941529
46.60519, -117.888172
46.6088367, -117.890316
46.6179332, -117.8931153
46.6249331, -117.8927032
46.6358511, -117.8954825
46.645831, -117.8970217
46.6464077, -117.8972458
46.6744237, -117.875258
46.6771278, -117.8823288
46.677976, -117.8857756
46.6937949, -117.8895791
46.6994431, -117.8830419
46.70809939999999, -117.8823316
46.7218309, -117.8857538
46.7264181, -117.885174
46.7351867, -117.8824664
46.743292, -117.881521
46.75070400000001, -117.8842007
46.7630498, -117.8881429
46.7705524, -117.8860378
46.7779592, -117.8922176
46.7937483, -117.8856159
46.795276, -117.8807291
46.8081821, -117.8815179
46.816063, -117.8824827
46.8246861, -117.881517
46.83421269999999, -117.8874959
46.8431966, -117.8870573
46.852184, -117.8865658
46.8611714, -117.8860742
46.8617848, -117.8863394
46.8794906, -117.8953912
46.8880792, -117.8949598
46.89922929999999, -117.8834011
46.9150084, -117.8685134
46.92561389999999, -117.866292
46.9341383, -117.874207
46.9391548, -117.8828132
46.9522355, -117.8883233
46.9587979, -117.8832375
46.9691593, -117.8819826
46.9856603, -117.8758904
46.9963275, -117.880209
47.0029287, -117.8767819
47.0151706, -117.8710814
47.0227051, -117.8705907
47.0337864, -117.8819912
47.0341804, -117.8844944
47.0342282, -117.8848438
47.08453850000001, -117.8690362
47.0845804, -117.8691173
47.0899238, -117.883344
47.0900487, -117.882114
47.1046756, -117.8824649
47.1144579, -117.8858952
47.122329, -117.8831272
47.1310708, -117.8825267
47.14782, -117.8772637
47.1565123, -117.8751442
47.1646558, -117.8813462
47.1701364, -117.887064
47.1845696, -117.8751636
47.194626, -117.8786517
47.2024732, -117.8837991
47.2130824, -117.8834815
47.219266, -117.8764586
47.22579940000001, -117.869282
47.229173, -117.8664688
47.2610228, -117.8799877
47.2610397, -117.8801206
47.2639437, -117.885256
47.2690959, -117.888591
47.2823552, -117.8825169
47.28883219999999, -117.883993
47.2890842, -117.8856672
47.3239759, -117.8886467
47.3248361, -117.8847434
47.3256843, -117.880858
47.3361652, -117.8795795
47.3467603, -117.8813167
47.35931979999999, -117.8899745
47.3657075, -117.8838644
47.3714334, -117.8781526
47.3763893, -117.8715463
47.40228519999999, -117.8897277
47.4028615, -117.888957
47.4059952, -117.8824997
47.4237516, -117.8816674
47.4238504, -117.8829733
47.436682, -117.8823111
47.4372413, -117.8790985
47.45854749999999, -117.8648353
47.4941359, -117.8824049
47.494136, -117.8824477
47.4989035, -117.8777122
47.5079936, -117.8823746
47.51934319999999, -117.8835547
47.5215542, -117.8779305
47.5362132, -117.8824631
47.5450582, -117.8866458
47.5506789, -117.886772
47.5653063, -117.8824404
47.5686079, -117.8887582
47.5798891, -117.8824997
47.5798932, -117.8827835
47.6038702, -117.8824914
47.6080791, -117.8867557
47.617073, -117.8837868
47.6262344, -117.8838137
47.6350738, -117.8837413
47.6440782, -117.8839054
47.6530552, -117.8838825
47.6620966, -117.8838883
47.6711746, -117.8820048
47.6805902, -117.8792737
47.6891049, -117.8822298
47.6975232, -117.8795744
47.7058621, -117.8760562
47.7158615, -117.8824609
47.7250633, -117.8849751
47.7305236, -117.8853448
47.7426459, -117.8840781
47.7510309, -117.8877158
47.7622079, -117.8906953
47.7695728, -117.8920427
47.7785907, -117.88577
47.7875184, -117.8897243
47.7983041, -117.8760909
47.8052915, -117.8927567
47.8169654, -117.8875386
47.8238443, -117.8818348
47.8344628, -117.8844816
47.8419016, -117.8816361
47.85230379999999, -117.8823021
47.8599167, -117.8848419
47.8698469, -117.8776394
47.87663089999999, -117.8826963
47.88352270000001, -117.88323
47.89414379999999, -117.877499
47.9024398, -117.8814199
47.9130541, -117.8849795
47.922672, -117.8712987
47.9314445, -117.8756022
47.9385059, -117.876075
47.9496701, -117.8823915
47.9569833, -117.8789411
47.96783490000001, -117.8933422
47.9770856, -117.8824371
47.9864164, -117.8852331
47.9951219, -117.882212
48.00600290000001, -117.883053
48.0128109, -117.8807245
48.0236193, -117.8867146
48.0302208, -117.8808124
48.0422593, -117.8838312
48.0491251, -117.8821903
48.0578352, -117.8852649
48.06154309999999, -117.8861209
48.0800391, -117.8820569
48.0818331, -117.8782477
48.0833654, -117.8892147
48.0969654, -117.8621827
48.1261158, -117.8729375
48.1270236, -117.8749007
48.1312254, -117.8829494
48.1402292, -117.8816753
48.1464987, -117.8890216
48.1601673, -117.8777201
48.1662623, -117.8827673
48.174076, -117.88343
48.1847624, -117.8835453
48.19156539999999, -117.8823677
48.2006497, -117.8814853
48.211574, -117.883062
48.2208226, -117.8796429
48.22908899999999, -117.8825186
48.233905, -117.8778184
48.26575589999999, -117.8833871
48.2714906, -117.8830551
48.28667189999999, -117.886406
48.2892279, -117.8899341
48.3032514, -117.8869723
48.3094797, -117.8799907
48.3204846, -117.8803799
48.3283261, -117.8802073
48.3371807, -117.8824669
48.3498729, -117.8810819
48.3550847, -117.8806559
48.36410189999999, -117.8809693
48.3714042, -117.8862722
48.3808848, -117.8825206
48.3866258, -117.8858942
48.4043125, -117.8684676
48.4140337, -117.8874384
48.4179441, -117.8851461
48.4302021, -117.8792424
48.4361026, -117.8821721
48.4443066, -117.8856559
48.4569818, -117.8829436
48.4627385, -117.8834746
48.4719319, -117.8834168
48.4764667, -117.8868055
48.492811, -117.87773
48.4990229, -117.8840065
48.5080276, -117.8848211
48.5175067, -117.8838314
48.5259667, -117.8807267
48.5350768, -117.8824624
48.5437094, -117.8817501
48.5530778, -117.8820571
48.5619864, -117.8796568
48.5723408, -117.8824913
48.5801052, -117.8795218
48.5895484, -117.8804376
48.598049, -117.8824622
48.6092847, -117.8919987
48.6094604, -117.8920258
48.6271925, -117.8933904
48.6350262, -117.8955359
48.6452176, -117.8863228
48.6518806, -117.8824644
48.6629151, -117.8850695
48.6671732, -117.8813131
48.6806801, -117.8777282
48.68830879999999, -117.8817351
48.695774, -117.8788399
48.70577650000001, -117.8813819
48.7151633, -117.876826
48.7255298, -117.8784039
48.7329764, -117.8788447
48.74635869999999, -117.8894405
48.750198, -117.883209
48.7603212, -117.8936883
48.7677765, -117.8924421
48.7788873, -117.8956208
48.7884412, -117.8728913
48.79786619999999, -117.8961314
48.8022465, -117.8677093
48.8363421, -117.8900245
48.8370034, -117.8873572
48.84093319999999, -117.8831651
48.84962849999999, -117.8819587
48.8578904, -117.8820549
48.8664863, -117.8766771
48.8756096, -117.8835763
48.88601999999999, -117.8846994
48.89616849999999, -117.8805612
48.9038072, -117.8826272
48.9102897, -117.8788001
48.921885, -117.8815826
48.9300704, -117.8791135
48.9370229, -117.873699
48.9524964, -117.8841703
46.2135255, -117.8711748
46.2213575, -117.8746804
46.2295907, -117.876186
46.2410444, -117.865854
46.2480924, -117.8706226
46.2581589, -117.8683408
46.268838, -117.8702238
46.2736958, -117.8632677
46.2902611, -117.8720551
46.29317770000001, -117.8668142
46.3033848, -117.86974
46.3116908, -117.8687441
46.314318, -117.8747489
46.334241, -117.8704306
46.3393778, -117.8678826
46.3469993, -117.8707217
46.3605487, -117.8684877
46.362882, -117.8719326
46.3823447, -117.8685079
46.3828012, -117.8679504
46.3977897, -117.8759485
46.4016436, -117.8681736
46.4111299, -117.8755339
46.41944780000001, -117.8754408
46.4302391, -117.862251
46.4379335, -117.8692428
46.4406374, -117.8646721
46.4641206, -117.8661255
46.46454800000001, -117.868932
46.4651494, -117.8723023
46.4880313, -117.8717765
46.48969750000001, -117.8680744
46.529394, -117.8551582
46.5408032, -117.8654947
46.546251, -117.8685213
46.5487341, -117.8738051
46.564059, -117.8687747
46.5735998, -117.8727338
46.5753792, -117.875361
46.5993056, -117.8570125
46.6006999, -117.8554775
46.6178629, -117.8931133
46.6241723, -117.8924564
46.6317445, -117.8945684
46.6406783, -117.8958349
46.6688716, -117.8541841
46.672661, -117.8614524
46.6740169, -117.8649669
46.6770767, -117.8693206
46.6771306, -117.8701322
46.7047055, -117.8740647
46.7082993, -117.8693691
46.7170115, -117.8635985
46.724945, -117.8632228
46.7351703, -117.8683829
46.7446497, -117.8714507
46.7526523, -117.8673663
46.7629023, -117.8642215
46.7708602, -117.8643605
46.7794648, -117.8639411
46.78909789999999, -117.8633268
46.7972319, -117.8685503
46.812888, -117.875898
46.8195521, -117.8709842
46.826167, -117.8711941
46.8348763, -117.8707249
46.84064619999999, -117.8658809
46.85171570000001, -117.8599107
46.8594877, -117.8577602
46.86713930000001, -117.8585792
46.87717809999999, -117.8535259
46.8828065, -117.8501738
46.9124423, -117.866437
46.9352846, -117.8727471
46.9389455, -117.8682736
46.95477409999999, -117.8707333
46.9599525, -117.8627297
46.9736217, -117.868762
46.9736217, -117.8687489
46.9884356, -117.8744846
46.9926544, -117.8744784
47.0064003, -117.8727745
47.0137669, -117.8707014
47.02313669999999, -117.8705611
47.0321608, -117.868752
47.0324366, -117.8706104
47.0492147, -117.8501339
47.0493503, -117.8500674
47.0760051, -117.851851
47.0844669, -117.8678185
47.08607900000001, -117.8688839
47.0946672, -117.8667798
47.1072935, -117.8697679
47.109012, -117.8671238
47.1237784, -117.8824034
47.1295172, -117.8821209
47.1446549, -117.8779533
47.1503926, -117.8755147
47.157293, -117.8687928
47.1671638, -117.8701841
47.1760359, -117.8707965
47.1850251, -117.8712019
47.1918162, -117.8744882
47.1971184, -117.8793595
47.2149773, -117.8667874
47.2228527, -117.8718365
47.22887540000001, -117.8668729
47.2338106, -117.8602734
47.2475811, -117.8547365
47.2584054, -117.8679194
47.2602358, -117.87327
47.2792864, -117.8666519
47.2851679, -117.8688691
47.28571669999999, -117.8728856
47.28729999999999, -117.878818
47.326557, -117.876872
47.327583, -117.8721476
47.3290178, -117.8686649
47.3408068, -117.8728458
47.3453636, -117.8661961
47.3543405, -117.8662249
47.3662345, -117.8610859
47.3758735, -117.8716906
47.380998, -117.8654077
47.3913087, -117.8649708
47.4059307, -117.8690368
47.4059446, -117.8685156
47.424283, -117.8701724
47.4245533, -117.8678795
47.4389349, -117.8697482
47.4439016, -117.8627341
47.45645520000001, -117.8636367
47.4643257, -117.8662032
47.4727506, -117.8661918
47.4808542, -117.8628775
47.4940375, -117.8686798
47.50062570000001, -117.8768465
47.5072877, -117.8669639
47.5217138, -117.8688018
47.52317480000001, -117.8641155
47.5362549, -117.8687565
47.5507794, -117.8687796
47.5507795, -117.8687414
47.5653137, -117.868762
47.5653137, -117.8687354
47.5798707, -117.8687405
47.57987139999999, -117.8686296
47.6044168, -117.8703414
47.6080777, -117.8651688
47.6144827, -117.8652396
47.626093, -117.8623675
47.6355416, -117.8626101
47.6432657, -117.8629374
47.6531284, -117.8624855
47.6654507, -117.8686248
47.6695561, -117.8687326
47.6839148, -117.8728377
47.6871322, -117.8684725
47.7013448, -117.8687527
47.7087193, -117.8747341
47.7163033, -117.871557
47.7250199, -117.8698738
47.7339957, -117.8705706
47.7424211, -117.8683097
47.7522139, -117.8687634
47.7612045, -117.8637252
47.770107, -117.8640002
47.7789916, -117.8638891
47.7880431, -117.8634903
47.7995413, -117.8686709
47.8012996, -117.8690842
47.8193888, -117.8630076
47.824307, -117.8672565
47.8333582, -117.8687693
47.8424547, -117.8686875
47.8514024, -117.8682711
47.8599571, -117.8686465
47.8690864, -117.8652807
47.8773935, -117.8659408
47.8870851, -117.8651904
47.8967803, -117.8687659
47.9051595, -117.8688895
47.9138374, -117.8707881
47.9237343, -117.8709661
47.9354328, -117.8690957
47.94192719999999, -117.8698073
47.9481759, -117.8733969
47.9588988, -117.8729468
47.9608532, -117.8733366
47.9765212, -117.8687533
47.9918066, -117.8701162
47.9951683, -117.8687812
48.0022854, -117.8715654
48.0171419, -117.8745863
48.01776659999999, -117.8738061
48.0276985, -117.8765052
48.04165690000001, -117.8694995
48.0434508, -117.8680494
48.0545528, -117.8841326
48.0786402, -117.8723143
48.079001, -117.8702502
48.0874266, -117.8677712
48.0962058, -117.8619514
48.1028453, -117.8600935
48.1169457, -117.8582877
48.1240704, -117.8665412
48.1271187, -117.8697337
48.1363905, -117.8785082
48.1548588, -117.8705247
48.1559174, -117.8705905
48.1642456, -117.8773354
48.1755721, -117.8721797
48.1844529, -117.8751677
48.1909994, -117.8659696
48.2016941, -117.8686407
48.2106086, -117.8693996
48.22038939999999, -117.8685281
48.2287574, -117.8604419
48.23444569999999, -117.8765073
48.2614526, -117.8717034
48.2651299, -117.8690309
48.2776517, -117.8675698
48.281321, -117.871645
48.2814861, -117.872049
48.3089443, -117.8638964
48.3112383, -117.8686133
48.313576, -117.862744
48.3294807, -117.871552
48.3367146, -117.8700772
48.3460686, -117.8699364
48.3519283, -117.8686876
48.3664772, -117.8689355
48.3773609, -117.8689329
48.3821569, -117.8649042
48.39076499999999, -117.8663053
48.40384770000001, -117.8671519
48.4112057, -117.8672248
48.4177144, -117.8710463
48.42734249999999, -117.8703644
48.4375581, -117.8643953
48.44468180000001, -117.8699195
48.4550964, -117.8678716
48.4632634, -117.8689489
48.4719551, -117.8686777
48.47674079999999, -117.8738122
48.4909074, -117.8666655
48.4990159, -117.8716528
48.50750120000001, -117.8667792
48.5170817, -117.8684685
48.5254057, -117.8689777
48.5334672, -117.8671359
48.5446346, -117.8706459
48.55173660000001, -117.8746307
48.5683899, -117.867123
48.5691071, -117.8687509
48.5792525, -117.8686047
48.5880421, -117.8796942
48.5980514, -117.8687553
48.5980515, -117.8687168
48.6094236, -117.8919954
48.6448534, -117.886785
48.65116889999999, -117.870113
48.65211619999999, -117.8688096
48.6592974, -117.8722072
48.6713855, -117.8711056
48.67914649999999, -117.8685203
48.6921166, -117.8660242
48.6969812, -117.8702229
48.7036787, -117.8672081
48.7128495, -117.8740307
48.7233753, -117.8769385
48.73754049999999, -117.8719429
48.742066, -117.867178
48.742866, -117.865866
48.7695861, -117.8656657
48.770725, -117.8674016
48.7781594, -117.8587757
48.7900019, -117.8690604
48.7942039, -117.8639142
48.8370521, -117.8872442
48.840003, -117.8832972
48.8460637, -117.8774545
48.8489556, -117.8686644
48.85721059999999, -117.8661866
48.8678277, -117.8684002
48.8772854, -117.8702532
48.88203799999999, -117.873871
48.8963165, -117.8800348
48.9050297, -117.8695185
48.9131755, -117.8717249
48.9191809, -117.868061
48.934154, -117.876099
48.9403774, -117.8689456
48.9536739, -117.867255
46.2135336, -117.8508361
46.221171, -117.8489345
46.2327958, -117.8516551
46.237931, -117.857381
46.2578882, -117.8544401
46.2581824, -117.8547934
46.2674633, -117.8550443
46.277615, -117.855958
46.2793271, -117.851959
46.2954426, -117.8535264
46.3058489, -117.854966
46.3058527, -117.8552346
46.322789, -117.8541089
46.3306654, -117.858047
46.3404957, -117.8577345
46.34610120000001, -117.8516758
46.3579362, -117.8553305
46.35842359999999, -117.8523267
46.3810499, -117.857988
46.3845701, -117.855526
46.3933013, -117.8487479
46.4016806, -117.8494211
46.4109898, -117.8551766
46.4200604, -117.8540983
46.4268289, -117.8580954
46.4417388, -117.8551355
46.4417412, -117.8549221
46.4620821, -117.8526778
46.4625838, -117.8558602
46.46297389999999, -117.8584556
46.48836619999999, -117.8608821
46.4916124, -117.8548973
46.5076162, -117.8515565
46.5192495, -117.8524874
46.5281517, -117.8545231
46.53662509999999, -117.8554483
46.5419945, -117.8589137
46.5631649, -117.8566632
46.5635832, -117.8547825
46.5694842, -117.8537635
46.5696244, -117.8528419
46.60047, -117.8557493
46.603472, -117.8512262
46.6045795, -117.8471465
46.6046704, -117.8467393
46.6316836, -117.894552
46.6673215, -117.850617
46.6724049, -117.8547065
46.6750658, -117.8542677
46.70675259999999, -117.8705695
46.7119392, -117.8654372
46.7171914, -117.8635935
46.72843049999999, -117.8589068
46.7333922, -117.8524503
46.7412298, -117.8691351
46.7561387, -117.8650774
46.7609634, -117.8625907
46.77188229999999, -117.8641756
46.7812495, -117.8633985
46.7875767, -117.8627987
46.7987039, -117.8552166
46.7993551, -117.8514155
46.8163097, -117.8548478
46.8254378, -117.8557357
46.8302567, -117.8502318
46.8430918, -117.8599965
46.85464080000001, -117.8550331
46.86138649999999, -117.8571722
46.8700827, -117.8550888
46.8784443, -117.8528515
46.8862783, -117.8481809
46.8955271, -117.8444425
46.9138202, -117.8597349
46.9152625, -117.85506
46.92489, -117.8554453
46.9331606, -117.848634
46.9442627, -117.8586183
46.9476589, -117.8528625
46.95971309999999, -117.8553367
46.9683999, -117.8580064
46.97918079999999, -117.8552976
46.98715319999999, -117.8569736
46.9958365, -117.8533595
47.0051036, -117.8528132
47.0104866, -117.8526123
47.023805, -117.8432207
47.0329623, -117.855208
47.0408962, -117.8486948
47.0492821, -117.8501236
47.0575592, -117.8435696
47.0758034, -117.8513834
47.077008, -117.8518683
47.0862176, -117.8547978
47.0918814, -117.8522512
47.10944019999999, -117.861217
47.1136213, -117.8557815
47.1196189, -117.8522065
47.1469008, -117.8367361
47.1554447, -117.8547662
47.1554529, -117.8551653
47.1688526, -117.8567575
47.1821044, -117.8586381
47.1837926, -117.8541209
47.1842028, -117.8524674
47.2141965, -117.8553104
47.2141994, -117.8552406
47.2157847, -117.8518122
47.23291709999999, -117.8612903
47.2390956, -117.8542734
47.2478595, -117.8545577
47.2554396, -117.8575395
47.2681561, -117.8455066
47.2794162, -117.8548263
47.28333180000001, -117.85523
47.2874907, -117.8448569
47.3054904, -117.8415686
47.3291511, -117.8684689
47.3331708, -117.8642806
47.3386405, -117.8609862
47.3471571, -117.8551342
47.3545968, -117.852806
47.3647675, -117.8599807
47.3754785, -117.8575714
47.3822717, -117.8523759
47.3912947, -117.8550501
47.40588409999999, -117.8549418
47.4058861, -117.855142
47.4240016, -117.8540608
47.4241353, -117.8557014
47.4417992, -117.8500152
47.4438428, -117.8536339
47.4532772, -117.8617686
47.4630281, -117.8659289
47.4719133, -117.8550608
47.4834643, -117.8616863
47.49073869999999, -117.8538005
47.499557, -117.8510339
47.5091137, -117.8506594
47.518313, -117.8513365
47.5277809, -117.8552648
47.5362755, -117.8550514
47.5508151, -117.8550835
47.5508152, -117.8550289
47.5653218, -117.8550529
47.5653218, -117.8550361
47.5799161, -117.8547683
47.5900592, -117.8435211
47.6003055, -117.8536473
47.605382, -117.8578807
47.61923119999999, -117.8600764
47.6260634, -117.8623673
47.6375029, -117.857754
47.64415899999999, -117.8624705
47.6580989, -117.8549735
47.662304, -117.8547799
47.6710808, -117.8575444
47.6731269, -117.8538319
47.6872096, -117.8550774
47.7015448, -117.8552772
47.709199, -117.8533941
47.7121759, -117.8585192
47.7251171, -117.8526209
47.730659, -117.8549039
47.7451435, -117.8551524
47.7523603, -117.8551368
47.7609502, -117.8637112
47.7741146, -117.8551688
47.7741182, -117.8549011
47.7881371, -117.8634889
47.79841159999999, -117.8553461
47.8054506, -117.8565306
47.8144534, -117.8568069
47.8252417, -117.8553752
47.83255380000001, -117.856065
47.8423185, -117.8545835
47.8506114, -117.8535218
47.859768, -117.8511021
47.86918439999999, -117.8554026
47.87876809999999, -117.850883
47.8878469, -117.8565636
47.8914413, -117.8505734
47.9092065, -117.8606107
47.9150243, -117.8555466
47.9263596, -117.8566362
47.9298505, -117.8520434
47.94261789999999, -117.84266
47.9524288, -117.8517762
47.9591428, -117.8550998
47.9680563, -117.8561632
47.9770961, -117.8548538
47.9848134, -117.8505961
47.9962178, -117.8566855
48.0058233, -117.8558958
48.01152580000001, -117.8535535
48.0223244, -117.8519515
48.033457, -117.8515948
48.0418586, -117.8550122
48.0481482, -117.8549855
48.053573, -117.8511227
48.0682505, -117.8439563
48.0831226, -117.8510148
48.0844763, -117.8552067
48.0933111, -117.8570746
48.1031102, -117.8550481
48.11175739999999, -117.852272
48.1210467, -117.8552016
48.13017050000001, -117.8560004
48.14310039999999, -117.8504801
48.1661024, -117.8539961
48.1662408, -117.8542811
48.17342, -117.8518998
48.1790278, -117.8555765
48.1927917, -117.8549582
48.2026096, -117.8614872
48.2078923, -117.8562712
48.21863399999999, -117.8552673
48.2278007, -117.8534522
48.2342442, -117.849746
48.2614191, -117.8582243
48.2615851, -117.8575944
48.2746966, -117.8545336
48.2831195, -117.85694
48.2884271, -117.8479681
48.30810349999999, -117.8610747
48.3156362, -117.8535764
48.3324252, -117.8432557
48.3374067, -117.8491923
48.34857299999999, -117.8526729
48.3551323, -117.8529038
48.3638351, -117.8553604
48.3729849, -117.8591276
48.38188050000001, -117.8648916
48.3916841, -117.8578884
48.400078, -117.8552537
48.4107678, -117.8553029
48.4183463, -117.8523036
48.4276336, -117.8550738
48.4330378, -117.8593421
48.4494079, -117.8489326
48.4547622, -117.8527886
48.4636722, -117.8550265
48.4726003, -117.8549291
48.4771545, -117.85904
48.4875913, -117.853526
48.5002491, -117.8506246
48.5078194, -117.8513119
48.5204094, -117.8552181
48.5263517, -117.8534943
48.5370423, -117.8635878
48.54471640000001, -117.8541517
48.5546527, -117.8553266
48.5638105, -117.8484767
48.5714108, -117.8552949
48.5808933, -117.8553033
48.5833857, -117.8493212
48.5980843, -117.8550489
48.5980917, -117.8546587
48.6197184, -117.8363621
48.6224345, -117.8367452
48.6521856, -117.8540999
48.65231929999999, -117.8549602
48.6595501, -117.8604245
48.6703374, -117.8569676
48.68172, -117.863256
48.69202929999999, -117.8567782
48.6942465, -117.8510446
48.7065501, -117.8551775
48.707134, -117.851865
48.7203301, -117.8750291
48.7417776, -117.8586503
48.7425064, -117.85535
48.7447558, -117.8495168
48.7703852, -117.8579428
48.7710938, -117.8558199
48.77802399999999, -117.8552426
48.78665119999999, -117.8544741
48.794436, -117.8544307
48.8021128, -117.8620767
48.8022444, -117.8623414
48.8316154, -117.8356278
48.83269139999999, -117.8360122
48.8493369, -117.8542522
48.850359, -117.8552551
48.8594765, -117.853462
48.8716289, -117.8584716
48.8780754, -117.8551158
48.8823898, -117.8464759
48.9004629, -117.8552729
48.9031776, -117.8565826
48.9134731, -117.8554364
48.9218792, -117.8513593
48.9312276, -117.8513304
48.93769589999999, -117.849526
48.9498408, -117.8564516
46.2073629, -117.8452134
46.222154, -117.8471566
46.2307046, -117.8413246
46.2311576, -117.8443081
46.2599277, -117.8494849
46.2611387, -117.8455277
46.2638513, -117.8399001
46.2797434, -117.8496621
46.2949328, -117.8413445
46.3048094, -117.8390164
46.3062978, -117.8423403
46.319944, -117.8414085
46.3307353, -117.8412332
46.3374888, -117.8407327
46.3505444, -117.8442706
46.35719049999999, -117.8441051
46.3656119, -117.840033
46.3699796, -117.8340734
46.3861211, -117.8399337
46.3928194, -117.8487122
46.40495689999999, -117.8417743
46.4156637, -117.8421219
46.41886119999999, -117.8385357
46.4290131, -117.8332498
46.4418097, -117.8490418
46.4616359, -117.8425688
46.4617645, -117.8410451
46.47550760000001, -117.824266
46.4929401, -117.8379106
46.493525, -117.8412583
46.49353379999999, -117.8415803
46.5115466, -117.8468788
46.5150059, -117.8495881
46.5294328, -117.839987
46.53231299999999, -117.8460879
46.5391847, -117.8552535
46.564922, -117.850128
46.56897619999999, -117.8414845
46.5700066, -117.8396315
46.570137, -117.8389045
46.60141429999999, -117.8325547
46.6036628, -117.8395905
46.60516579999999, -117.8426708
46.60517900000001, -117.842856
46.6288596, -117.8125717
46.637923, -117.8115466
46.6394797, -117.8112985
46.6674091, -117.8447744
46.6679521, -117.8408298
46.6703953, -117.8373951
46.6778957, -117.8315989
46.6900798, -117.8275264
46.6921873, -117.8266642
46.7143566, -117.864002
46.7319592, -117.8389256
46.7320539, -117.8398097
46.732705, -117.8428024
46.7449382, -117.8313565
46.7523342, -117.8317064
46.7617823, -117.8332878
46.7689283, -117.8310423
46.7835183, -117.8330273
46.7888682, -117.8345671
46.8016347, -117.8441434
46.8075169, -117.8383574
46.8151069, -117.8438376
46.83134829999999, -117.8482046
46.8345797, -117.8418835
46.8389371, -117.8345526
46.85490619999999, -117.841557
46.85493049999999, -117.8408742
46.8713221, -117.8548449
46.8847071, -117.8412808
46.8876578, -117.8411083
46.8974449, -117.8438413
46.906044, -117.8411015
46.9154481, -117.8413609
46.9269447, -117.8491156
46.9329867, -117.8486293
46.9437873, -117.8456879
46.9495874, -117.8439099
46.957771, -117.8312663
46.96698079999999, -117.8572295
46.9810873, -117.8513368
46.9817489, -117.8513921
47.0004499, -117.8499363
47.0063258, -117.8437428
47.0143377, -117.8437564
47.0229705, -117.8431106
47.0302726, -117.8438977
47.0416769, -117.8486025
47.05094889999999, -117.8457956
47.0593021, -117.8430802
47.06807570000001, -117.8421446
47.0752027, -117.8424009
47.0829499, -117.8515071
47.0959319, -117.8420558
47.0981716, -117.8363437
47.1167272, -117.8460603
47.1207443, -117.8376213
47.1313993, -117.8295669
47.1432183, -117.8337778
47.1499178, -117.8391774
47.1583253, -117.8435493
47.1597129, -117.8432145
47.1773874, -117.8330289
47.1836373, -117.841451
47.1927139, -117.8330855
47.2048196, -117.8354871
47.21204290000001, -117.8415421
47.2200429, -117.839835
47.2300715, -117.8414106
47.2401324, -117.8413419
47.2422469, -117.8361275
47.2579605, -117.8446955
47.2666367, -117.8414587
47.2752304, -117.8452017
47.2827779, -117.8412432
47.29239, -117.8390034
47.3040434, -117.8381095
47.3129116, -117.8231915
47.33508310000001, -117.8629587
47.3479361, -117.853588
47.3509272, -117.8507725
47.3570424, -117.8471114
47.3649026, -117.8449361
47.3731876, -117.8402983
47.383904, -117.8413252
47.391195, -117.8413811
47.401055, -117.8445025
47.4107462, -117.8431794
47.42340069999999, -117.8434518
47.4240748, -117.8398969
47.4417325, -117.8498526
47.4474244, -117.8422898
47.4479526, -117.8398319
47.4720294, -117.8481481
47.4747941, -117.8456297
47.4794206, -117.8385952
47.4937952, -117.8413202
47.4937955, -117.8413922
47.5084172, -117.8413688
47.5227927, -117.8468191
47.527069, -117.8436748
47.5360713, -117.8436527
47.5433038, -117.8441411
47.5540939, -117.8438235
47.5631062, -117.843624
47.5720922, -117.8434739
47.5798362, -117.841322
47.5900829, -117.8435211
47.5990952, -117.843551
47.6080678, -117.8436362
47.6170262, -117.8409881
47.62608059999999, -117.8409831
47.6350802, -117.8410838
47.6440772, -117.8411601
47.6530791, -117.8412602
47.6620786, -117.8413799
47.6710782, -117.8414736
47.6800764, -117.8416367
47.6890774, -117.8417279
47.6980771, -117.8418088
47.7070689, -117.8419384
47.7163786, -117.8413359
47.73091789999999, -117.8412051
47.7309201, -117.8414159
47.7453686, -117.8421225
47.7520848, -117.8420274
47.761073, -117.8420396
47.77008000000001, -117.8421448
47.7790796, -117.8421336
47.7881021, -117.8418967
47.7970707, -117.841541
47.8010485, -117.8437859
47.8156484, -117.8350594
47.8240767, -117.8413502
47.836198, -117.8419716
47.8420891, -117.8398574
47.8532622, -117.8483968
47.86080219999999, -117.844633
47.8689322, -117.8406714
47.8783841, -117.8418107
47.8870687, -117.8387606
47.8971388, -117.8413456
47.9045391, -117.8413368
47.9141466, -117.8411792
47.92299819999999, -117.841165
47.9302138, -117.8398968
47.9414273, -117.8409351
47.9504421, -117.8413739
47.9628109, -117.847426
47.96302590000001, -117.8475284
47.9765089, -117.8413588
47.9885215, -117.8456585
47.9943764, -117.839428
48.0060698, -117.8381951
48.0130941, -117.8382419
48.0220675, -117.8383581
48.030008, -117.8463922
48.0395106, -117.8425517
48.0485846, -117.841304
48.0632803, -117.8385392
48.06680129999999, -117.8413281
48.0724947, -117.8398657
48.0846154, -117.8413565
48.0892614, -117.8399911
48.1042576, -117.8403587
48.1132257, -117.8500126
48.1244016, -117.8454391
48.1300998, -117.8390556
48.1388872, -117.8411809
48.1433641, -117.8430072
48.1542612, -117.8313322
48.1692115, -117.8455738
48.17486659999999, -117.8447923
48.1815009, -117.8424478
48.19483160000001, -117.8401728
48.1987518, -117.8392173
48.2120764, -117.8445181
48.219519, -117.8418715
48.2293954, -117.8427517
48.2361643, -117.8387945
48.23718909999999, -117.8364805
48.2762272, -117.8446082
48.2835589, -117.8407503
48.28937939999999, -117.8416022
48.29661249999999, -117.8426009
48.3108297, -117.8363588
48.31610509999999, -117.8413205
48.328686, -117.8399443
48.3368672, -117.8456462
48.3488599, -117.8419125
48.3550669, -117.8403312
48.3651527, -117.8393013
48.3733515, -117.8391897
48.3820345, -117.8416925
48.39092979999999, -117.8423113
48.4004133, -117.8414402
48.4087508, -117.8450407
48.4153986, -117.8417218
48.4277716, -117.8406747
48.4349394, -117.8413434
48.4466322, -117.8375943
48.4526833, -117.8412225
48.46652049999999, -117.8506764
48.4717028, -117.8411693
48.4811208, -117.8414014
48.4884678, -117.8492393
48.4989469, -117.841445
48.5031742, -117.841702
48.52271649999999, -117.8400581
48.5257722, -117.8413402
48.53933319999999, -117.8426204
48.5458215, -117.843104
48.553079, -117.8413441
48.5617464, -117.8465509
48.5711477, -117.8423564
48.57940319999999, -117.8413376
48.587243, -117.8364395
48.5997241, -117.8375884
48.6027263, -117.8374779
48.6170155, -117.8354721
48.633069, -117.8267626
48.6524808, -117.8498457
48.65543599999999, -117.8429695
48.6611166, -117.8406072
48.66769499999999, -117.8399535
48.68214200000001, -117.840128
48.68798229999999, -117.8404484
48.6970244, -117.8397234
48.7060191, -117.8418692
48.7088013, -117.8390004
48.7089278, -117.8382215
48.7427179, -117.8411984
48.74272089999999, -117.8412962
48.7504168, -117.8399732
48.7587353, -117.833745
48.7719853, -117.8414751
48.772918, -117.8410508
48.7872998, -117.8490655
48.7981917, -117.8416906
48.80166579999999, -117.8362789
48.803459, -117.832907
48.8326053, -117.8360034
48.8461369, -117.8312562
48.851733, -117.8402044
48.8563552, -117.842325
48.8697536, -117.8430179
48.8763234, -117.8390512
48.8861521, -117.8418246
48.89234219999999, -117.8385744
48.90164430000001, -117.854736
48.9142064, -117.8545484
48.9262766, -117.8383494
48.93225409999999, -117.8383886
48.9400272, -117.8412387
48.94926599999999, -117.8413376
46.221014, -117.8208411
46.2230143, -117.8270542
46.2273754, -117.8351723
46.2302259, -117.8403338
46.2586387, -117.8275459
46.2586394, -117.8275557
46.2617445, -117.8323778
46.2636713, -117.8373804
46.2949584, -117.8277391
46.2949589, -117.8276444
46.3002452, -117.8304858
46.312482, -117.8251716
46.317988, -117.8336784
46.3325774, -117.827266
46.3393544, -117.8277426
46.3435771, -117.8178299
46.37071539999999, -117.8323403
46.3757544, -117.829956
46.38321, -117.827585
46.390479, -117.8229101
46.4029171, -117.8273128
46.4108318, -117.8229593
46.4184981, -117.8271443
46.4302473, -117.8265309
46.4379599, -117.8262903
46.4461132, -117.8241129
46.4581622, -117.8254036
46.4653008, -117.8231819
46.4751135, -117.8240478
46.4830493, -117.8220461
46.4920891, -117.8276266
46.5011185, -117.8217837
46.5125197, -117.8235703
46.5186382, -117.8254596
46.5288341, -117.8270987
46.53250130000001, -117.8231125
46.5331909, -117.8211107
46.567311, -117.8199812
46.5684331, -117.8248172
46.5693947, -117.8282853
46.5874398, -117.8165077
46.5943731, -117.8212303
46.6001071, -117.8276192
46.610774, -117.8231948
46.6376266, -117.8115051
46.6413021, -117.8104581
46.64837869999999, -117.8083865
46.6683829, -117.8392213
46.6745318, -117.8336294
46.68115969999999, -117.82783
46.690079, -117.8275264
46.6959082, -117.8221661
46.7016555, -117.8153131
46.7320124, -117.8362159
46.7337782, -117.8315644
46.7348891, -117.8276803
46.7440098, -117.8274847
46.7533915, -117.831509
46.7622861, -117.8332482
46.7715482, -117.8298721
46.7800907, -117.827334
46.7867189, -117.8334305
46.7990507, -117.8312726
46.8076102, -117.82806
46.8096462, -117.822552
46.8357805, -117.8395344
46.8385824, -117.835015
46.8434739, -117.8301394
46.8522537, -117.8318901
46.8580934, -117.8236924
46.8589108, -117.8218589
46.885267, -117.8359419
46.8899176, -117.8323643
46.8942282, -117.8264824
46.9044409, -117.8271374
46.9155676, -117.8276424
46.9175009, -117.8302027
46.9472469, -117.8261762
46.9472912, -117.8270984
46.9473354, -117.8280206
46.95915850000001, -117.8304538
46.9729946, -117.8200186
46.9744976, -117.821009
46.9893157, -117.8221218
47.0078197, -117.8420703
47.0160115, -117.8278875
47.0224543, -117.8270887
47.0241172, -117.8233057
47.0465483, -117.8280048
47.0465673, -117.8273977
47.0615628, -117.8421229
47.0680211, -117.8421442
47.0750514, -117.8422056
47.0977244, -117.8374845
47.0999653, -117.8317679
47.102206, -117.8260509
47.1142715, -117.8228335
47.1223252, -117.8264357
47.1310221, -117.8295426
47.1400796, -117.8291642
47.1459644, -117.835982
47.16350569999999, -117.8185062
47.1682956, -117.8259895
47.1779687, -117.8277031
47.185826, -117.8312507
47.1924564, -117.8290312
47.2020255, -117.8340082
47.2190333, -117.8295472
47.22059900000001, -117.8264846
47.2288296, -117.8315931
47.2424472, -117.8350131
47.2601626, -117.8276433
47.2650879, -117.8339725
47.2833001, -117.8284103
47.2833368, -117.8275651
47.291926, -117.8273162
47.3021178, -117.8286004
47.3106618, -117.8243007
47.3136242, -117.8217519
47.3166999, -117.8166948
47.35496930000001, -117.8243446
47.3562053, -117.8270753
47.3649114, -117.8294765
47.37403219999999, -117.8273211
47.382653, -117.8282402
47.391768, -117.8266831
47.402932, -117.8309292
47.4085993, -117.8249981
47.4205208, -117.8275792
47.4291677, -117.8300358
47.4334693, -117.8239155
47.4490319, -117.8284098
47.4531587, -117.8226642
47.4645778, -117.8137434
47.4788207, -117.8250328
47.4824942, -117.827169
47.49372169999999, -117.8276083
47.4937222, -117.8276995
47.5083938, -117.827635
47.5181001, -117.8167471
47.5270109, -117.8436742
47.5393096, -117.8357385
47.5435655, -117.8275959
47.5441772, -117.8244236
47.5632707, -117.8436196
47.5799343, -117.827759
47.5799353, -117.8276171
47.5944263, -117.827697
47.5944272, -117.8275689
47.6145804, -117.8278034
47.6145832, -117.8275705
47.6280516, -117.830051
47.6291045, -117.8277696
47.6449226, -117.8195507
47.65812469999999, -117.8275411
47.6599776, -117.8288522
47.6726234, -117.8276025
47.6871777, -117.8273705
47.6871834, -117.8277058
47.7016356, -117.8275584
47.7071599, -117.820134
47.71619219999999, -117.8276309
47.7248207, -117.8310403
47.7308617, -117.8281532
47.7430568, -117.8202996
47.7597244, -117.8273487
47.7597301, -117.8276856
47.7742775, -117.827459
47.7742847, -117.8278362
47.7938755, -117.8331856
47.7957032, -117.8302732
47.8135525, -117.8203258
47.8162523, -117.8264939
47.82370359999999, -117.827701
47.8337891, -117.819818
47.8420499, -117.8251164
47.8464555, -117.8251329
47.8635599, -117.8432777
47.8716804, -117.8393213
47.8830858, -117.832661
47.889335, -117.8251024
47.8971583, -117.827638
47.9043888, -117.8276721
47.9142334, -117.8269127
47.91949109999999, -117.8229193
47.9320234, -117.8275604
47.9403731, -117.8323082
47.94832359999999, -117.8356576
47.9499895, -117.8375433
47.97771150000001, -117.8332649
47.9789064, -117.8287032
47.9801011, -117.8241412
47.9984754, -117.8349181
48.0059165, -117.8276391
48.013106, -117.8225785
48.0201382, -117.8226084
48.0260116, -117.8383613
48.0400932, -117.8227523
48.0490414, -117.8276323
48.05800379999999, -117.8280214
48.0673393, -117.8299725
48.07620740000001, -117.8301059
48.0860573, -117.8300183
48.0951192, -117.8270911
48.1034669, -117.8275714
48.11600259999999, -117.8238066
48.11671519999999, -117.8224436
48.12889080000001, -117.8274826
48.1384246, -117.8175462
48.1563969, -117.8258611
48.1607501, -117.8241385
48.1808992, -117.8288009
48.1849791, -117.8260885
48.1923203, -117.8279602
48.2015192, -117.8293711
48.2146201, -117.8313646
48.2193591, -117.8271084
48.2294997, -117.8298064
48.2380462, -117.8280728
48.2445058, -117.8241613
48.25013430000001, -117.8228574
48.2558492, -117.815162
48.2834995, -117.8346465
48.2836723, -117.8342279
