47.662006, -122.5696251
47.6718473, -122.5716753
47.6800331, -122.5613192
47.6903101, -122.5653724
47.6965539, -122.56337
47.7113263, -122.5711142
47.7161228, -122.5707589
47.7236015, -122.5677674
47.7328264, -122.5679476
47.743006, -122.5702665
47.75208569999999, -122.5700211
47.7608511, -122.5684487
47.7698287, -122.570191
47.7792766, -122.5701602
47.7871513, -122.5700302
47.7974709, -122.5737623
47.8062917, -122.5705242
47.8145919, -122.5701683
47.8247388, -122.565382
47.831675, -122.5671837
47.843072, -122.5661836
47.8511342, -122.5697672
47.8597487, -122.5720823
47.8690467, -122.5708534
47.8778745, -122.5701671
47.88617559999999, -122.5772715
47.896591, -122.5695831
47.9052477, -122.5702363
47.9142677, -122.5701268
47.9195631, -122.5733765
47.9705081, -122.5465239
47.9731859, -122.5501192
47.9742569, -122.551042
47.976698, -122.550997
48.0077924, -122.5642705
48.0087898, -122.5702407
48.013048, -122.571893
48.022557, -122.5701794
48.0310786, -122.5707861
48.04213530000001, -122.5661346
48.0496714, -122.5682286
48.0595464, -122.5697188
48.0683416, -122.5689868
48.0759655, -122.5702094
48.085149, -122.5706636
48.0940793, -122.5701734
48.1047343, -122.5719818
48.1121473, -122.5701711
48.1215548, -122.5701605
48.1305973, -122.5683568
48.1389918, -122.5694759
48.1478659, -122.5708639
48.1539228, -122.5754805
48.1632319, -122.5828797
48.1748184, -122.5861573
48.1820399, -122.586571
48.1843859, -122.587574
48.1897382, -122.594267
48.2078951, -122.5381873
48.2163484, -122.5364023
48.22563599999999, -122.5336692
48.2380392, -122.5316669
48.2467256, -122.5318989
48.2468846, -122.5318748
48.2832444, -122.5558846
48.2960098, -122.5553327
48.3072348, -122.5702569
48.3101, -122.5665609
48.3183678, -122.5700533
48.3278259, -122.5701697
48.339001, -122.5682789
48.3460657, -122.5725818
48.3497222, -122.5722799
48.36957229999999, -122.5826677
48.3718209, -122.5815561
48.377372, -122.5839163
48.3912844, -122.587041
48.3930058, -122.586774
48.4180809, -122.5701392
48.4303926, -122.5807808
48.4357127, -122.5789023
48.4471973, -122.5685842
48.45306410000001, -122.5682029
48.4630347, -122.5702074
48.4719999, -122.5711255
48.4807962, -122.5734597
48.4906166, -122.5752606
48.4984492, -122.5696684
48.4992368, -122.5669024
48.5293262, -122.5740694
48.5329487, -122.575231
48.5398022, -122.578029
48.5438701, -122.5843592
48.57519749999999, -122.5567773
48.5773038, -122.5557851
48.5876144, -122.5547458
48.6350793, -122.5835302
48.6368631, -122.5775073
48.63790299999999, -122.5746838
48.64288819999999, -122.5692736
48.6510293, -122.5652949
48.6591661, -122.5612825
48.66730279999999, -122.5572687
48.6763621, -122.553794
48.68482780000001, -122.5505713
48.69329339999999, -122.5473474
48.70175889999999, -122.5441225
48.7102243, -122.5408965
48.7145867, -122.5390855
48.7161531, -122.5375444
48.756989, -122.6109529
48.7668773, -122.6035304
48.7788547, -122.5598801
48.7793162, -122.5611713
48.7829534, -122.5702039
48.7874758, -122.5701718
48.7956584, -122.5672082
48.8055707, -122.5712956
48.8115239, -122.5703298
48.822458, -122.564369
48.8320972, -122.568312
48.8409805, -122.5704463
48.8481357, -122.5702274
48.8554159, -122.5702377
48.8699756, -122.57413
48.8772309, -122.5701713
48.886055, -122.5696262
48.8953212, -122.5701669
48.9040994, -122.5710952
48.912835, -122.570302
48.9206965, -122.5701886
48.93085, -122.5701737
48.9401215, -122.5742397
48.95005980000001, -122.5701861
46.2132417, -122.5562849
46.221737, -122.555208
46.2289571, -122.5581528
46.24056100000001, -122.554105
46.2490791, -122.5561912
46.2577749, -122.5556759
46.2661585, -122.5576972
46.2760974, -122.5564311
46.2849983, -122.5532609
46.2934, -122.558242
46.3032096, -122.5548796
46.311848, -122.556226
46.32103490000001, -122.5583295
46.3283269, -122.560552
46.3387107, -122.5560345
46.34657600000001, -122.5587583
46.3572669, -122.5560662
46.3645297, -122.5591
46.3734233, -122.5538844
46.3841252, -122.5581705
46.39290339999999, -122.5570056
46.4012624, -122.5521374
46.4136396, -122.5578187
46.4217378, -122.5584458
46.4292919, -122.5579453
46.4380811, -122.5565767
46.4505486, -122.5606787
46.4542932, -122.5565537
46.4651155, -122.556236
46.4768566, -122.555348
46.4824929, -122.5556058
46.4892427, -122.5558201
46.5011613, -122.5536445
46.5100614, -122.5590788
46.5189725, -122.5560893
46.5287535, -122.5562501
46.5359115, -122.5551759
46.5468714, -122.5564481
46.5553708, -122.563647
46.5655343, -122.5579091
46.5742077, -122.5578784
46.5820977, -122.5522812
46.5918627, -122.5555594
46.59971179999999, -122.5564274
46.6094955, -122.5555334
46.6161936, -122.5575968
46.6347269, -122.5602487
46.6363476, -122.5582392
46.64919829999999, -122.5566182
46.6541916, -122.5573079
46.6654688, -122.5571514
46.6724514, -122.556066
46.6804736, -122.5577389
46.6877428, -122.5626562
46.6978567, -122.5549637
46.7118604, -122.5606657
46.717077, -122.5564736
46.7258006, -122.5561952
46.7336409, -122.5570267
46.7454949, -122.5577004
46.7540746, -122.5556811
46.7635911, -122.5548163
46.7704899, -122.5573939
46.7796453, -122.5582691
46.7885707, -122.5575538
46.7981865, -122.5563617
46.8068661, -122.554579
46.8164018, -122.5561814
46.8223947, -122.5622523
46.8363559, -122.5544618
46.8431074, -122.5567789
46.8525905, -122.5564742
46.8617411, -122.5607842
46.86988729999999, -122.5544459
46.8800067, -122.5564145
46.88723969999999, -122.5564536
46.9030538, -122.5539574
46.9060181, -122.5581682
46.9139704, -122.5564593
46.9240743, -122.5559326
46.9330848, -122.5564795
46.9422337, -122.5564847
46.9510783, -122.5562736
46.9600857, -122.5524206
46.9682894, -122.5515687
46.98009099999999, -122.5621102
46.9869724, -122.5583897
46.99601819999999, -122.5585823
47.0050564, -122.5567645
47.0148636, -122.5568539
47.0215664, -122.5552195
47.0321706, -122.5566211
47.0396327, -122.5568983
47.0500681, -122.5564733
47.0519422, -122.5616307
47.0694996, -122.5668236
47.0770833, -122.5626249
47.0861354, -122.5625268
47.094731, -122.5587635
47.103863, -122.555835
47.1133395, -122.5560176
47.1219958, -122.556361
47.1288119, -122.5545744
47.1402958, -122.556308
47.1494198, -122.5564622
47.1581061, -122.5551809
47.1668062, -122.556482
47.17655629999999, -122.5565309
47.1850675, -122.5563038
47.19406619999999, -122.5564671
47.2030791, -122.5564658
47.2114307, -122.5564643
47.2209289, -122.5562628
47.2299248, -122.5564724
47.23930259999999, -122.5566436
47.2464443, -122.5541531
47.2545784, -122.5511827
47.2687877, -122.5517952
47.2753953, -122.5568883
47.2844329, -122.5564534
47.2926252, -122.5564653
47.3015379, -122.5623195
47.3163055, -122.5468358
47.3171217, -122.5468005
47.33137319999999, -122.5710077
47.3403723, -122.563064
47.34711009999999, -122.5583073
47.356252, -122.5564511
47.365179, -122.5565704
47.3748092, -122.550801
47.3831652, -122.5564641
47.391571, -122.5576811
47.4010749, -122.5570706
47.4076211, -122.5542795
47.4180165, -122.5564667
47.4287408, -122.555791
47.4370784, -122.5568553
47.4460764, -122.5568625
47.4550802, -122.556786
47.4640809, -122.5566854
47.4730788, -122.5564453
47.4809139, -122.5564807
47.4910785, -122.556379
47.5000936, -122.5591993
47.50521579999999, -122.5565482
47.5179775, -122.5562021
47.529319, -122.5561728
47.5360828, -122.5569058
47.5450814, -122.5567334
47.55404650000001, -122.5564675
47.5630847, -122.5563933
47.5720937, -122.5588593
47.5808809, -122.5579136
47.5895808, -122.5557323
47.5996165, -122.5593585
47.60812929999999, -122.5576218
47.6159604, -122.5525052
47.6254158, -122.5567119
47.6358727, -122.5564788
47.6440675, -122.5559249
47.6511608, -122.5559021
47.6623471, -122.557889
47.671091, -122.5560204
47.6794436, -122.5564567
47.6890812, -122.5558172
47.69814110000001, -122.5561775
47.7081448, -122.5564394
47.7167772, -122.5556378
47.7253373, -122.5568234
47.7340763, -122.5569655
47.74294279999999, -122.5569666
47.7489381, -122.5601131
47.760798, -122.5581459
47.7700604, -122.5553961
47.7800973, -122.5565429
47.791156, -122.5569076
47.7963325, -122.5563117
47.8073166, -122.5590552
47.81121599999999, -122.5513816
47.8241118, -122.5564654
47.8360439, -122.5602895
47.841192, -122.5559975
47.848485, -122.5646992
47.8590948, -122.5610652
47.8705083, -122.5592405
47.8736487, -122.553629
47.885985, -122.546301
47.89866869999999, -122.550845
47.9050705, -122.5547045
47.9151564, -122.5543097
47.9186059, -122.5565057
47.9186062, -122.556584
47.9186065, -122.5566624
47.9829108, -122.5447036
48.0008123, -122.5475335
48.0049488, -122.5556128
48.0136554, -122.5569879
48.0218054, -122.5569774
48.0326984, -122.5563534
48.044857, -122.554587
48.0499477, -122.5549457
48.057223, -122.554615
48.0668677, -122.5534464
48.0763399, -122.5559036
48.0846302, -122.5609821
48.0924062, -122.5651033
48.1096839, -122.566156
48.1141007, -122.561523
48.122794, -122.5602
48.1281093, -122.562851
48.1403993, -122.5690601
48.1462838, -122.5702232
48.1837174, -122.5365611
48.2022791, -122.5374076
48.20383, -122.5380436
48.23805189999999, -122.5316668
48.2479098, -122.5312632
48.281982, -122.551227
48.2931494, -122.5532228
48.3010812, -122.5558576
48.3102988, -122.5541333
48.31908480000001, -122.5557017
48.3297243, -122.5571684
48.3391116, -122.5602151
48.34271, -122.5648613
48.34813219999999, -122.5673583
48.37558079999999, -122.5327264
48.3865985, -122.5334908
48.4001538, -122.5469541
48.403284, -122.5489625
48.4066892, -122.5519234
48.4181399, -122.552955
48.427089, -122.553158
48.4342684, -122.5509924
48.4447538, -122.5548551
48.4550681, -122.556778
48.46372270000001, -122.5564641
48.4720301, -122.5543141
48.4783119, -122.5565532
48.4909691, -122.5526837
48.4990483, -122.5572207
48.5002063, -122.5580937
48.53227709999999, -122.5747083
48.53923899999999, -122.5776314
48.5808292, -122.5547323
48.6377725, -122.5749372
48.6387069, -122.5731231
48.6400139, -122.5711317
48.6455233, -122.5679941
48.6536961, -122.56398
48.66183239999999, -122.5599674
48.670035, -122.5562019
48.6785004, -122.5529801
48.68696569999999, -122.5497572
48.6954309, -122.5465332
48.70389609999999, -122.5433082
48.7126835, -122.5400102
48.7159681, -122.5377284
48.7179909, -122.5346653
48.7222751, -122.52785
48.7719304, -122.5310015
48.778377, -122.55592
48.7869083, -122.5567419
48.7960735, -122.5514913
48.8059378, -122.556502
48.8131686, -122.5564916
48.82255780000001, -122.5564736
48.8334451, -122.5564565
48.8389322, -122.5560249
48.84891710000001, -122.552404
48.85832569999999, -122.5544172
48.8667887, -122.5518762
48.8770112, -122.5541698
48.8870107, -122.5617427
48.900327, -122.560949
48.90601849999999, -122.5564868
48.915116, -122.5560145
48.9206466, -122.5565042
48.9353545, -122.5565626
48.94191319999999, -122.5564081
48.9501297, -122.5564871
46.21383609999999, -122.5439658
46.2223749, -122.5430692
46.231403, -122.5451196
46.24126, -122.5396663
46.24933859999999, -122.5420334
46.25779, -122.540662
46.2660639, -122.5390732
46.2752928, -122.5418651
46.2855017, -122.5405279
46.2946547, -122.542935
46.3048832, -122.5434122
46.3115615, -122.5429311
46.3206091, -122.5431456
46.3302995, -122.5425803
46.3378356, -122.545039
46.3493299, -122.5323087
46.3569243, -122.5426021
46.365043, -122.5396085
46.3743498, -122.5455377
46.3808278, -122.5406482
46.3924415, -122.5451701
46.4033701, -122.5497529
46.4119217, -122.5476622
46.4194471, -122.5422056
46.427261, -122.5400742
46.4376882, -122.5427003
46.44361199999999, -122.542473
46.459473, -122.5387097
46.4614089, -122.537056
46.47517209999999, -122.5421602
46.4860982, -122.5413855
46.4907529, -122.5442878
46.4998596, -122.5424453
46.50326949999999, -122.5447101
46.5188902, -122.5354612
46.52958020000001, -122.5378576
46.5359, -122.5432486
46.5488527, -122.546412
46.5539645, -122.5423692
46.56658849999999, -122.5442865
46.5781189, -122.5427507
46.5781189, -122.5427675
46.5914496, -122.5472056
46.6003866, -122.5435001
46.6052448, -122.5432563
46.61624870000001, -122.5350119
46.6309932, -122.5357904
46.6409232, -122.5471208
46.6436113, -122.5423244
46.6541282, -122.5426916
46.6619161, -122.5434984
46.6725814, -122.5454564
46.6874314, -122.5389337
46.6898416, -122.5402318
46.6991592, -122.5427941
46.7080897, -122.5434927
46.71642079999999, -122.5433554
46.7262579, -122.5440082
46.73596939999999, -122.5419584
46.7428477, -122.539979
46.7541648, -122.5435382
46.7620805, -122.5428286
46.7706415, -122.5420912
46.7793235, -122.5426714
46.7891864, -122.5438599
46.7974191, -122.5466691
46.811772, -122.5434362
46.81185869999999, -122.5421521
46.8247626, -122.5450739
46.8338946, -122.54281
46.8437619, -122.5388379
46.8551382, -122.5462189
46.8618778, -122.5424926
46.87060719999999, -122.5427308
46.8763133, -122.5438036
46.8886659, -122.5450938
46.8970699, -122.5427084
46.9040249, -122.5456341
46.9138947, -122.5427786
46.9237707, -122.5432579
46.93306159999999, -122.5435943
46.9427552, -122.5424782
46.95110090000001, -122.5437603
46.9600452, -122.5411601
46.9690812, -122.542405
46.97759749999999, -122.5447797
46.987663, -122.542527
46.9960706, -122.5427606
47.00507109999999, -122.5427598
47.0145555, -122.5422158
47.0223727, -122.5439953
47.0324277, -122.5430055
47.0399559, -122.543484
47.0501238, -122.541667
47.05101, -122.5417113
47.0546865, -122.5324494
47.0770941, -122.5626249
47.095752, -122.538108
47.09684310000001, -122.5413216
47.1042585, -122.5428841
47.1130171, -122.5426492
47.1220797, -122.5428134
47.1312287, -122.5437626
47.142639, -122.543173
47.1485809, -122.5427642
47.1580836, -122.5418261
47.165844, -122.5415911
47.1758949, -122.5425837
47.1853285, -122.5424808
47.1945775, -122.5424272
47.20384, -122.5435402
47.2120787, -122.5425017
47.2207725, -122.5427546
47.2300789, -122.5427799
47.2390803, -122.5423726
47.2480781, -122.5423252
47.2571358, -122.5427594
47.2655653, -122.5411396
47.271307, -122.534558
47.2858925, -122.5506672
47.29006950000001, -122.552271
47.3035048, -122.5333375
47.3128879, -122.5418657
47.3180296, -122.5431547
47.3180313, -122.5431742
47.34592259999999, -122.5584287
47.3522965, -122.5552517
47.3559674, -122.5538174
47.3686563, -122.547348
47.3735286, -122.5430667
47.380666, -122.544023
47.3883122, -122.5508251
47.4043824, -122.5526835
47.4121434, -122.5464528
47.4180152, -122.5427688
47.42768359999999, -122.5428807
47.4379974, -122.5428185
47.4460644, -122.5406356
47.4539183, -122.5427231
47.4640899, -122.5458345
47.4736695, -122.5427336
47.48141, -122.5427678
47.4904836, -122.5427792
47.50007979999999, -122.5428558
47.5089203, -122.5436486
47.5184648, -122.5432872
47.5272747, -122.5477184
47.5356709, -122.5440156
47.5453403, -122.5427663
47.5534944, -122.5432713
47.5629108, -122.5427556
47.5737645, -122.5452575
47.58182, -122.5393043
47.5899338, -122.5432397
47.59962230000001, -122.542761
47.608625, -122.5420715
47.61707999999999, -122.5425638
47.62607329999999, -122.5429403
47.6350218, -122.5437623
47.6440796, -122.5424298
47.6528641, -122.5425886
47.6635618, -122.543661
47.6721632, -122.5427476
47.67940979999999, -122.542765
47.6892284, -122.5436213
47.6979107, -122.543985
47.7070795, -122.5458543
47.7152425, -122.5457232
47.7191469, -122.5478844
47.7333592, -122.5502236
47.7471392, -122.5437491
47.75175360000001, -122.5427389
47.7616042, -122.5422615
47.7652642, -122.5435967
47.7753784, -122.5483042
47.7880824, -122.5415484
47.7970817, -122.5415743
47.8060747, -122.5415515
47.81584669999999, -122.5427513
47.8240494, -122.542761
47.8330784, -122.5414764
47.84207199999999, -122.541401
47.8510717, -122.5412949
47.8600767, -122.5412562
47.8696343, -122.5427756
47.8787972, -122.5427866
47.88787960000001, -122.5427531
47.897108, -122.5389847
47.90578439999999, -122.5427685
47.9140626, -122.5428322
47.918125, -122.5480039
47.91849759999999, -122.5491492
47.9185646, -122.5494984
47.970587, -122.5416878
47.9770882, -122.5427601
47.9869285, -122.5405922
47.995678, -122.5413037
48.0039797, -122.5427584
48.0130503, -122.5428105
48.021834, -122.5429577
48.0306193, -122.5428906
48.0400348, -122.5425618
48.0493797, -122.5423532
48.0597844, -122.5471392
48.06850319999999, -122.5464231
48.0755865, -122.5466719
48.0756659, -122.5467879
48.0958449, -122.5238869
48.0961091, -122.5239126
48.118001, -122.559193
48.1249136, -122.5609778
48.1283791, -122.5631069
48.1570826, -122.5200426
48.1628113, -122.5229604
48.170302, -122.527875
48.1767715, -122.5315104
48.1962546, -122.531579
48.202803, -122.5377815
48.2112342, -122.5369491
48.21695649999999, -122.5360694
48.2288737, -122.5329281
48.2380662, -122.5316668
48.2498823, -122.5298275
48.2498918, -122.5298024
48.2826641, -122.5427025
48.28267210000001, -122.5428215
48.290979, -122.5427076
48.3010821, -122.5422924
48.3094996, -122.5426377
48.31823850000001, -122.5426926
48.3280969, -122.5421796
48.3354387, -122.5462345
48.3820867, -122.5324661
48.3931025, -122.5365982
48.4000856, -122.542978
48.41149660000001, -122.5459441
48.4180742, -122.5458975
48.4226286, -122.5425979
48.43636480000001, -122.542164
48.4449069, -122.5462795
48.4541562, -122.5459341
48.4630341, -122.5427556
48.4724284, -122.5417678
48.4806785, -122.546596
48.4880131, -122.5506033
48.4941549, -122.5545889
48.4999937, -122.557471
48.5001162, -122.5576653
48.5389485, -122.5775335
48.5694597, -122.5265667
48.5709758, -122.52961
48.5755832, -122.5437303
48.5792605, -122.5435715
48.5875034, -122.5546617
48.6396835, -122.5714378
48.6410625, -122.57016
48.6482283, -122.5666758
48.65636420000001, -122.5626643
48.6645, -122.5586514
48.6721753, -122.5553874
48.6806403, -122.5521655
48.6891052, -122.5489425
48.69757, -122.5457184
48.7060347, -122.5424932
48.71416929999999, -122.5393406
48.7182215, -122.5342986
48.7225048, -122.5274845
48.7253992, -122.5228791
48.7670816, -122.5236783
48.778121, -122.543016
48.78952839999999, -122.5442743
48.7997051, -122.5492936
48.8077309, -122.5407428
48.8136284, -122.5428493
48.8225318, -122.5427687
48.8321015, -122.5444268
48.8410732, -122.5432814
48.8500784, -122.5432033
48.8588737, -122.5427524
48.8680699, -122.5408343
48.87812599999999, -122.542722
48.8860582, -122.5406034
48.8948403, -122.5403812
48.9041314, -122.5352841
48.9083, -122.535288
48.9205257, -122.5428034
48.9353184, -122.5426769
48.9353199, -122.5428535
48.9500398, -122.5427294
46.2131826, -122.5296257
46.221887, -122.5298451
46.2307028, -122.5295145
46.2401902, -122.5307016
46.2490978, -122.5287549
46.2587646, -122.52918
46.2655565, -122.5284446
46.2764319, -122.5288064
46.2830963, -122.5293546
46.2943637, -122.5262547
46.3021113, -122.5306028
46.3128379, -122.5287239
46.3185055, -122.5339779
46.3270813, -122.5387646
46.3420353, -122.5206062
46.3481834, -122.5290782
46.3575252, -122.5278577
46.3647692, -122.5272695
46.37742129999999, -122.5289501
46.3839668, -122.5286195
46.3928447, -122.5298616
46.3998888, -122.5262651
46.4125781, -122.5297219
46.421263, -122.5292192
46.4291549, -122.5273336
46.4361916, -122.5278899
46.4461071, -122.5302712
46.4559305, -122.5315808
46.4649071, -122.5286745
46.474007, -122.5286479
46.4808038, -122.5319481
46.4920645, -122.5290654
46.4974683, -122.5361521
46.5145343, -122.5298758
46.5180052, -122.5290709
46.5301151, -122.5272332
46.53709490000001, -122.5269727
46.5471772, -122.526859
46.5549485, -122.5294505
46.5629882, -122.5289737
46.5781813, -122.5340479
46.5820565, -122.5314015
46.5918734, -122.5290687
46.6000532, -122.5315676
46.6093421, -122.5290546
46.6192634, -122.5299669
46.62793449999999, -122.5294778
46.6327358, -122.5258945
46.6468297, -122.5264374
46.6543722, -122.5299051
46.6629028, -122.5292073
46.6751169, -122.5234514
46.6808893, -122.5215453
46.6900315, -122.5262152
46.6997402, -122.5306225
46.7082623, -122.5291438
46.7169708, -122.529207
46.7256672, -122.528279
46.7339754, -122.5323933
46.7453491, -122.5300886
46.7530437, -122.5290396
46.7629261, -122.5269686
46.7711337, -122.5291312
46.7770236, -122.5263931
46.7879918, -122.5273797
46.7956526, -122.5324282
46.8108435, -122.5275206
46.8112781, -122.5301931
46.82478649999999, -122.5305988
46.8330806, -122.527774
46.84368000000001, -122.5290322
46.8526014, -122.5290596
46.8587802, -122.5333329
46.8701559, -122.5289896
46.8779037, -122.5291485
46.8856414, -122.5232839
46.9015291, -122.529029
46.9015292, -122.5290782
46.9145773, -122.5292149
46.926507, -122.5288851
46.9330834, -122.5293267
46.9403319, -122.526175
46.9510787, -122.5292402
46.9599936, -122.5287474
46.9690915, -122.5309035
46.9780547, -122.529264
46.9874432, -122.5291519
46.996159, -122.5290532
47.0059973, -122.529684
47.0156129, -122.5311321
47.0228423, -122.5302859
47.0323541, -122.5307583
47.0410797, -122.5290571
47.0501328, -122.5291778
47.0579611, -122.5226728
47.0659133, -122.5196522
47.0697055, -122.517511
47.093394, -122.5261272
47.09567610000001, -122.5295076
47.1034536, -122.5286041
47.1124581, -122.5298571
47.1212455, -122.5290517
47.13106990000001, -122.5282905
47.1404738, -122.5290327
47.15184, -122.527977
47.159429, -122.527432
47.1666448, -122.529077
47.1759684, -122.5290471
47.1848324, -122.5291144
47.194177, -122.5292277
47.2031743, -122.5300118
47.21207889999999, -122.5290423
47.2209148, -122.5290434
47.2293759, -122.5296384
47.239073, -122.5290012
47.2480057, -122.5293573
47.2570775, -122.5292523
47.266163, -122.5290515
47.27516019999999, -122.5290266
47.285844, -122.526087
47.2931986, -122.525679
47.3029058, -122.5306134
47.3106438, -122.5290082
47.3164672, -122.5347155
47.33464679999999, -122.5177201
47.340615, -122.5218454
47.349151, -122.527405
47.3561039, -122.522418
47.3633825, -122.5235349
47.3760078, -122.540035
47.3859858, -122.5210076
47.3920855, -122.5248083
47.398936, -122.5247682
47.40554900000001, -122.521041
47.4227847, -122.5386117
47.4289126, -122.5328079
47.4401458, -122.5349072
47.4421429, -122.537304
47.4556984, -122.5335162
47.4646147, -122.5318658
47.471927, -122.530903
47.47948239999999, -122.5291105
47.49034289999999, -122.529114
47.5003859, -122.52827
47.5103195, -122.5284153
47.5184441, -122.5319387
47.52368, -122.5269818
47.5416369, -122.5409815
47.544531, -122.541233
47.5619021, -122.5357976
47.5645962, -122.5327379
47.5711247, -122.5298833
47.5794797, -122.5250744
47.5916354, -122.5307468
47.598646, -122.5291932
47.6084266, -122.5284483
47.61711529999999, -122.5287806
47.62607999999999, -122.5294193
47.6350785, -122.5291017
47.6438241, -122.5285145
47.6539915, -122.5290375
47.6631155, -122.5258341
47.6720271, -122.5290422
47.6792424, -122.5290605
47.6896609, -122.5303559
47.6966189, -122.5290355
47.70674080000001, -122.5244636
47.7070727, -122.52406
47.7172067, -122.5457739
47.7469629, -122.5257347
47.7521175, -122.5285039
47.7609326, -122.5277298
47.7696809, -122.5288901
47.7805479, -122.5207137
47.7886081, -122.5307441
47.7949101, -122.5290579
47.8060901, -122.5307297
47.8158812, -122.5276032
47.82425869999999, -122.5283454
47.8325608, -122.5279513
47.841989, -122.5360625
47.8503971, -122.5290682
47.8584019, -122.5220675
47.8712011, -122.5289412
47.8774473, -122.529074
47.889595, -122.531119
47.89797129999999, -122.5304849
47.90404909999999, -122.5300831
47.9119304, -122.5280634
47.917418, -122.5464809
47.91829020000001, -122.5483692
47.9711293, -122.5392081
47.9768328, -122.533181
47.9858394, -122.5291708
47.9945744, -122.5304103
48.0040369, -122.5290497
48.0130596, -122.5292581
48.0184648, -122.5216502
48.0335071, -122.5370461
48.04016, -122.5390993
48.047656, -122.5402558
48.05727700000001, -122.515303
48.0636823, -122.5156315
48.0813914, -122.5146729
48.0866232, -122.5194462
48.0952484, -122.5237537
48.096131, -122.5238897
48.0961419, -122.523821
48.1322561, -122.5087561
48.1341634, -122.511347
48.1414097, -122.5149071
48.1567251, -122.5196955
48.1581637, -122.5205541
48.1683331, -122.5244968
48.1750043, -122.5297532
48.1840796, -122.5290181
48.19354, -122.5301461
48.20207389999999, -122.5283647
48.2120115, -122.5283442
48.2200146, -122.5287708
48.2303322, -122.5305292
48.2381748, -122.52935
48.2469828, -122.5293562
48.2503594, -122.5285049
48.25280069999999, -122.5176601
48.2831188, -122.5313115
48.283693, -122.5293298
48.292069, -122.528779
48.3009158, -122.5295461
48.310147, -122.529209
48.319493, -122.528034
48.32665919999999, -122.5312659
48.3321444, -122.5366627
48.3328907, -122.5384454
48.3734875, -122.5174122
48.3759087, -122.5320169
48.3820434, -122.5291469
48.3904288, -122.5290255
48.39872279999999, -122.5331211
48.40893029999999, -122.5214757
48.422493, -122.5328405
48.4277551, -122.5282045
48.43146600000001, -122.5348903
48.4519893, -122.5176547
48.4571496, -122.5268995
48.4620341, -122.5302632
48.465584, -122.5340389
48.4755851, -122.5439766
48.485143, -122.5486024
48.4932559, -122.5539323
48.49991920000001, -122.5574051
48.5298668, -122.5742119
48.5666946, -122.5188625
48.56837180000001, -122.5240917
48.5708393, -122.529384
48.5753371, -122.5321868
48.5786357, -122.5422156
48.5875621, -122.5546878
48.642639, -122.5693946
48.6567193, -122.497903
48.664506, -122.509072
48.6646431, -122.5092258
48.66493029999999, -122.5092525
48.6827817, -122.5513503
48.69124619999999, -122.5481271
48.6997106, -122.5449029
48.7081749, -122.5416776
48.7184545, -122.533928
48.722737, -122.5271152
48.7257985, -122.5219398
48.7262525, -122.5204838
48.7616354, -122.5131117
48.7721664, -122.5296789
48.7780771, -122.5296022
48.7875908, -122.5284367
48.7964227, -122.5282366
48.803115, -122.5337336
48.8148383, -122.5267524
48.8230859, -122.5298669
48.8320829, -122.5299668
48.8408609, -122.5290597
48.850077, -122.527568
48.8584508, -122.5306662
48.8680823, -122.5300486
48.8770898, -122.5297825
48.8860719, -122.52993
48.895085, -122.5298456
48.90403569999999, -122.5352826
48.9127642, -122.52887
48.9231893, -122.5303489
48.93108340000001, -122.5290357
48.940646, -122.530015
48.95003089999999, -122.5290464
46.213662, -122.5149435
46.2220488, -122.5148181
46.2317055, -122.5156168
46.2389472, -122.5183677
46.24931549999999, -122.5166465
46.258546, -122.5158429
46.26728259999999, -122.5163597
46.2762089, -122.5149457
46.2842578, -122.512416
46.2934009, -122.514105
46.3031569, -122.5158464
46.3097833, -122.5135642
46.3153864, -122.5076723
46.33609240000001, -122.5123879
46.3393293, -122.5165627
46.3476063, -122.5154336
46.3573678, -122.5154978
46.3665707, -122.5141279
46.37335059999999, -122.5154441
46.3844899, -122.5157762
46.39206129999999, -122.5143239
46.4011334, -122.51682
46.4099812, -122.5142116
46.4154261, -122.5199162
46.427176, -122.5147587
46.4385381, -122.5218383
46.4487063, -122.5144533
46.4534624, -122.5196193
46.46440219999999, -122.5160375
46.4743157, -122.5151988
46.4832082, -122.5178649
46.4869496, -122.5133718
46.507043, -122.5132007
46.5075468, -122.5155681
46.5272164, -122.5150496
46.5280796, -122.5154463
46.5370867, -122.5169638
46.546553, -122.5153356
46.5552131, -122.5158045
46.564062, -122.5158783
46.5747515, -122.5147219
46.5769469, -122.510513
46.590944, -122.515603
46.6001718, -122.5132875
46.6078442, -122.519024
46.618117, -122.5136998
46.6287449, -122.5153259
46.6358728, -122.5150605
46.6471401, -122.5147589
46.65436099999999, -122.5151877
46.6623179, -122.5143399
46.6755915, -122.5177298
46.68074619999999, -122.5145771
46.6911047, -122.5154388
46.6989779, -122.5147278
46.7075711, -122.5150191
46.7176414, -122.5150973
46.72431479999999, -122.5176641
46.73556929999999, -122.5153291
46.74459299999999, -122.5158855
46.7518694, -122.5158419
46.7620326, -122.5147269
46.77129619999999, -122.5151611
46.7768666, -122.5148011
46.7896775, -122.5148343
46.79755, -122.5146481
46.8066548, -122.5158765
46.8164581, -122.5127311
46.824241, -122.516371
46.8381422, -122.5157005
46.8436092, -122.5153595
46.8498817, -122.514496
46.8627282, -122.5134046
46.8722427, -122.5128173
46.8791448, -122.5154789
46.8869406, -122.5221087
46.899637, -122.5173008
46.9096916, -122.5133675
46.9136093, -122.5169426
46.925209, -122.515425
46.93304999999999, -122.513295
46.941242, -122.516214
46.9510236, -122.5186095
46.9602641, -122.5151398
46.96931900000001, -122.5149315
46.977837, -122.5156743
46.9870572, -122.5158826
46.9961627, -122.5153459
47.0034481, -122.5153208
47.0141397, -122.5153589
47.0200792, -122.5103331
47.0397613, -122.5152257
47.03996, -122.5153636
47.0517255, -122.5250922
47.0602725, -122.52183
47.0687285, -122.5181838
47.0763736, -122.511915
47.09102679999999, -122.513366
47.091649, -122.5167194
47.1073038, -122.5179283
47.1134478, -122.5097257
47.1213051, -122.5153593
47.12992080000001, -122.5211778
47.1407724, -122.5161523
47.14905030000001, -122.5152541
47.1578087, -122.5153462
47.1670771, -122.5155004
47.1760785, -122.5156522
47.1850803, -122.5155053
47.194076, -122.5160917
47.203238, -122.514876
47.212186, -122.5151252
47.2210186, -122.5153462
47.230113, -122.515347
47.2390852, -122.5153309
47.2480748, -122.5158034
47.2570777, -122.5153483
47.2660726, -122.5153495
47.275084, -122.5157942
47.2841366, -122.5153463
47.293074, -122.5153465
47.302096, -122.5153969
47.3110593, -122.5140091
47.3195383, -122.5122889
47.3280092, -122.5091187
47.3367886, -122.517927
47.3471497, -122.511678
47.3560811, -122.5156799
47.364852, -122.5139094
47.374823, -122.5156996
47.3828836, -122.5151746
47.3920672, -122.5141112
47.40372379999999, -122.5138459
47.41007399999999, -122.5161257
47.4180889, -122.5136975
47.42759789999999, -122.5111196
47.4366882, -122.5121387
47.44799949999999, -122.512491
47.454454, -122.511271
47.4608721, -122.5067191
47.481609, -122.519609
47.48211329999999, -122.5196203
47.4911523, -122.5153951
47.50007979999999, -122.516404
47.5084758, -122.5153561
47.5173205, -122.5148906
47.5230904, -122.5204723
47.5239458, -122.5229719
47.56730229999999, -122.5127782
47.56745429999999, -122.5144967
47.574582, -122.5151284
47.5810421, -122.5152626
47.5902705, -122.5151069
47.5992742, -122.5141407
47.60807699999999, -122.5156642
47.61591010000001, -122.5150133
47.62588239999999, -122.5150696
47.6350905, -122.5155456
47.6440771, -122.5156285
47.65428379999999, -122.5162455
47.66198560000001, -122.5129394
47.6710794, -122.5156924
47.6791674, -122.5153163
47.6900816, -122.5153489
47.6982019, -122.5144723
47.70733629999999, -122.5157334
47.7085764, -122.513599
47.7086221, -122.5131483
47.7447132, -122.513245
47.752062, -122.51617
47.7639699, -122.517229
47.7700973, -122.5155848
47.77891469999999, -122.5182932
47.7881008, -122.5201178
47.7969545, -122.5166316
47.8052938, -122.5163941
47.815701, -122.5160861
47.8257494, -122.5153006
47.830288, -122.5153591
47.8454365, -122.5089752
47.8510319, -122.5143398
47.8601249, -122.5143115
47.86916300000001, -122.5164192
47.8782562, -122.5164779
47.88082989999999, -122.5193426
47.8999122, -122.5284076
47.90295680000001, -122.5294608
47.9794893, -122.5163394
47.9857422, -122.5133003
47.9950892, -122.5166614
48.0043091, -122.5153566
48.0129527, -122.5153867
48.0220391, -122.5152908
48.0312259, -122.513252
48.0383083, -122.5090429
48.04869, -122.511421
48.0658478, -122.5137696
48.0768062, -122.510579
48.0850589, -122.5154113
48.0952691, -122.513761
48.09655679999999, -122.5156456
48.0965597, -122.515833
48.1321092, -122.5085467
48.1409264, -122.5145155
48.14955680000001, -122.5118239
48.15667759999999, -122.5153627
48.1651878, -122.518192
48.17430969999999, -122.5170566
48.1841822, -122.5154414
48.1944944, -122.5164116
48.20015739999999, -122.5156099
48.2118889, -122.5144857
48.2210511, -122.5168455
48.22792159999999, -122.5142794
48.2382772, -122.5151682
48.2470914, -122.5149669
48.2538104, -122.5135701
48.25385199999999, -122.5131753
48.286054, -122.522685
48.2869676, -122.5213484
48.2922405, -122.5157475
48.30104679999999, -122.5123174
48.31008569999999, -122.511944
48.3200821, -122.51835
48.3226621, -122.5226432
48.3267665, -122.5314216
48.37203479999999, -122.5122775
48.3720363, -122.5122861
48.3731758, -122.5153469
48.3820968, -122.5153881
48.3934929, -122.5155171
48.3982836, -122.5107182
48.40919940000001, -122.5214637
48.4195709, -122.5134675
48.4274875, -122.5136282
48.43868, -122.5125797
48.4444799, -122.5129686
48.45477169999999, -122.5151075
48.4593972, -122.5184979
48.45964679999999, -122.5191611
48.47238309999999, -122.5417315
48.4926142, -122.4825005
48.4981461, -122.4822748
48.5074434, -122.4821312
48.5127224, -122.4820438
48.5137554, -122.4814997
48.5478634, -122.4869839
48.548071, -122.487088
48.5665572, -122.5137941
48.5665972, -122.5142882
48.5713067, -122.5137852
48.5752061, -122.5157012
48.5752941, -122.5127405
48.5755649, -122.5105879
48.63487480000001, -122.47376
48.6411327, -122.4800817
48.6486518, -122.4897266
48.65427649999999, -122.4955644
48.6572959, -122.4983394
48.6898557, -122.5049508
48.6975159, -122.511043
48.7064788, -122.5133064
48.7150668, -122.5156918
48.7250433, -122.5145205
48.7263175, -122.5182022
48.7324716, -122.5012464
48.757044, -122.508009
48.7690769, -122.5152154
48.7786455, -122.5153379
48.78757299999999, -122.5151324
48.79682320000001, -122.5130706
48.8040106, -122.516326
48.8166235, -122.5125201
48.8226057, -122.5120899
48.832072, -122.5146725
48.8410618, -122.5189071
48.8515793, -122.5160333
48.8591065, -122.5191409
48.8680958, -122.5190563
48.8769851, -122.5153473
48.8860882, -122.5161833
48.89809899999999, -122.516896
48.9040615, -122.5132512
48.9141503, -122.5150322
48.9220496, -122.5132443
48.93108340000001, -122.5158243
48.9351054, -122.5154935
48.9498928, -122.5153373
46.2131208, -122.5015896
46.22216299999999, -122.5023759
46.2296887, -122.501073
46.2405062, -122.4982279
46.2500406, -122.5008046
46.2602349, -122.498877
46.2666559, -122.5019394
46.272665, -122.5052874
46.286743, -122.502444
46.2939954, -122.5017926
46.30445, -122.5032105
46.31194, -122.5017549
46.3329601, -122.4988121
46.337335, -122.5031884
46.344331, -122.5006599
46.3603154, -122.4965781
46.367588, -122.5019267
46.3720775, -122.5043194
46.384938, -122.5030773
46.39335759999999, -122.5020392
46.4015169, -122.5016587
46.4112141, -122.5014423
46.4247984, -122.5026886
46.4322007, -122.5035219
46.4374678, -122.4986162
46.449431, -122.5095471
46.4546077, -122.5009032
46.46521870000001, -122.5016112
46.4783839, -122.5002633
46.4837539, -122.502041
46.486377, -122.501448
46.5059172, -122.5001794
46.5105029, -122.5000115
46.5178667, -122.5010563
46.5290838, -122.5016344
46.5380739, -122.50107
46.5457802, -122.5031215
46.55504699999999, -122.5002814
46.5649197, -122.500894
46.5734936, -122.5023314
46.5959703, -122.501994
46.6000899, -122.5001408
46.6101116, -122.5017654
46.6176109, -122.5017998
46.6244759, -122.5010385
46.6356923, -122.5015352
46.6481297, -122.5011102
46.6535226, -122.497476
46.662624, -122.5094369
46.6762022, -122.4950419
46.6831953, -122.5000312
46.6900093, -122.5027469
46.6986727, -122.5017465
46.7092717, -122.5035415
46.7166406, -122.5030084
46.7261289, -122.5015905
46.73520629999999, -122.5011864
46.7444246, -122.5021535
46.7536892, -122.5015672
46.7611153, -122.5016398
46.7722044, -122.5022322
46.7807648, -122.501268
46.78908089999999, -122.5054802
46.8001937, -122.5002214
46.8076142, -122.4967374
46.8155224, -122.5008784
46.831596, -122.4983495
46.8339667, -122.5000348
46.8450934, -122.5011379
46.85223269999999, -122.5016433
46.8596693, -122.4996564
46.870037, -122.5045993
46.8757087, -122.5009457
46.887345, -122.4996082
46.8989315, -122.498685
46.9057706, -122.5028051
46.9149418, -122.5017726
46.9264523, -122.4996641
46.9323869, -122.5040933
46.940426, -122.501865
46.9510817, -122.5011833
46.959505, -122.502476
46.9683323, -122.4969568
46.9794936, -122.5050782
46.9886328, -122.5024213
46.9961716, -122.5016418
47.0034095, -122.5053254
47.01474289999999, -122.5015627
47.0243066, -122.5006259
47.0298065, -122.4978532
47.03988649999999, -122.5016157
47.0398882, -122.5014342
47.0622804, -122.5210794
47.07297399999999, -122.5139988
47.0790587, -122.5107284
47.0872165, -122.506894
47.094224, -122.499573
47.1029977, -122.4982811
47.1156312, -122.5030319
47.1227287, -122.5016486
47.13093, -122.4994944
47.1400904, -122.501919
47.1490343, -122.5015907
47.1580795, -122.5022417
47.16662609999999, -122.501643
47.1757563, -122.5015637
47.185087, -122.500976
47.1943636, -122.5018165
47.2030797, -122.5020903
47.2120796, -122.5014369
47.22033760000001, -122.504355
47.23019710000001, -122.5009426
47.2390827, -122.5016284
47.2480798, -122.5016591
47.2571159, -122.5016393
47.26639429999999, -122.5016443
47.2749234, -122.5016423
47.2841853, -122.5016377
47.2931098, -122.5016393
47.2999275, -122.5052378
47.306272, -122.5113454
47.3217656, -122.5114534
47.3316792, -122.5012924
47.3380123, -122.5008941
47.3473146, -122.5016862
47.3563654, -122.5016403
47.365143, -122.5014523
47.3741069, -122.5033651
47.3818776, -122.5016351
47.3926892, -122.5014617
47.4010914, -122.5032025
47.4096351, -122.5039957
47.4191599, -122.5016435
47.4289086, -122.5022297
47.4369689, -122.500573
47.4457356, -122.5005758
47.4548473, -122.5012301
47.46371, -122.5027539
47.4731297, -122.4963861
47.477306, -122.493683
47.4951656, -122.5108177
47.50075289999999, -122.505818
47.5090766, -122.5009976
47.5169934, -122.5030495
47.5183375, -122.5057363
47.5669513, -122.5051223
47.5670352, -122.5039656
47.5671839, -122.5026954
47.5756925, -122.5038139
47.5784457, -122.50415
47.5907081, -122.5009485
47.5999633, -122.5024416
47.6078586, -122.4997405
47.615725, -122.5008953
47.6265982, -122.5011004
47.6351174, -122.5015839
47.6424059, -122.5075611
47.6577978, -122.5055775
47.6618733, -122.5021337
47.6695309, -122.5092896
47.6830726, -122.5067648
47.6893204, -122.5074245
47.6969168, -122.5063841
47.705762, -122.5090324
47.7083011, -122.5110954
47.70858250000001, -122.5117786
47.7448846, -122.499407
47.7450443, -122.5022521
47.7520236, -122.5108561
47.7664592, -122.5045297
47.7698725, -122.4986497
47.7790903, -122.4997299
47.78767020000001, -122.50213
47.7984422, -122.501638
47.806065, -122.5037568
47.81508789999999, -122.5006804
47.8241769, -122.5015123
47.8302778, -122.5100871
47.8446205, -122.5077057
47.849667, -122.5091148
47.8559047, -122.510592
47.86740990000001, -122.5159007
47.8796526, -122.5161122
47.8797878, -122.5161468
47.9795072, -122.5162858
47.9819897, -122.5140076
47.9877645, -122.5027085
47.9949867, -122.5071646
48.0041048, -122.5043888
48.0137515, -122.5017107
48.0220794, -122.5015204
48.03108109999999, -122.5015161
48.0404472, -122.5016606
48.0494817, -122.5012796
48.0581156, -122.5016393
48.0669985, -122.5002252
48.075958, -122.5066459
48.08678889999999, -122.49866
48.09454419999999, -122.5011669
48.0956538, -122.5025073
48.12187180000001, -122.4915504
48.1239488, -122.4954879
48.1300946, -122.5016153
48.13895549999999, -122.5016796
48.149321, -122.499214
48.15671829999999, -122.5016274
48.1650577, -122.503769
48.1756229, -122.502674
48.18669209999999, -122.5015283
48.1930832, -122.5000531
48.2020243, -122.4998969
48.2104749, -122.500813
48.22298980000001, -122.5008043
48.22730130000001, -122.5007667
48.2384122, -122.5016237
48.2477884, -122.5005546
48.25599039999999, -122.5016379
48.2562882, -122.5028679
48.2562921, -122.5029311
48.2935805, -122.5123812
48.29560300000001, -122.510058
48.301173, -122.5071003
48.3100592, -122.5119439
48.3142948, -122.5123492
48.3202863, -122.5183602
48.37207160000001, -122.5119486
48.3721739, -122.5114329
48.3746944, -122.5065064
48.3838063, -122.5021744
48.3909973, -122.5013095
48.4000415, -122.4996954
48.4091357, -122.5014859
48.4184986, -122.4991684
48.4261279, -122.5028706
48.4359411, -122.4990385
48.44405270000001, -122.5046981
48.4533165, -122.5019424
48.45390760000001, -122.5053182
48.459321, -122.5182955
48.48733989999999, -122.4805163
48.4923759, -122.4824461
48.5077043, -122.4821198
48.5130832, -122.4819088
48.51437809999999, -122.4808562
48.5478019, -122.4869019
48.5479296, -122.4870282
48.5570922, -122.4911514
48.5638497, -122.4965403
48.5713134, -122.505256
48.5760748, -122.5032451
48.6322923, -122.4708992
48.6364422, -122.4754265
48.644411, -122.4836954
48.6487802, -122.4898746
48.6611696, -122.50143
48.666808, -122.4973464
48.6802442, -122.4892945
48.696602, -122.4964586
48.7058992, -122.5015879
48.71510379999999, -122.5022018
48.7239941, -122.5016408
48.7324935, -122.5011943
48.74071619999999, -122.4927956
48.7552926, -122.5001878
48.7606183, -122.5012988
48.769886, -122.5030238
48.7775336, -122.501383
48.7871068, -122.502001
48.7957761, -122.5017736
48.80507739999999, -122.5016677
48.8129398, -122.5021875
48.8216934, -122.5086096
48.8334156, -122.5016566
48.837905, -122.507848
48.8479474, -122.5016309
48.8595042, -122.5013663
48.8680774, -122.4969723
48.8769585, -122.5016398
48.886668, -122.502376
48.8950778, -122.4968371
48.9061384, -122.5017618
48.9144342, -122.5016221
48.92206239999999, -122.4964196
48.9323862, -122.5040099
48.9424165, -122.5016644
48.9462507, -122.5014766
46.2150003, -122.4910664
46.2222341, -122.4854347
46.2318175, -122.4874449
46.2401026, -122.4839467
46.2493255, -122.4886822
46.2591007, -122.4900556
46.2673664, -122.4865868
46.2762834, -122.4807894
46.2879829, -122.494628
46.294781, -122.486665
46.3014269, -122.4889684
46.3091407, -122.4932355
46.3266746, -122.4898822
46.3313957, -122.4886004
46.3390612, -122.4880265
46.34397389999999, -122.481787
46.3569773, -122.4878842
46.3662374, -122.4868229
46.3754122, -122.4860449
46.38401289999999, -122.4878876
46.39387379999999, -122.4874727
46.4039002, -122.4899641
46.4091524, -122.4841992
46.4247813, -122.4928361
46.42932740000001, -122.4889284
46.4389928, -122.4875079
46.4525063, -122.485846
46.45565389999999, -122.4880327
46.4650639, -122.4878041
46.4765682, -122.4878193
46.4854947, -122.4942593
46.4877149, -122.494374
46.5042979, -122.4939258
46.51062350000001, -122.4878828
46.5189202, -122.489623
46.5290195, -122.4878789
46.53752799999999, -122.4873595
46.54612660000001, -122.4880718
46.558377, -122.4871919
46.5640313, -122.4879419
46.5735134, -122.4821455
46.5869414, -122.4840994
46.5912996, -122.4879327
46.5992955, -122.4879599
46.6084884, -122.4917685
46.61789470000001, -122.4885937
46.633118, -122.4931279
46.6356237, -122.4928927
46.64472689999999, -122.4847805
46.6551532, -122.4878415
46.6575683, -122.4917936
46.67735920000001, -122.4898143
46.6811237, -122.488154
46.69108689999999, -122.4898336
46.6980223, -122.4953886
46.7044308, -122.4921145
46.7175136, -122.4876675
46.7260813, -122.4879355
46.7323636, -122.4854356
46.7440848, -122.4879302
46.7541562, -122.490291
46.762972, -122.4888508
46.7732312, -122.479106
46.77882280000001, -122.4873185
46.7858628, -122.4881518
46.7983609, -122.487933
46.8051573, -122.4879125
46.814968, -122.484256
46.824366, -122.482293
46.8344962, -122.4857459
46.84285269999999, -122.4858788
46.8516911, -122.487929
46.8607926, -122.4911324
46.873397, -122.486191
46.878405, -122.487117
46.8888533, -122.4857796
46.893722, -122.487884
46.90865609999999, -122.4854241
46.917914, -122.482785
46.924451, -122.484356
46.93305789999999, -122.4868612
46.94063920000001, -122.4867723
46.9524993, -122.4879786
46.96007729999999, -122.4841051
46.969065, -122.484097
46.9780774, -122.4840783
46.9870538, -122.4840324
46.9961558, -122.4879331
47.0113961, -122.4823558
47.0131068, -122.4889213
47.0215912, -122.4878528
47.0325242, -122.4879266
47.0397932, -122.4879614
47.0446113, -122.4788119
47.0701235, -122.4764898
47.07022629999999, -122.4765769
47.0771275, -122.4765877
47.0905998, -122.4879443
47.0942604, -122.4908103
47.1023267, -122.4912744
47.11437309999999, -122.4879415
47.12208080000001, -122.487203
47.13099829999999, -122.4876725
47.14062269999999, -122.4868856
47.1490788, -122.4879431
47.1581367, -122.4878368
47.1671762, -122.4879078
47.1765009, -122.4879307
47.1847264, -122.4862734
47.19470399999999, -122.4879292
47.2030735, -122.4865855
47.2120885, -122.4876989
47.2205872, -122.4844799
47.230228, -122.4879313
47.2390135, -122.4869252
47.2481365, -122.4876378
47.2570568, -122.4879329
47.2664108, -122.4879447
47.27531820000001, -122.4879295
47.283328, -122.487925
47.2905078, -122.4928175
47.2937226, -122.4975145
47.3027206, -122.507009
47.3313491, -122.4941512
47.331876, -122.493049
47.339616, -122.4942419
47.3460479, -122.492046
47.3608319, -122.489398
47.3678011, -122.4885896
47.3741197, -122.4880424
47.3830159, -122.4879356
47.3927793, -122.4879177
47.4010523, -122.4844401
47.4097133, -122.4871412
47.4182493, -122.4899769
47.4292589, -122.4878002
47.4352639, -122.4876079
47.4472975, -122.4879259
47.4545872, -122.4879419
47.4641776, -122.4880316
47.4726834, -122.4879302
47.4789817, -122.4873644
47.491426, -122.478591
47.4992136, -122.4776068
47.5107541, -122.4973741
47.5178202, -122.4878447
47.5180031, -122.4861383
47.5181608, -122.4843897
47.5679706, -122.4986108
47.5687445, -122.4950945
47.569626, -122.4911301
47.5705073, -122.4871655
47.5821548, -122.4907028
47.5871261, -122.4888331
47.6055554, -122.4856515
47.6068965, -122.4896877
47.6160817, -122.4940373
47.6281743, -122.4949562
47.6334101, -122.490351
47.6350217, -122.4950413
47.6606339, -122.5013477
47.6626601, -122.500262
47.662934, -122.5004729
47.68382099999999, -122.5063044
47.6924083, -122.5059732
47.7051718, -122.5088737
47.7078657, -122.5105302
47.74526, -122.4874127
47.7505057, -122.4866054
47.7610725, -122.4850754
47.7700811, -122.487742
47.7790792, -122.4878853
47.79190819999999, -122.4867673
47.7996169, -122.4921287
47.80581069999999, -122.4890352
47.8152668, -122.488996
47.8199227, -122.4922392
47.8231277, -122.4995161
47.8490279, -122.5088626
47.86260559999999, -122.5140581
47.8797651, -122.516127
47.9357458, -122.4452697
47.9357832, -122.4452705
47.9678849, -122.4496861
47.97820369999999, -122.4622004
47.9782172, -122.4622138
47.9895156, -122.4937229
47.9900958, -122.4913788
47.9966729, -122.4885075
48.0026653, -122.4890104
48.0150115, -122.4878957
48.0206025, -122.4881502
48.0313024, -122.4882103
48.0407788, -122.4873316
48.0470639, -122.4849334
48.0593874, -122.4949505
48.06585560000001, -122.4880007
48.0767113, -122.4879084
48.0858172, -122.487903
48.0939345, -122.4920298
48.0963601, -122.4920344
48.121306, -122.4893939
48.1214132, -122.4879962
48.1301901, -122.4879268
48.13899319999999, -122.487341
48.1474658, -122.4879365
48.156824, -122.4884358
48.165442, -122.485056
48.1748285, -122.4879398
48.1840821, -122.4878912
48.1934385, -122.4885467
48.202042, -122.4874436
48.2105106, -122.4880067
48.216784, -122.4814873
48.2292642, -122.4872653
48.23560000000001, -122.489976
48.246934, -122.4883927
48.2507504, -122.4896482
48.2558692, -122.500133
48.2674382, -122.4666698
48.2990177, -122.5065495
48.302701, -122.507041
48.3140465, -122.512164
48.31442819999999, -122.512484
48.3620148, -122.4677615
48.362227, -122.468002
48.3627116, -122.4683367
48.3783155, -122.481761
48.3814972, -122.4835238
48.39178140000001, -122.4883017
48.4000917, -122.4913524
48.4066129, -122.4786883
48.4209144, -122.4879119
48.4285389, -122.496919
48.4335217, -122.4977068
48.4501826, -122.4857938
48.4524205, -122.4906982
48.462494, -122.4744868
48.48098880000001, -122.476096
48.4836321, -122.4777901
48.4911313, -122.4819997
48.50795189999999, -122.4821089
48.5140986, -122.4811831
48.525899, -122.4719867
48.535121, -122.471855
48.5477365, -122.4866609
48.5530745, -122.4870577
48.5592254, -122.4863247
48.56927049999999, -122.4905284
48.5752063, -122.4972037
48.6264102, -122.4631547
48.62996889999999, -122.4678983
48.63262169999999, -122.4712815
48.6385408, -122.4774315
48.64475400000001, -122.4841227
48.6524058, -122.4903393
48.6607991, -122.4907161
48.6705544, -122.4873601
48.67897749999999, -122.4890274
48.6884997, -122.4865768
48.6969134, -122.4865979
48.7046587, -122.4896701
48.71525099999999, -122.4877679
48.7238723, -122.4879374
48.7333844, -122.487582
48.7421848, -122.4880937
48.7512932, -122.4876045
48.7600981, -122.4879614
48.76907809999999, -122.4877739
48.7780834, -122.4860928
48.7872429, -122.4880434
48.7960796, -122.487784
48.8043121, -122.4879376
48.8142498, -122.4879366
48.8230905, -122.485967
48.8333503, -122.4878743
48.8418606, -122.4879406
48.8500702, -122.4859697
48.85908209999999, -122.4859305
48.8680701, -122.4858725
48.8769885, -122.4879323
48.8851989, -122.4888085
48.8950748, -122.4855353
48.9040785, -122.4855645
48.9130775, -122.4857664
48.9223021, -122.4867572
48.9310118, -122.4856264
48.9397399, -122.4879323
48.9493433, -122.4879145
46.21347069999999, -122.4744306
46.2204789, -122.4782278
46.22911149999999, -122.4735961
46.2399541, -122.4738771
46.2487825, -122.4741472
46.255049, -122.473729
46.2675395, -122.4738453
46.2762574, -122.4742222
46.28489279999999, -122.4751928
46.2909204, -122.4673287
46.304046, -122.4811512
46.3053615, -122.4823218
46.3285785, -122.4811967
46.3310255, -122.4743175
46.3383784, -122.4754554
46.3478238, -122.4743188
46.3564989, -122.4773211
46.3654884, -122.4747111
46.374573, -122.4764255
46.3845061, -122.4756922
46.3957003, -122.4755083
46.4073632, -122.4775634
46.4113086, -122.4750972
46.42084699999999, -122.468748
46.4303372, -122.475913
46.4396302, -122.4692288
46.4466129, -122.4730043
46.4503498, -122.4734635
46.46717030000001, -122.4822341
46.4746163, -122.4747005
46.4799375, -122.4682849
46.4876799, -122.4619019
46.5076977, -122.4778608
46.5100905, -122.4708978
46.517989, -122.4742382
46.527394, -122.4748018
46.5365992, -122.4738731
46.55197400000001, -122.4757498
46.5547677, -122.4742801
46.5641025, -122.4746518
46.5719433, -122.4734786
46.5821372, -122.4741278
46.5871441, -122.4772436
46.6004923, -122.4784073
46.6069287, -122.4734709
46.6204453, -122.4745582
46.6262534, -122.4731596
46.6375818, -122.4689481
46.6461961, -122.4754747
46.6538087, -122.475094
46.6602595, -122.4695301
46.6730475, -122.4739496
46.6805053, -122.4745165
46.6901719, -122.4733623
46.6956881, -122.4797677
46.7083463, -122.4739783
46.7180504, -122.4755799
46.7270353, -122.4742117
46.7355669, -122.4741883
46.7445476, -122.4745123
46.7526017, -122.4742092
46.7623742, -122.4664165
46.7716621, -122.4728078
46.7784997, -122.4745312
46.7890616, -122.4742272
46.7985029, -122.4738765
46.8098026, -122.4780059
46.8160745, -122.4742376
46.825117, -122.477264
46.8332537, -122.4736373
46.8446282, -122.4761756
46.849345, -122.4777554
46.8604356, -122.4748119
46.876107, -122.475185
46.87907089999999, -122.47668
46.885068, -122.4753062
46.8984439, -122.4752072
46.9060814, -122.4728544
46.9148486, -122.472885
46.925133, -122.472567
46.9330812, -122.4764047
46.942349, -122.473572
46.9510791, -122.474255
46.9597847, -122.4741824
46.969141, -122.4840963
46.978338, -122.470491
46.98690999999999, -122.4742295
46.9960185, -122.4742279
47.01074819999999, -122.4730469
47.01095360000001, -122.4749977
47.02067830000001, -122.4754947
47.0325058, -122.4742191
47.0397866, -122.4742157
47.0492617, -122.4728536
47.05436479999999, -122.4663082
47.0771527, -122.4742329
47.0859203, -122.4756404
47.0950333, -122.4758324
47.1045313, -122.4736847
47.1130618, -122.4761592
47.12207189999999, -122.472702
47.1310369, -122.4695431
47.140207, -122.469558
47.1485928, -122.4684139
47.1580277, -122.4714348
47.1675073, -122.4751648
47.1760786, -122.474316
47.1850747, -122.4739028
47.1940807, -122.4744255
47.2028603, -122.4742238
47.2117487, -122.4742363
47.2210766, -122.4736036
47.2300835, -122.4735579
47.2391884, -122.4755397
47.2482876, -122.4742291
47.25703009999999, -122.4742265
47.2659035, -122.4741818
47.2751975, -122.474226
47.2806353, -122.477812
47.285327, -122.4862108
47.2910334, -122.4934428
47.3038563, -122.4433589
47.3318062, -122.4931431
47.3325215, -122.4924921
47.3457525, -122.4693914
47.3478072, -122.4726524
47.3560195, -122.4737241
47.3630332, -122.4706868
47.3718906, -122.4643842
47.38644439999999, -122.4762654
47.3909387, -122.4742113
47.4010993, -122.4764137
47.4108531, -122.4736707
47.4190657, -122.4764683
47.4291973, -122.4742391
47.4364232, -122.4711117
47.4463493, -122.4742209
47.45463729999999, -122.4742241
47.4629479, -122.4752829
47.4730414, -122.4742323
47.4814326, -122.4746214
47.4914114, -122.4750154
47.5002074, -122.476733
47.5090608, -122.4732353
47.51888599999999, -122.4743504
47.518982, -122.472981
47.51907809999999, -122.4716115
47.5191741, -122.4702421
47.571494, -122.4827258
47.5723746, -122.4787631
47.5733055, -122.4748956
47.584578, -122.4830618
47.585159, -122.4832369
47.6052496, -122.4740748
47.60525210000001, -122.4742957
47.60525459999999, -122.4745166
47.6613212, -122.5006125
47.6626679, -122.5002616
47.6628021, -122.5003079
47.68388729999999, -122.5062789
47.7002761, -122.5064614
47.7060819, -122.50921
47.7457991, -122.4824248
47.7466662, -122.4772849
47.752512, -122.4743121
47.7610785, -122.4741308
47.7673537, -122.4769551
47.780287, -122.4836948
47.7910631, -122.4738074
47.7911424, -122.4750597
47.8077046, -122.4847407
47.8142988, -122.4828456
47.8167068, -122.4853313
47.8180953, -122.487842
47.8489812, -122.5088563
47.8797425, -122.5161176
47.9206958, -122.430144
47.9330838, -122.4448367
47.9337098, -122.4449157
47.9358215, -122.4452559
47.9556113, -122.4412751
47.9825307, -122.4667883
47.9892115, -122.4726958
47.997972, -122.477046
48.0057175, -122.4755785
48.0130683, -122.473073
48.022087, -122.4740943
48.0309778, -122.4760827
48.0398928, -122.4746424
48.0497877, -122.4721999
48.0579645, -122.4692962
48.0658612, -122.4757691
48.0766472, -122.4736299
48.08191979999999, -122.4783428
48.0876303, -122.4853486
48.0962927, -122.4919416
48.1215997, -122.48698
48.1254515, -122.4824226
48.1306015, -122.4719277
48.1383078, -122.474226
48.1473222, -122.4742605
48.1570072, -122.475347
48.16571980000001, -122.4747335
48.1739527, -122.4771764
48.1835925, -122.480319
48.1923413, -122.4732273
48.20298, -122.470388
48.2109314, -122.4742285
48.22049870000001, -122.4767423
48.2288565, -122.4732038
48.2383318, -122.4739502
48.24739719999999, -122.4742279
48.2550475, -122.4731121
48.2635706, -122.4677006
48.2691379, -122.4655974
48.2697485, -122.4643565
48.31373430000001, -122.5120324
48.33998769999999, -122.4398405
48.355616, -122.459652
48.3758098, -122.4729613
48.3824425, -122.4706566
48.3918692, -122.4742269
48.4017512, -122.47855
48.408792, -122.4729284
48.4186849, -122.4723699
48.4270923, -122.4711841
48.4360909, -122.4712159
48.4451004, -122.4713177
48.4540717, -122.4767955
48.4626404, -122.4739528
48.4693877, -122.4689658
48.4809148, -122.4748672
48.48999389999999, -122.4759949
48.4986335, -122.4769744
48.5082512, -122.482094
48.5163567, -122.4731457
48.5260535, -122.4719827
48.5350851, -122.4718548
48.54409889999999, -122.4719998
48.5545992, -122.4688878
48.5559852, -122.4688532
48.615429, -122.4425866
48.6299553, -122.4678767
48.6345188, -122.4732647
48.645243, -122.4774898
48.6515085, -122.4791914
48.6622007, -122.4660182
48.6709901, -122.4728395
48.6772141, -122.478576
48.685645, -122.484705
48.7002059, -122.4717814
48.7055605, -122.4763347
48.7150922, -122.4743071
48.7240805, -122.473977
48.7325902, -122.4737516
48.7420926, -122.4742464
48.7508113, -122.4746413
48.7600794, -122.4743358
48.7691744, -122.4743288
48.77879840000001, -122.4742162
48.7867999, -122.4765918
48.795011, -122.4746948
48.8041868, -122.474265
48.8149011, -122.4741895
48.8230884, -122.4730081
48.8321971, -122.4744022
48.8466891, -122.4751045
48.8500741, -122.4730383
48.8603383, -122.4719184
48.8698194, -122.4742639
48.8770426, -122.4811976
48.8843312, -122.4742247
48.8960591, -122.4722119
48.9049748, -122.4717538
48.9124462, -122.4753992
48.9219669, -122.4640729
48.931098, -122.4775518
48.9400781, -122.4739317
48.949123, -122.4742346
46.2135759, -122.4600352
46.2221787, -122.460022
46.22983970000001, -122.4602806
46.2403359, -122.4605286
46.24867829999999, -122.4649642
46.2574727, -122.460275
46.2684756, -122.4609561
46.2760454, -122.4555287
46.2860483, -122.4609402
46.2934315, -122.4595545
46.3026877, -122.4617265
46.3051816, -122.4591145
46.3328518, -122.4543034
46.33402599999999, -122.4619581
46.33864699999999, -122.4596445
46.3483015, -122.4605776
46.3577121, -122.4583592
46.3661744, -122.4604555
46.37280990000001, -122.4576342
46.3831775, -122.4604767
46.3979995, -122.4651773
46.40092610000001, -122.4600404
46.4166482, -122.4668102
46.4189096, -122.4667937
46.42909969999999, -122.4605627
46.4368552, -122.4644682
46.4485692, -122.4679097
46.4611648, -122.4514558
46.4693222, -122.4524767
46.4741339, -122.4604712
46.4843812, -122.4626793
46.4904152, -122.4580836
46.50780899999999, -122.4633348
46.50955709999999, -122.4634907
46.519079, -122.4605185
46.5280154, -122.4592697
46.532815, -122.4604265
46.54606270000001, -122.4596761
46.5508044, -122.4607185
46.5654845, -122.4567498
46.5719591, -122.461118
46.5816958, -122.4626056
46.5862938, -122.4599325
46.600144, -122.458402
46.6092002, -122.4605119
46.61171299999999, -122.458113
46.62707899999999, -122.4620532
46.6361839, -122.4602819
46.6419356, -122.460259
46.6537814, -122.460706
46.6629546, -122.4605121
46.6714786, -122.4603699
46.681129, -122.4602771
46.6900578, -122.4604211
46.69477320000001, -122.4613849
46.7073621, -122.472908
46.719326, -122.4619839
46.7261235, -122.4606261
46.7358342, -122.4601767
46.7442612, -122.4608468
46.7530301, -122.4604149
46.763279, -122.4576715
46.7710344, -122.4614018
46.7804665, -122.4599402
46.7893082, -122.4602522
46.7959408, -122.4630428
46.8073187, -122.4534674
46.8160676, -122.4601394
46.8249481, -122.4607258
46.8372404, -122.4626839
46.8446644, -122.4626508
46.8521247, -122.4602373
46.86152999999999, -122.4659509
46.8734212, -122.4606691
46.8748756, -122.4573522
46.8883214, -122.4607484
46.8963197, -122.4609924
46.9066736, -122.460141
46.91507900000001, -122.4605106
46.923541, -122.4602385
46.93153780000001, -122.4591522
46.939553, -122.461949
46.95211640000001, -122.4604815
46.9600732, -122.4609351
46.96977469999999, -122.4608491
46.978399, -122.460371
46.9873602, -122.4602284
46.9958234, -122.4605279
47.0049954, -122.4641961
47.0145585, -122.460771
47.0230877, -122.4654449
47.0325148, -122.4605236
47.0397878, -122.4605399
47.0538894, -122.466918
47.0589691, -122.460362
47.0727591, -122.4643527
47.07671800000001, -122.4617837
47.0854287, -122.4648775
47.09560339999999, -122.4647622
47.104769, -122.461037
47.1131447, -122.4603753
47.12166750000001, -122.4601672
47.1315997, -122.4605105
47.14010280000001, -122.4590927
47.1490794, -122.4605575
47.1585945, -122.4604171
47.16644480000001, -122.4607186
47.1756086, -122.4605177
47.1846608, -122.4605213
47.1940777, -122.460304
47.20285699999999, -122.460383
47.2130441, -122.4605061
47.220999, -122.4605209
47.2300779, -122.4605985
47.2391314, -122.4605198
47.24809519999999, -122.4603645
47.2571113, -122.4602342
47.2662364, -122.4604068
47.27478869999999, -122.460841
47.27568369999999, -122.4647069
47.3007106, -122.4430233
