47.3020996, -122.4436745
47.30539, -122.442478
47.34415749999999, -122.4629474
47.3470816, -122.4611373
47.3562455, -122.4605166
47.36507539999999, -122.4611966
47.373465, -122.461782
47.386726, -122.4592334
47.3918679, -122.460527
47.4017142, -122.4619444
47.4100794, -122.4604488
47.4190792, -122.4604927
47.428079, -122.4604778
47.4370789, -122.4604802
47.446079, -122.4604903
47.4550782, -122.4604163
47.4640772, -122.4603245
47.4730779, -122.4602035
47.48286, -122.4583584
47.490573, -122.460659
47.5000775, -122.4602062
47.5072474, -122.4618115
47.5198365, -122.4607893
47.5199322, -122.4594222
47.5200279, -122.458055
47.5201236, -122.4566878
47.57379239999999, -122.4730868
47.5748195, -122.4697565
47.5767108, -122.4655565
47.5797393, -122.4591712
47.5825784, -122.4529706
47.6050958, -122.4603702
47.6050984, -122.4605935
47.6051009, -122.4608168
47.6051034, -122.4610401
47.6334101, -122.490351
47.6614183, -122.4341973
47.6617064, -122.4342404
47.662019, -122.4341659
47.6924083, -122.5059732
47.6939699, -122.5058736
47.7002761, -122.5064614
47.7466662, -122.4772849
47.7479927, -122.4742309
47.7563069, -122.4717632
47.7630069, -122.4724092
47.7665429, -122.4747033
47.7915427, -122.4657318
47.7921029, -122.4632981
47.794617, -122.4576662
47.7980133, -122.4511715
47.8142988, -122.4828456
47.81513289999999, -122.483135
47.8167068, -122.4853313
47.8180953, -122.487842
47.8446205, -122.5077057
47.8559047, -122.510592
47.8796964, -122.5161091
47.91271889999999, -122.419289
47.9206958, -122.430144
47.9330838, -122.4448367
47.9390702, -122.444357
47.9479537, -122.4403419
47.9678849, -122.4496861
47.9729521, -122.454162
47.9779328, -122.4599736
47.9857306, -122.4605438
47.99507, -122.4616586
48.0038217, -122.4613109
48.0130806, -122.4609715
48.02391129999999, -122.4608257
48.03148119999999, -122.4601713
48.0400983, -122.4631068
48.0489895, -122.4629288
48.0579953, -122.4629956
48.0664679, -122.4615288
48.0735938, -122.4656743
48.0767539, -122.468999
48.0814363, -122.4774792
48.1097462, -122.4453903
48.1146273, -122.4484913
48.122898, -122.457276
48.1294355, -122.4616499
48.1381774, -122.4605444
48.1480669, -122.4605509
48.15552109999999, -122.4656676
48.1625605, -122.4676375
48.1719743, -122.476048
48.19385630000001, -122.4625061
48.1939735, -122.4623771
48.2020375, -122.4563268
48.2127255, -122.4605013
48.2199416, -122.4599031
48.229115, -122.4613932
48.2379799, -122.4618208
48.2470292, -122.4607571
48.2546484, -122.4605428
48.26494779999999, -122.4606908
48.2695645, -122.4621835
48.2698387, -122.4638631
48.2990177, -122.5065495
48.302701, -122.507041
48.33998769999999, -122.4398405
48.355616, -122.459652
48.3651119, -122.4611849
48.372658, -122.4605082
48.3804364, -122.4688959
48.3918469, -122.4605036
48.398217, -122.4545957
48.4069719, -122.461082
48.4208914, -122.4604869
48.42437349999999, -122.4547715
48.4373098, -122.4700008
48.446305, -122.4604493
48.4539153, -122.4655453
48.4630389, -122.4658658
48.472153, -122.4605214
48.48107539999999, -122.4618125
48.48964369999999, -122.4612226
48.4990718, -122.4610681
48.5080412, -122.4554891
48.5194284, -122.460566
48.5306665, -122.4555025
48.53778399999999, -122.4605687
48.5431336, -122.4608163
48.55374459999999, -122.4606295
48.5618601, -122.4562133
48.571955, -122.4419917
48.6106969, -122.436812
48.615429, -122.4425866
48.6248302, -122.4551315
48.6260907, -122.4606257
48.6295406, -122.4671675
48.6364708, -122.4476765
48.6545278, -122.4636554
48.660456, -122.4655138
48.6667557, -122.4686965
48.67369240000001, -122.4757318
48.693089, -122.4582243
48.6976249, -122.4601278
48.70636589999999, -122.4605338
48.7147071, -122.4612599
48.7238167, -122.4598015
48.7330762, -122.4607386
48.7420719, -122.4599274
48.7510854, -122.4607487
48.7604149, -122.4605171
48.769079, -122.4605296
48.7786967, -122.4605169
48.7870934, -122.4605296
48.796197, -122.4606868
48.804157, -122.4578136
48.8147173, -122.4605175
48.8242096, -122.4605076
48.83207669999999, -122.4610472
48.8398688, -122.4626393
48.84800730000001, -122.4605267
48.8567154, -122.4625683
48.8699128, -122.4605006
48.8786466, -122.4619753
48.8843768, -122.460486
48.8949119, -122.4562303
48.9069671, -122.4602973
48.911854, -122.4600879
48.9221184, -122.464069
48.9318159, -122.4619863
48.9404435, -122.4607697
48.9490759, -122.4604649
46.2130109, -122.4466272
46.2230469, -122.4425862
46.2290971, -122.4469881
46.2395347, -122.4469626
46.2456721, -122.450441
46.260132, -122.4447457
46.268113, -122.4444586
46.2740065, -122.4513595
46.2838522, -122.4465023
46.291418, -122.4452802
46.2986243, -122.4491678
46.3051816, -122.4591145
46.3300069, -122.4389003
46.33283309999999, -122.4472346
46.3400212, -122.4477212
46.3465755, -122.4455284
46.3577465, -122.447604
46.3669064, -122.4455423
46.3775185, -122.4493115
46.3835736, -122.4475262
46.3918088, -122.4452278
46.4000773, -122.4485211
46.4008754, -122.4507105
46.4298783, -122.4482062
46.4299646, -122.4470287
46.438332, -122.4469758
46.4498995, -122.4405266
46.4573423, -122.4450122
46.4647045, -122.4462752
46.4741307, -122.4439703
46.4838739, -122.4441077
46.492119, -122.450061
46.4958144, -122.4469546
46.5098016, -122.4462863
46.5170475, -122.4472357
46.5300338, -122.4451504
46.5358106, -122.4404899
46.5427474, -122.4470652
46.5501936, -122.459992
46.5702586, -122.4483118
46.5709932, -122.4459824
46.5833867, -122.4487466
46.5876554, -122.4518388
46.6024864, -122.4451428
46.6040556, -122.4498464
46.6180811, -122.4397168
46.6254576, -122.4409347
46.6348574, -122.4468435
46.64822359999999, -122.4411651
46.6540121, -122.4452896
46.6624028, -122.4476979
46.6718317, -122.4493525
46.6813867, -122.4473298
46.6893942, -122.4448523
46.6979455, -122.4465988
46.6980747, -122.4476227
46.7200315, -122.4612213
46.7300064, -122.456094
46.735762, -122.4578255
46.7474376, -122.4498182
46.7523486, -122.4458063
46.7636045, -122.4457916
46.7692022, -122.4476721
46.7799279, -122.4465235
46.7884713, -122.4475163
46.7985815, -122.4485749
46.8083027, -122.4462755
46.8119042, -122.4476685
46.8251073, -122.4470825
46.836161, -122.4461145
46.84308739999999, -122.44684
46.848817, -122.4472751
46.8617572, -122.4422559
46.8692286, -122.4442275
46.87839, -122.4457896
46.88858210000001, -122.4468139
46.8971294, -122.4468563
46.9060836, -122.4497461
46.9151806, -122.4475104
46.9240611, -122.4466578
46.933733, -122.4479624
46.9420894, -122.4424114
46.9518073, -122.4467868
46.96006910000001, -122.4451885
46.9690886, -122.4426652
46.9771426, -122.4468626
46.988829, -122.446805
46.9953321, -122.4468907
47.0045584, -122.4463552
47.016371, -122.4476003
47.0230939, -122.4433034
47.0320686, -122.4468145
47.0396686, -122.4469336
47.0501184, -122.4433117
47.0591175, -122.4433996
47.0666714, -122.4449134
47.0753476, -122.4390965
47.0859256, -122.4350948
47.096959, -122.4467828
47.10412909999999, -122.4437333
47.1144824, -122.4453188
47.1223584, -122.4467887
47.1314631, -122.4468056
47.1398348, -122.4468205
47.1490984, -122.4468124
47.1579237, -122.4470124
47.1674646, -122.4467986
47.1760714, -122.4470011
47.1851406, -122.4468133
47.1940797, -122.4471957
47.2030778, -122.4471645
47.2120788, -122.4471583
47.2208991, -122.4468163
47.229978, -122.4467967
47.2391033, -122.4465855
47.2480418, -122.4471493
47.2570655, -122.4469317
47.2659843, -122.4470352
47.2711278, -122.4518995
47.2725972, -122.4549916
47.3003436, -122.4422851
47.306068, -122.441361
47.318654, -122.429114
47.319443, -122.429001
47.3458245, -122.4545373
47.3492657, -122.4520808
47.3566834, -122.4478121
47.3651527, -122.4501305
47.3736827, -122.4468445
47.380364, -122.4427788
47.3916768, -122.4492165
47.403673, -122.4502123
47.410818, -122.4467873
47.4190809, -122.4467216
47.4273592, -122.4467901
47.4370927, -122.4457584
47.4455032, -122.4443708
47.45524409999999, -122.4466635
47.4643391, -122.4475794
47.4732195, -122.4462812
47.4789591, -122.4500683
47.50273989999999, -122.4526611
47.5039695, -122.4531052
47.51806, -122.4468058
47.5208808, -122.4458626
47.5209762, -122.4444978
47.5210715, -122.4431329
47.5756506, -122.4677691
47.5779734, -122.4630054
47.5811974, -122.4559868
47.5840357, -122.4497875
47.58668780000001, -122.443785
47.6049404, -122.4466657
47.604943, -122.4468913
47.6049455, -122.447117
47.60494809999999, -122.4473426
47.6434534, -122.416732
47.66939139999999, -122.4173107
47.6934046, -122.4039513
47.6934242, -122.4039422
47.6979053, -122.4004189
47.7930495, -122.4607491
47.79568460000001, -122.4556247
47.7990801, -122.4491313
47.8024752, -122.442637
47.8058699, -122.4361418
47.8081359, -122.4313165
47.8092602, -122.4285792
47.8097473, -122.4270301
47.95879919999999, -122.4425511
47.9674861, -122.4468827
47.9782332, -122.4473228
47.9831751, -122.4446405
47.99486, -122.4477459
48.00234100000001, -122.4447702
48.01303129999999, -122.4471653
48.0220388, -122.4495761
48.0310223, -122.4468103
48.03890699999999, -122.4472966
48.04870289999999, -122.4468345
48.0569929, -122.4525476
48.0630721, -122.4573697
48.0733403, -122.4654006
48.0747852, -122.4669611
48.109155, -122.4432555
48.109213, -122.4436522
48.1119864, -122.4472195
48.12108449999999, -122.4474232
48.1305906, -122.4451801
48.13802, -122.449093
48.1437883, -122.4539161
48.1520046, -122.4632433
48.1616625, -122.4670683
48.1626741, -122.4677828
48.2005817, -122.4534414
48.202897, -122.4486136
48.2103101, -122.442519
48.2193816, -122.4523675
48.2292035, -122.4555938
48.2416057, -122.4454272
48.2470642, -122.4444433
48.2545577, -122.4468784
48.2643758, -122.4471366
48.2649986, -122.450432
48.2693455, -122.4608427
48.34605999999999, -122.4386314
48.3555156, -122.4468122
48.36295, -122.4462813
48.3735273, -122.4480276
48.382068, -122.4493396
48.39174389999999, -122.4467723
48.3989172, -122.446781
48.4090687, -122.4437949
48.4180807, -122.4437837
48.4270889, -122.4438328
48.4360751, -122.4438934
48.4460652, -122.4467745
48.45431809999999, -122.44545
48.4630669, -122.4440456
48.47232, -122.4468178
48.4795567, -122.4467694
48.490083, -122.4444108
48.4990844, -122.4444806
48.5084358, -122.4468209
48.5170061, -122.4445848
48.52610199999999, -122.4441729
48.5345978, -122.4491809
48.54409190000001, -122.4441239
48.5530906, -122.4442273
48.5624592, -122.4455033
48.5696472, -122.4438933
48.5889654, -122.4219623
48.6044571, -122.4315468
48.61586339999999, -122.4427474
48.6255181, -122.4450809
48.6340355, -122.4465141
48.6365321, -122.4472234
48.6550045, -122.4628416
48.6678849, -122.4282815
48.6858069, -122.4364798
48.6911318, -122.446851
48.697907, -122.4431998
48.7059921, -122.4470059
48.7133552, -122.4462616
48.7241693, -122.4468147
48.7332569, -122.4468071
48.74207819999999, -122.4465777
48.7510831, -122.4466374
48.7600781, -122.4466502
48.76926580000001, -122.4466611
48.7770457, -122.4451447
48.7870795, -122.4479265
48.7958449, -122.4451432
48.8041646, -122.446852
48.8147019, -122.4468188
48.8215197, -122.4473894
48.83333409999999, -122.4467813
48.8422412, -122.4468039
48.849742, -122.447059
48.8607439, -122.4496432
48.86986580000001, -122.4468028
48.877052, -122.4424505
48.8844591, -122.446798
48.8954437, -122.4468108
48.9040274, -122.4421812
48.9126644, -122.4463656
48.9219888, -122.4418818
48.9310532, -122.4415462
48.9405691, -122.4457733
48.9482745, -122.4462681
46.2134666, -122.434195
46.22094389999999, -122.4324751
46.2321834, -122.434429
46.2400938, -122.4334561
46.2438353, -122.4298878
46.2584036, -122.4332482
46.2676615, -122.4338741
46.2792811, -122.4320076
46.2861991, -122.4320963
46.2934774, -122.4333707
46.2960957, -122.436727
46.3246294, -122.4253486
46.3262051, -122.4294729
46.3283895, -122.4354644
46.3395912, -122.4331477
46.3492012, -122.4330023
46.3578428, -122.4349021
46.3669126, -122.4326354
46.375395, -122.4320976
46.3850486, -122.4331111
46.3924398, -122.4334384
46.400676, -122.4323005
46.4007144, -122.4320314
46.4300006, -122.4395014
46.4314389, -122.4355544
46.4407038, -122.434875
46.4470502, -122.4331207
46.45995780000001, -122.4327244
46.4650305, -122.4330593
46.4702686, -122.4373934
46.4867935, -122.4380499
46.493424, -122.4399347
46.4990481, -122.4310038
46.5104856, -122.433083
46.5179894, -122.4294291
46.5280717, -122.4337618
46.536645, -122.4335591
46.5414497, -122.4367361
46.5623654, -122.4341032
46.564108, -122.4334754
46.5708651, -122.4346883
46.588044, -122.4251232
46.5928107, -122.4320668
46.5974747, -122.4317259
46.6140267, -122.4290505
46.6160735, -122.4355707
46.6294681, -122.4349424
46.6303552, -122.4330052
46.6480235, -122.435811
46.6550376, -122.4328349
46.6592579, -122.4346065
46.6775972, -122.4363293
46.6808474, -122.4330571
46.6866891, -122.4318137
46.6971227, -122.4314738
46.6978796, -122.4292286
46.7036082, -122.4156898
46.7505999, -122.4464816
46.7571143, -122.4333119
46.7637209, -122.4356644
46.7709482, -122.433361
46.7817208, -122.4351448
46.7897689, -122.4329567
46.79849120000001, -122.4327125
46.8065104, -122.4333703
46.8141383, -122.4350581
46.8262856, -122.4326021
46.8341321, -122.4326447
46.8438129, -122.4327141
46.8519705, -122.4351293
46.8586539, -122.4330545
46.8721933, -122.4364092
46.8784728, -122.4323576
46.8884184, -122.4321563
46.8970826, -122.4331739
46.904719, -122.4306228
46.9154839, -122.4328104
46.92407, -122.4343454
46.931751, -122.4331442
46.942514, -122.434088
46.9515949, -122.4330876
46.9600497, -122.4373213
46.969818, -122.435733
46.9786767, -122.434194
46.9878711, -122.4330876
46.9950067, -122.4331086
47.0050885, -122.4430783
47.0139896, -122.443208
47.0270012, -122.429145
47.0294731, -122.4348454
47.0388417, -122.4331542
47.0499649, -122.443308
47.0589636, -122.4433959
47.068091, -122.4331058
47.076967, -122.43122
47.0863659, -122.4330888
47.0950698, -122.4322031
47.1045027, -122.4330994
47.113058, -122.4331049
47.1218534, -122.433116
47.1314834, -122.4330978
47.1401919, -122.4331041
47.148956, -122.4331082
47.158153, -122.4331038
47.167151, -122.4331049
47.1760792, -122.43408
47.1850696, -122.4340811
47.1939818, -122.4331084
47.2027781, -122.4331216
47.2117723, -122.4331134
47.2208773, -122.4331063
47.2302585, -122.4331417
47.23921139999999, -122.433136
47.247888, -122.4349519
47.2572552, -122.4325435
47.262499, -122.433557
47.266647, -122.4456574
47.2977486, -122.4318388
47.297756, -122.4319564
47.3020211, -122.4331059
47.3108943, -122.4313747
47.3508213, -122.4514991
47.358479, -122.445783
47.369634, -122.430755
47.3740794, -122.4329473
47.3819337, -122.4331102
47.392641, -122.43468
47.4010696, -122.4334275
47.4107558, -122.4375587
47.4205295, -122.4360417
47.4275809, -122.4361989
47.430487, -122.437017
47.4497714, -122.4412885
47.45725669999999, -122.4418808
47.4650606, -122.435328
47.46808679999999, -122.4379507
47.4782976, -122.4482733
47.5031445, -122.4524255
47.5196958, -122.4369794
47.520211, -122.4338838
47.5218278, -122.4323025
47.5219228, -122.4309399
47.52201789999999, -122.4295772
47.5629223, -122.4062691
47.5750624, -122.4189998
47.57590769999999, -122.4195213
47.5883787, -122.4396209
47.5907725, -122.433725
47.6047833, -122.4329614
47.6047859, -122.4331894
47.6047886, -122.4334175
47.6389793, -122.4118681
47.6426123, -122.4161833
47.6450168, -122.4169011
47.6605168, -122.4312234
47.662036, -122.4329118
47.6624908, -122.4304157
47.6933717, -122.40395
47.6934103, -122.4039495
47.7801879, -122.3964703
47.7967544, -122.4535791
47.8001489, -122.4470869
47.8035431, -122.4405938
47.8069177, -122.4340036
47.810002, -122.425923
47.8105911, -122.4233125
47.8112524, -122.419944
47.8112581, -122.4199062
47.93252349999999, -122.4327591
47.9411419, -122.433113
47.9500547, -122.4303114
47.9594822, -122.4342105
47.9694327, -122.433102
47.9775103, -122.4330611
47.9860345, -122.4299411
47.9928619, -122.426765
48.0035831, -122.4332638
48.0131806, -122.4385055
48.0221028, -122.4331087
48.0310937, -122.4330509
48.0395681, -122.4292025
48.0489663, -122.4368656
48.050329, -122.4406958
48.0581262, -122.453282
48.06344139999999, -122.4577385
48.0938984, -122.4149363
48.0952754, -122.416311
48.1089498, -122.4330616
48.112094, -122.4341057
48.12159219999999, -122.4330835
48.1264704, -122.4352586
48.133865, -122.444308
48.143466, -122.4536492
48.1605723, -122.466546
48.162427, -122.4675114
48.2016246, -122.4498915
48.2068423, -122.4448595
48.21109879999999, -122.4422009
48.2288757, -122.4240345
48.2300464, -122.4246631
48.23808229999999, -122.43371
48.2471522, -122.4309137
48.254441, -122.4331287
48.26231629999999, -122.4384159
48.26262819999999, -122.4393759
48.26381929999999, -122.4445864
48.2641404, -122.4459831
48.3350079, -122.420778
48.3411355, -122.4330953
48.3460922, -122.4386313
48.3556225, -122.4331223
48.3658397, -122.4299941
48.3731088, -122.4330066
48.3814143, -122.4349187
48.38841799999999, -122.440763
48.3989888, -122.4330886
48.40625199999999, -122.435419
48.4207606, -122.4331538
48.4264628, -122.4333379
48.4390435, -122.4329995
48.4458152, -122.4330092
48.45759100000001, -122.4331484
48.4612334, -122.4373993
48.472312, -122.4331033
48.48683519999999, -122.4333041
48.491356, -122.434953
48.5031123, -122.4350713
48.5087212, -122.4336564
48.5171629, -122.4325963
48.5232609, -122.4335961
48.5347749, -122.4334071
48.5452127, -122.4331256
48.5489963, -122.4247335
48.5620769, -122.4332084
48.5657927, -122.4296168
48.5800323, -122.4220439
48.5890274, -122.4219617
48.6024138, -122.4278104
48.6072087, -122.432683
48.6148598, -122.4372578
48.62501839999999, -122.4352887
48.6332669, -122.435242
48.6434304, -122.432067
48.6517481, -122.425051
48.66587939999999, -122.4260491
48.6683254, -122.4281079
48.6843855, -122.4309508
48.6901096, -122.4321979
48.7007231, -122.4283783
48.705413, -122.4337364
48.71573, -122.4366119
48.722943, -122.4339645
48.7316492, -122.4399952
48.7421103, -122.4331546
48.7510117, -122.4328617
48.7600778, -122.4333014
48.7690643, -122.4332026
48.778612, -122.43168
48.7857894, -122.4308196
48.7957745, -122.4329305
48.80509139999999, -122.4316932
48.8129943, -122.4335779
48.8225213, -122.4320689
48.8333092, -122.4331105
48.839308, -122.431838
48.85010820000001, -122.4339218
48.8624944, -122.4330973
48.868078, -122.4329074
48.8771592, -122.4331061
48.88924799999999, -122.438382
48.8950619, -122.4312363
48.9055329, -122.4367042
48.9134611, -122.4330839
48.9277577, -122.4330044
48.9277589, -122.4331654
48.9423286, -122.4330815
48.9488931, -122.4328187
46.2130714, -122.4189847
46.220242, -122.42001
46.2302229, -122.4189774
46.2399201, -122.418151
46.2500008, -122.4173933
46.2568452, -122.4163374
46.263837, -122.4194207
46.2759391, -122.4195299
46.2855186, -122.4188879
46.290881, -122.4279498
46.3131578, -122.4104991
46.3141788, -122.4117365
46.3245938, -122.421454
46.32794029999999, -122.4168926
46.3422407, -122.4238462
46.3477645, -122.4195997
46.3583458, -122.4190616
46.3660472, -122.4193997
46.3727759, -122.4177915
46.3834966, -122.4200033
46.3939436, -122.4259637
46.4000362, -122.4201418
46.4023391, -122.4229628
46.4200649, -122.4094735
46.43022029999999, -122.4195695
46.43826079999999, -122.4193207
46.448231, -122.4189658
46.4561003, -122.4193771
46.4658573, -122.4188428
46.4755037, -122.4099453
46.476067, -122.4100794
46.494546, -122.421225
46.5010735, -122.419532
46.5104599, -122.419319
46.516341, -122.42403
46.5292864, -122.4284678
46.5366649, -122.4195428
46.5369941, -122.4215863
46.56115339999999, -122.4170408
46.5623864, -122.4203147
46.5786013, -122.4178366
46.5823514, -122.4186873
46.5928603, -122.4190847
46.5960066, -122.4254328
46.6123578, -122.4176756
46.6140121, -122.4204467
46.6303704, -122.4252383
46.6335183, -122.4188018
46.6494027, -122.4263734
46.6518933, -122.4278302
46.6639498, -122.4167031
46.6721272, -122.419838
46.6813044, -122.4195607
46.6919203, -122.4202755
46.7003046, -122.4207316
46.7055604, -122.4097607
46.708931, -122.4035375
46.755083, -122.4038437
46.7573355, -122.4099225
46.7593874, -122.4162546
46.7614605, -122.4165724
46.77107549999999, -122.4196264
46.7801027, -122.4194633
46.7890923, -122.4193407
46.79786439999999, -122.4176952
46.8066288, -122.4193995
46.8151136, -122.4198632
46.8247094, -122.4202352
46.8322441, -122.4190637
46.8417183, -122.4203594
46.8524191, -122.4205615
46.8631968, -122.4225289
46.8691811, -122.4206674
46.879199, -122.4195575
46.8886578, -122.4205037
46.8969475, -122.4191809
46.905645, -122.4193745
46.9146921, -122.4199465
46.9240884, -122.4184476
46.93446609999999, -122.4179656
46.9423326, -122.4194086
46.951422, -122.4193944
46.9606366, -122.4193693
46.9682764, -122.4194053
46.9780496, -122.4216943
46.9886367, -122.4195259
46.9961445, -122.4198631
47.0055544, -122.4193354
47.01344530000001, -122.4194047
47.02272749999999, -122.419608
47.0320707, -122.4217337
47.0410757, -122.421751
47.0500824, -122.4217488
47.0590847, -122.4217465
47.06796869999999, -122.4194129
47.0774149, -122.4194012
47.085622, -122.419736
47.0956632, -122.4214285
47.1043441, -122.4193926
47.11392, -122.418708
47.1218481, -122.4194063
47.1313493, -122.4193937
47.14066680000001, -122.4193928
47.1483195, -122.4201431
47.15831379999999, -122.4189624
47.1671357, -122.4193993
47.1760792, -122.4196647
47.18452, -122.418137
47.1940768, -122.4190644
47.2030792, -122.4190304
47.2117464, -122.4194054
47.2210805, -122.4196662
47.2300836, -122.4193534
47.2393106, -122.4188825
47.2480267, -122.418786
47.2570817, -122.4193222
47.2648997, -122.4213093
47.271945, -122.414263
47.27970699999999, -122.408451
47.2954835, -122.4155991
47.3020838, -122.4192064
47.3112005, -122.4193444
47.319505, -122.418322
47.319653, -122.417054
47.3579003, -122.4461231
47.3703787, -122.4258455
47.37093309999999, -122.4240018
47.3741755, -122.4211353
47.383855, -122.4188382
47.3921317, -122.4219375
47.3993458, -122.4194252
47.4017123, -122.4276139
47.4235046, -122.4316597
47.4240985, -122.4316093
47.4497905, -122.4412778
47.4650188, -122.4353743
47.4658774, -122.4345002
47.4662126, -122.4346283
47.467276, -122.4362429
47.5107495, -122.3933279
47.5218462, -122.4240538
47.522363, -122.4205433
47.52274480000001, -122.418886
47.522802, -122.4178271
47.54637530000001, -122.3986723
47.5622395, -122.4054578
47.56637749999999, -122.4088233
47.57407329999999, -122.4171325
47.5772892, -122.4170709
47.5948568, -122.4236622
47.59717089999999, -122.4178076
47.6046273, -122.4194876
47.60463, -122.4197179
47.6373555, -122.4090261
47.63921870000001, -122.4121868
47.6440595, -122.4167603
47.652595, -122.418899
47.6614855, -122.4204978
47.6694049, -122.4172885
47.676479, -122.4096599
47.6883515, -122.403069
47.6989477, -122.3979974
47.748814, -122.3821715
47.7706071, -122.3922245
47.77171939999999, -122.3926751
47.8084978, -122.4304906
47.8109437, -122.4215165
47.81151029999999, -122.4182172
47.8119346, -122.4153768
47.8120423, -122.4144476
47.8122616, -122.4123808
47.8124809, -122.410314
47.9080094, -122.3919291
47.912681, -122.4184061
47.9126924, -122.4186718
47.9147538, -122.4191416
47.9230884, -122.4198887
47.9317493, -122.4194263
47.9413123, -122.4189716
47.949261, -122.4166578
47.9602469, -122.422124
47.9687567, -122.4211156
47.9770792, -122.4194527
47.9854782, -122.4166084
47.9950611, -122.419638
48.0040694, -122.4167742
48.0128975, -122.4217934
48.0217766, -122.4195439
48.0298179, -122.4213218
48.0401209, -122.419399
48.0431225, -122.41588
48.0490578, -122.4369299
48.0697693, -122.3891508
48.083379, -122.398066
48.0929365, -122.4138285
48.09514189999999, -122.4162258
48.1033331, -122.4186939
48.1123591, -122.4189375
48.1196021, -122.4248296
48.124562, -122.429062
48.1604242, -122.4664954
48.2046246, -122.4469245
48.208994, -122.4430681
48.22754200000001, -122.4142289
48.2307062, -122.4174006
48.2380815, -122.4200157
48.2470439, -122.4169967
48.2539929, -122.4222086
48.254364, -122.4231473
48.2760079, -122.378207
48.32432439999999, -122.3900903
48.3370705, -122.4208062
48.34626129999999, -122.4217911
48.35514149999999, -122.4226612
48.3658976, -122.4195383
48.373085, -122.4222317
48.3820801, -122.4222143
48.3910242, -122.4222564
48.3991023, -122.4193705
48.4083484, -122.4202414
48.4180865, -122.4221553
48.4270921, -122.4221121
48.436091, -122.4220255
48.4437416, -122.4189708
48.4576328, -122.4193316
48.4639603, -122.4202839
48.474309, -122.416966
48.4806588, -122.4204818
48.4900822, -122.4195579
48.5021666, -122.4178474
48.5068277, -122.4234818
48.5160504, -122.4194151
48.5306023, -122.4190365
48.5306276, -122.4197562
48.5451905, -122.4193703
48.555907, -122.4170124
48.56261019999999, -122.4183733
48.5698327, -122.4194026
48.5807697, -122.4194021
48.5880867, -122.4193862
48.5980589, -122.4198122
48.6046096, -122.420547
48.6129644, -122.418943
48.6246391, -122.4352646
48.6382213, -122.4161892
48.6427789, -122.4183554
48.6521029, -122.4181182
48.6609089, -122.4187748
48.6728251, -122.4193211
48.672932, -122.4201207
48.6881186, -122.4193914
48.6973772, -122.4191866
48.7062529, -122.4171775
48.7094535, -122.4158946
48.739669, -122.415269
48.74282609999999, -122.4178361
48.7506977, -122.4193968
48.7600554, -122.419399
48.7687294, -122.4208877
48.7780802, -122.419277
48.7869465, -122.4191265
48.7950512, -122.419453
48.8050785, -122.4191727
48.8142776, -122.416112
48.82462599999999, -122.4208827
48.832079, -122.4194067
48.8410756, -122.4206907
48.850063, -122.4178305
48.86255209999999, -122.4193977
48.8698411, -122.4193963
48.8771789, -122.4193992
48.8859891, -122.4144339
48.89507820000001, -122.4199471
48.9080424, -122.420098
48.9131982, -122.419402
48.9220926, -122.4200039
48.9310769, -122.4195494
48.9422497, -122.4193693
48.9513295, -122.4222529
46.2130815, -122.40565
46.2213028, -122.4055346
46.2293172, -122.4054
46.2409093, -122.4061635
46.248715, -122.4040255
46.2591137, -122.4028555
46.2654301, -122.404815
46.2760414, -122.4055041
46.28404399999999, -122.4068424
46.28470960000001, -122.4093476
46.3083356, -122.395734
46.3122048, -122.4056438
46.321582, -122.4077079
46.3277834, -122.408624
46.3388096, -122.4062532
46.3465867, -122.408588
46.3560559, -122.408803
46.36509890000001, -122.4051115
46.3757698, -122.4056555
46.3839175, -122.4034084
46.3929669, -122.404256
46.40081139999999, -122.4045202
46.4167019, -122.4011056
46.42014100000001, -122.4053361
46.4313763, -122.4021938
46.43820600000001, -122.4055949
46.4512774, -122.4056272
46.4552523, -122.4041733
46.4651004, -122.4043478
46.4740568, -122.4037907
46.4860434, -122.4026483
46.4882887, -122.4024673
46.5009646, -122.405774
46.5084514, -122.4044597
46.5128624, -122.4027571
46.5342212, -122.4005905
46.536742, -122.4059892
46.53731250000001, -122.4080696
46.5616338, -122.4088038
46.5626805, -122.4091196
46.5749802, -122.4049583
46.5820503, -122.4063542
46.58901669999999, -122.4126149
46.60241389999999, -122.4015505
46.6076326, -122.4082195
46.6210888, -122.4010302
46.6268798, -122.4051466
46.634396, -122.4097926
46.6515104, -122.399325
46.6537035, -122.401875
46.6636357, -122.4055197
46.6669049, -122.4101601
46.6843172, -122.4081996
46.6900135, -122.4043381
46.7002116, -122.4065137
46.7077678, -122.4050831
46.7094542, -122.4022571
46.716751, -122.386651
46.7535098, -122.3958742
46.7550318, -122.4035309
46.7618441, -122.404387
46.7714531, -122.4042545
46.7802886, -122.4049888
46.7899919, -122.4072286
46.7987794, -122.4048357
46.8068789, -122.4055968
46.8165851, -122.4054578
46.8262168, -122.4044646
46.83516410000001, -122.4055849
46.8484299, -122.4054878
46.8501407, -122.4022042
46.8617336, -122.406355
46.8700811, -122.4069793
46.8793456, -122.4056945
46.8883519, -122.4057769
46.8969734, -122.4043402
46.9064969, -122.4061273
46.9139952, -122.4060472
46.9232253, -122.4045257
46.931687, -122.4050123
46.941455, -122.4056934
46.9496239, -122.4056504
46.960642, -122.416111
46.9682812, -122.411483
46.977981, -122.406382
46.9883327, -122.4047269
46.9967895, -122.4056917
47.0050956, -122.4058324
47.0152647, -122.411255
47.02032879999999, -122.4060895
47.0320229, -122.4217334
47.04105759999999, -122.4217509
47.055356, -122.40207
47.0594109, -122.405168
47.0679849, -122.4056914
47.077107, -122.4051738
47.0860817, -122.4059899
47.0945597, -122.4059953
47.1040796, -122.405829
47.1127592, -122.4057803
47.122006, -122.406022
47.131312, -122.404579
47.1400713, -122.4050788
47.1474381, -122.4056582
47.1580762, -122.405509
47.16712589999999, -122.4056915
47.1758724, -122.4056942
47.1850843, -122.4059317
47.1940396, -122.403898
47.2030794, -122.4060929
47.2120739, -122.4057117
47.2210902, -122.4057863
47.229626, -122.405899
47.2391275, -122.4057032
47.2476827, -122.4067467
47.2567963, -122.406365
47.2657933, -122.4052441
47.2766148, -122.4035841
47.2842604, -122.4051001
47.2930818, -122.4064115
47.3019578, -122.405803
47.3105579, -122.4027193
47.3192765, -122.4069916
47.324065, -122.398046
47.3258741, -122.3959581
47.3273075, -122.3923608
47.3711859, -122.4234482
47.3727386, -122.4215713
47.37888350000001, -122.4047776
47.383669, -122.4063052
47.3908269, -122.4061938
47.3994502, -122.4094718
47.4240086, -122.4315693
47.4505869, -122.3818219
47.4659466, -122.434488
47.4660635, -122.4345205
47.500767, -122.3822979
47.50286939999999, -122.3857701
47.5060286, -122.3891554
47.5112388, -122.3936846
47.5229963, -122.4058481
47.5230719, -122.4055655
47.53700749999999, -122.3959838
47.5462504, -122.3986461
47.5543838, -122.3993973
47.5630838, -122.4056918
47.5722425, -122.4056875
47.5810458, -122.4056613
47.5860636, -122.3980709
47.600667, -122.4065873
47.6045366, -122.4057301
47.60453709999999, -122.4058255
47.6324397, -122.3986127
47.6354623, -122.4047197
47.6440801, -122.4058356
47.653079, -122.4057229
47.6620782, -122.4055464
47.671119, -122.4054646
47.680026, -122.4055032
47.6886387, -122.4029964
47.6963995, -122.4010455
47.6989154, -122.3980757
47.7008415, -122.3923104
47.7217487, -122.3737882
47.7472575, -122.3803545
47.7692636, -122.3908835
47.7714313, -122.3926242
47.8012532, -122.3920946
47.8128012, -122.40719
47.8129982, -122.405229
47.81319509999999, -122.4032689
47.8133919, -122.4013086
47.8135887, -122.3993483
47.8266508, -122.3677624
47.8373266, -122.3553847
47.9065763, -122.3869469
47.9088838, -122.3943373
47.9157183, -122.4094607
47.9224453, -122.4104251
47.9322943, -122.404031
47.94222689999999, -122.404038
47.950095, -122.4061667
47.959073, -122.4062527
47.9691173, -122.4056864
47.9770561, -122.405829
47.9869293, -122.4056146
47.9949975, -122.4055499
48.0065613, -122.4060309
48.0134913, -122.4072164
48.0230962, -122.407306
48.0310984, -122.4054578
48.0400984, -122.405648
48.0407665, -122.408206
48.0661823, -122.3871434
48.081536, -122.3960976
48.08625869999999, -122.3993849
48.09429490000001, -122.4056913
48.1028736, -122.4060272
48.108965, -122.407316
48.1131531, -122.4126474
48.1222566, -122.4260769
48.1560634, -122.365757
48.16456729999999, -122.3691691
48.16460559999999, -122.3691694
48.1667307, -122.3681046
48.1732912, -122.3643329
48.2077811, -122.4439859
48.20939449999999, -122.4428854
48.2275559, -122.4126762
48.22797380000001, -122.4108182
48.229767, -122.406083
48.2380845, -122.4063693
48.2433714, -122.4059467
48.250778, -122.4170827
48.2537376, -122.4217981
48.2889651, -122.3700456
48.33032739999999, -122.3990322
48.3412239, -122.4057367
48.34122439999999, -122.4056408
48.3556818, -122.4056125
48.36408249999999, -122.4059492
48.3730341, -122.4003851
48.3820138, -122.4001408
48.3913442, -122.4009252
48.3992791, -122.4056692
48.4090773, -122.4008846
48.42096129999999, -122.4057339
48.4270697, -122.4008034
48.4360518, -122.4006027
48.442813, -122.4056672
48.4520308, -122.4047679
48.4605391, -122.4055955
48.4722564, -122.4056911
48.4776529, -122.4067021
48.4868507, -122.4056727
48.5013196, -122.4056382
48.5081371, -122.411276
48.5159414, -122.4057234
48.52602330000001, -122.4113451
48.5351031, -122.4113533
48.544464, -122.4047669
48.5560767, -122.403795
48.5631666, -122.4101891
48.5699664, -122.4110865
48.5818477, -122.4044097
48.5882096, -122.4102062
48.5980755, -122.4054919
48.6059431, -122.4111643
48.61155549999999, -122.4058142
48.63832379999999, -122.4083976
48.6417132, -122.4050344
48.6544892, -122.4041923
48.6622542, -122.4033333
48.6698154, -122.405924
48.6786172, -122.4042821
48.68892779999999, -122.4061305
48.69671289999999, -122.4049052
48.7097886, -122.4068379
48.7113909, -122.4089688
48.7360731, -122.4063954
48.74207819999999, -122.4061935
48.7506205, -122.4061889
48.7617854, -122.4018649
48.7691485, -122.4061579
48.7780785, -122.4064992
48.7873593, -122.4030043
48.79738560000001, -122.4055395
48.804149, -122.4056436
48.815022, -122.4056866
48.82403100000001, -122.4054361
48.83208800000001, -122.4069813
48.84287380000001, -122.4065125
48.8501757, -122.4011496
48.8613578, -122.4051554
48.8696032, -122.4056363
48.8770608, -122.4056934
48.88704370000001, -122.4049225
48.8952215, -122.4085664
48.9040939, -122.4087059
48.9133951, -122.4086988
48.919574, -122.408783
48.9277162, -122.4057212
48.9401064, -122.4081075
48.9491129, -122.4078514
46.2131484, -122.3921134
46.22114089999999, -122.3919346
46.228115, -122.3931093
46.2404218, -122.3921242
46.24865579999999, -122.391366
46.259245, -122.3915181
46.2662084, -122.3900204
46.2732369, -122.3944718
46.2825529, -122.3955512
46.3078132, -122.3921482
46.3106386, -122.3953581
46.3309402, -122.3917427
46.338985, -122.3913211
46.3481169, -122.3921433
46.3552644, -122.3943145
46.36694989999999, -122.3917799
46.3731889, -122.391948
46.3823216, -122.3905588
46.3930799, -122.3919875
46.4013377, -122.3915628
46.4139001, -122.3936468
46.4199523, -122.3910095
46.4269448, -122.3925894
46.4380751, -122.3919712
46.4476324, -122.391568
46.4556136, -122.3915323
46.4648887, -122.3918211
46.47689159999999, -122.3861363
46.4854815, -122.3943051
46.4905931, -122.399294
46.5023163, -122.3912662
46.5063561, -122.3973494
46.512212, -122.400698
46.53259509999999, -122.3919192
46.532596, -122.3920517
46.5352888, -122.4029024
46.5730424, -122.3964388
46.5751429, -122.3919569
46.5840372, -122.3911928
46.5865465, -122.3933788
46.5995126, -122.3930634
46.6076564, -122.3882428
46.6177439, -122.3923982
46.6254486, -122.3954566
46.63686209999999, -122.3878813
46.6450888, -122.3922065
46.6542634, -122.392037
46.6631598, -122.3919145
46.6674662, -122.3858543
46.6852293, -122.3906294
46.6910927, -122.3906985
46.6992355, -122.390062
46.7076469, -122.3911856
46.7150891, -122.3880476
46.719107, -122.3836864
46.7357121, -122.3742287
46.75347259999999, -122.3929613
46.7536058, -122.3923387
46.7618646, -122.3915927
46.7713071, -122.3920585
46.7826531, -122.3899717
46.7889856, -122.3914194
46.7969425, -122.3916366
46.8072099, -122.3932475
46.8115596, -122.3921498
46.82540669999999, -122.3911744
46.8323739, -122.3923757
46.848735, -122.3916734
46.851236, -122.3919526
46.8595583, -122.3919468
46.8717486, -122.395747
46.8792176, -122.3919777
46.8863388, -122.3921038
46.89636220000001, -122.3915149
46.9064087, -122.3939617
46.916442, -122.3938861
46.9240502, -122.3919605
46.932902, -122.391514
46.9420861, -122.3924078
46.95097190000001, -122.391538
46.956347, -122.390145
46.9695594, -122.3919771
46.980326, -122.3919626
46.988352, -122.392433
46.9960797, -122.3926662
47.0044899, -122.3914917
47.014898, -122.389834
47.02425299999999, -122.389353
47.0328866, -122.3887803
47.038694, -122.389765
47.0497653, -122.3909186
47.0606619, -122.3927011
47.0679468, -122.3919885
47.07477000000001, -122.390539
47.0861561, -122.3920025
47.0950776, -122.391668
47.104537, -122.393412
47.112713, -122.391783
47.121849, -122.392541
47.1311409, -122.3935778
47.1403444, -122.3919762
47.1490766, -122.3916457
47.1581217, -122.3919855
47.1653647, -122.3920015
47.1760792, -122.3917088
47.1850781, -122.3918653
47.1938867, -122.3922713
47.2030743, -122.3891724
47.2135992, -122.3897328
47.2208633, -122.3919923
47.2291746, -122.3927538
47.2381603, -122.3937724
47.24854999999999, -122.3918513
47.2583299, -122.3902784
47.2670623, -122.3900294
47.2738836, -122.3926465
47.2843004, -122.3925019
47.29331, -122.391003
47.3020158, -122.3920559
47.3111293, -122.3921281
47.3200541, -122.3918337
47.3275421, -122.3914054
47.3275487, -122.3912917
47.3325589, -122.373557
47.3790442, -122.4041085
47.3831929, -122.3911485
47.3832377, -122.3913456
47.3920794, -122.3927019
47.3982233, -122.3940667
47.39857079999999, -122.3950056
47.4521368, -122.3791902
47.4695923, -122.3686182
47.4955745, -122.3737335
47.5029978, -122.3859206
47.5095542, -122.3916618
47.51810640000001, -122.3922525
47.5271958, -122.3916675
47.5360807, -122.391985
47.5453643, -122.3925849
47.553949, -122.3916676
47.5630801, -122.3921437
47.5720718, -122.3919858
47.5811116, -122.3920163
47.5896196, -122.391169
47.6024004, -122.3924217
47.6044697, -122.3920249
47.6268417, -122.3804855
47.6304871, -122.3918204
47.6350931, -122.3919859
47.6440763, -122.3917118
47.65292909999999, -122.3917839
47.6624858, -122.3916874
47.6709179, -122.3919836
47.6800795, -122.3918813
47.689079, -122.3919299
47.69789309999999, -122.3919888
47.7026285, -122.3874605
47.7127118, -122.3786701
47.7217791, -122.3737793
47.7364808, -122.373838
47.762929, -122.382595
47.7701466, -122.3918167
47.7784297, -122.3927893
47.7888251, -122.3860548
47.7967238, -122.3886738
47.8061298, -122.3919194
47.81430959999999, -122.3918567
47.8143365, -122.3911709
47.8223164, -122.372162
47.8347666, -122.3577705
47.8375454, -122.3551186
47.908002, -122.3918843
47.9140554, -122.3919353
47.92388039999999, -122.3929639
47.9315481, -122.3919773
47.9416075, -122.3932955
47.949941, -122.3918544
47.9590731, -122.3923946
47.9680691, -122.3911058
47.9770781, -122.3918872
47.98619189999999, -122.3917455
47.9952708, -122.3931322
48.0040953, -122.3966379
48.0141534, -122.392019
48.0219901, -122.3940521
48.03136800000001, -122.3918221
48.0349163, -122.3933807
48.04043, -122.405972
48.0611145, -122.3812367
48.06757469999999, -122.3876388
48.0757346, -122.3899093
48.0849059, -122.39143
48.0941959, -122.3919835
48.1012029, -122.3980317
48.1063917, -122.4043422
48.111934, -122.411162
48.1350732, -122.3680702
48.1353186, -122.3680686
48.1682694, -122.3671713
48.2082858, -122.365343
48.2086028, -122.3657034
48.210172, -122.3656826
48.2297105, -122.3978037
48.2398391, -122.3919351
48.2471799, -122.3846
48.25066169999999, -122.3845768
48.2614841, -122.3791659
48.3262904, -122.389319
48.3372301, -122.3923383
48.3449374, -122.3917663
48.355702, -122.3919774
48.3624348, -122.3878595
48.3731348, -122.3933932
48.3811245, -122.3928069
48.3911625, -122.3842912
48.3992508, -122.3920053
48.4065293, -122.3920224
48.4209575, -122.391937
48.4270834, -122.389813
48.4354238, -122.3919937
48.4427283, -122.3915583
48.4543398, -122.3921041
48.4642901, -122.3913731
48.4721756, -122.3919841
48.4810765, -122.3929328
48.4868006, -122.3920709
48.5012889, -122.3919996
48.5086434, -122.3919954
48.515779, -122.3920176
48.527477, -122.3886265
48.5339235, -122.3947522
48.5438662, -122.3925641
48.5494977, -122.3961574
48.5623286, -122.3940252
48.5708023, -122.3921625
48.5781999, -122.3933377
48.58867799999999, -122.3943081
48.5943231, -122.3951706
48.610409, -122.3861772
48.6142143, -122.3897932
48.616994, -122.3857179
48.6393685, -122.383083
48.6451181, -122.3874461
48.6520904, -122.3919595
48.6610367, -122.3920687
48.67180159999999, -122.3953535
48.6789684, -122.3921935
48.6864125, -122.3952017
48.6916954, -122.3987062
48.70693259999999, -122.3927073
48.71067439999999, -122.3982892
48.7347015, -122.3878497
48.7355319, -122.3898902
48.7416351, -122.3919767
48.7531818, -122.3908523
48.7604754, -122.3937565
48.7691314, -122.3936964
48.7771135, -122.3924316
48.7872393, -122.3920162
48.7942595, -122.3909595
48.8041484, -122.3919853
48.8135051, -122.3941884
48.825755, -122.391401
48.833074, -122.3919791
48.8410583, -122.3875664
48.8494058, -122.3917975
48.859072, -122.3908817
48.8681529, -122.3980136
48.8768034, -122.391992
48.8861375, -122.3975755
48.8950464, -122.3974121
48.90411450000001, -122.397411
48.9097895, -122.392005
48.9241809, -122.3919695
48.931317, -122.396429
48.9400787, -122.3915995
48.951061, -122.394578
46.212923, -122.3780074
46.22184739999999, -122.3785533
46.2292101, -122.3770738
46.2398597, -122.3783417
46.249516, -122.3779129
46.257661, -122.3786844
46.2662085, -122.3810738
46.2691796, -122.3834249
46.307343, -122.3828732
46.30761039999999, -122.3819584
46.3122409, -122.3780809
46.313353, -122.3793334
46.3327301, -122.3764221
46.3402975, -122.3801706
46.3477094, -122.3778707
46.3571944, -122.3785155
46.36568339999999, -122.3802142
46.3745589, -122.3773492
46.38392349999999, -122.378417
46.3932416, -122.3786549
46.4022533, -122.378346
46.4124157, -122.3799877
46.418386, -122.3805423
46.4293187, -122.3781359
46.4340388, -122.3752983
46.4466683, -122.378168
46.4549297, -122.3780876
46.4620727, -122.3793446
46.4704493, -122.3792569
46.4801115, -122.3768631
46.49198519999999, -122.3827931
46.5022466, -122.378613
46.5068169, -122.3724796
46.5069077, -122.3723016
46.5337021, -122.3832372
46.5364028, -122.3774431
46.54010599999999, -122.3712317
46.55647949999999, -122.3693526
46.560905, -122.372921
46.5751211, -122.379305
46.5841336, -122.3804808
46.5849668, -122.3781019
46.6034175, -122.3820422
46.6096481, -122.3767072
46.6176702, -122.3780234
46.627744, -122.3819514
46.6329053, -122.3723625
46.6415334, -122.3842633
46.6567854, -122.3819642
46.6658147, -122.3768978
46.6726623, -122.3732549
46.6857772, -122.3837064
46.6890478, -122.3773794
46.6976693, -122.3710928
46.7051466, -122.373273
46.7175174, -122.3800509
46.7256021, -122.3774079
46.7430688, -122.3712021
46.7553275, -122.3731447
46.76236979999999, -122.3774766
46.7709363, -122.3800868
46.7805239, -122.3799581
46.7874865, -122.377351
46.7980637, -122.3783043
46.8070403, -122.3794551
46.8161763, -122.3788616
46.8268648, -122.3815426
46.8324432, -122.377812
46.84567939999999, -122.3790864
46.85184690000001, -122.377918
46.8607016, -122.3775283
46.870485, -122.3770491
46.879057, -122.378279
46.8885764, -122.3792808
46.8978816, -122.378099
46.90543690000001, -122.3789599
46.9139953, -122.3779648
46.92391720000001, -122.3810918
46.9331416, -122.3786199
46.9428756, -122.3777828
46.9510752, -122.3812123
46.9605306, -122.376584
46.9690595, -122.3782729
46.9780732, -122.3791247
46.98736419999999, -122.3783209
46.993924, -122.378109
47.0051571, -122.3782833
47.0138147, -122.3780174
47.0241264, -122.3772038
47.0318646, -122.3788362
47.0411236, -122.3792733
47.0505772, -122.3793267
47.0590834, -122.3793329
47.0678086, -122.3782884
47.0770847, -122.3791571
47.0860832, -122.3790496
47.0954197, -122.3782719
47.1038831, -122.3783593
47.1130781, -122.378242
47.122988, -122.377519
47.13108219999999, -122.378664
47.1400776, -122.3785128
47.1490798, -122.3783562
47.158079, -122.378233
47.1670785, -122.3783371
47.1760782, -122.3784287
47.1850772, -122.3785336
47.1940801, -122.3784768
47.2030786, -122.3784162
47.2120793, -122.3783137
47.2207434, -122.3784161
47.23018649999999, -122.3781889
47.2390178, -122.3782799
47.2478326, -122.3782821
47.2589806, -122.3756558
47.26704669999999, -122.3770498
47.2749372, -122.3784377
47.28364879999999, -122.3782784
47.2928439, -122.3785259
47.3018943, -122.378587
47.311077, -122.3779784
47.3200023, -122.3779614
47.3268442, -122.3766178
47.3326621, -122.373312
47.333193, -122.37169
47.333574, -122.370044
47.3833861, -122.3902533
47.3855808, -122.3838979
47.386632, -122.3759741
47.3901929, -122.378219
47.3943877, -122.3857208
47.3981244, -122.3938047
47.42105189999999, -122.3499649
47.4347189, -122.3516049
47.44948100000001, -122.373779
47.4499533, -122.3773305
47.4526264, -122.375696
47.4661942, -122.3684289
47.4696966, -122.3685782
47.478387, -122.3627453
47.4955017, -122.3735833
47.4999864, -122.3784189
47.5090663, -122.3782794
47.5180768, -122.3781837
47.5270793, -122.3784019
47.5360792, -122.3783715
47.5450803, -122.3784492
47.5537917, -122.3782925
47.5628708, -122.3782795
47.5720786, -122.3781976
47.5810829, -122.3782782
47.58926530000001, -122.3803363
47.6023212, -122.3782138
47.6043826, -122.378332
47.6356468, -122.3774927
47.6440335, -122.3780798
47.65378949999999, -122.378513
47.6621839, -122.3782065
47.6709068, -122.3782795
47.680079, -122.3778363
47.68908099999999, -122.3778702
47.6980808, -122.3785454
47.7070604, -122.3783026
47.71610769999999, -122.3737245
47.72357, -122.3728022
47.73506769999999, -122.3727688
47.7444038, -122.3763975
47.75216899999999, -122.3776609
47.7612063, -122.3779731
47.7700768, -122.3777635
47.779079, -122.3782222
47.7880938, -122.3789983
47.7966651, -122.3784313
47.806002, -122.3782787
47.814961, -122.3779774
47.83308659999999, -122.3595222
47.8400099, -122.351722
47.8647751, -122.332558
47.9072288, -122.3773237
47.9140349, -122.3781379
47.9250593, -122.3785202
47.9317044, -122.3782909
47.9416322, -122.3782815
47.9499773, -122.3793423
47.9575487, -122.3783054
47.9689504, -122.3782417
47.9761594, -122.3783003
47.986045, -122.3787837
47.9951127, -122.3778157
48.0043154, -122.3759119
48.0140172, -122.3781941
48.0218853, -122.3782854
48.0311649, -122.3782842
48.0331501, -122.3780511
48.0579334, -122.3722336
48.0595954, -122.3765759
48.0670604, -122.376874
48.0777484, -122.3782562
48.0841393, -122.3803719
48.0910845, -122.3835136
48.0954983, -122.3896019
48.1185219, -122.3567883
48.1262408, -122.3640956
48.1350075, -122.3680276
48.1355917, -122.3679244
48.1491117, -122.3628654
48.158541, -122.3663013
48.1725144, -122.3646854
48.1734643, -122.3641352
48.1976837, -122.3575943
48.2084932, -122.3655787
48.2265685, -122.3701049
48.2310884, -122.3822557
48.2377355, -122.3785495
48.2473065, -122.3751629
48.2559471, -122.3782853
48.26621859999999, -122.3748067
48.2760037, -122.3781036
48.2848145, -122.3684472
48.324331, -122.3736053
48.3251789, -122.3776517
48.3280864, -122.3790044
48.3370805, -122.378703
48.341309, -122.3782302
48.35571530000001, -122.3782789
48.365829, -122.3797933
48.37307939999999, -122.3787831
48.3819574, -122.3771269
48.3880827, -122.3806172
48.3991688, -122.3782818
48.4064617, -122.3782976
48.4209067, -122.3781938
48.42708, -122.3787542
48.4361277, -122.3782241
48.44507979999999, -122.3786456
48.4540531, -122.3784931
48.46512509999999, -122.3806842
48.47207, -122.3782791
48.4810798, -122.3783257
48.49007599999999, -122.3780709
48.4990765, -122.3778871
48.5080703, -122.3776327
48.51711, -122.3784773
48.5260784, -122.3787062
48.5351226, -122.3782736
48.5440787, -122.3787902
48.55308369999999, -122.3785139
48.56207939999999, -122.3782075
48.5710786, -122.3782321
48.5820281, -122.3854559
48.5886857, -122.3772698
48.5979111, -122.3761648
48.6071772, -122.3781065
48.61622490000001, -122.3803542
48.6219533, -122.3780774
48.634459, -122.373999
48.64306300000001, -122.3794277
48.6522841, -122.3777076
48.6622844, -122.3737623
48.670391, -122.3778967
48.6740363, -122.3849603
48.6848988, -122.3935926
48.7072553, -122.3918307
48.7232643, -122.3711635
48.7244665, -122.3724755
48.7326454, -122.3786927
48.7394568, -122.3792853
48.751054, -122.3782656
48.7572891, -122.3727341
48.7692303, -122.3799041
48.778348, -122.382256
48.7862646, -122.3785382
48.7978155, -122.3786852
48.8050803, -122.377147
48.8140692, -122.3771354
48.823066, -122.3769561
48.8330261, -122.3782659
48.8410439, -122.3764441
48.85004490000001, -122.3760723
48.85905409999999, -122.3758374
48.8694205, -122.3782567
48.8766489, -122.3782912
48.8860632, -122.3752501
48.895072, -122.3752074
48.906112, -122.3782125
48.9168657, -122.3780078
48.9168856, -122.378651
48.9311381, -122.3747756
48.9419263, -122.3782513
48.949298, -122.376679
46.213871, -122.3631397
46.2219172, -122.3659428
46.2318711, -122.3643557
46.2400688, -122.364498
46.2502733, -122.3645348
46.259107, -122.3652367
46.2666111, -122.3642148
46.2679689, -122.3690278
46.2954176, -122.3517099
46.2965096, -122.3527372
46.3087652, -122.363896
46.3089588, -122.3656481
46.3137046, -122.3544919
46.3325907, -122.3678277
46.3418333, -122.3657137
46.3481082, -122.3646335
46.3565552, -122.3636937
46.3660767, -122.3645685
46.3763069, -122.3645261
46.38357209999999, -122.3653056
46.3948439, -122.3653979
46.4013895, -122.3639225
46.4109723, -122.3647141
46.4201777, -122.3651924
46.4262449, -122.3616081
46.4369806, -122.3638379
46.448566, -122.3637128
46.4533778, -122.3640844
46.4638573, -122.3639637
46.4743059, -122.3599356
46.4805862, -122.3651965
46.4922806, -122.3652296
46.4987193, -122.3662365
46.5076429, -122.364099
46.53613929999999, -122.3563446
46.5414745, -122.3678793
46.5489572, -122.3611176
46.554694, -122.3659362
46.5631053, -122.361364
46.5797305, -122.3673032
46.5805221, -122.3637782
46.5902452, -122.3627545
46.6009157, -122.3630238
46.6093576, -122.3678047
46.6179974, -122.3648373
46.6212683, -122.3640496
46.6372498, -122.3610924
46.6451125, -122.3646749
46.6465077, -122.363182
46.6642685, -122.3655456
46.6714818, -122.36717
46.6809727, -122.3637738
46.6898614, -122.364476
46.7003575, -122.3680645
46.70709670000001, -122.3663893
46.7129418, -122.367582
46.7263517, -122.3651648
46.7343741, -122.3661555
46.7425692, -122.3653886
46.7540609, -122.3649427
46.7620569, -122.3636599
46.7708048, -122.3663994
46.78206, -122.3633828
46.7887821, -122.3649081
46.7976623, -122.3698737
46.8091218, -122.3651331
46.8156693, -122.3658745
46.8337782, -122.3664614
46.833979, -122.3645371
46.8471234, -122.3699878
46.8523767, -122.3630026
46.861101, -122.3644813
46.8711479, -122.3655301
46.8788178, -122.3645772
46.8891249, -122.3643728
46.8933013, -122.3646214
46.90641979999999, -122.366622
46.914175, -122.3693235
46.9243171, -122.3681025
46.933219, -122.365129
46.9417527, -122.364581
46.9509255, -122.3636045
46.9600351, -122.3681886
46.9690874, -122.3631271
46.9780727, -122.3658133
46.9875496, -122.3645997
46.993509, -122.365205
47.0050351, -122.3646583
47.0140813, -122.3648647
47.0230788, -122.364911
47.0320845, -122.3632758
47.04201459999999, -122.3659105
47.0500853, -122.3638661
47.059059, -122.3641723
47.0675014, -122.3645995
47.0770888, -122.363907
47.0863006, -122.3630437
47.0963703, -122.3645149
47.104449, -122.364569
47.1131542, -122.3644984
47.1222198, -122.364536
47.130465, -122.364479
47.14001349999999, -122.3645746
47.150895, -122.3644879
47.1583145, -122.3645516
47.1670787, -122.3650262
47.1760795, -122.3651059
47.185454, -122.364218
47.1944775, -122.364598
47.2030825, -122.3651579
47.2124947, -122.3638562
47.2203267, -122.3660007
47.2301102, -122.367527
47.2389619, -122.3645732
47.2462795, -122.3646019
47.2586275, -122.3626068
47.2674943, -122.3632944
47.2754741, -122.3644084
47.2840442, -122.3645722
47.2931367, -122.3649593
47.3021914, -122.3645793
47.31107009999999, -122.3645647
47.3199651, -122.3645702
47.3290049, -122.3641288
47.3352082, -122.3624268
47.3365889, -122.359523
47.3869263, -122.3757436
47.3871402, -122.3756913
47.416643, -122.347642
47.42080929999999, -122.3499032
47.4303744, -122.3497464
47.4367808, -122.3528433
47.447336, -122.3633512
47.4550408, -122.3647253
47.4635194, -122.3647963
47.4730417, -122.3644008
47.4822642, -122.3610194
47.4911167, -122.3644614
47.5001131, -122.3645716
47.509092, -122.364336
47.518079, -122.3645639
47.527079, -122.36449
47.53591, -122.3649959
47.54518580000001, -122.3644281
47.55407779999999, -122.364285
47.5630862, -122.3654553
47.5721192, -122.3645651
47.5810792, -122.365782
47.5866754, -122.3554535
47.60219499999999, -122.3645087
47.6042906, -122.3646383
47.6201899, -122.3611735
47.62588359999999, -122.3644473
47.6350787, -122.3643333
47.64407869999999, -122.3647563
47.65280509999999, -122.3653458
47.6621965, -122.3645724
47.6708935, -122.3645727
47.680079, -122.3644824
47.6891031, -122.364572
47.6980778, -122.3646728
47.70706819999999, -122.366105
47.7161031, -122.3645956
47.7250917, -122.3645721
47.734578, -122.3648627
47.7425681, -122.364891
47.7520626, -122.3658394
47.7610169, -122.3645722
47.7705426, -122.3645696
47.7793127, -122.3648045
47.7881219, -122.3640079
47.7970796, -122.3642064
47.8058586, -122.364582
47.8150762, -122.3642113
47.82387989999999, -122.3647838
47.8312429, -122.361466
47.8400555, -122.3516455
47.8587131, -122.3338017
47.8648524, -122.332541
47.88007289999999, -122.3321965
47.9121497, -122.3760813
47.9273918, -122.3761346
47.9334281, -122.3685447
47.9405783, -122.3648977
47.9500951, -122.3646316
47.9585213, -122.3645411
47.9674378, -122.3644945
47.9769657, -122.3625414
47.9863241, -122.3651277
47.9938627, -122.3670771
48.00148069999999, -122.3738969
48.0089893, -122.3737264
48.0202679, -122.373351
48.0294809, -122.375665
48.056534, -122.3650545
48.05724619999999, -122.365061
48.066196, -122.3676469
48.0738296, -122.372508
48.0801944, -122.3767592
48.088077, -122.379918
48.107642, -122.3467584
48.1241145, -122.3627563
48.1297357, -122.362617
48.1386221, -122.3651852
48.15713849999999, -122.3645717
48.1661241, -122.3639662
48.1736684, -122.36352
48.181103, -122.3570529
48.210426, -122.3645716
48.22515809999999, -122.3649878
48.22925170000001, -122.3632103
48.2378174, -122.3659845
48.2468774, -122.3645766
48.2556312, -122.3675174
48.26492409999999, -122.3646123
48.2740155, -122.3642533
48.2848097, -122.3645551
48.2894177, -122.3671121
48.29464249999999, -122.3583171
48.3094352, -122.3491115
48.3277225, -122.3646335
48.3413033, -122.3645644
48.3439769, -122.3679188
48.3558388, -122.3646097
48.3646236, -122.360023
48.3734006, -122.3627133
48.3820185, -122.3633893
48.3951966, -122.366224
48.3991739, -122.3659565
48.4082716, -122.3681366
48.41769040000001, -122.3645659
48.4279575, -122.3645629
48.4337776, -122.365686
48.4460404, -122.3649112
48.4502499, -122.3642609
48.46306209999999, -122.3645594
48.4720238, -122.3645727
48.4809616, -122.3570518
48.4937184, -122.3644291
48.50223810000001, -122.3594005
48.5083296, -122.3645548
48.517098, -122.3621257
48.527318, -122.3633471
48.5358955, -122.36453
48.5446109, -122.3645425
48.55304779999999, -122.3619315
48.5620627, -122.3617654
48.5710853, -122.3617504
48.5808004, -122.3645198
48.58801099999999, -122.3611951
48.5983485, -122.3667189
48.6068449, -122.365784
48.6154675, -122.3671956
48.6254146, -122.364617
48.6338819, -122.3658796
48.6431874, -122.3639779
48.6522411, -122.3642633
48.6614082, -122.3695518
48.6659485, -122.3693336
48.6694386, -122.3758477
48.6995967, -122.356334
48.7009105, -122.3545343
48.71532879999999, -122.3555471
48.723925, -122.364588
48.73731069999999, -122.3615313
48.7389144, -122.3662447
48.7523958, -122.3714199
48.7604473, -122.3637715
48.7713495, -122.3655627
48.7741124, -122.3618412
48.7866213, -122.3710945
48.7997061, -122.3666274
48.805066, -122.3661333
48.8128944, -122.360419
48.8230843, -122.3658336
48.8321191, -122.3657592
48.8437666, -122.3644984
48.8516538, -122.362353
48.856581, -122.3636607
48.8719159, -122.3688462
48.8765564, -122.3645765
48.88470230000001, -122.3646158
48.8911506, -122.3646158
48.904148, -122.363376
48.9111832, -122.3630457
48.9237926, -122.3634526
48.9288378, -122.3635335
48.9418346, -122.3645475
48.9492462, -122.3645719
46.211807, -122.3490012
46.22470149999999, -122.351272
46.233294, -122.3559252
46.2408035, -122.3513183
46.2488413, -122.3504233
46.2590436, -122.3503379
46.2670372, -122.3507778
46.2674554, -122.3503603
46.2932752, -122.347219
46.2946445, -122.3502474
46.30294869999999, -122.3520471
46.3113238, -122.3516252
46.31371799999999, -122.3524592
46.3297648, -122.3503753
46.3448025, -122.3515731
46.3481207, -122.3526743
46.3577353, -122.3510035
46.3667526, -122.351066
46.376901, -122.3531083
46.3843712, -122.3509203
46.3923644, -122.3502682
46.40184199999999, -122.3506166
46.4122563, -122.3508619
46.4197149, -122.3502095
46.4296102, -122.3511838
46.43815679999999, -122.3509032
46.446673, -122.3517117
46.4553442, -122.3495322
46.4635504, -122.3509314
46.4732852, -122.3511689
46.4829005, -122.3486531
46.48798840000001, -122.3615585
46.5040209, -122.359132
46.5049451, -122.3601845
46.53513359999999, -122.345932
46.5373799, -122.350551
46.546885, -122.3507819
46.5562261, -122.3499951
46.5626597, -122.3571409
46.5827018, -122.3545163
46.5834442, -122.3531771
46.593182, -122.349108
46.5975038, -122.3570455
46.61392379999999, -122.3506366
46.6190162, -122.3526599
46.6249486, -122.3497624
46.6368114, -122.3507675
46.6478111, -122.353667
46.6541228, -122.3511779
46.6601523, -122.3504247
46.6737844, -122.3503708
46.677957, -122.345646
46.6956056, -122.3550154
46.69725, -122.3499958
46.7080718, -122.3505759
46.7169973, -122.3491499
46.7242583, -122.3455053
46.7409779, -122.3574537
46.7538922, -122.352366
46.7628482, -122.3490643
46.7732059, -122.3490779
46.77940710000001, -122.3510079
46.789195, -122.3503279
46.7969579, -122.3506478
46.8044249, -122.3523771
46.80998959999999, -122.3617679
46.8345013, -122.3470738
46.8351581, -122.3509698
46.8458542, -122.3540692
46.8494373, -122.349348
46.8610109, -122.3506994
46.8697699, -122.3486142
46.8787148, -122.35087
46.887429, -122.3514247
46.89591859999999, -122.3473581
46.9056949, -122.3508647
46.911683, -122.351249
46.924163, -122.349351
46.9326555, -122.3517557
