47.5287456, -121.709481
47.5359398, -121.7055788
47.5448094, -121.706567
47.55400299999999, -121.7062764
47.5628631, -121.7075713
47.5708825, -121.7078226
47.58113669999999, -121.7064022
47.5889876, -121.7106448
47.5992715, -121.7104286
47.6081768, -121.7086014
47.61726789999999, -121.707984
47.6252579, -121.7045612
47.6347545, -121.7064344
47.6402955, -121.7057472
47.6522039, -121.7067394
47.662079, -121.7083478
47.6677189, -121.7059252
47.6805898, -121.7103675
47.6884918, -121.7051711
47.6978169, -121.7049936
47.70622100000001, -121.7090349
47.7160002, -121.7114185
47.72548459999999, -121.7068447
47.7341472, -121.7064502
47.7420221, -121.7052977
47.75337769999999, -121.7067407
47.7614539, -121.7054955
47.7703023, -121.7049597
47.778679, -121.7055594
47.78439669999999, -121.7133125
47.7978441, -121.7156213
47.799772, -121.7170146
47.8169218, -121.7114529
47.8326773, -121.7064862
47.83388919999999, -121.7096611
47.85649050000001, -121.7006388
47.8597535, -121.7060349
47.8673452, -121.7071448
47.8767655, -121.7079743
47.8872721, -121.7066943
47.89800169999999, -121.7021443
47.9050293, -121.7064739
47.9142305, -121.7054563
47.9230227, -121.7067886
47.92918599999999, -121.7077817
47.9416701, -121.7076507
47.9451179, -121.7029287
47.9654749, -121.7079322
47.96567719999999, -121.7060301
47.97691040000001, -121.7054637
47.9858771, -121.7068059
47.9954468, -121.7059777
48.006291, -121.7136073
48.03574529999999, -121.6940221
48.0374978, -121.6980243
48.0405831, -121.7065633
48.04887280000001, -121.7038093
48.0581682, -121.7066079
48.06698189999999, -121.7065303
48.0750452, -121.7066082
48.091963, -121.707126
48.0942076, -121.7092695
48.1039944, -121.7037196
48.111309, -121.7066095
48.1220586, -121.7037335
48.128975, -121.7073515
48.1364053, -121.7077499
48.1364612, -121.7083103
48.1455776, -121.7255688
48.14739729999999, -121.7281969
48.1479599, -121.7295325
48.19625629999999, -121.7706779
48.261472, -121.706318
48.26508159999999, -121.7064056
48.274081, -121.7065132
48.2837319, -121.7059094
48.2917763, -121.7046064
48.3018993, -121.7071579
48.3039821, -121.7098775
48.3196254, -121.7033117
48.3272247, -121.7076074
48.3384029, -121.7050448
48.3445677, -121.7108133
48.3588809, -121.702157
48.363916, -121.7057897
48.3725873, -121.7057876
48.3844027, -121.7015167
48.3881574, -121.7060376
48.3963534, -121.7315876
48.4285801, -121.6749481
48.42990289999999, -121.6754184
48.4506613, -121.7224473
48.4555891, -121.7127577
48.4574965, -121.7070707
48.45892569999999, -121.7043301
48.4631658, -121.693291
48.4768592, -121.685336
48.5016028, -121.7093271
48.50188, -121.7081503
48.5092657, -121.704225
48.5170733, -121.7063484
48.5221052, -121.7091469
48.5390275, -121.7017749
48.54273509999999, -121.7079494
48.543435, -121.7096321
48.5656106, -121.7141605
48.5711441, -121.7090461
48.57994040000001, -121.7080023
48.588747, -121.7050216
48.5968013, -121.7044845
48.6083187, -121.699843
48.6109514, -121.6989384
48.6226057, -121.6921978
48.6451416, -121.7165374
48.6467717, -121.7122586
48.65256369999999, -121.710332
48.6607101, -121.7070208
48.6726239, -121.7136925
48.6785525, -121.7066417
48.6879911, -121.7062047
48.6979251, -121.7090072
48.7077821, -121.7080713
48.7132982, -121.7023795
48.72792459999999, -121.7045741
48.73381209999999, -121.704515
48.7406622, -121.7088581
48.7534815, -121.6981202
48.759498, -121.7065288
48.7646537, -121.7007537
48.8446011, -121.6871758
48.84685289999999, -121.6925245
48.8479523, -121.6926282
48.85444160000001, -121.6860612
48.8631737, -121.6821232
48.8884367, -121.7163199
48.8903854, -121.7136709
48.891714, -121.7120025
48.900558, -121.7067162
48.9084779, -121.7047422
48.9147228, -121.6969604
48.9147404, -121.6969242
48.93169839999999, -121.6771559
48.9363262, -121.6737066
46.2119631, -121.6919322
46.2230997, -121.6929242
46.2308962, -121.6934134
46.2394154, -121.7012689
46.2403297, -121.7019148
46.2641242, -121.7032655
46.2651996, -121.7025789
46.2731057, -121.7058833
46.2895252, -121.6909203
46.2907115, -121.6889873
46.2998915, -121.694095
46.3125447, -121.6807302
46.32539020000001, -121.6869287
46.3379585, -121.6939372
46.3490696, -121.6920213
46.3614895, -121.6866062
46.3669563, -121.6921337
46.3703466, -121.6964489
46.3798869, -121.7048755
46.38164949999999, -121.7066764
46.3975128, -121.669426
46.4264967, -121.69934
46.4302769, -121.6954367
46.4385167, -121.6925444
46.4485173, -121.6929488
46.4503481, -121.6967425
46.4660968, -121.6927139
46.47139320000001, -121.6952672
46.4820911, -121.6903019
46.4920886, -121.6931544
46.5028, -121.6917742
46.5100613, -121.6929158
46.5149435, -121.6906644
46.5233808, -121.6750781
46.5390953, -121.6731811
46.5492384, -121.6797559
46.5580854, -121.692548
46.55919110000001, -121.6944711
46.5732317, -121.6932967
46.5818569, -121.6879304
46.590266, -121.691574
46.6058663, -121.6902191
46.6093774, -121.6915026
46.6187112, -121.692792
46.6286581, -121.692791
46.6368971, -121.6931069
46.6430872, -121.6864708
46.6552638, -121.6869496
46.6626932, -121.6867466
46.6733954, -121.6879991
46.6814771, -121.6921772
46.6868288, -121.6977503
46.6927984, -121.7053051
46.7036481, -121.7127479
46.7162652, -121.7154401
46.7243295, -121.7173296
46.7635329, -121.6960782
46.7636174, -121.6958575
46.771823, -121.6922158
46.7748214, -121.6977663
46.7758664, -121.7014919
46.7759033, -121.701643
46.7896428, -121.7261012
46.7910529, -121.7280765
46.7911021, -121.7281692
46.9015967, -121.6457485
46.90169040000001, -121.6458338
46.9019109, -121.6458879
46.90192039999999, -121.6458863
46.9145502, -121.6427243
46.91455699999999, -121.6427224
46.9145626, -121.6427195
46.9145671, -121.6427155
46.9980435, -121.7053489
47.0001814, -121.6959651
47.0052731, -121.6952837
47.0144605, -121.6904951
47.0231164, -121.6935063
47.032086, -121.6919821
47.041146, -121.6912377
47.0499929, -121.6924295
47.0604978, -121.6945904
47.0681504, -121.691873
47.0771725, -121.6907566
47.0785699, -121.6913142
47.1004328, -121.70128
47.1071844, -121.6958622
47.1114723, -121.6936988
47.1248776, -121.6917767
47.1310899, -121.6944146
47.1399133, -121.6930312
47.149203, -121.6929273
47.1589759, -121.6929866
47.16718040000001, -121.6928888
47.1759351, -121.6925889
47.1857291, -121.6923755
47.1945597, -121.6940821
47.205991, -121.69812
47.2107093, -121.6949944
47.2214205, -121.6925032
47.23179830000001, -121.6911726
47.2394773, -121.6922016
47.2488369, -121.694365
47.2571228, -121.6929046
47.2677253, -121.6924282
47.2757879, -121.6948429
47.28475299999999, -121.6926418
47.2920538, -121.6936307
47.3041717, -121.6884181
47.3110734, -121.6929641
47.3206189, -121.692598
47.3277999, -121.7006468
47.3398078, -121.6927605
47.3471543, -121.6928556
47.3559518, -121.6953741
47.3654987, -121.6926415
47.3727781, -121.6971564
47.3877807, -121.6884479
47.3914169, -121.694719
47.400183, -121.694127
47.409903, -121.6933063
47.4190733, -121.692837
47.4280862, -121.6932082
47.43181209999999, -121.6941233
47.4455889, -121.6934042
47.4552937, -121.6942263
47.463015, -121.695103
47.474687, -121.6914039
47.4816128, -121.6955089
47.491214, -121.693425
47.495019, -121.6916114
47.5164063, -121.6858082
47.51781889999999, -121.6855626
47.5269056, -121.6940726
47.5364486, -121.6916415
47.5444847, -121.6914957
47.55523300000001, -121.6919144
47.5629143, -121.693183
47.5708865, -121.6931727
47.5818989, -121.6926211
47.589904, -121.6924933
47.6008135, -121.6918188
47.6076998, -121.6934978
47.6145625, -121.6906777
47.6258588, -121.6929692
47.6359202, -121.6944348
47.6437686, -121.6932586
47.6525518, -121.6931649
47.66334, -121.694935
47.6716739, -121.6934922
47.6803336, -121.6930236
47.6898412, -121.6930879
47.6980851, -121.6922773
47.7062932, -121.6925408
47.716088, -121.6930581
47.7246254, -121.6899113
47.73410130000001, -121.6929646
47.7430741, -121.6928905
47.7523141, -121.6935349
47.7598853, -121.6898138
47.7705102, -121.6940803
47.776984, -121.692642
47.7805443, -121.7008595
47.7980651, -121.7155945
47.8198072, -121.6763875
47.8337285, -121.6975587
47.8346987, -121.6945912
47.8424176, -121.6882813
47.8519911, -121.6918968
47.8599943, -121.6922905
47.8676907, -121.696535
47.8780753, -121.692941
47.8870733, -121.6927641
47.89123730000001, -121.6902654
47.9046143, -121.6934732
47.9077644, -121.7002219
47.9246449, -121.6985448
47.9460957, -121.6922485
47.9471785, -121.6926187
47.959975, -121.6930074
47.9688187, -121.6938209
47.9782497, -121.6922877
47.9872259, -121.6905459
47.9939879, -121.6964799
47.9967775, -121.6873612
48.0314781, -121.682682
48.0344044, -121.6907028
48.0402966, -121.6886769
48.04608349999999, -121.6962343
48.0571402, -121.6955836
48.0682985, -121.6932948
48.07794020000001, -121.6923522
48.0790105, -121.6957733
48.0982587, -121.6953719
48.1035382, -121.6928694
48.1135324, -121.7013917
48.1269478, -121.7041449
48.135703, -121.7066547
48.1362235, -121.7072313
48.1458363, -121.7259257
48.2389058, -121.6498498
48.2448334, -121.6556821
48.269179, -121.6929931
48.2731516, -121.6929096
48.2834845, -121.6930736
48.29454339999999, -121.694457
48.2954495, -121.6916885
48.313142, -121.69233
48.3177973, -121.694572
48.3279436, -121.7013207
48.3355809, -121.7019005
48.3503741, -121.6846981
48.3552116, -121.6925682
48.358475, -121.699067
48.3741532, -121.6951434
48.38114119999999, -121.6912778
48.3877794, -121.6919425
48.3935945, -121.6781474
48.3943136, -121.6769866
48.4280031, -121.6744626
48.43035649999999, -121.6754243
48.4540555, -121.6932536
48.4541338, -121.6929762
48.4632405, -121.6931727
48.4756007, -121.6840852
48.4818399, -121.680895
48.50482239999999, -121.6958612
48.5065561, -121.6914807
48.51710050000001, -121.6929348
48.5208868, -121.6895437
48.5371079, -121.6923208
48.5376499, -121.695605
48.5422296, -121.7053097
48.5710701, -121.709091
48.5741723, -121.7080637
48.5787323, -121.7074335
48.5907354, -121.7040481
48.6011852, -121.6983537
48.6045041, -121.6947755
48.6160989, -121.6920552
48.6237466, -121.6910841
48.6328927, -121.6835619
48.6454719, -121.6901497
48.653322, -121.6927183
48.6588451, -121.6944084
48.67052899999999, -121.6908692
48.6778089, -121.6965391
48.693974, -121.6937742
48.6963198, -121.6910085
48.7063406, -121.6972525
48.7146906, -121.6937696
48.7234478, -121.6904859
48.7321093, -121.6912936
48.7427826, -121.6910536
48.7530934, -121.6941852
48.7611423, -121.6968632
48.7642558, -121.6963968
48.7687312, -121.6766903
48.7687684, -121.676583
48.7687931, -121.6764784
48.84459289999999, -121.6871227
48.84520759999999, -121.6886149
48.848212, -121.6922946
48.8544729, -121.6860188
48.86321590000001, -121.6820947
48.8758827, -121.6740122
48.8926804, -121.6782747
48.8989414, -121.6871264
48.9043041, -121.6929181
48.9128438, -121.6932569
48.915853, -121.68946
48.9287854, -121.6788906
48.9346495, -121.6747049
48.9363518, -121.6736779
46.2141036, -121.6792051
46.2228689, -121.679461
46.2324706, -121.6798032
46.23295359999999, -121.6807739
46.2546253, -121.6667108
46.2603316, -121.6738609
46.2652264, -121.6724547
46.2762256, -121.6727605
46.2848626, -121.6795267
46.2950424, -121.6789648
46.3049088, -121.6765071
46.3128508, -121.6793832
46.3208289, -121.6796108
46.3346121, -121.6735958
46.33681079999999, -121.680266
46.3453524, -121.6824409
46.35803670000001, -121.6778361
46.3610076, -121.6822696
46.3790456, -121.6699536
46.37967580000001, -121.6699797
46.3991481, -121.6670365
46.4303039, -121.6677821
46.433504, -121.6780471
46.437396, -121.6796318
46.4510618, -121.6758423
46.4524735, -121.6761665
46.4684367, -121.6887227
46.4689687, -121.6887849
46.4863076, -121.6798236
46.4921786, -121.6808762
46.5026907, -121.6818396
46.5102737, -121.67977
46.5175233, -121.6777139
46.5281161, -121.6735405
46.5377526, -121.6728588
46.547019, -121.6771407
46.55339619999999, -121.6824433
46.5689252, -121.6751152
46.5705264, -121.6806828
46.5783691, -121.6785539
46.5873144, -121.6810509
46.6002974, -121.6780297
46.60832, -121.676722
46.618075, -121.676673
46.6264955, -121.6782855
46.6361719, -121.6783098
46.6461795, -121.6843826
46.652835, -121.6842929
46.6630086, -121.6866013
46.6724709, -121.6869445
46.6783035, -121.6901202
46.681522, -121.692227
46.7018058, -121.7119985
46.7187991, -121.7158904
46.7635567, -121.6655216
46.7636674, -121.6657504
46.76705990000001, -121.6731392
46.7699502, -121.6806157
46.7701418, -121.681267
46.7701516, -121.6813791
46.7748859, -121.6979232
46.77498790000001, -121.6982488
46.9015851, -121.6457311
46.9015901, -121.6457393
46.901665, -121.6458155
46.9145699, -121.6427109
47.0099259, -121.6875658
47.0149514, -121.6772083
47.024092, -121.6800999
47.0306393, -121.6794305
47.0424197, -121.6828364
47.0501095, -121.6795892
47.06083839999999, -121.6803977
47.066117, -121.6784284
47.0767873, -121.6794334
47.083595, -121.679192
47.098975, -121.6774476
47.1007248, -121.6778597
47.1147522, -121.6773035
47.1222792, -121.6788777
47.12875469999999, -121.6822927
47.1394814, -121.6778715
47.1489349, -121.6792014
47.1548867, -121.6764619
47.1667646, -121.6803417
47.175216, -121.67735
47.1852604, -121.6809261
47.1941244, -121.6789891
47.2002432, -121.6786328
47.2144039, -121.676598
47.2210845, -121.679067
47.23168880000001, -121.6789332
47.239816, -121.677697
47.2479297, -121.6792321
47.2573032, -121.6773253
47.2663127, -121.6757136
47.2753234, -121.6789743
47.2864343, -121.6778773
47.292748, -121.679294
47.3033916, -121.6785827
47.3121271, -121.6786748
47.3182358, -121.6802045
47.3290231, -121.6802339
47.3386113, -121.6787273
47.3463315, -121.6808193
47.3596957, -121.6777987
47.3613531, -121.6826897
47.3742348, -121.6791626
47.3863062, -121.6790173
47.39676, -121.6797866
47.4008311, -121.6791909
47.4102866, -121.6781934
47.4188069, -121.6779236
47.42825360000001, -121.6794118
47.43300989999999, -121.6776156
47.4463158, -121.6789922
47.453545, -121.6807142
47.4679067, -121.6775504
47.4762135, -121.6783017
47.48163659999999, -121.6803023
47.49157599999999, -121.6816405
47.4973681, -121.6790326
47.5147795, -121.6752547
47.5179499, -121.6749544
47.5254133, -121.6784129
47.5360788, -121.6792338
47.54466420000001, -121.6780964
47.5548525, -121.6793984
47.5637884, -121.6784836
47.5746149, -121.6820598
47.5813842, -121.6790755
47.5892904, -121.6784168
47.6022155, -121.6870498
47.6092998, -121.6794312
47.6159223, -121.6790211
47.62475509999999, -121.6832618
47.6338455, -121.6763423
47.6424623, -121.6762201
47.6558496, -121.6806719
47.662336, -121.6794255
47.67024079999999, -121.6789592
47.6799904, -121.6791765
47.688949, -121.6800711
47.6960319, -121.682242
47.70416909999999, -121.6784947
47.7152869, -121.6784046
47.7241935, -121.6802284
47.7350114, -121.676828
47.74237919999999, -121.6784754
47.75175480000001, -121.6799312
47.7611301, -121.6796044
47.7678362, -121.6815794
47.7769826, -121.6790338
47.7845489, -121.6644056
47.7900192, -121.6607895
47.817131, -121.673902
47.8172591, -121.674207
47.825567, -121.6744114
47.83603429999999, -121.6799683
47.8423533, -121.6793641
47.8512338, -121.6790391
47.8605337, -121.6792282
47.868596, -121.6808304
47.879196, -121.6819807
47.8887813, -121.6773682
47.8965262, -121.6787579
47.9026817, -121.6792282
47.91273469999999, -121.6735922
47.9129458, -121.6732965
47.9423961, -121.6651666
47.9465926, -121.6740841
47.9491431, -121.6798004
47.9607672, -121.6792783
47.96684339999999, -121.6790921
47.9739728, -121.682795
47.9857649, -121.6815612
47.9939221, -121.6822342
48.0381013, -121.6846475
48.049259, -121.68649
48.0556187, -121.6702256
48.067012, -121.6780587
48.0748481, -121.6796891
48.0775592, -121.6875035
48.09945310000001, -121.6874407
48.1021333, -121.6866327
48.1023769, -121.6870731
48.1158376, -121.7006793
48.1351576, -121.7063978
48.146159, -121.7263708
48.2550776, -121.6628258
48.2633077, -121.6814321
48.2650599, -121.6814659
48.273304, -121.6779348
48.2824363, -121.6787906
48.2929267, -121.6791002
48.2940601, -121.6837611
48.314389, -121.6764617
48.3159524, -121.6824486
48.3283441, -121.6720921
48.3440092, -121.6725464
48.3474719, -121.6783913
48.3509596, -121.6850679
48.3553564, -121.6927296
48.3755174, -121.6924235
48.38546849999999, -121.6845792
48.3912157, -121.6797044
48.3960972, -121.6731422
48.396423, -121.6724185
48.4269105, -121.6721643
48.430729, -121.6749994
48.4546599, -121.6911124
48.4572193, -121.6844376
48.46311499999999, -121.6792298
48.4718884, -121.6796058
48.48098880000001, -121.6793891
48.48291690000001, -121.67768
48.50896609999999, -121.6798964
48.5182019, -121.6804251
48.526366, -121.6783052
48.5387282, -121.6786683
48.5439818, -121.673162
48.5445569, -121.6725171
48.5870848, -121.7051329
48.6029715, -121.6950406
48.6157997, -121.6920398
48.628062, -121.6852678
48.6349993, -121.6827383
48.64390950000001, -121.6793324
48.6541364, -121.6854574
48.6631025, -121.6840779
48.6695639, -121.6792272
48.6756342, -121.685078
48.69465719999999, -121.6927112
48.696391, -121.6909443
48.71651319999999, -121.6842786
48.717329, -121.6816425
48.722257, -121.6755346
48.731454, -121.683977
48.7453693, -121.6851309
48.7520012, -121.6817012
48.7599621, -121.6806901
48.7686499, -121.6767788
48.7688143, -121.6763443
48.8445945, -121.6869942
48.8446004, -121.6869719
48.8446228, -121.68694
48.8532208, -121.6818456
48.85953869999999, -121.6807853
48.8665505, -121.6781803
48.8759261, -121.6739973
48.8889547, -121.6740308
48.8953336, -121.6789725
48.9057378, -121.6775283
48.9168187, -121.6816269
48.9220887, -121.6797321
48.9306806, -121.6778179
48.9401477, -121.6683782
46.2170663, -121.6702201
46.2203666, -121.6644509
46.2269513, -121.6663771
46.254475, -121.6665189
46.2562767, -121.6631024
46.26701130000001, -121.6656513
46.2750586, -121.6716891
46.2873808, -121.6639813
46.2907622, -121.6681616
46.30101579999999, -121.6674331
46.3129339, -121.6737883
46.31918049999999, -121.6784126
46.3322756, -121.6645687
46.3416927, -121.6664097
46.3508581, -121.6633015
46.3520432, -121.6656985
46.36368, -121.65862
46.3790202, -121.6671099
46.3844359, -121.6659089
46.3966722, -121.6650751
46.3992047, -121.6663058
46.4180181, -121.6595953
46.41973549999999, -121.6591886
46.43048839999999, -121.6667921
46.43849609999999, -121.6648966
46.449398, -121.6648005
46.45892569999999, -121.6618127
46.4636469, -121.6640777
46.4864379, -121.6793809
46.496649, -121.6758987
46.5022876, -121.6694202
46.50569549999999, -121.6686332
46.5176981, -121.6690544
46.5276671, -121.6678437
46.5368163, -121.6723605
46.5438633, -121.6740692
46.5639088, -121.663984
46.564302, -121.6649533
46.5738025, -121.6653391
46.5827196, -121.6662853
46.5898014, -121.6650069
46.602947, -121.668832
46.6101051, -121.6655573
46.6180822, -121.6658468
46.6272054, -121.6655314
46.6364022, -121.6651238
46.6386553, -121.6653739
46.6516461, -121.6613332
46.6525259, -121.659713
46.670442, -121.6866418
46.6759713, -121.6886413
46.6806119, -121.691375
46.686786, -121.697712
46.7593444, -121.6485372
46.7596392, -121.6495548
46.7616649, -121.656912
46.7629387, -121.6621408
46.7634536, -121.6650922
46.7663714, -121.6702439
46.7688922, -121.6765942
46.7690693, -121.6770917
46.7700868, -121.6809624
46.7701118, -121.6810689
46.9015779, -121.6457116
46.9015804, -121.6457212
46.9151059, -121.6414426
46.9963063, -121.6417368
46.9964982, -121.6420771
46.997594, -121.6432453
47.0081758, -121.6684788
47.0084556, -121.6638772
47.0142155, -121.666544
47.0239362, -121.6632922
47.0313805, -121.665227
47.0409558, -121.6665151
47.0483583, -121.6658506
47.061051, -121.6684095
47.0683139, -121.6640036
47.079992, -121.6627332
47.0874652, -121.6672804
47.0940655, -121.660222
47.104039, -121.6649011
47.114683, -121.6683739
47.1195543, -121.6646232
47.1305711, -121.6676125
47.1405472, -121.6669982
47.15072, -121.6650959
47.1590084, -121.6668169
47.167407, -121.668004
47.1757827, -121.6661449
47.1851016, -121.6637187
47.1941791, -121.6638038
47.2029575, -121.6645051
47.211245, -121.6653787
47.2218274, -121.6660644
47.2315127, -121.6659974
47.2392554, -121.6652079
47.2489086, -121.6649461
47.2570276, -121.6656976
47.26530349999999, -121.6657605
47.2751313, -121.6657992
47.283077, -121.6652347
47.2926483, -121.6671998
47.3030747, -121.6663695
47.3081069, -121.6677769
47.3213719, -121.66711
47.329096, -121.6657645
47.3384061, -121.6685752
47.34505619999999, -121.6671908
47.35647489999999, -121.6655096
47.3656466, -121.665132
47.3723416, -121.6690599
47.3844871, -121.6654262
47.3933449, -121.66553
47.4010067, -121.6656968
47.40945869999999, -121.6646328
47.4166053, -121.6662966
47.424799, -121.6673108
47.43908829999999, -121.664494
47.4469218, -121.6650482
47.4550989, -121.6662284
47.459378, -121.668076
47.4728278, -121.6651231
47.4828419, -121.6698441
47.4906657, -121.6645205
47.5003493, -121.663255
47.50146489999999, -121.66318
47.5223763, -121.6689159
47.52709429999999, -121.6673495
47.53611679999999, -121.6652919
47.5461813, -121.6665571
47.5541345, -121.6655786
47.562664, -121.6646497
47.5712696, -121.6661819
47.5811518, -121.6657025
47.5897486, -121.6644495
47.6028673, -121.6594891
47.6090751, -121.6661522
47.6171787, -121.6654993
47.62228529999999, -121.6641978
47.6352778, -121.6654621
47.6460237, -121.6664302
47.6537424, -121.6718831
47.66182329999999, -121.6655301
47.6732238, -121.6674736
47.6816612, -121.6655968
47.6888023, -121.6646973
47.6966133, -121.6651692
47.7069603, -121.6652988
47.7163852, -121.6649582
47.7247838, -121.6656082
47.737663, -121.6643105
47.743005, -121.6655182
47.7523573, -121.6639273
47.7613181, -121.6675237
47.7700409, -121.6665014
47.7791054, -121.6658871
47.7872621, -121.6626269
47.7935044, -121.6571039
47.80634879999999, -121.6595956
47.8160665, -121.6646162
47.82373519999999, -121.672074
47.8334244, -121.6651318
47.84193370000001, -121.6646041
47.8516854, -121.6619206
47.8605314, -121.6655272
47.862297, -121.6646724
47.8788496, -121.6700897
47.8837566, -121.6707852
47.8965149, -121.6641
47.9042658, -121.6666827
47.9113873, -121.6691043
47.9128945, -121.6724172
47.9401211, -121.6587119
47.9420949, -121.6645212
47.9455675, -121.6708709
47.9616446, -121.665687
47.9674874, -121.6656308
47.9695592, -121.6704008
47.98573349999999, -121.6815517
47.9932658, -121.6818155
47.99409139999999, -121.68238
48.0234366, -121.6541025
48.0274914, -121.660748
48.0307884, -121.6636815
48.0406229, -121.6634916
48.0490424, -121.6657082
48.0581733, -121.6651854
48.06873239999999, -121.6669976
48.0756124, -121.6631776
48.0757456, -121.6628454
48.10226950000001, -121.6868324
48.125541, -121.7037999
48.1347708, -121.7062723
48.1361186, -121.7071125
48.1576384, -121.608847
48.2346598, -121.6372621
48.2446863, -121.6555392
48.24975, -121.6585517
48.2566642, -121.6642703
48.2650781, -121.6674478
48.27387119999999, -121.6661406
48.2838757, -121.6713172
48.2918452, -121.6655885
48.2919755, -121.6667884
48.3147262, -121.6712537
48.3186524, -121.6639643
48.3270734, -121.6652822
48.3373376, -121.6658217
48.3454353, -121.6667296
48.35272639999999, -121.6597648
48.3605951, -121.6530823
48.3745444, -121.6597291
48.37951229999999, -121.6576519
48.3969588, -121.6659963
48.39726719999999, -121.6640685
48.3973801, -121.6633795
48.4256093, -121.6655293
48.42563870000001, -121.6658385
48.4327352, -121.6659517
48.4621167, -121.6742143
48.4644726, -121.6674274
48.4720953, -121.665348
48.4799124, -121.6724076
48.4925966, -121.6571441
48.4998613, -121.6614257
48.5075989, -121.6667435
48.5129251, -121.6691318
48.53196010000001, -121.6693391
48.5323636, -121.6681758
48.6033964, -121.6948646
48.6147615, -121.6919365
48.6148564, -121.6919466
48.6357508, -121.6822864
48.645702, -121.6644365
48.651938, -121.6646858
48.6580338, -121.6596022
48.6697619, -121.6757911
48.67876159999999, -121.644476
48.7176185, -121.6774913
48.7266775, -121.6705282
48.7323803, -121.6640685
48.7353478, -121.6599186
48.75473059999999, -121.6795834
48.76447710000001, -121.6700109
48.7674963, -121.6699572
48.7675821, -121.6700967
48.7687295, -121.6751802
48.7687436, -121.6752633
48.84460780000001, -121.6869581
48.8588283, -121.6596363
48.8591351, -121.6599353
48.8665808, -121.664054
48.8764708, -121.6682266
48.8881959, -121.6630106
48.8974909, -121.6630793
48.900885, -121.6672727
48.9045525, -121.6749644
48.9221448, -121.6797296
48.9339551, -121.674919
48.9409696, -121.6661168
48.9440621, -121.6611815
46.2099001, -121.6476683
46.2227067, -121.6539241
46.2295362, -121.6483096
46.2366913, -121.6440143
46.25591319999999, -121.6594876
46.2564953, -121.6597314
46.2669827, -121.6518399
46.2813075, -121.6520609
46.2856489, -121.6516891
46.29662039999999, -121.6524837
46.30031779999999, -121.6515147
46.3031637, -121.6581459
46.3314943, -121.6575498
46.332294, -121.65246
46.3401264, -121.6515794
46.3473576, -121.652395
46.3600639, -121.6512154
46.3658475, -121.6516233
46.3802886, -121.6482848
46.382972, -121.651406
46.3892417, -121.6476222
46.4032901, -121.6529006
46.4104277, -121.6486079
46.4203947, -121.651363
46.42906, -121.6507762
46.4369239, -121.6511273
46.4461168, -121.6523389
46.45867870000001, -121.654673
46.4655948, -121.6529795
46.47378399999999, -121.6498723
46.483187, -121.6466542
46.4939773, -121.6447307
46.4958559, -121.6445059
46.5238599, -121.6675821
46.5257838, -121.6673878
46.5363841, -121.6723027
46.5564743, -121.6363592
46.56298899999999, -121.6512523
46.563011, -121.6518976
46.5750819, -121.6561768
46.5789857, -121.6531774
46.589478, -121.64885
46.5993941, -121.6447775
46.60803840000001, -121.6501103
46.6181203, -121.6499607
46.6274007, -121.6522496
46.6382925, -121.6545952
46.6437063, -121.6501087
46.65439869999999, -121.6521865
46.6582414, -121.6459617
46.66677259999999, -121.6388847
46.671257, -121.6301133
46.7199676, -121.6041125
46.7342816, -121.614466
46.734571, -121.614663
46.7438247, -121.6192307
46.75908, -121.6470964
46.7608721, -121.6525671
46.762349, -121.6583041
46.76291, -121.6601
46.7655396, -121.6359415
46.7689227, -121.676665
46.7690466, -121.6770131
46.888399, -121.6109771
46.9015195, -121.6451636
46.9015756, -121.6456976
46.9019631, -121.6458501
46.91457519999999, -121.6426993
46.9151381, -121.6413266
46.99777479999999, -121.6433865
47.00532080000001, -121.6507857
47.0153285, -121.6510904
47.0228037, -121.6531269
47.03253040000001, -121.6524049
47.0406993, -121.6505354
47.0493483, -121.6512847
47.0603743, -121.6519873
47.0674001, -121.6515304
47.0781962, -121.6500982
47.07992540000001, -121.6548667
47.0970827, -121.6532887
47.10504239999999, -121.6509051
47.1084287, -121.6501406
47.1185558, -121.6427434
47.1333895, -121.6578023
47.1419056, -121.6546584
47.1482671, -121.6527407
47.15642039999999, -121.650995
47.167063, -121.6518482
47.17812499999999, -121.6578763
47.1861197, -121.6518705
47.1928084, -121.6523253
47.2028543, -121.6528782
47.21211020000001, -121.6522016
47.2206683, -121.6522745
47.2284456, -121.6525618
47.2401596, -121.6489674
47.2483145, -121.651764
47.2575679, -121.6515839
47.267743, -121.6526105
47.27616279999999, -121.6522358
47.2824592, -121.6527092
47.2927998, -121.6519357
47.30101579999999, -121.6525093
47.3114366, -121.6542299
47.3193513, -121.6513325
47.3287914, -121.6532941
47.3386125, -121.6529592
47.3510626, -121.6487821
47.3572491, -121.651904
47.3653396, -121.651954
47.3772829, -121.6475509
47.38325469999999, -121.6515955
47.3947, -121.650005
47.4012812, -121.6521298
47.4100738, -121.6517042
47.4194675, -121.6504463
47.4261028, -121.6523119
47.4383078, -121.6505475
47.4472873, -121.6508599
47.4524055, -121.6544871
47.4561942, -121.660623
47.4757566, -121.6600223
47.4828816, -121.6524906
47.4902203, -121.6433211
47.5032538, -121.6549781
47.5087413, -121.6509018
47.51686549999999, -121.6455378
47.5309167, -121.6562305
47.5379759, -121.6562111
47.5452603, -121.6517406
47.5534991, -121.6532004
47.5673287, -121.6562542
47.5704281, -121.6527095
47.5812115, -121.6513916
47.587072, -121.6542352
47.5994645, -121.6513135
47.6082601, -121.6515861
47.6179835, -121.6517571
47.6262645, -121.6511144
47.6352292, -121.6516765
47.6448697, -121.650298
47.6534212, -121.6529936
47.6620463, -121.652436
47.6694419, -121.649243
47.6796916, -121.6508423
47.6889759, -121.6527459
47.6987753, -121.6522101
47.7063736, -121.65136
47.71599759999999, -121.6519754
47.7249946, -121.6516167
47.7342012, -121.6532074
47.7421167, -121.6513987
47.7528132, -121.6517479
47.761317, -121.6523017
47.7701535, -121.6553887
47.7793764, -121.6468651
47.7886198, -121.6543297
47.7966906, -121.6544684
47.80571639999999, -121.6504441
47.8112673, -121.6552658
47.8241256, -121.6518354
47.8349897, -121.650323
47.8418186, -121.6521741
47.8491655, -121.6502113
47.8598518, -121.6522938
47.8757458, -121.6454481
47.8793407, -121.6492192
47.8872352, -121.6509236
47.89396, -121.6571491
47.9033222, -121.6649809
47.9400061, -121.658408
47.9543924, -121.6488274
47.95927520000001, -121.6513977
47.9627134, -121.6566747
47.9666053, -121.6627017
47.9930691, -121.6817817
48.0314043, -121.6548819
48.0424259, -121.649391
48.0468185, -121.6489795
48.0574385, -121.6518614
48.066074, -121.6528884
48.0745637, -121.6523849
48.0828967, -121.6412179
48.0836457, -121.6405073
48.0836957, -121.6404039
48.2463455, -121.6562383
48.2525376, -121.6599206
48.2673345, -121.6496187
48.2740759, -121.6507238
48.2811903, -121.6401784
48.2926754, -121.6544713
48.3028118, -121.6453118
48.3105318, -121.6483263
48.31941, -121.650716
48.3259869, -121.6564844
48.3403602, -121.6634963
48.3466861, -121.6601775
48.355581, -121.6526858
48.3628191, -121.6487686
48.37715739999999, -121.6538143
48.3813149, -121.6473233
48.3946857, -121.6501756
48.3991642, -121.6550482
48.3992827, -121.6552102
48.4190255, -121.6445712
48.4269791, -121.6504864
48.4273685, -121.6502016
48.4624663, -121.6345561
48.4703062, -121.6436636
48.47391, -121.6488617
48.4811066, -121.651749
48.4908756, -121.6502461
48.4993621, -121.6491215
48.5063769, -121.6526367
48.5096588, -121.6550729
48.6034643, -121.6948365
48.63017199999999, -121.6845107
48.64571369999999, -121.664184
48.64591619999999, -121.6639711
48.657622, -121.6523437
48.6610197, -121.6506137
48.66666559999999, -121.6459645
48.6779364, -121.6449167
48.6821303, -121.6416208
48.68863839999999, -121.6323978
48.7293339, -121.6582846
48.7351077, -121.6510415
48.73536590000001, -121.6530379
48.75202179999999, -121.6450958
48.7571884, -121.6433481
48.7623477, -121.6413773
48.7675529, -121.6700162
48.7675679, -121.6700511
48.8588064, -121.6587934
48.8613284, -121.6558666
48.8680546, -121.6510615
48.8748775, -121.6533794
48.8852456, -121.6521282
48.8940894, -121.652539
48.8975529, -121.6509605
48.9021147, -121.6391334
48.92216639999999, -121.6797294
48.9414914, -121.6644786
48.94499829999999, -121.6527025
48.94525429999999, -121.6504067
46.2143203, -121.6352948
46.219233, -121.6320667
46.23332680000001, -121.6322557
46.24045419999999, -121.6389435
46.2456545, -121.6322247
46.2583083, -121.6380228
46.2639691, -121.642019
46.2836354, -121.6374941
46.2837094, -121.6383592
46.295156, -121.6367344
46.2985934, -121.6410576
46.3080029, -121.6281903
46.3261815, -121.6322034
46.3297417, -121.6385231
46.3376193, -121.6370475
46.347288, -121.6367029
46.355303, -121.6382019
46.3627099, -121.6382989
46.3760716, -121.6322119
46.3845717, -121.6358647
46.39216829999999, -121.6382542
46.40454, -121.6362723
46.4101428, -121.6443312
46.4196453, -121.6438172
46.4324825, -121.6404745
46.4368692, -121.6379862
46.44858370000001, -121.6399097
46.45042369999999, -121.6386498
46.464672, -121.6451179
46.47579210000001, -121.6288612
46.4854143, -121.6331077
46.4921005, -121.6380602
46.5008981, -121.6377636
46.5074781, -121.6317543
46.5105089, -121.6286143
46.5334839, -121.6169991
46.539752, -121.621976
46.5482394, -121.627804
46.5646642, -121.6370492
46.57662860000001, -121.6365036
46.5808701, -121.6365987
46.5916412, -121.6379519
46.6001279, -121.6374174
46.6062041, -121.6342598
46.6179993, -121.6379904
46.6250536, -121.6350271
46.6362108, -121.638295
46.6450243, -121.6384058
46.6536398, -121.6348829
46.6618759, -121.6368524
46.6701048, -121.6319264
46.6715698, -121.628858
46.7091445, -121.6000798
46.7129607, -121.6011217
46.7316588, -121.6116556
46.7343962, -121.6145643
46.74359880000001, -121.6190685
46.7446908, -121.6194775
46.759062, -121.6417501
46.7621668, -121.6385918
46.7656376, -121.6355822
46.7657777, -121.6347831
46.7657834, -121.6347051
46.8881557, -121.6105052
46.88818819999999, -121.6105945
46.88859009999999, -121.6111894
46.90162470000001, -121.6440236
46.90227530000001, -121.6393333
46.9032604, -121.6375622
46.9145255, -121.6381686
46.9151381, -121.641139
46.9151414, -121.6411744
46.91514350000001, -121.6412235
46.996275, -121.6414236
46.9963029, -121.6412171
46.996962, -121.6401603
47.0052142, -121.6368667
47.0137872, -121.639563
47.02262, -121.6354828
47.0315152, -121.6361293
47.0412396, -121.6325278
47.0508849, -121.6374657
47.0583785, -121.6363459
47.0687362, -121.6384181
47.0766747, -121.6380957
47.0826085, -121.6364348
47.09542159999999, -121.6346332
47.1026693, -121.6380007
47.1125232, -121.6375646
47.1220625, -121.6382993
47.12922589999999, -121.6350724
47.1401866, -121.6379287
47.1490421, -121.6392839
47.15949579999999, -121.6412924
47.16736419999999, -121.6385667
47.1783178, -121.6341455
47.1865861, -121.6387762
47.1955421, -121.6385734
47.2033688, -121.6351776
47.213184, -121.635762
47.2212381, -121.6380189
47.230664, -121.638764
47.2391186, -121.6379382
47.2479345, -121.6393618
47.2591309, -121.639981
47.2672251, -121.6349503
47.27519789999999, -121.6379382
47.2840634, -121.638954
47.2918797, -121.6314966
47.3036257, -121.6418025
47.3109937, -121.6362559
47.3212628, -121.6394878
47.3275526, -121.6442735
47.3408097, -121.6336822
47.34559729999999, -121.6407031
47.3560638, -121.6381226
47.36572289999999, -121.6383941
47.3742584, -121.6379676
47.382071, -121.6382962
47.3930472, -121.6392502
47.3996934, -121.6387361
47.40940500000001, -121.634507
47.4185665, -121.636637
47.429761, -121.6371913
47.4383066, -121.6365033
47.4431933, -121.6441276
47.4572916, -121.626934
47.4660006, -121.628588
47.473937, -121.630677
47.4869916, -121.6439195
47.4923599, -121.6419497
47.4989849, -121.6361203
47.51294, -121.639316
47.5180094, -121.6388616
47.5239693, -121.6364957
47.5400612, -121.6424343
47.5417496, -121.6384132
47.5488691, -121.64841
47.5721558, -121.6321002
47.57337039999999, -121.6368705
47.576325, -121.644835
47.5919586, -121.6366482
47.598156, -121.6383458
47.606576, -121.6442558
47.61627840000001, -121.6386233
47.6257758, -121.644846
47.6364524, -121.641713
47.6440221, -121.6381957
47.6518099, -121.6392838
47.66352550000001, -121.6380745
47.6711619, -121.6381847
47.6801093, -121.6381883
47.689709, -121.634245
47.69895289999999, -121.638226
47.7077917, -121.6381151
47.71518640000001, -121.6372571
47.724942, -121.637356
47.7339012, -121.637128
47.74320549999999, -121.6380567
47.7519027, -121.6379798
47.7608484, -121.6384775
47.766475, -121.63689
47.7809499, -121.642589
47.7880614, -121.6382553
47.7980715, -121.6461212
47.809128, -121.6438723
47.8142988, -121.6384389
47.8256401, -121.6479563
47.8344496, -121.6383673
47.8421022, -121.6381236
47.8518151, -121.6469828
47.8566642, -121.6489905
47.8757385, -121.6448631
47.8848321, -121.6493366
47.8892436, -121.6511012
47.8942555, -121.6574642
47.9392386, -121.6235594
47.9396989, -121.6246525
47.9454736, -121.6339394
47.9512629, -121.6370273
47.9588902, -121.6384818
47.96575199999999, -121.6368938
47.9661112, -121.6354036
47.9661514, -121.6350343
47.9661683, -121.6347905
48.0238852, -121.6437118
48.036109, -121.6379778
48.0389583, -121.6376286
48.0488282, -121.639658
48.059086, -121.6372642
48.0664314, -121.6383857
48.0752428, -121.6427113
48.08414519999999, -121.637613
48.0846612, -121.6355448
48.0846834, -121.6352375
48.1152211, -121.5931964
48.1602128, -121.6043953
48.1609527, -121.602878
48.2380399, -121.6403512
48.2467622, -121.6320655
48.2633242, -121.6345506
48.2650871, -121.6380972
48.2739078, -121.6379025
48.293796, -121.6312923
48.3021769, -121.6355249
48.3100424, -121.6379021
48.318828, -121.6389122
48.3281865, -121.6393305
48.336958, -121.6373887
48.3454022, -121.6352064
48.3573902, -121.635532
48.3640595, -121.6387145
48.3730875, -121.637747
48.3800906, -121.6360735
48.3919109, -121.6388483
48.3963748, -121.6475587
48.41234439999999, -121.6342286
48.4173752, -121.6386191
48.4257133, -121.6387897
48.42697159999999, -121.6411719
48.4373937, -121.6230764
48.4728077, -121.638253
48.4860476, -121.6341719
48.49005289999999, -121.6369005
48.4990088, -121.642118
48.5043531, -121.6502165
48.5200274, -121.6204377
48.5215211, -121.6184052
48.6457484, -121.6641165
48.64574880000001, -121.6641158
48.6576964, -121.6521023
48.6583927, -121.6509919
48.6673141, -121.6439304
48.6713052, -121.6408928
48.6803582, -121.6363376
48.68601990000001, -121.63532
48.6887767, -121.6321443
48.68879459999999, -121.6320328
48.7335824, -121.6408272
48.73362789999999, -121.6402281
48.7338975, -121.6385316
48.7463583, -121.6331852
48.749985, -121.6400063
48.7601288, -121.6404033
48.7664214, -121.6203334
48.7672447, -121.6180803
48.858894, -121.6585672
48.85928579999999, -121.6578622
48.8621002, -121.6548752
48.8693417, -121.6501191
48.88414270000001, -121.6333204
48.8857435, -121.638558
48.8984493, -121.643062
48.90278199999999, -121.6366411
48.9054417, -121.6317488
48.9068274, -121.6272746
48.9443057, -121.6394651
48.9495499, -121.6385511
46.21188189999999, -121.6309694
46.22366479999999, -121.626384
46.2307229, -121.6253003
46.2408337, -121.6252241
46.245466, -121.628933
46.2568766, -121.6228532
46.2662909, -121.6188425
46.2816726, -121.6249289
46.28226350000001, -121.6239624
46.2949553, -121.6252124
46.3028, -121.6258299
46.31210859999999, -121.6232121
46.3224525, -121.6231066
46.3296627, -121.619687
46.34070790000001, -121.6256275
46.3482277, -121.6252457
46.3572204, -121.624167
46.3660462, -121.6245657
46.3719206, -121.6297727
46.3867883, -121.6277735
46.3956747, -121.6225345
46.39978869999999, -121.6236307
46.4038417, -121.6347542
46.4288415, -121.6170986
46.431013, -121.621207
46.4370284, -121.6245373
46.4503575, -121.6243722
46.45100970000001, -121.6266234
46.474301, -121.628461
46.4824517, -121.631268
46.4888932, -121.6354056
46.5046075, -121.6337098
46.5108712, -121.625315
46.5148653, -121.6192269
46.5311866, -121.6152503
46.5388524, -121.6212818
46.54606150000001, -121.6238959
46.555831, -121.6226356
46.566948, -121.6250681
46.57379419999999, -121.6245652
46.5819057, -121.6248119
46.5893058, -121.6225204
46.5987362, -121.6213334
46.60889539999999, -121.6272912
46.6210715, -121.6341618
46.6316725, -121.6220434
46.6360255, -121.6254017
46.6442831, -121.6235799
46.65324, -121.6256947
46.6639717, -121.6258089
46.672113, -121.6209612
46.6728201, -121.6205167
46.708908, -121.5999189
46.7111188, -121.600634
46.7202237, -121.6042277
46.7323117, -121.6124057
46.7349606, -121.6147456
46.7445539, -121.619468
46.7539761, -121.6230832
46.7602431, -121.6274717
46.7652441, -121.6327852
46.7656602, -121.6336428
46.7657397, -121.6339456
46.76575039999999, -121.6340077
46.7657619, -121.6340937
46.8880463, -121.6100962
46.888094, -121.6103048
46.8888938, -121.6113212
46.8975572, -121.6192225
46.91427470000001, -121.6269858
46.9150595, -121.624388
46.9156376, -121.6225268
46.916297, -121.6177431
46.916349, -121.6174025
46.9163721, -121.6171849
46.99771399999999, -121.633089
46.9987214, -121.6322675
47.0067888, -121.6211072
47.0146187, -121.6204661
47.0235441, -121.6230529
47.0320494, -121.6240653
47.0411042, -121.6247007
47.0502793, -121.6254743
47.0593182, -121.6247981
47.0686697, -121.6240786
47.07621899999999, -121.6224848
47.0854047, -121.6246148
47.0930555, -121.622046
47.1048289, -121.6246381
47.1135974, -121.6255747
47.1222469, -121.6251534
47.1301634, -121.6277231
47.1391838, -121.6235686
47.15053899999999, -121.627982
47.152851, -121.6296481
47.17015929999999, -121.6295366
47.1740877, -121.6213743
47.1825274, -121.6246825
47.1993877, -121.6230315
47.2038133, -121.6262234
47.2119903, -121.6242756
47.2215173, -121.6244219
47.231834, -121.6237063
47.2392648, -121.6252817
47.2481662, -121.6243377
47.2571153, -121.6234325
47.2662761, -121.6304894
47.27464670000001, -121.623933
47.28455109999999, -121.6222412
47.2907549, -121.6219054
47.3082493, -121.622094
47.3106886, -121.6254701
47.3196139, -121.6236731
47.32972609999999, -121.6214602
47.3361863, -121.6274795
47.34944640000001, -121.6232588
47.3573364, -121.6229805
47.3649564, -121.6251747
47.37641139999999, -121.6226855
47.3829164, -121.6248726
47.3930347, -121.628753
47.3980601, -121.6279173
47.409808, -121.6328521
47.41743959999999, -121.6246971
47.4286097, -121.6242833
47.4344664, -121.6328068
47.455588, -121.62608
47.4639515, -121.625448
47.4710525, -121.6255409
47.48150829999999, -121.6205423
47.4846002, -121.6186304
47.50267299999999, -121.6317451
47.5095024, -121.6248602
47.5214145, -121.6209637
47.52740379999999, -121.6248524
47.53579939999999, -121.6235667
47.5439738, -121.6234861
47.5459168, -121.6181301
47.564509, -121.614385
47.57029929999999, -121.623917
47.5895093, -121.6265352
47.5907148, -121.6245176
47.5992717, -121.6243026
47.6136341, -121.6335392
47.6153617, -121.6343757
47.6306279, -121.629651
47.635402, -121.621765
47.6443579, -121.622999
47.6534357, -121.6214811
47.6599592, -121.6242137
47.671482, -121.626074
47.680528, -121.6250427
47.6902058, -121.6254702
47.6970637, -121.6252337
47.7083299, -121.6245435
47.7172276, -121.6236944
47.7234834, -121.6254537
47.7351609, -121.6239144
47.7414559, -121.6242593
47.7541982, -121.6231728
47.7613674, -121.6248641
47.7638849, -121.625047
47.782069, -121.625216
47.7836366, -121.6210395
47.79007430000001, -121.6392748
47.8147113, -121.6307976
47.8165936, -121.6261594
47.8259408, -121.6191434
47.8355748, -121.6248686
47.84453250000001, -121.6246995
47.8449119, -121.6264726
47.888754, -121.6507863
47.93904329999999, -121.6223933
47.9390449, -121.6224215
47.9390712, -121.622893
47.9405059, -121.6254767
47.9495395, -121.626092
47.9663966, -121.6262341
47.96711800000001, -121.6240043
47.9690691, -121.6174811
47.9692373, -121.6169106
47.9694511, -121.6157312
48.0398355, -121.6332672
48.0477556, -121.62623
48.0583252, -121.6254672
48.067484, -121.6245534
48.0820385, -121.6215211
48.0839471, -121.6254769
48.0843386, -121.6269839
48.1151035, -121.5932159
48.1153134, -121.5931079
48.1616206, -121.6014503
48.18524, -121.5792689
48.2035637, -121.5780525
48.2385771, -121.6210164
48.2392141, -121.6227804
48.246515, -121.6240713
48.2549445, -121.6216606
48.2620525, -121.6258452
48.27379819999999, -121.6244026
48.2837869, -121.6227888
48.2922514, -121.6276222
48.2995013, -121.6286097
48.3105658, -121.6172703
48.3220018, -121.6239764
48.3277768, -121.6230698
48.3361899, -121.6227291
48.3465263, -121.6266305
48.3519531, -121.6235677
48.3633104, -121.6242791
48.377331, -121.6352769
48.3799089, -121.635596
48.3983518, -121.617328
48.4025836, -121.6217111
48.4077685, -121.6250026
48.4131272, -121.6287701
48.4252023, -121.6377857
48.4574621, -121.612569
48.46527469999999, -121.6323046
48.4720789, -121.6243812
48.4831813, -121.6292511
48.49014709999999, -121.6259616
48.4989009, -121.6246676
48.5093533, -121.6210997
48.5198654, -121.6202654
48.5241062, -121.6070426
48.6688594, -121.6162936
48.6750658, -121.6218174
48.6781921, -121.6248943
48.6864253, -121.6300424
48.68866070000001, -121.6315023
48.6887901, -121.6319382
48.7327114, -121.6193688
48.7331326, -121.6237996
48.7331703, -121.6243939
48.7451423, -121.6284876
48.7511523, -121.6235795
48.7597308, -121.6223726
48.7663719, -121.6204497
48.8779689, -121.6193478
48.8803081, -121.6230362
48.8824885, -121.6283999
48.9036403, -121.6350076
48.90680039999999, -121.6254025
48.90869559999999, -121.6215919
48.9087088, -121.6215341
48.9443103, -121.6394475
48.94545369999999, -121.6383196
48.9501017, -121.6364567
46.2117829, -121.6309562
46.2276404, -121.6213619
46.2279276, -121.6213726
46.2436593, -121.6187379
46.2493304, -121.6135342
46.2583565, -121.610769
46.2683685, -121.6121898
46.2761664, -121.609903
46.284251, -121.6095512
46.2895288, -121.605415
46.3008469, -121.624977
46.3151256, -121.6176477
46.3193363, -121.6158509
46.3285451, -121.6125265
46.339352, -121.609626
46.347362, -121.6101571
46.3585856, -121.611955
46.3604343, -121.6069455
46.36955950000001, -121.6269452
46.3894365, -121.6105617
46.394768, -121.611331
46.39780630000001, -121.6069819
46.4068654, -121.5975434
46.4288388, -121.616918
46.4296987, -121.6162609
46.4387944, -121.610896
46.444667, -121.6103585
46.4566763, -121.6091488
46.4595029, -121.6101236
46.4802814, -121.6307173
46.4926238, -121.5901012
46.5115791, -121.6230704
46.5158466, -121.6172755
46.5199986, -121.6101671
46.5279517, -121.6132264
46.53599029999999, -121.6176465
46.5517314, -121.6161048
46.5541551, -121.6150104
46.5637549, -121.6073609
46.5714941, -121.6104203
46.5830118, -121.6106038
46.592344, -121.607284
46.6022826, -121.6113228
46.6075557, -121.610989
46.618705, -121.6021857
46.6278481, -121.6088332
46.6342986, -121.6135058
46.6450164, -121.6140319
46.6512481, -121.6139498
46.6632694, -121.6151912
46.6699108, -121.6172694
46.6727315, -121.620182
46.6728235, -121.620355
46.7086246, -121.5995493
46.7096004, -121.6002456
46.7190285, -121.6035666
46.7276354, -121.607408
46.7366975, -121.6130081
46.7416067, -121.6148237
46.7509158, -121.6205533
46.7584212, -121.6263964
46.7603016, -121.6275482
46.7655143, -121.6332503
46.7656073, -121.6334786
46.81196780000001, -121.5564807
46.8127055, -121.5565032
46.8134252, -121.5562888
46.8146576, -121.5555002
46.8879904, -121.6093552
46.88799780000001, -121.6095125
46.897915, -121.6111143
46.9113578, -121.6095764
46.9151001, -121.6106933
46.9161955, -121.6145341
46.916336, -121.6153033
46.9163704, -121.6156344
46.9163948, -121.6159407
47.0005317, -121.6037404
47.00059840000001, -121.604036
47.0006952, -121.6042422
47.0047585, -121.6108008
47.0136025, -121.6173639
47.0232316, -121.6107895
47.0328336, -121.6120034
47.0411824, -121.6106611
47.04760719999999, -121.608662
47.0589251, -121.6105367
47.0667474, -121.6103467
47.0740097, -121.6092944
47.0853934, -121.6179481
47.0964225, -121.6115645
47.1016852, -121.6131969
47.1121175, -121.6111238
47.1213682, -121.6126341
47.1339383, -121.6073199
47.1402623, -121.6075337
47.1462613, -121.6071475
47.1577734, -121.6106376
47.1669767, -121.6106028
47.1719449, -121.6159319
47.1853645, -121.6124036
47.19371959999999, -121.6102165
47.19956330000001, -121.6119684
47.2108658, -121.6083145
47.2214274, -121.6099312
47.229788, -121.6106162
47.23844769999999, -121.6104224
47.2480314, -121.6109525
47.2559143, -121.6110489
47.2675801, -121.6069066
47.2742876, -121.6079313
47.2891565, -121.6114876
47.2925072, -121.6100285
47.2997164, -121.6091134
47.31116830000001, -121.6117222
47.3156838, -121.6167544
47.3327914, -121.6088218
47.3359227, -121.6151867
47.346463, -121.6114807
47.3523971, -121.6145714
47.3639401, -121.6113942
47.3751014, -121.6077268
47.37830899999999, -121.6117496
47.39881150000001, -121.6035527
47.3990187, -121.6036178
47.41059389999999, -121.605869
47.4195479, -121.6105717
47.4280979, -121.6106869
47.4290633, -121.6139368
47.4529861, -121.60938
47.4545865, -121.6117731
47.4634276, -121.6117375
47.4730146, -121.6095181
47.4807242, -121.6129339
47.4857889, -121.615999
47.5058274, -121.6276031
47.51361379999999, -121.6165371
47.51753679999999, -121.6100793
47.5280979, -121.619009
47.5394016, -121.6120849
47.5425766, -121.6139643
47.5458668, -121.6176651
47.56468040000001, -121.6137973
47.569964, -121.6149768
47.58963809999999, -121.6187555
47.5934169, -121.6149178
47.5968781, -121.6181459
47.5986449, -121.6209258
47.635677, -121.614422
47.63595369999999, -121.6142728
47.6447218, -121.6107328
47.6535737, -121.6067601
47.6612505, -121.6114272
47.668982, -121.6116535
47.679154, -121.611501
47.6880057, -121.6109677
47.69852969999999, -121.6107175
47.70543379999999, -121.6110421
47.7164046, -121.6109597
47.7251066, -121.6105567
47.7340977, -121.6104563
47.74377, -121.6094574
47.7521284, -121.6107097
47.7607346, -121.6104643
47.7643859, -121.615157
47.7841318, -121.6195925
47.8134655, -121.6107301
47.8150967, -121.6105318
47.8236773, -121.6111384
47.8318337, -121.608402
47.8411604, -121.6113727
47.8433739, -121.6186291
47.8446371, -121.6218556
47.8886147, -121.6507102
47.93912, -121.6194261
47.9474382, -121.623813
47.9692259, -121.6092254
47.96937320000001, -121.6104269
47.9697504, -121.6135853
47.9726995, -121.5941125
48.0472875, -121.6259211
48.05387450000001, -121.6156526
48.0541706, -121.6150109
48.0697239, -121.6116201
48.0721055, -121.6062296
48.08296840000001, -121.6226723
48.1071367, -121.5895944
48.1150637, -121.5932007
48.1153609, -121.5930248
48.1602525, -121.604314
48.1617988, -121.6010583
48.18054739999999, -121.5813175
48.2116121, -121.5780902
48.23538, -121.602707
48.2370682, -121.6105678
48.2370718, -121.6107458
48.24694940000001, -121.6091779
48.2560512, -121.6106578
48.2664055, -121.6074837
48.2738696, -121.6107014
48.2832488, -121.6106279
48.284142, -121.6139407
48.3087558, -121.6111337
48.3100117, -121.610263
48.3204242, -121.6146224
48.3282138, -121.6134864
48.3343954, -121.6117859
48.34663860000001, -121.6128125
48.3565688, -121.6131032
48.36316919999999, -121.6083367
48.3647169, -121.6043467
48.3851713, -121.605976
48.3910828, -121.6102351
48.3977244, -121.6145537
48.4074943, -121.6245198
48.42879079999999, -121.6033595
48.4295712, -121.6050912
48.4363788, -121.6096136
48.4477823, -121.6048279
48.4546038, -121.6098813
48.46396679999999, -121.6139621
48.4683106, -121.6179301
48.4871694, -121.6105379
48.4886545, -121.6136661
48.502421, -121.6121449
48.5081821, -121.6161155
48.5171562, -121.6103458
48.52404929999999, -121.6071499
48.6688682, -121.6161646
48.6689641, -121.6147661
48.6689817, -121.6145093
48.6699742, -121.61354
48.6742257, -121.6164865
48.686287, -121.6299849
48.688605, -121.631411
48.7326838, -121.6182714
48.7334322, -121.6150857
48.7343621, -121.6125755
48.7417735, -121.6085691
48.7524312, -121.6109799
48.7590715, -121.6122039
48.8792619, -121.6201944
48.9088051, -121.6180585
48.9096974, -121.6130049
48.9104091, -121.6101158
48.9105084, -121.6088601
48.9105188, -121.6086813
48.9464644, -121.637631
46.2275171, -121.6214963
46.2276597, -121.6213409
46.2490744, -121.6136833
46.2550689, -121.6086307
46.2577011, -121.606908
46.2713197, -121.6012075
46.2764956, -121.5990695
46.2839896, -121.6014224
46.2935309, -121.5956204
46.293934, -121.5947156
46.3283978, -121.6012328
46.3305333, -121.5999736
46.3429491, -121.6003753
46.3473273, -121.5963634
46.3557008, -121.5959022
46.3645629, -121.5968125
46.3695303, -121.5882099
46.3988756, -121.6023602
46.40275459999999, -121.599987
46.411198, -121.5953914
46.4141662, -121.5929269
46.4395158, -121.6031474
46.4397312, -121.6027553
46.4471771, -121.5986069
46.4578512, -121.5989357
46.46141979999999, -121.5963196
46.5032959, -121.5911371
46.510855, -121.5956077
46.51900149999999, -121.5970874
46.524155, -121.602338
46.5587862, -121.5949566
46.5588798, -121.5954414
46.5629545, -121.5993323
46.5734162, -121.5977217
46.5833377, -121.5950239
46.5886667, -121.6036652
46.6040064, -121.5998839
46.6048818, -121.6002816
46.6167983, -121.5973776
46.6262626, -121.5990513
46.637119, -121.5952672
46.644861, -121.5964515
46.6542505, -121.5971521
46.6633605, -121.5974226
46.6711328, -121.5925774
46.6742989, -121.5893722
46.6889308, -121.5804584
46.7083182, -121.5981588
46.7084641, -121.5971478
46.7164897, -121.5929892
46.7250627, -121.6050581
46.7293906, -121.6091586
46.7393903, -121.6123038
46.7494978, -121.6200888
46.75259339999999, -121.6215503
46.7600707, -121.6273046
46.7650655, -121.6325753
46.78939440000001, -121.5550077
46.7991669, -121.5556867
46.8117098, -121.5564259
46.8129273, -121.556467
46.81364, -121.5561803
46.815158, -121.5550586
46.81995870000001, -121.5509971
46.88800759999999, -121.6090942
46.8880343, -121.608956
46.888102, -121.6086895
46.8898207, -121.6008844
46.8904173, -121.5980896
46.9008634, -121.5967139
46.9036984, -121.5926122
46.9154614, -121.5969939
46.9163083, -121.5928465
46.9176449, -121.5881541
46.9176645, -121.5880532
47.0014822, -121.6046764
47.0197016, -121.6018966
47.0225351, -121.6000964
47.0334975, -121.6000471
47.0410803, -121.597005
47.0514356, -121.5963201
47.0603373, -121.596138
47.0683495, -121.5996416
47.0742833, -121.5965201
47.0870411, -121.5911175
47.0955211, -121.5920516
47.1043148, -121.5959794
47.1113815, -121.5966992
47.1222942, -121.5951962
47.1322914, -121.5976237
47.1408221, -121.6010874
47.1485303, -121.5965485
47.15826939999999, -121.5959984
