47.9723993, -120.2134008
47.9912199, -120.1902985
47.9967779, -120.1951134
48.0037888, -120.1970688
48.0130979, -120.1988177
48.0216747, -120.1979484
48.0334259, -120.2010338
48.0400556, -120.2000773
48.0495036, -120.2026068
48.05517469999999, -120.1970006
48.07648289999999, -120.196575
48.0770899, -120.1991302
48.0784155, -120.2043034
48.0854672, -120.2177287
48.1153663, -120.2044746
48.11577579999999, -120.2032649
48.1194646, -120.1966586
48.1236263, -120.1906667
48.1450679, -120.199053
48.1465055, -120.1978111
48.1530996, -120.1934091
48.1761843, -120.187526
48.1780023, -120.1855536
48.20155, -120.2051761
48.2036559, -120.2009808
48.2107937, -120.2008794
48.2130008, -120.2047352
48.2372391, -120.1916702
48.2396433, -120.1939435
48.2466106, -120.1949159
48.2571257, -120.1971197
48.2621076, -120.2015017
48.274045, -120.2087853
48.2831892, -120.2102863
48.2979672, -120.2079344
48.298952, -120.206461
48.3405332, -120.2232865
48.3456702, -120.2171832
48.3529223, -120.2056206
48.3564685, -120.2040169
48.36495379999999, -120.2013514
48.3737804, -120.2004335
48.3805077, -120.1941173
48.3950707, -120.186756
48.39899570000001, -120.1890875
48.4098276, -120.197821
48.4142863, -120.2057185
48.4321099, -120.1984896
48.4333621, -120.2017436
48.4446694, -120.1996011
48.4542799, -120.1989286
48.4621925, -120.1980885
48.471431, -120.1972904
48.4800535, -120.199724
48.4922488, -120.1977712
48.50027069999999, -120.1944027
48.5093706, -120.1930732
48.51706979999999, -120.1992045
48.52675970000001, -120.2008358
48.53508679999999, -120.1995667
48.544776, -120.1997626
48.5545796, -120.1955412
48.561647, -120.1995263
48.5716478, -120.2034426
48.5778895, -120.1994327
48.5868019, -120.1955204
48.5980764, -120.1989353
48.6070374, -120.1988145
48.6165751, -120.1979672
48.6254974, -120.1978125
48.6332554, -120.2003693
48.64407689999999, -120.2064851
48.647212, -120.2061036
48.6697128, -120.1877951
48.6728416, -120.1941145
48.6786689, -120.1996439
48.6866243, -120.2012066
48.69158640000001, -120.2022479
48.705555, -120.1727365
48.7154646, -120.2346282
48.7159948, -120.2351693
48.7311455, -120.2469545
48.7350197, -120.2490905
48.7817138, -120.1604035
48.7824912, -120.1613021
48.7826567, -120.1613843
48.7830102, -120.1614099
46.2138593, -120.1886789
46.2219137, -120.1845476
46.2344193, -120.1857994
46.2379581, -120.1864449
46.2490758, -120.1891539
46.2591656, -120.1852115
46.2670484, -120.1893663
46.2732156, -120.1898265
46.28157030000001, -120.1813954
46.293914, -120.1854271
46.3025848, -120.1889378
46.3102193, -120.1851649
46.3211167, -120.1851999
46.3335137, -120.1821187
46.3394792, -120.1864562
46.3480821, -120.1850396
46.35706200000001, -120.1883111
46.3680489, -120.1852789
46.3753034, -120.1852074
46.3840994, -120.1832937
46.3930895, -120.1887255
46.404124, -120.1852125
46.4113951, -120.1853754
46.4201022, -120.1854945
46.4293809, -120.1854857
46.4332662, -120.1849814
46.451914, -120.187207
46.4541177, -120.1826167
46.4570771, -120.1754848
46.47828, -120.1859731
46.4812237, -120.1891926
46.4922822, -120.1769164
46.5027093, -120.1881713
46.5100847, -120.1856328
46.516648, -120.1851698
46.52934010000001, -120.1792901
46.5302571, -120.179464
46.5339818, -120.1722148
46.5586998, -120.1998086
46.5677624, -120.192939
46.5735153, -120.1901783
46.5788014, -120.1870257
46.5920883, -120.1852507
46.60545159999999, -120.1828976
46.60587229999999, -120.1857995
46.61949850000001, -120.1843741
46.6274925, -120.1844986
46.6354933, -120.1851993
46.6450483, -120.1922841
46.6503636, -120.1852333
46.662302, -120.1854028
46.6788754, -120.1849566
46.6792075, -120.1863147
46.68827520000001, -120.1871451
46.6905637, -120.1917017
46.7111732, -120.1998501
46.7201648, -120.1852068
46.7215162, -120.1862625
46.745584, -120.158482
46.7588044, -120.1601456
46.7719897, -120.1789343
46.7772197, -120.1806225
46.7847935, -120.1737955
46.803535, -120.1939254
46.8079784, -120.1845112
46.81608079999999, -120.1876109
46.8223206, -120.1868581
46.8223314, -120.1870077
46.8538421, -120.1718353
46.8597038, -120.1820211
46.8607275, -120.1857249
46.8750548, -120.1921684
46.8801344, -120.1867719
46.88449749999999, -120.1798684
46.8950904, -120.18487
46.8974819, -120.1917796
46.9267094, -120.1988074
46.9274303, -120.1980535
46.9379633, -120.1876706
46.9434101, -120.1844917
46.9532538, -120.1851793
46.9611407, -120.18543
46.9668724, -120.1858629
46.9819955, -120.1815151
46.9964631, -120.1837832
47.0037371, -120.1890501
47.0165807, -120.1795641
47.0234288, -120.1846898
47.0324691, -120.1853046
47.04248519999999, -120.1862025
47.0502163, -120.187034
47.0640234, -120.1848863
47.0642755, -120.1870908
47.0744443, -120.1841308
47.080597, -120.18412
47.11739860000001, -120.183282
47.1174899, -120.1838833
47.11865700000001, -120.1886417
47.1412306, -120.1861851
47.141264, -120.1859016
47.1417547, -120.1836471
47.1544224, -120.2054205
47.17175109999999, -120.2039209
47.18450499999999, -120.1861032
47.1845226, -120.186126
47.1902008, -120.1895204
47.1994137, -120.1849407
47.2166112, -120.1851416
47.2166149, -120.1853838
47.2275065, -120.1858954
47.2423841, -120.1887477
47.249286, -120.1856805
47.2599624, -120.1892889
47.2648236, -120.1835954
47.2730943, -120.1836374
47.2894104, -120.1855349
47.2933282, -120.1870006
47.3025484, -120.1731293
47.316489, -120.1799165
47.3201056, -120.1851224
47.3317572, -120.1845814
47.3423174, -120.1902811
47.3490626, -120.1862102
47.356088, -120.184135
47.3650716, -120.1865191
47.3754795, -120.1850299
47.384189, -120.1865163
47.39142589999999, -120.1836971
47.3986829, -120.1851815
47.410048, -120.1862314
47.4182728, -120.1877598
47.4243513, -120.1831747
47.4245935, -120.1821996
47.4491313, -120.1757498
47.45506719999999, -120.1757602
47.4635325, -120.1852045
47.4756846, -120.1841184
47.4779851, -120.1852155
47.4924516, -120.1851894
47.5007872, -120.190544
47.5068109, -120.1851491
47.5212306, -120.1850952
47.5293915, -120.1907642
47.530492, -120.190551
47.5450703, -120.1970197
47.5541226, -120.1916705
47.5630734, -120.1862688
47.5720773, -120.1864884
47.5759347, -120.1869961
47.58958089999999, -120.1844773
47.5970109, -120.175879
47.6081242, -120.1851977
47.6176185, -120.1861009
47.6264463, -120.1895603
47.6318374, -120.1851672
47.6337451, -120.1780796
47.6561747, -120.204096
47.659794, -120.2034712
47.6762431, -120.1944796
47.683071, -120.1929376
47.6913944, -120.1913344
47.6965149, -120.1910078
47.7066957, -120.1875209
47.7182745, -120.184851
47.7266815, -120.1857709
47.73402129999999, -120.1790655
47.7450151, -120.1884959
47.752405, -120.1858176
47.7637941, -120.1868357
47.7701143, -120.1857055
47.779038, -120.1837288
47.78867049999999, -120.1842322
47.7951505, -120.1827075
47.8026474, -120.1983226
47.8150647, -120.1727723
47.8208975, -120.1728435
47.8444898, -120.1881284
47.8445361, -120.1879785
47.8478989, -120.183561
47.860508, -120.1879635
47.86875130000001, -120.1852649
47.8744092, -120.1965781
47.89112069999999, -120.1807247
47.89403160000001, -120.1851734
47.90514410000001, -120.1850656
47.91387160000001, -120.1857336
47.9232901, -120.1859054
47.93151229999999, -120.1879394
47.9406849, -120.1825905
47.9509721, -120.1832747
47.95907829999999, -120.1844486
47.9595612, -120.1847074
47.9791632, -120.1722172
47.9906707, -120.1842911
47.99417039999999, -120.1910585
48.007144, -120.1947326
48.0094128, -120.1946805
48.0235785, -120.1925814
48.0237662, -120.1927218
48.03942500000001, -120.1942699
48.0497014, -120.185184
48.060158, -120.1857582
48.072356, -120.1855536
48.0757758, -120.185805
48.0779319, -120.1876992
48.1172768, -120.1870088
48.12035359999999, -120.1839914
48.1246295, -120.1829858
48.14074050000001, -120.1802574
48.1484591, -120.1850942
48.1529923, -120.1898415
48.1764914, -120.1869117
48.1819593, -120.1793094
48.2008179, -120.1774922
48.2036502, -120.1835649
48.20501180000001, -120.1877002
48.21175969999999, -120.2017526
48.2504763, -120.1924108
48.2554028, -120.1846764
48.2656364, -120.1841521
48.2733929, -120.1877851
48.2828175, -120.1848856
48.287396, -120.177128
48.3196528, -120.1634211
48.32176820000001, -120.1648938
48.3237868, -120.1655216
48.3460657, -120.164966
48.3487409, -120.166335
48.3609517, -120.1776795
48.3668139, -120.1834732
48.373335, -120.1860786
48.3828569, -120.1784869
48.39108960000001, -120.1847735
48.3989386, -120.1878449
48.4065586, -120.1920552
48.4096025, -120.1974679
48.4320079, -120.179876
48.4359821, -120.1851629
48.4457053, -120.1854252
48.4547581, -120.1858085
48.4631073, -120.1843469
48.4713447, -120.1853668
48.482054, -120.1862738
48.4902921, -120.1849946
48.4990828, -120.1854854
48.5074001, -120.1877629
48.51686100000001, -120.1817746
48.52842820000001, -120.1848264
48.5341333, -120.1888181
48.5432722, -120.1821385
48.5532379, -120.1865826
48.5636271, -120.1837611
48.5705215, -120.1870598
48.58515389999999, -120.185772
48.58729109999999, -120.1890732
48.5968729, -120.1870203
48.606433, -120.1853165
48.6171003, -120.1856119
48.6246051, -120.189113
48.6276989, -120.1916042
48.64641109999999, -120.1819835
48.65110170000001, -120.1818956
48.66458249999999, -120.1807268
48.6702611, -120.184903
48.6745045, -120.1929071
48.6855343, -120.1956154
48.710344, -120.1661498
48.7133104, -120.1614907
48.741824, -120.139418
48.7636218, -120.1436529
48.7815855, -120.1601537
46.2095871, -120.1647112
46.2264032, -120.1716191
46.2314376, -120.1685709
46.2400859, -120.1681787
46.2481763, -120.1682467
46.2592154, -120.1734188
46.2670869, -120.1735074
46.2760621, -120.1786645
46.2848483, -120.1718128
46.2924558, -120.1715474
46.30310230000001, -120.1728249
46.3103705, -120.1713592
46.3236127, -120.1786367
46.3295824, -120.1719128
46.3407445, -120.1701939
46.3464671, -120.1714207
46.3570927, -120.1676343
46.3673205, -120.1708835
46.3755754, -120.171514
46.3828066, -120.1714399
46.3930953, -120.1675312
46.4020698, -120.1731707
46.41142019999999, -120.1714936
46.4196981, -120.1712348
46.4292674, -120.1726432
46.437179, -120.1724047
46.4465084, -120.1758
46.457823, -120.1740341
46.4665849, -120.1656046
46.4755437, -120.1698122
46.4767667, -120.173588
46.4938569, -120.1727205
46.50190629999999, -120.1715694
46.5100662, -120.1672952
46.5190786, -120.1778209
46.5309326, -120.1755974
46.5348033, -120.1704848
46.5446521, -120.1602627
46.5503692, -120.1590795
46.5771835, -120.1712485
46.577185, -120.1714149
46.5777896, -120.1716563
46.5917847, -120.1799416
46.6027899, -120.1702269
46.60950769999999, -120.1753017
46.6182403, -120.1728714
46.6269976, -120.170674
46.6360916, -120.171389
46.6450668, -120.1697162
46.6541424, -120.1699303
46.6631012, -120.1714827
46.6740046, -120.1600317
46.68177499999999, -120.1703356
46.6902439, -120.1660911
46.694487, -120.1631225
46.7192261, -120.164809
46.7204134, -120.1710887
46.721092, -120.1718034
46.7587145, -120.1601018
46.7593775, -120.1601696
46.7746722, -120.1757447
46.7799454, -120.1706269
46.7883356, -120.1700903
46.800764, -120.1684619
46.8041304, -120.1741489
46.8177441, -120.1709236
46.8192032, -120.1759016
46.8196312, -120.1772323
46.8519149, -120.1683591
46.8531382, -120.1699413
46.8579188, -120.1763052
46.8590393, -120.1787587
46.8847586, -120.1719948
46.88691600000001, -120.1736468
46.892871, -120.1758517
46.9073802, -120.1626825
46.9371595, -120.1714379
46.94346179999999, -120.1714369
46.9517416, -120.1710293
46.9600124, -120.1715743
46.9659606, -120.1729633
46.98095130000001, -120.1706621
46.9891258, -120.170074
46.9934226, -120.176568
47.0065607, -120.1702028
47.0149385, -120.1715125
47.0191411, -120.1799963
47.0330658, -120.1692504
47.0430482, -120.1758492
47.0497993, -120.1714245
47.0648072, -120.1766256
47.0677679, -120.1709825
47.0771448, -120.1720085
47.0788423, -120.1672381
47.0800844, -120.1626791
47.11728069999999, -120.1732423
47.11733590000001, -120.1723173
47.1210335, -120.1702725
47.12276019999999, -120.1672795
47.1399693, -120.1715303
47.1413648, -120.16559
47.1414754, -120.1649892
47.1900876, -120.1749882
47.1949388, -120.1739384
47.1985149, -120.1730852
47.216338, -120.178367
47.2212282, -120.1711289
47.2283046, -120.1700321
47.2304418, -120.1639037
47.2514669, -120.1761539
47.2570894, -120.1715032
47.2607835, -120.1656758
47.2772207, -120.1779285
47.2836759, -120.1709517
47.2926085, -120.1713641
47.3019839, -120.171624
47.3140081, -120.1701632
47.3203091, -120.1746463
47.3323036, -120.1739826
47.3420618, -120.1685122
47.3451519, -120.1739848
47.3588594, -120.1758049
47.3637367, -120.1748972
47.3738361, -120.1715805
47.3838678, -120.172959
47.3914306, -120.1715051
47.4010807, -120.1703336
47.4059597, -120.1715709
47.424131, -120.178982
47.4345453, -120.1569432
47.4489568, -120.1713659
47.4550846, -120.1757602
47.4640949, -120.1756732
47.4706905, -120.171511
47.4776962, -120.1757845
47.492365, -120.172279
47.4936989, -120.1690007
47.50682159999999, -120.171505
47.521237, -120.171516
47.5212446, -120.1711905
47.5373094, -120.165013
47.54626709999999, -120.1686974
47.5540767, -120.1704319
47.5631378, -120.1719221
47.5686844, -120.1666738
47.5813779, -120.1714937
47.5895964, -120.172239
47.6004549, -120.1735044
47.60695219999999, -120.1684804
47.6201461, -120.1691882
47.6253577, -120.1715394
47.6350428, -120.1714582
47.6406962, -120.1642509
47.656346, -120.159748
47.67080499999999, -120.158251
47.6799292, -120.1549994
47.6891239, -120.154904
47.696577, -120.154812
47.716004, -120.176252
47.7160355, -120.1762526
47.726648, -120.17468
47.7340755, -120.1707681
47.74307659999999, -120.1706873
47.7531812, -120.172482
47.761354, -120.16926
47.7693936, -120.1710601
47.7786026, -120.1715016
47.7886994, -120.1763072
47.8104344, -120.1682937
47.8146557, -120.172355
47.8406155, -120.1633408
47.8439501, -120.1677502
47.8502882, -120.1690826
47.8615207, -120.1699804
47.8659055, -120.1759872
47.8767742, -120.1624908
47.887533, -120.1710297
47.8958792, -120.1721114
47.90492039999999, -120.1707521
47.9138993, -120.1720359
47.9219113, -120.1756742
47.93054189999999, -120.172228
47.9372414, -120.1737052
47.950387, -120.1776293
47.9564201, -120.1782261
47.9748996, -120.1665281
47.9786463, -120.1711395
47.9838574, -120.1688884
47.9928803, -120.1695738
47.9971061, -120.162524
48.0131459, -120.1517551
48.0202574, -120.152948
48.0251192, -120.1521133
48.0470119, -120.1780923
48.0496974, -120.1755179
48.05963910000001, -120.1739749
48.0687681, -120.1711321
48.0711355, -120.1761023
48.07754, -120.1869507
48.09733199999999, -120.1534867
48.1058112, -120.1539061
48.1198944, -120.1776423
48.1214823, -120.1724607
48.1311895, -120.166852
48.1387514, -120.1681956
48.14699479999999, -120.1707286
48.15159420000001, -120.162526
48.1769303, -120.1859461
48.1806337, -120.1797516
48.1841277, -120.1715054
48.1970174, -120.1692001
48.19970430000001, -120.1729232
48.2022926, -120.1806241
48.2043384, -120.1852814
48.2535384, -120.1669434
48.2554259, -120.1721119
48.2646544, -120.1707243
48.2721508, -120.1655012
48.2821011, -120.1648399
48.2917921, -120.1633526
48.2933597, -120.1618479
48.31863010000001, -120.1621853
48.3216562, -120.1648359
48.3251934, -120.164353
48.33847799999999, -120.1586828
48.3474984, -120.1659631
48.36399050000001, -120.1713339
48.3726801, -120.1708616
48.3821156, -120.1779725
48.3867549, -120.1802224
48.3986937, -120.1876567
48.4113698, -120.1691512
48.4124213, -120.1691883
48.427779, -120.1702994
48.4384333, -120.1729854
48.4426631, -120.1713167
48.4549184, -120.1678041
48.4632172, -120.1710975
48.4720721, -120.1717424
48.4806116, -120.1725382
48.4896713, -120.1713759
48.49936049999999, -120.1711208
48.50835619999999, -120.1731701
48.5170827, -120.1714456
48.5278213, -120.1757864
48.5358655, -120.1801349
48.5445857, -120.1811165
48.5544271, -120.1761806
48.56114669999999, -120.1755715
48.5707489, -120.1704433
48.58059799999999, -120.1682776
48.5882662, -120.1693905
48.6004321, -120.1718397
48.6065361, -120.1687484
48.6144864, -120.1651506
48.6251974, -120.1640181
48.6373056, -120.1683144
48.6429698, -120.1719075
48.6523149, -120.1743925
48.6599304, -120.1725591
48.6685545, -120.163378
48.6720116, -120.161292
48.6908927, -120.1590536
48.6960978, -120.1640588
48.7061558, -120.1715826
48.7148596, -120.1584091
48.7156134, -120.1568565
48.7418984, -120.139417
48.7487456, -120.1391035
48.7668458, -120.1451379
46.2136118, -120.159378
46.2208247, -120.1597936
46.2305219, -120.1588507
46.2383157, -120.1576223
46.2446492, -120.1577928
46.2580806, -120.1470417
46.2704507, -120.1576865
46.2757849, -120.1581936
46.2915301, -120.1552926
46.2921095, -120.1585192
46.3104464, -120.1576637
46.3104475, -120.1578051
46.3230809, -120.1555847
46.3293645, -120.1579693
46.3394292, -120.1577188
46.346466, -120.1578117
46.3573242, -120.1577764
46.3681877, -120.1577136
46.3754662, -120.1577672
46.3827651, -120.1578253
46.3896332, -120.1577891
46.404255, -120.1578029
46.4112523, -120.1580201
46.4188001, -120.1577559
46.42696650000001, -120.1619615
46.43326, -120.168692
46.4611975, -120.1545839
46.4651356, -120.155963
46.4722669, -120.1561495
46.4829781, -120.158062
46.4913812, -120.1531927
46.5058204, -120.1578271
46.5061275, -120.1578177
46.5143123, -120.1519036
46.5347659, -120.1672954
46.5400886, -120.1584046
46.5462398, -120.1599631
46.5533422, -120.1558896
46.5564574, -120.1506678
46.5770644, -120.1577094
46.5777173, -120.1579624
46.5995397, -120.1560904
46.5998724, -120.1577623
46.6138115, -120.1565124
46.6149209, -120.1610015
46.63531, -120.1577269
46.6355665, -120.1578217
46.6461153, -120.1566374
46.6508143, -120.1631695
46.6612397, -120.1582919
46.6716991, -120.1582713
46.6791855, -120.1563913
46.6924041, -120.1646286
46.69850839999999, -120.1562898
46.7105307, -120.1514806
46.7172475, -120.1577558
46.7249917, -120.1524813
46.7332305, -120.1488036
46.7454446, -120.157407
46.7532566, -120.1569632
46.7620963, -120.1583298
46.7710611, -120.1562632
46.7794795, -120.1544023
46.7901757, -120.1546858
46.7983879, -120.1570904
46.804022, -120.1502587
46.8155357, -120.1580816
46.8161181, -120.1608458
46.8484895, -120.151415
46.84905080000001, -120.1536536
46.8512438, -120.158643
46.85159849999999, -120.1599639
46.8579219, -120.1763095
46.8850931, -120.1721242
46.9011703, -120.1523987
46.9051608, -120.1589558
46.92662989999999, -120.1508036
46.9325823, -120.1548295
46.9440206, -120.1576193
46.9521115, -120.1579696
46.9627002, -120.1567679
46.9642924, -120.1613309
46.9778293, -120.1560682
46.9845043, -120.1578819
46.9964769, -120.1570268
47.0013401, -120.1612714
47.0145409, -120.1577336
47.0300883, -120.1552878
47.030912, -120.1584404
47.0320761, -120.1608802
47.0508794, -120.1579738
47.0513238, -120.1601422
47.07046949999999, -120.1600082
47.0749899, -120.1534469
47.0820607, -120.1554238
47.0833018, -120.1508662
47.115232, -120.1567763
47.1152534, -120.1569021
47.1238648, -120.1584109
47.1242567, -120.1560872
47.1418058, -120.1580073
47.1418562, -120.1571645
47.141879, -120.1565374
47.1793282, -120.1254302
47.1902974, -120.1744444
47.1964305, -120.1591769
47.1964905, -120.1587747
47.20022119999999, -120.1531952
47.21180349999999, -120.1578205
47.2216592, -120.1578752
47.230818, -120.1599119
47.23199349999999, -120.1578277
47.2516993, -120.175989
47.2615969, -120.1615685
47.2657505, -120.1575088
47.275132, -120.1489437
47.2883994, -120.164018
47.2924888, -120.156913
47.3035892, -120.1654822
47.3118353, -120.1574095
47.312742, -120.1602674
47.3304489, -120.1566686
47.3384602, -120.1575073
47.3399234, -120.1615604
47.3568314, -120.1622362
47.3612835, -120.1572002
47.3733134, -120.1577881
47.382304, -120.157069
47.3914097, -120.1577974
47.40106770000001, -120.157019
47.4040898, -120.1590243
47.426783, -120.154145
47.4280597, -120.1542723
47.4370876, -120.1543324
47.44616850000001, -120.1567453
47.453537, -120.164935
47.47025530000001, -120.1570306
47.47240619999999, -120.156319
47.4805955, -120.1593491
47.4923513, -120.1578641
47.49910029999999, -120.1588003
47.5090912, -120.1596907
47.5172173, -120.1600071
47.5277476, -120.1601919
47.5348754, -120.1579121
47.5494417, -120.1568845
47.5538854, -120.1580821
47.5630209, -120.1577645
47.5721212, -120.1568411
47.5814488, -120.1577934
47.5901048, -120.1573117
47.6025289, -120.1615381
47.6077299, -120.1582731
47.615928, -120.1603876
47.6259581, -120.1576673
47.634579, -120.153668
47.6445254, -120.1584599
47.6620781, -120.1547067
47.6707877, -120.1578092
47.6800535, -120.1549969
47.6890866, -120.1549038
47.700213, -120.149402
47.7220747, -120.1709993
47.7285931, -120.1564862
47.7364691, -120.1577578
47.7441584, -120.1544408
47.7510983, -120.1577953
47.7612429, -120.1576317
47.7710792, -120.1581943
47.77521530000001, -120.1559362
47.78894770000001, -120.1600562
47.79258670000001, -120.1581988
47.808591, -120.1554776
47.8144489, -120.1623773
47.8145366, -120.1624594
47.8444807, -120.1606492
47.8523991, -120.1611376
47.8603971, -120.1577867
47.8734464, -120.1589941
47.8783964, -120.1587668
47.8871645, -120.157818
47.8957314, -120.1573101
47.90277649999999, -120.1608233
47.9124521, -120.1587781
47.9205648, -120.1604328
47.9326235, -120.1570601
47.94206639999999, -120.1580283
47.9499528, -120.1566571
47.9604838, -120.1517012
47.9671763, -120.1555519
47.9771628, -120.1567636
47.9884328, -120.1630121
47.9951677, -120.1580381
48.0021782, -120.1542254
48.02034330000001, -120.1528973
48.0260843, -120.1504236
48.04330410000001, -120.1477171
48.0452722, -120.146843
48.0642425, -120.1561311
48.0667426, -120.1587924
48.0687064, -120.1636632
48.0945617, -120.152354
48.094955, -120.1528529
48.1041631, -120.1530848
48.106542, -120.1536016
48.1226439, -120.1569335
48.125989, -120.159752
48.140811, -120.1667073
48.1505429, -120.1631793
48.154252, -120.1559543
48.1607522, -120.1449961
48.1870627, -120.156372
48.1870909, -120.1566146
48.19190469999999, -120.1584311
48.1961393, -120.1669362
48.1992921, -120.1717985
48.2239849, -120.1318292
48.2394308, -120.1392491
48.2447662, -120.1475673
48.25017649999999, -120.1551696
48.2535566, -120.1606481
48.2694349, -120.1672575
48.2741745, -120.1646833
48.2863295, -120.162417
48.292603, -120.1620575
48.318403, -120.1615656
48.3199507, -120.1599842
48.32765029999999, -120.1612236
48.3373395, -120.1574643
48.3456924, -120.1576956
48.3511749, -120.1496181
48.3687653, -120.160469
48.3719865, -120.1588491
48.37297239999999, -120.1617369
48.3953807, -120.1393141
48.4014738, -120.142924
48.4098635, -120.162333
48.4157154, -120.154115
48.4251041, -120.159479
48.4372319, -120.1537895
48.4442912, -120.15805
48.4538478, -120.1590251
48.4621013, -120.1599299
48.4720078, -120.1579703
48.4805516, -120.161168
48.4906956, -120.1568722
48.4961047, -120.1594094
48.5108456, -120.1643489
48.519043, -120.1548005
48.5251606, -120.1610719
48.5267371, -120.1625802
48.545978, -120.1436551
48.5540404, -120.1480113
48.5634714, -120.1505109
48.5787953, -120.1595289
48.57928279999999, -120.1572936
48.5893525, -120.1630492
48.5979932, -120.1630983
48.60719080000001, -120.1616217
48.6162706, -120.1598196
48.6249225, -120.156675
48.6339591, -120.1574325
48.6429027, -120.1535776
48.6504426, -120.151347
48.6615341, -120.1597489
48.6711478, -120.1613301
48.6816527, -120.1544949
48.6883355, -120.1573357
48.6976488, -120.1584892
48.7061117, -120.1581093
48.7151515, -120.1578603
48.7318018, -120.1384088
48.7419745, -120.139416
48.7500795, -120.1389013
48.77482089999999, -120.1495383
48.7799308, -120.1558668
48.7829397, -120.1604933
48.7829997, -120.1608222
46.2153055, -120.1440771
46.2221111, -120.1418986
46.23002169999999, -120.1438879
46.24010630000001, -120.1470353
46.2490794, -120.1470423
46.2580787, -120.1470417
46.2667206, -120.1445764
46.2761018, -120.1469928
46.2851562, -120.1466898
46.29274299999999, -120.1452737
46.3030858, -120.1464399
46.3100752, -120.1480727
46.3193038, -120.1458696
46.3309011, -120.1468578
46.3393141, -120.1440744
46.3480768, -120.146476
46.3570895, -120.1463973
46.36607919999999, -120.1463527
46.3752434, -120.1440775
46.382963, -120.1445997
46.3930647, -120.146365
46.4020684, -120.1464791
46.4115976, -120.1451198
46.4189145, -120.1440937
46.4280318, -120.1431988
46.4290427, -120.1405828
46.46010690000001, -120.1461978
46.460275, -120.1448025
46.4608713, -120.1424162
46.4756759, -120.1445333
46.4769383, -120.1401995
46.4951375, -120.1476805
46.5011235, -120.1464134
46.509871, -120.1414213
46.5131217, -120.1474133
46.54176, -120.1516745
46.5429141, -120.1480867
46.5455677, -120.1434927
46.5580878, -120.1448496
46.5619796, -120.1383497
46.5733117, -120.1439494
46.5774297, -120.1441701
46.6004477, -120.1496958
46.60149209999999, -120.1435373
46.6146588, -120.1442603
46.6153422, -120.1464687
46.6290693, -120.1412077
46.6335595, -120.1477623
46.64684219999999, -120.1519137
46.6548598, -120.149397
46.66311959999999, -120.1482153
46.66865000000001, -120.1497096
46.6832721, -120.1507072
46.6875076, -120.1447981
46.7021612, -120.1529187
46.7089811, -120.1493618
46.7146076, -120.1507829
46.72893490000001, -120.1490757
46.7361746, -120.1440415
46.7441028, -120.1452262
46.75309499999999, -120.1447876
46.7623133, -120.1449115
46.7710872, -120.1444798
46.7796272, -120.1455509
46.7905904, -120.1427107
46.7973155, -120.1504805
46.8071529, -120.1440005
46.81203199999999, -120.1498977
46.8142457, -120.1532337
46.8483847, -120.146605
46.8485124, -120.1454165
46.84874900000001, -120.1433543
46.850686, -120.1374666
46.851156, -120.1358951
46.8914829, -120.1349656
46.8928896, -120.1386453
46.8965757, -120.144807
46.8999518, -120.1498925
46.9202033, -120.1392274
46.9228321, -120.1452042
46.9368427, -120.1473014
46.9420988, -120.1440648
46.9510351, -120.1437565
46.9598563, -120.1442093
46.9702251, -120.1428848
46.9716628, -120.1476928
46.9845713, -120.1556854
47.0113579, -120.1418468
47.0121999, -120.1450612
47.0320091, -120.146843
47.03299879999999, -120.1451824
47.03414, -120.1427482
47.0504456, -120.1439026
47.0507536, -120.145669
47.07342389999999, -120.1550851
47.0780155, -120.1443759
47.0852781, -120.1436071
47.0858247, -120.1415991
47.1137691, -120.137719
47.1148746, -120.1437889
47.1242595, -120.1444086
47.124719, -120.1418774
47.14051310000001, -120.1442251
47.1407907, -120.1426735
47.1980989, -120.1532364
47.2037649, -120.143415
47.2145833, -120.1453962
47.2225993, -120.1447071
47.2281482, -120.1489491
47.2294973, -120.1504435
47.2616617, -120.161436
47.2665544, -120.1555948
47.2701103, -120.1489929
47.2769029, -120.1448542
47.27792549999999, -120.1411216
47.2961239, -120.1453839
47.3048859, -120.1447995
47.3080537, -120.1500334
47.3237927, -120.1433135
47.3285144, -120.1438876
47.3353305, -120.1480008
47.352278, -120.1303548
47.3582537, -120.143369
47.3634261, -120.1444485
47.3740805, -120.1436852
47.381545, -120.143667
47.3920721, -120.143625
47.3954895, -120.1466216
47.40377360000001, -120.1564024
47.4223808, -120.1404898
47.42654049999999, -120.1447014
47.4370542, -120.1543322
47.4487943, -120.1514935
47.4501603, -120.1503782
47.470782, -120.1513303
47.47644589999999, -120.1469959
47.4778047, -120.1434498
47.4922809, -120.144108
47.49228360000001, -120.1438784
47.50918000000001, -120.1596895
47.51636449999999, -120.1596158
47.5311342, -120.1393831
47.533742, -120.1455594
47.550363, -120.1507261
47.55482, -120.1490603
47.5632458, -120.1523713
47.5743438, -120.1444156
47.5805427, -120.1432749
47.5902339, -120.1439787
47.596958, -120.1464022
47.6080864, -120.1466308
47.627908, -120.14829
47.6328921, -120.1449961
47.6440871, -120.1480036
47.65254909999999, -120.1436854
47.665708, -120.147231
47.6707538, -120.1440795
47.6857115, -120.1438778
47.6857166, -120.1441964
47.7001727, -120.1440426
47.70017379999999, -120.1441918
47.722445, -120.138206
47.7254599, -120.1427271
47.7367493, -120.1493633
47.743211, -120.1490853
47.7541788, -120.1444314
47.75908889999999, -120.1434515
47.7701189, -120.1463794
47.77909349999999, -120.1440941
47.7892634, -120.1419233
47.7910962, -120.1441914
47.80711609999999, -120.1436618
47.8077361, -120.1412744
47.8189839, -120.1293646
47.83989769999999, -120.138213
47.8421659, -120.1439936
47.8506668, -120.146836
47.858166, -120.147781
47.8776671, -120.1455986
47.8783482, -120.1439492
47.8874889, -120.1437353
47.8965919, -120.1447098
47.90403149999999, -120.1425528
47.9166386, -120.1470974
47.9234155, -120.1432211
47.93183, -120.1544269
47.9417623, -120.144628
47.949984, -120.1454837
47.9590701, -120.1440748
47.967005, -120.142769
47.9737375, -120.14038
47.9815874, -120.1283289
47.9982981, -120.1452791
48.0020773, -120.138852
48.0136876, -120.1423733
48.0218898, -120.1436507
48.0284042, -120.1442323
48.0417934, -120.1412574
48.0477216, -120.1429377
48.0571596, -120.1449416
48.062981, -120.1436944
48.0883882, -120.1375908
48.08847069999999, -120.1377952
48.0954724, -120.1454676
48.1025591, -120.1445862
48.1116037, -120.1434465
48.1193384, -120.1469831
48.126, -120.1356574
48.1328352, -120.1298964
48.1549293, -120.152464
48.1583236, -120.1472007
48.1638917, -120.1394239
48.1705976, -120.1331188
48.1877992, -120.1431096
48.1886684, -120.1447716
48.2083985, -120.1311013
48.2093023, -120.1314823
48.2396877, -120.1394687
48.2469567, -120.1484376
48.2490379, -120.1514353
48.2630846, -120.1258758
48.2754306, -120.1645037
48.28646200000001, -120.1623056
48.2900835, -120.1614424
48.3207277, -120.1444871
48.3207337, -120.1443577
48.326138, -120.1475361
48.33337479999999, -120.1543736
48.3453092, -120.1440167
48.3550969, -120.1438602
48.3663632, -120.1413744
48.3700913, -120.1413402
48.3843659, -120.133277
48.3938621, -120.1381507
48.4002916, -120.1426403
48.409447, -120.1426035
48.4170176, -120.1461202
48.4266607, -120.1440909
48.43607069999999, -120.1436975
48.4447124, -120.1440804
48.4542936, -120.1442134
48.4589758, -120.1377873
48.4716391, -120.1511781
48.48194059999999, -120.1406398
48.4898487, -120.14289
48.499412, -120.1438017
48.5067949, -120.1488337
48.5179593, -120.1446543
48.52500329999999, -120.1381329
48.5371297, -120.1375066
48.5444156, -120.1421779
48.55086740000001, -120.1430396
48.5610502, -120.1494528
48.5699754, -120.1455107
48.5829205, -120.1488633
48.5875637, -120.1435398
48.58886039999999, -120.1391494
48.614875, -120.1490375
48.6172599, -120.1472656
48.624879, -120.1432908
48.6351276, -120.1418062
48.64355579999999, -120.1425747
48.6524669, -120.1450227
48.6611481, -120.1443176
48.67010399999999, -120.1446136
48.6793329, -120.144171
48.6898998, -120.1478056
48.6974215, -120.1442452
48.7028683, -120.1456151
48.71361690000001, -120.1552147
48.7261974, -120.135854
48.7321787, -120.1383332
48.7420522, -120.139415
48.7508001, -120.1388135
48.7610951, -120.1409434
48.7691027, -120.1445474
48.774564, -120.1491265
48.7793585, -120.1540774
48.7828023, -120.1600796
46.2152367, -120.1303325
46.2220805, -120.1260325
46.2331279, -120.1296896
46.2400648, -120.125992
46.2490854, -120.1259741
46.25765149999999, -120.1309647
46.2619826, -120.1374737
46.278629, -120.1243695
46.28607419999999, -120.1293154
46.2887238, -120.1336868
46.3051396, -120.1202107
46.31558099999999, -120.1280197
46.3237114, -120.1295847
46.3330253, -120.1296728
46.3381935, -120.1312112
46.3461801, -120.1304159
46.3570563, -120.1255488
46.3653209, -120.1340476
46.37527799999999, -120.1303651
46.3824865, -120.130384
46.3933326, -120.1314443
46.4042912, -120.1303603
46.41142, -120.1301567
46.4200249, -120.1308226
46.429419, -120.1371956
46.433893, -120.1237422
46.4429854, -120.1155551
46.4628054, -120.1292425
46.4630957, -120.1310108
46.4776593, -120.1294888
46.4784845, -120.1332411
46.5013916, -120.1327404
46.501658, -120.1305137
46.5112744, -120.1400919
46.5468273, -120.1411561
46.5478485, -120.1391509
46.5591801, -120.1294639
46.56501540000001, -120.1368259
46.57355769999999, -120.1304979
46.5817596, -120.1282343
46.5886343, -120.1249217
46.5999011, -120.1303799
46.6105593, -120.1337369
46.62161099999999, -120.1295097
46.6244321, -120.1344152
46.6288195, -120.1408403
46.6468997, -120.1518862
46.6557617, -120.1491464
46.6632553, -120.1482125
46.6830916, -120.1228275
46.68467039999999, -120.127162
46.6856751, -120.131019
46.7281584, -120.1240369
46.7295078, -120.1278192
46.7313553, -120.1331139
46.7471913, -120.1316076
46.7523505, -120.1286088
46.7643048, -120.1274184
46.768193, -120.1296305
46.7747734, -120.1414029
46.79162410000001, -120.129499
46.8023085, -120.1289467
46.8034053, -120.1330973
46.8056652, -120.1397531
46.8117726, -120.1495126
46.8470672, -120.1240568
46.8478599, -120.1268609
46.8506607, -120.1316124
46.8510529, -120.1325702
46.8858921, -120.1187716
46.8878295, -120.1242927
46.8895352, -120.1292874
46.8913709, -120.1346423
46.8944386, -120.1404499
46.9209551, -120.1346929
46.9224691, -120.130112
46.9367084, -120.1304478
46.94374639999999, -120.132561
46.9511639, -120.1305707
46.9578184, -120.1304212
46.96694369999999, -120.1274024
46.9676965, -120.1258965
47.0072564, -120.1270554
47.007676, -120.128631
47.0102239, -120.1328989
47.0328859, -120.1376794
47.0348677, -120.1343196
47.0365747, -120.1300679
47.0503005, -120.1303389
47.0504466, -120.1318073
47.07812630000001, -120.1339371
47.0786313, -120.1309677
47.0858607, -120.1303548
47.0858624, -120.1303041
47.1132649, -120.133502
47.1137251, -120.1303374
47.1262352, -120.1327505
47.1319546, -120.1317817
47.1394489, -120.1322443
47.1403119, -120.1329532
47.1463057, -120.1128701
47.202269, -120.1315616
47.2025574, -120.1297749
47.2174824, -120.1377609
47.2207793, -120.1336177
47.221591, -120.1351347
47.2285459, -120.149296
47.2703332, -120.1486418
47.2785751, -120.132985
47.2786856, -120.1325179
47.27925980000001, -120.1300413
47.2975966, -120.1312977
47.2978053, -120.1299423
47.3100718, -120.1285733
47.3227749, -120.1270696
47.3279675, -120.1340594
47.33047060000001, -120.1391035
47.3501959, -120.1264147
47.35520580000001, -120.1325448
47.36288529999999, -120.1318905
47.37422600000001, -120.127854
47.3831632, -120.1292171
47.3913265, -120.1303201
47.3949088, -120.1299977
47.4157084, -120.1280441
47.4178519, -120.1313482
47.4253065, -120.1400029
47.4256618, -120.140264
47.4592187, -120.1119293
47.4704842, -120.1307125
47.4730911, -120.1331105
47.4820734, -120.1330354
47.49238039999999, -120.1304425
47.49239290000001, -120.129946
47.5215134, -120.1260447
47.521752, -120.1268806
47.5259907, -120.1322719
47.53555799999999, -120.129957
47.5457782, -120.1272418
47.551572, -120.12461
47.5553632, -120.1216979
47.5736502, -120.1300849
47.5799576, -120.1312757
47.5920083, -120.1332976
47.5997512, -120.1325751
47.60800949999999, -120.1302936
47.6126103, -120.1231636
47.6319161, -120.1332565
47.6333362, -120.1326297
47.6436918, -120.1306174
47.6567851, -120.133742
47.6620458, -120.1300419
47.6707977, -120.1303576
47.6855081, -120.1302382
47.6876522, -120.1261594
47.7000798, -120.1303521
47.7000801, -120.1304354
47.71461009999999, -120.1303601
47.72352830000001, -120.1279836
47.7353306, -120.1255609
47.740718, -120.1216422
47.7551053, -120.1362371
47.7602692, -120.1315048
47.7679067, -120.1298395
47.7783397, -120.1304098
47.7891272, -120.1348715
47.7973394, -120.1330587
47.8062098, -120.1315928
47.8152391, -120.13116
47.8214636, -120.1262045
47.8327622, -120.1269441
47.8424237, -120.1305281
47.8509542, -120.130304
47.8525003, -120.1313487
47.8784526, -120.1294748
47.8870721, -120.1296143
47.8969309, -120.1314142
47.9064349, -120.1292981
47.9139499, -120.1310222
47.9230028, -120.1302487
47.9299159, -120.1252862
47.9454735, -120.1344524
47.9482431, -120.1288521
47.96034, -120.1322206
47.9693877, -120.1312623
47.9761612, -120.1292888
47.9820565, -120.1274578
47.9904212, -120.1200982
48.00733959999999, -120.133494
48.0139215, -120.1299004
48.02047659999999, -120.1252716
48.0344257, -120.1302459
48.0374746, -120.1351669
48.04921940000001, -120.1307982
48.0567918, -120.1282801
48.0594946, -120.1253691
48.08524310000001, -120.1172206
48.0889513, -120.1350361
48.0932116, -120.1354236
48.0976279, -120.1411588
48.1117031, -120.1248832
48.1220005, -120.1356081
48.1305747, -120.1315333
48.1348511, -120.1264804
48.1447119, -120.1156701
48.1630452, -120.1399422
48.1682028, -120.1353084
48.173628, -120.1284514
48.1848086, -120.1300086
48.1872219, -120.1253716
48.206384, -120.1258718
48.2103385, -120.1283837
48.2193809, -120.1278394
48.2292237, -120.1234876
48.2377494, -120.1298579
48.2515047, -120.1265041
48.2525346, -120.1262509
48.2892634, -120.1612934
48.3221363, -120.1399207
48.3223806, -120.1394312
48.3262674, -120.1387216
48.3427395, -120.1284586
48.3439185, -120.1312825
48.35556649999999, -120.1297746
48.3639909, -120.1303969
48.3744615, -120.1277435
48.381784, -120.1311584
48.3897048, -120.1337611
48.3993697, -120.1248229
48.4095674, -120.1256563
48.4176067, -120.1307233
48.4267396, -120.1260185
48.434582, -120.1335319
48.4413895, -120.1374825
48.4536538, -120.1306294
48.4619462, -120.134012
48.4725525, -120.1218777
48.4823625, -120.1278944
48.4891448, -120.1312372
48.4944334, -120.1359924
48.5147361, -120.129032
48.5168469, -120.1311912
48.5271654, -120.1346904
48.5323632, -120.1290036
48.5457294, -120.1205651
48.5506122, -120.141734
48.5661612, -120.1463042
48.5692877, -120.1453224
48.58795139999999, -120.1259087
48.5885899, -120.1302608
48.5886068, -120.1299468
48.6144535, -120.1235917
48.6248673, -120.1371799
48.6352684, -120.1355823
48.64268389999999, -120.129865
48.6500515, -120.125722
48.66187739999999, -120.1318113
48.6700808, -120.130324
48.6797537, -120.1287966
48.688425, -120.1322898
48.6967185, -120.1298245
48.7055819, -120.1256596
48.7161124, -120.1268326
48.7226826, -120.132274
48.7322441, -120.1327633
48.7422143, -120.1360431
48.75136939999999, -120.1329991
48.76013409999999, -120.1306041
48.7659764, -120.1279227
48.7748375, -120.1195131
48.7802624, -120.1140289
48.78232209999999, -120.11146
48.7836633, -120.1089649
48.7838095, -120.1085851
46.213089, -120.118951
46.2222885, -120.1138532
46.2300951, -120.1166504
46.2400284, -120.110118
46.2486174, -120.1171661
46.2529297, -120.1238841
46.2679714, -120.1191711
46.2758279, -120.1166733
46.2842251, -120.1157133
46.3026321, -120.1145759
46.3034694, -120.1158976
46.3119535, -120.1202699
46.3211473, -120.1168616
46.3304435, -120.1165187
46.3388683, -120.1166668
46.3481019, -120.1144846
46.3570974, -120.1145611
46.366066, -120.1145317
46.375139, -120.1166628
46.3850091, -120.1157141
46.3897244, -120.1166772
46.4043138, -120.1166787
46.4115523, -120.1169123
46.4185735, -120.1167139
46.4271124, -120.1184865
46.4383689, -120.1171089
46.4457412, -120.1135539
46.4614798, -120.116171
46.46155780000001, -120.1171911
46.4772589, -120.1225006
46.4810191, -120.1161401
46.4997027, -120.1062034
46.50323940000001, -120.1171911
46.5035005, -120.1150024
46.50361669999999, -120.1139712
46.5584374, -120.1170514
46.5584425, -120.1168211
46.5619666, -120.1110476
46.5745269, -120.1170777
46.5822697, -120.1167734
46.591251, -120.1229045
46.5987362, -120.1164627
46.6092801, -120.1252897
46.6202117, -120.1161938
46.6204067, -120.1180738
46.6206725, -120.1205258
46.6509004, -120.0891698
46.6593108, -120.0924726
46.6833014, -120.1213738
46.6843843, -120.1161979
46.6896747, -120.1155202
46.6961295, -120.1094723
46.7009948, -120.1063819
46.7281428, -120.123723
46.7282551, -120.1236138
46.7341185, -120.1222758
46.7437225, -120.121677
46.7499791, -120.1214783
46.7602228, -120.1229825
46.770803, -120.1167589
46.7881627, -120.1149318
46.7886792, -120.1170283
46.8011587, -120.1145701
46.8024904, -120.1179038
46.8025047, -120.1180422
46.8408936, -120.1069314
46.8412583, -120.107707
46.84608129999999, -120.115712
46.8464107, -120.1180532
46.849556, -120.1295918
46.8822938, -120.1085521
46.8838941, -120.1130763
46.88574680000001, -120.1183385
46.8875267, -120.1233605
46.9228333, -120.1104936
46.9233492, -120.1188743
46.923679, -120.1164991
46.934482, -120.120344
46.942494, -120.1169294
46.9526571, -120.1166743
46.9591134, -120.115395
46.9675905, -120.1169667
46.9679383, -120.1188762
47.0048999, -120.112119
47.0049226, -120.1122242
47.0063778, -120.1162247
47.0067911, -120.1173399
47.0285082, -120.1108118
47.0356144, -120.1164739
47.042674, -120.1121933
47.0510088, -120.1163064
47.0513185, -120.1140419
47.07978749999999, -120.1208481
47.0804609, -120.117895
47.0879997, -120.1181104
47.0914603, -120.1110772
47.1118472, -120.1126278
47.11289559999999, -120.1167453
47.1132907, -120.1187874
47.136669, -120.1258134
47.141365, -120.1180576
47.1481599, -120.109596
47.1802436, -120.1190677
47.1804469, -120.1177478
47.1806865, -120.1165752
47.2021893, -120.1167356
47.2027376, -120.1163009
47.2049557, -120.1142875
47.2207371, -120.1336108
47.220963, -120.1337666
47.2455213, -120.0887884
47.2628321, -120.1027641
47.2634401, -120.1028657
47.279756, -120.1196389
47.2826801, -120.1145172
47.2955347, -120.1143584
47.2988845, -120.1146286
47.31278409999999, -120.1159358
47.3208002, -120.1149182
47.3294268, -120.1170141
47.340217, -120.1125685
47.3458882, -120.1189194
47.3539849, -120.1223952
47.3636257, -120.1181191
47.3755845, -120.1122679
47.3831603, -120.1193527
47.3895756, -120.1231619
47.3941699, -120.1261291
47.4188084, -120.1179547
47.4192121, -120.1166833
47.4222194, -120.1188224
47.4640762, -120.1118607
47.4708262, -120.1165512
47.48204579999999, -120.1330353
47.4925739, -120.1227602
47.51884399999999, -120.10978
47.5207276, -120.1157093
47.5286689, -120.1120921
47.5355909, -120.1172402
47.544648, -120.126811
47.55556499999999, -120.1174218
47.562634, -120.1108517
47.573752, -120.1131215
47.5815286, -120.1145724
47.5843848, -120.1134214
47.6012959, -120.1317217
47.6126561, -120.1166406
47.6170808, -120.1144299
47.6271193, -120.1164807
47.63508119999999, -120.1144654
47.6440918, -120.1144214
47.6523008, -120.1171992
47.6620858, -120.1145746
47.6711904, -120.117283
47.6800898, -120.1146038
47.68908709999999, -120.1146768
47.6980941, -120.1147582
47.707075, -120.1147411
47.7146078, -120.1166681
47.7260699, -120.114209
47.7310554, -120.1154941
47.7410819, -120.1197365
47.764096, -120.1260777
47.77021449999999, -120.1168713
47.7781542, -120.1177417
47.7833129, -120.1084339
47.8042887, -120.1130507
47.808354, -120.1177664
47.8184596, -120.1166043
47.8241488, -120.113356
47.8317263, -120.1133473
47.8428839, -120.1168067
47.8511308, -120.1165848
47.8515818, -120.1190151
47.87345089999999, -120.1122715
47.8780385, -120.1164108
47.887285, -120.117306
47.8969519, -120.1151354
47.9051072, -120.117544
47.9142763, -120.1150775
47.92096429999999, -120.1152511
47.9323843, -120.1242031
47.9485472, -120.1177857
47.9639752, -120.1142037
47.9663075, -120.1168363
47.9791526, -120.1143563
47.9859586, -120.1166561
47.9904312, -120.119572
48.0070437, -120.1143417
48.01344049999999, -120.1171326
48.0206587, -120.1208477
48.03145440000001, -120.1201908
48.0331699, -120.1202117
48.052816, -120.1224926
48.056604, -120.1144395
48.05967990000001, -120.1237465
48.0853541, -120.1170291
48.09234790000001, -120.116194
48.10415380000001, -120.1146705
48.1093793, -120.1200864
48.12009339999999, -120.1155064
48.13355689999999, -120.1164412
48.1378427, -120.1160326
48.1449539, -120.1154633
48.1734028, -120.12208
48.1765378, -120.1212625
48.1849761, -120.1179392
48.19580329999999, -120.1122865
48.2020899, -120.1166524
48.2107678, -120.1203439
48.2196004, -120.1209769
48.2294865, -120.118168
48.2380633, -120.1174942
48.2470971, -120.1167957
48.2551757, -120.115279
48.2623264, -120.1235644
48.2652011, -120.1044135
48.2780354, -120.0895431
48.2887961, -120.0868537
48.322544, -120.1393232
48.3405905, -120.1203953
48.34064499999999, -120.1200851
48.3454647, -120.1164009
48.3551642, -120.1164879
48.3632287, -120.1168284
48.3730175, -120.1176438
48.3818039, -120.1176839
48.3911132, -120.11659
48.4014471, -120.1235677
48.4103343, -120.124166
48.4233714, -120.1185554
48.42699409999999, -120.1176219
48.4363148, -120.1177889
48.4450824, -120.1194549
48.45575150000001, -120.1176822
48.4637052, -120.1225959
48.471827, -120.1217917
48.4800477, -120.1224815
48.4886072, -120.116829
48.49595430000001, -120.1044293
48.5147319, -120.1285451
48.5191623, -120.1222486
48.5248362, -120.118121
48.5349933, -120.1165765
48.5438689, -120.1161056
48.55005209999999, -120.1142145
48.5567193, -120.1068322
48.5860098, -120.1118771
48.5864688, -120.1163819
48.5883519, -120.1151899
48.58992610000001, -120.1111221
48.6142505, -120.1133317
48.615525, -120.1162598
48.6236356, -120.1085225
48.6313137, -120.1076565
48.6446811, -120.1235382
48.6520754, -120.1167242
48.667029, -120.1171358
48.6696459, -120.1179593
48.6791273, -120.1168373
48.6879994, -120.1271243
48.6985093, -120.1236645
48.7069919, -120.1182618
48.7147229, -120.1208572
48.7213104, -120.1254532
48.72633039999999, -120.128523
48.73663699999999, -120.1338831
48.7543674, -120.1310417
48.7624405, -120.1293609
48.7721386, -120.1210121
48.7776205, -120.1161245
48.78245930000001, -120.1111931
48.7838769, -120.1082545
46.2152245, -120.1029433
46.222669, -120.1029452
46.2300962, -120.1029766
46.24234389999999, -120.101154
46.24443730000001, -120.1066521
46.2580462, -120.1031082
46.2678448, -120.1068458
46.2773569, -120.1018691
46.2823347, -120.0974397
46.3025194, -120.1028276
46.3025204, -120.1029656
46.3146942, -120.10125
46.3224418, -120.0952146
46.32997109999999, -120.1029715
46.3390806, -120.103962
46.3480796, -120.1039683
46.3570706, -120.1039656
46.3660813, -120.1039646
46.37504240000001, -120.1029576
46.3840715, -120.1040152
46.3933721, -120.1029556
46.4020886, -120.1038692
46.4113488, -120.1029625
46.4200863, -120.1039779
46.4225542, -120.1073611
46.4410556, -120.0902186
46.4504641, -120.1092225
46.4562214, -120.1032376
46.4615014, -120.1029633
46.48125539999999, -120.1031738
46.4813284, -120.1026291
46.49251290000001, -120.1001522
46.4999031, -120.1014886
46.5040171, -120.1017462
46.5140682, -120.0851235
46.5143135, -120.0848781
46.55857659999999, -120.1142857
46.5586789, -120.1139676
46.5619695, -120.1018276
46.564073, -120.1030051
46.5734602, -120.102037
46.580944, -120.1064642
46.5948565, -120.1018253
46.5956005, -120.1056063
46.6186085, -120.1008209
46.6188169, -120.1027916
46.6270579, -120.0936135
46.6316809, -120.0915374
46.6508974, -120.0891684
46.6548963, -120.091282
46.6822306, -120.1013102
46.6823557, -120.1020719
46.6834984, -120.1048131
46.701216, -120.1060578
46.70420559999999, -120.1007649
46.7085818, -120.0936929
46.7285887, -120.1234636
46.7387537, -120.1214055
46.7468426, -120.120906
46.7498753, -120.1213446
46.7698854, -120.1011632
46.7701794, -120.1032755
46.787915, -120.1046745
46.7881449, -120.1027105
46.7984911, -120.1028288
46.799364, -120.1061013
46.800258, -120.11114
46.8407051, -120.1044334
46.84118830000001, -120.1025179
46.844757, -120.1106992
46.8451654, -120.111948
46.8793083, -120.0977593
46.8803277, -120.1023565
46.8819414, -120.1073822
46.88358100000001, -120.1121436
46.9222882, -120.0968173
46.9230107, -120.1000293
46.9236621, -120.1032227
46.9377596, -120.0942629
46.9415236, -120.1029184
46.9529624, -120.1023774
46.9623241, -120.1018359
46.9654714, -120.107541
46.966775, -120.110701
46.9926523, -120.0832292
47.0050782, -120.1034045
47.0051004, -120.1029593
47.0148011, -120.0995563
47.026795, -120.1031599
47.0323216, -120.1058014
47.0418452, -120.1023759
47.0508782, -120.1033749
47.0510103, -120.1029288
47.0812906, -120.1151629
47.084366, -120.1077917
47.0868657, -120.1041344
47.0963704, -120.1052864
47.100519, -120.1012663
47.1122694, -120.1031106
47.1123889, -120.1044708
47.1415189, -120.117806
47.1464977, -120.112411
47.1494912, -120.1030737
47.1505333, -120.0991431
47.1804259, -120.1139172
47.1822562, -120.1094595
47.1843423, -120.1028816
47.1975067, -120.09749
47.2032913, -120.1029435
47.2053897, -120.0999636
47.2054279, -120.0996002
47.2377079, -120.0838183
47.24273119999999, -120.0871191
47.24897720000001, -120.0898689
47.262693, -120.1020218
47.2655396, -120.0999666
47.2750966, -120.0993268
47.2818637, -120.0996514
47.2922911, -120.1047148
47.3009004, -120.1011788
47.3123256, -120.1073314
47.3190997, -120.1006135
47.3290653, -120.1030191
47.3361145, -120.1050073
47.3502162, -120.0988993
47.3559028, -120.1024973
47.3620218, -120.1117791
47.3752277, -120.104476
47.3807458, -120.0989168
47.39090820000001, -120.0926703
47.4000237, -120.1016666
47.41904470000001, -120.1150793
47.4219027, -120.1181031
47.4221064, -120.1183462
47.4640848, -120.1118607
47.4707666, -120.1119425
47.4708994, -120.1121061
47.493533, -120.087295
47.49410400000001, -120.086958
47.51605, -120.1002826
47.5174732, -120.1041035
47.52797409999999, -120.1027978
47.532852, -120.1136096
47.5513451, -120.0946861
47.5558534, -120.1038306
47.5647824, -120.1100082
47.569402, -120.1094761
47.585105, -120.1081512
47.5902898, -120.1034797
47.5947627, -120.0968802
47.6127016, -120.1030072
47.6127021, -120.1029095
47.6272035, -120.1029673
47.6417539, -120.1030176
47.64175420000001, -120.1029359
47.6544302, -120.1038889
47.6562905, -120.1028337
47.6708145, -120.1029517
47.6816725, -120.1005879
47.68380399999999, -120.105262
47.6981475, -120.093347
47.7070625, -120.0933473
47.7145651, -120.1029649
47.7291985, -120.1028984
47.731185, -120.104745
47.73836499999999, -120.093519
47.7623879, -120.0963405
47.7636689, -120.0995342
47.770714, -120.1014819
47.7777348, -120.104268
47.7858223, -120.1015475
47.8042959, -120.1128651
47.8092711, -120.0993929
47.8143433, -120.1023413
47.8240681, -120.1029954
47.83309999999999, -120.1029949
47.8414532, -120.1026446
47.8454219, -120.1076512
47.8646968, -120.1014574
47.8685809, -120.103638
47.8789254, -120.1023533
47.8863577, -120.1000108
47.89553979999999, -120.1041917
47.9051872, -120.1026807
47.91246690000001, -120.1043212
47.9258215, -120.1064873
47.92603709999999, -120.1066102
47.9664522, -120.1095604
47.9693569, -120.1072583
47.9766968, -120.1032624
47.9862638, -120.1035342
47.9947526, -120.1028725
48.0081861, -120.1117253
48.0141125, -120.1036043
48.0233237, -120.1034865
48.0234856, -120.1026653
48.0436092, -120.0863059
48.0545847, -120.1053896
48.0572709, -120.10186
48.0590817, -120.1098639
48.0796934, -120.0901617
48.0927745, -120.1017354
48.0932427, -120.1030263
48.1002848, -120.1087276
48.1157496, -120.1014218
48.1216235, -120.103727
48.1296003, -120.1032928
48.138003, -120.1064026
48.1441704, -120.0999898
48.1510453, -120.091567
48.1772783, -120.0972664
48.17793400000001, -120.0982702
48.1835653, -120.0972893
48.19298389999999, -120.1022159
48.197683, -120.1007935
48.2065316, -120.1155726
48.21644800000001, -120.1191851
48.2311322, -120.1174927
48.2406645, -120.1070661
48.2477498, -120.102836
48.256695, -120.1036565
48.2656285, -120.1037039
48.2685109, -120.0980889
48.2795971, -120.0887063
48.3200236, -120.0883018
48.3219267, -120.0905715
48.3353949, -120.095955
48.33832899999999, -120.1016032
48.3465936, -120.1029029
48.3550534, -120.1035159
48.3582249, -120.1029395
48.37039619999999, -120.094684
48.3839186, -120.1063102
48.3921398, -120.1016198
48.4003424, -120.1049726
48.4023359, -120.1045268
48.4206982, -120.0923737
48.4301935, -120.1010333
48.4407108, -120.1046955
48.4417528, -120.1013067
48.4555433, -120.1024394
48.4628361, -120.0985791
48.4718861, -120.0980622
48.4811519, -120.1027199
48.4897567, -120.1038021
48.4981632, -120.1015447
48.5013036, -120.0965737
48.5230983, -120.1133075
48.5261927, -120.1086232
48.5370461, -120.1060591
48.5441009, -120.1032358
48.5527832, -120.1076262
48.5567256, -120.1032692
48.5569023, -120.1062652
48.5861275, -120.1111735
48.5887721, -120.1027159
48.596774, -120.0994474
48.6031664, -120.0940124
48.6171064, -120.1018594
48.6234984, -120.1046731
48.6337083, -120.1005518
48.6410091, -120.0964121
48.6494228, -120.1059342
48.6592923, -120.0916485
48.6718091, -120.1082816
48.6802159, -120.1044945
48.68071, -120.104013
48.7006023, -120.0987575
48.70473459999999, -120.1062901
48.7097062, -120.1128037
48.7183838, -120.1233616
48.7247064, -120.1269907
48.736452, -120.1337721
48.7677135, -120.1250115
48.7726949, -120.1204497
48.7832278, -120.1028294
48.7847298, -120.1010205
48.7849199, -120.1003736
48.7875996, -120.0848678
48.78867349999999, -120.0811996
48.8805967, -120.0453313
46.21307909999999, -120.088105
46.2221038, -120.0944619
46.2298778, -120.0893174
46.2383399, -120.0906343
46.2548708, -120.0978375
46.2599436, -120.088603
46.264318, -120.0899928
46.2734132, -120.0893009
46.2850687, -120.0832488
46.2916059, -120.0882424
46.30242699999999, -120.0892578
46.313238, -120.0892655
46.3203338, -120.089262
46.3304493, -120.0892387
46.3390942, -120.0935699
46.345876, -120.0892976
46.35614959999999, -120.0928632
46.365927, -120.0893271
46.3749361, -120.0892531
46.3821302, -120.0892653
46.3933088, -120.0892498
46.4006462, -120.0892629
46.4110388, -120.0890612
46.4182149, -120.0935118
46.4295309, -120.0856239
46.4383286, -120.0883782
46.4471148, -120.0895031
46.45581989999999, -120.0874413
46.4618122, -120.0889664
46.4792265, -120.0864782
46.4801516, -120.0894627
46.4933779, -120.0891756
46.5006581, -120.0889011
46.51066830000001, -120.0863427
46.5143773, -120.0847712
46.5144621, -120.0844215
46.5146656, -120.0829034
46.5613877, -120.0884527
46.5613902, -120.0884964
46.5614177, -120.0893589
46.5737159, -120.0892932
46.57414929999999, -120.0858856
46.5927373, -120.0888338
46.59974949999999, -120.0886983
46.609102, -120.0884862
46.6174076, -120.0893995
46.6270891, -120.0936133
46.6349088, -120.0873946
46.6458838, -120.0854506
46.6537957, -120.0905034
46.6591648, -120.0919936
46.6798499, -120.0883295
46.6808245, -120.0893365
46.6815682, -120.0928102
46.70556180000001, -120.0952204
46.7091849, -120.088552
46.7125531, -120.0817351
46.7164006, -120.076324
46.7169092, -120.0750301
46.7669844, -120.0845089
46.767441, -120.087694
46.7682863, -120.0908521
46.7878438, -120.0901385
46.7890683, -120.089441
46.7978923, -120.0893178
46.798644, -120.0929735
46.7986843, -120.0931685
46.830841, -120.0691007
46.8430531, -120.0899536
46.84315429999999, -120.0893021
46.8440861, -120.0869413
46.860102, -120.0697432
46.8766136, -120.0857752
46.8775354, -120.0899757
46.87827919999999, -120.0932102
46.8794251, -120.0982204
46.9221783, -120.0941673
46.9224201, -120.0927967
46.9241383, -120.0893179
46.93620989999999, -120.0868452
46.94386009999999, -120.0898819
46.9510973, -120.0883439
46.95928379999999, -120.0895323
46.9612174, -120.0956
46.9802712, -120.0826413
46.98506649999999, -120.0801987
46.9995629, -120.0873846
47.0082815, -120.0927653
47.0139459, -120.0895377
47.0230259, -120.0901301
47.02947469999999, -120.0872402
47.0435933, -120.0880818
47.0474201, -120.0943555
47.0509553, -120.0967873
47.0823115, -120.0820302
47.0955042, -120.0896236
47.1036576, -120.0887225
47.1112767, -120.0887273
47.1150131, -120.0805302
47.11712439999999, -120.0762087
47.1499692, -120.089335
47.14997, -120.08931
47.1506389, -120.092899
47.1575469, -120.0763615
47.1829304, -120.0837343
47.1855993, -120.0885014
47.19226740000001, -120.0927326
47.2025931, -120.0914508
47.2049884, -120.0957702
47.2307956, -120.0756557
47.233853, -120.080099
47.2401336, -120.0856563
47.2480149, -120.089602
47.2542625, -120.0902527
47.266096, -120.0997536
47.276629, -120.0854285
47.284555, -120.087046
47.2943676, -120.0920464
47.301768, -120.0940081
47.310313, -120.0950949
47.3179559, -120.098012
47.33332, -120.0905739
47.3378574, -120.0899286
47.3460764, -120.0911021
47.3587399, -120.0918774
47.36380459999999, -120.0853087
47.3781408, -120.0996922
47.3846491, -120.0923377
47.3924515, -120.0922763
47.3977483, -120.0936949
47.3987528, -120.0965282
47.4220171, -120.1182071
47.464095, -120.1118607
47.47589199999999, -120.071577
47.498425, -120.0837204
47.514742, -120.086029
47.51828099999999, -120.090615
47.5301891, -120.0931983
47.53348460000001, -120.0873997
47.5455327, -120.0879619
47.5511759, -120.0907321
47.556846, -120.0966714
47.5686359, -120.1089624
47.5898741, -120.1038678
47.5958498, -120.0937584
47.5990185, -120.0891624
47.6127415, -120.0892811
