48.0658641, -118.5859775
48.0781254, -118.579066
48.0827971, -118.5845881
48.093729, -118.5744151
48.1045685, -118.5791163
48.1113701, -118.582103
48.1239606, -118.5870575
48.130393, -118.5821139
48.14075829999999, -118.5824182
48.144196, -118.5753779
48.1594632, -118.5815069
48.1712517, -118.5824034
48.1751482, -118.5825745
48.1847752, -118.586175
48.1963732, -118.5737648
48.19784190000001, -118.575719
48.21128179999999, -118.5794639
48.2174133, -118.5840976
48.2293455, -118.5817909
48.23335609999999, -118.5788731
48.2516111, -118.5911492
48.2561763, -118.587501
48.264463, -118.5871518
48.2751868, -118.5853098
48.2817261, -118.5768659
48.295628, -118.5873891
48.30114349999999, -118.5825976
48.3102875, -118.5816781
48.31082259999999, -118.580043
48.3291092, -118.5852301
48.33285, -118.581785
48.3491313, -118.5896292
48.3551924, -118.5814899
48.3569795, -118.5885634
48.3766667, -118.6002285
48.3803286, -118.6007829
48.3948227, -118.5968446
48.4028549, -118.591315
48.410168, -118.58274
48.46373149999999, -118.6423299
48.493722, -118.531661
48.502493, -118.539115
48.5164463, -118.6008758
48.5210142, -118.5986423
48.5278705, -118.5965018
48.5410688, -118.5757033
48.5431018, -118.5826963
48.5532028, -118.584821
48.56207999999999, -118.5815134
48.5713213, -118.5806764
48.5809906, -118.5754859
48.5859653, -118.5708904
48.5985676, -118.581424
48.6078288, -118.5846499
48.61300809999999, -118.5803642
48.6248066, -118.5878159
48.6338917, -118.5820169
48.6416166, -118.5832849
48.6443096, -118.5878037
48.6465915, -118.5929601
48.6778274, -118.5867093
48.6795264, -118.5818674
48.6888286, -118.5788355
48.6982834, -118.5852598
48.7099679, -118.5808275
48.7122664, -118.5842125
48.720983, -118.5872255
48.73442379999999, -118.5862462
48.7424415, -118.5803565
48.7545985, -118.5787437
48.7605545, -118.5840134
48.7712405, -118.5770089
48.7782439, -118.5805048
48.7864295, -118.5820367
48.79603179999999, -118.58142
48.8058457, -118.584094
48.81347770000001, -118.5808123
48.8223327, -118.582796
48.8318078, -118.591816
48.836643, -118.5930126
48.8513674, -118.5799242
48.8566823, -118.5724711
48.86747339999999, -118.5852128
48.877068, -118.5815
48.8856335, -118.5907989
48.8931123, -118.5817765
48.9037047, -118.580101
48.9130986, -118.5817263
48.91699269999999, -118.5834566
48.93387449999999, -118.5778302
48.9397331, -118.5818259
48.95010180000001, -118.5713177
46.21331259999999, -118.5729665
46.222672, -118.5681417
46.228812, -118.5595625
46.241175, -118.560012
46.2590613, -118.5821357
46.263485, -118.581527
46.2750213, -118.5861937
46.2906205, -118.5636481
46.2950837, -118.5677966
46.2964888, -118.5685823
46.3120452, -118.5650651
46.3210788, -118.565288
46.3257976, -118.5679418
46.3424676, -118.5734284
46.3476424, -118.5670278
46.3525962, -118.5604405
46.3695152, -118.564129
46.3753175, -118.5671525
46.3880908, -118.5748594
46.39348589999999, -118.5685006
46.3983948, -118.5620146
46.4165827, -118.5577531
46.4224218, -118.5651912
46.4302681, -118.5691837
46.4384253, -118.5671309
46.4468218, -118.5672402
46.4564555, -118.5679536
46.4669435, -118.5742859
46.4746284, -118.5693574
46.4780149, -118.5656563
46.495667, -118.5765483
46.5027378, -118.5736745
46.5091487, -118.5743005
46.5176595, -118.5644846
46.534955, -118.5715941
46.5363567, -118.5671788
46.5451928, -118.5749901
46.5511166, -118.5542137
46.56672830000001, -118.5766902
46.5740924, -118.572372
46.5819074, -118.5692837
46.5873274, -118.5710826
46.5999772, -118.5765335
46.6046892, -118.5767661
46.62004899999999, -118.5580816
46.6290863, -118.5721037
46.6367109, -118.5694472
46.6437554, -118.5683318
46.65043290000001, -118.5551352
46.6717357, -118.5547857
46.6776692, -118.567184
46.6785265, -118.569006
46.6785558, -118.5692143
46.70718069999999, -118.5691564
46.7220716, -118.5677994
46.7260906, -118.5690861
46.7350913, -118.5688511
46.7510976, -118.567654
46.7510995, -118.5678413
46.7644862, -118.5651881
46.7710848, -118.568504
46.7800751, -118.5685092
46.7890778, -118.5685205
46.7980812, -118.5684378
46.807081, -118.5683705
46.8094312, -118.5676278
46.8239473, -118.5677699
46.8385595, -118.5679267
46.843079, -118.5679103
46.8520607, -118.5677611
46.8610765, -118.5680046
46.8700813, -118.5680097
46.8790792, -118.567921
46.8881052, -118.569095
46.8971454, -118.5683714
46.9060792, -118.5678273
46.9150734, -118.5672958
46.9240754, -118.5670953
46.933082, -118.5671597
46.94195029999999, -118.5665944
46.9506842, -118.5644385
46.9610345, -118.5724232
46.9692589, -118.568656
46.9775006, -118.5653084
46.9839439, -118.5607266
47.0006746, -118.5697099
47.0039872, -118.5652582
47.0104371, -118.5596651
47.0232776, -118.5565869
47.0319158, -118.5567427
47.040415, -118.5561725
47.049955, -118.5555907
47.0589197, -118.5555416
47.0744765, -118.5687701
47.0745619, -118.567463
47.0878939, -118.5678063
47.087894, -118.5677755
47.1026112, -118.5678316
47.1119367, -118.5677304
47.121892, -118.5577243
47.1322384, -118.5677338
47.132252, -118.5682476
47.1545144, -118.5672024
47.1545644, -118.5681866
47.1670539, -118.579879
47.17666860000001, -118.5677965
47.1912615, -118.5678314
47.1912616, -118.5677858
47.2058699, -118.5678846
47.2058737, -118.5676123
47.2211101, -118.5789412
47.23014879999999, -118.5788591
47.2384206, -118.579275
47.248918, -118.5678473
47.26110629999999, -118.567797
47.26110629999999, -118.567804
47.2755209, -118.5677999
47.2755209, -118.5678043
47.293112, -118.551954
47.3043983, -118.5677562
47.3167728, -118.5665223
47.3195254, -118.567701
47.3309589, -118.5669879
47.3316697, -118.5705693
47.3477125, -118.5678022
47.36307170000001, -118.5677666
47.3630718, -118.5678097
47.3746622, -118.5677682
47.38199239999999, -118.5686583
47.3840095, -118.5726941
47.406492, -118.568749
47.4068658, -118.5696429
47.4200362, -118.5686717
47.4278446, -118.5718477
47.4355152, -118.5678219
47.4459295, -118.5664351
47.4523745, -118.5637351
47.45589260000001, -118.5575883
47.4592637, -118.5518517
47.5007744, -118.560065
47.5009297, -118.5606376
47.50223219999999, -118.5675275
47.5031551, -118.5718096
47.5044766, -118.5764179
47.5366241, -118.5676476
47.53662509999999, -118.5677914
47.5450362, -118.5716035
47.5476268, -118.5721154
47.56292209999999, -118.5501776
47.5657685, -118.5500756
47.5776884, -118.5914309
47.5901977, -118.5933211
47.60921, -118.581074
47.6129277, -118.5689566
47.6172591, -118.5710416
47.6271194, -118.5677969
47.6350899, -118.5696575
47.64146299999999, -118.5678443
47.6559865, -118.5677137
47.6559901, -118.567981
47.6720658, -118.5679714
47.6765816, -118.5730982
47.68506619999999, -118.5678845
47.6996118, -118.5678113
47.7142507, -118.5679498
47.7142525, -118.567762
47.7289502, -118.5678511
47.7289509, -118.5677325
47.74358669999999, -118.5678136
47.7520809, -118.57021
47.7617355, -118.5679225
47.7700822, -118.5701
47.7733071, -118.5704383
47.7945646, -118.5679188
47.7970785, -118.5700141
47.806068, -118.5700751
47.81631369999999, -118.5677831
47.8308622, -118.5678342
47.8308623, -118.567789
47.8453193, -118.5678181
47.8453194, -118.567768
47.8634908, -118.5484519
47.8660497, -118.5484743
47.88679699999999, -118.5834503
47.8918064, -118.5705947
47.8951614, -118.5659039
47.905148, -118.5679198
47.9146505, -118.5674886
47.91933160000001, -118.5602696
47.94315719999999, -118.5597793
47.9465398, -118.5603151
47.9623754, -118.5740255
47.9672867, -118.5729049
47.97871809999999, -118.5684223
47.9866852, -118.5662759
47.9947739, -118.5672873
48.0038213, -118.5676382
48.012198, -118.56307
48.0179026, -118.5579039
48.0304431, -118.5565506
48.03858779999999, -118.5647768
48.05116169999999, -118.5707726
48.0539926, -118.568741
48.0731612, -118.5559207
48.0775104, -118.5677679
48.08456779999999, -118.5715238
48.0943225, -118.5743494
48.1043361, -118.570643
48.1122532, -118.5676526
48.1130575, -118.5699114
48.1319925, -118.5739268
48.13532439999999, -118.5672321
48.1482859, -118.5675575
48.1568418, -118.5679374
48.17052460000001, -118.5597881
48.1755699, -118.5669791
48.1842455, -118.567211
48.1930841, -118.5678209
48.2024023, -118.5633343
48.21518, -118.5580744
48.2225101, -118.5632522
48.2272088, -118.570802
48.2380015, -118.5674847
48.23888549999999, -118.5664456
48.2564, -118.5874928
48.2633634, -118.5869065
48.2801514, -118.577403
48.2846006, -118.574272
48.2920755, -118.5676851
48.299466, -118.5618578
48.3097054, -118.5680305
48.315745, -118.5641792
48.3293825, -118.5565178
48.334171, -118.5563544
48.351354, -118.5671345
48.3527893, -118.5708507
48.3539599, -118.5733732
48.3796784, -118.6006751
48.3981733, -118.5942734
48.409323, -118.583769
48.4707724, -118.5106195
48.4709531, -118.5107004
48.502879, -118.53924
48.516186, -118.5434498
48.5217554, -118.5471325
48.5348482, -118.5576718
48.5376413, -118.5631898
48.5435561, -118.5675403
48.5546939, -118.5645331
48.5644578, -118.5644865
48.57096199999999, -118.5706657
48.5764386, -118.570298
48.58905850000001, -118.5681572
48.5980692, -118.5677776
48.61224559999999, -118.5659849
48.615344, -118.5678351
48.6294356, -118.5617506
48.633911, -118.5680685
48.6392487, -118.56497
48.6510235, -118.5606459
48.6612056, -118.5542727
48.6701791, -118.5526983
48.6828939, -118.569715
48.6921986, -118.5679955
48.6959312, -118.5695097
48.7110672, -118.5792017
48.72890719999999, -118.5846953
48.7376975, -118.5664626
48.7382585, -118.569523
48.7548056, -118.5766712
48.7640953, -118.573376
48.76944779999999, -118.567894
48.7816094, -118.5656109
48.78280590000001, -118.5670929
48.7956947, -118.573264
48.7984486, -118.5726592
48.813049, -118.568129
48.8222615, -118.5682134
48.8255761, -118.5745004
48.84119519999999, -118.562176
48.8492447, -118.5676987
48.8725271, -118.5603745
48.8792733, -118.569721
48.8829679, -118.5622193
48.8967511, -118.5680733
48.9035187, -118.5644649
48.9141474, -118.5693567
48.9226341, -118.5667721
48.9314408, -118.5676474
48.943063, -118.5629044
48.9482001, -118.5696972
46.2133865, -118.5569158
46.220017, -118.554286
46.2310829, -118.5579041
46.2386743, -118.5532352
46.2414227, -118.5476358
46.2415451, -118.5472227
46.2776517, -118.5400678
46.2873834, -118.553682
46.291854, -118.5579682
46.3062863, -118.5449108
46.3106811, -118.5540113
46.31886739999999, -118.5485545
46.3256152, -118.5653736
46.3470873, -118.5676866
46.3521982, -118.560944
46.3576729, -118.5555002
46.3660791, -118.5543226
46.3798847, -118.5591597
46.3838691, -118.5537241
46.3900432, -118.5540819
46.4027088, -118.5547383
46.4145838, -118.5533097
46.4161724, -118.5555925
46.4274925, -118.5492259
46.4383427, -118.5540001
46.4495679, -118.5647149
46.4557322, -118.5541583
46.4558798, -118.5558177
46.4788052, -118.5538788
46.4791438, -118.555579
46.4791987, -118.5560633
46.5047151, -118.5727642
46.5168657, -118.5652326
46.52176559999999, -118.5594453
46.5268598, -118.552985
46.53723189999999, -118.55274
46.5455907, -118.552371
46.5544915, -118.552108
46.5618309, -118.5468797
46.5659127, -118.5432924
46.5849924, -118.5418705
46.593203, -118.5463545
46.60097649999999, -118.5497425
46.6091722, -118.5534589
46.6175542, -118.5569023
46.629818, -118.5587552
46.6365589, -118.5552158
46.6451406, -118.5539155
46.652988, -118.5524396
46.6632218, -118.5478352
46.6716588, -118.5546659
46.67734309999999, -118.5588575
46.6775229, -118.5593474
46.7121052, -118.5470579
46.7171212, -118.5480735
46.7220589, -118.5541174
46.7365473, -118.5541114
46.7440623, -118.5476269
46.7510723, -118.5540382
46.76568959999999, -118.5541342
46.7709741, -118.5476844
46.7800444, -118.5473671
46.7890631, -118.547281
46.7948131, -118.554049
46.8095939, -118.5541579
46.8160412, -118.5472019
46.8241041, -118.554072
46.8387322, -118.554218
46.8387352, -118.5539769
46.85346879999999, -118.5542333
46.8611345, -118.5467874
46.8726476, -118.5509543
46.876357, -118.5573751
46.882333, -118.5645036
46.8986022, -118.5679773
46.9127691, -118.5541394
46.9127693, -118.5540774
46.9241466, -118.5670945
46.9330179, -118.567159
46.9408641, -118.5641924
46.952194, -118.5640606
46.9609078, -118.5619534
46.9702157, -118.5541736
46.9809514, -118.5627187
46.988024, -118.5560857
46.9935767, -118.5503085
47.0050815, -118.556473
47.014241, -118.5564666
47.0220336, -118.5541233
47.0321182, -118.5567362
47.04119240000001, -118.5560768
47.0500943, -118.5555876
47.0590978, -118.5555366
47.0680828, -118.5553498
47.0770674, -118.5554191
47.0879132, -118.5540944
47.0879132, -118.554089
47.1025332, -118.5541094
47.1107706, -118.5542771
47.1221464, -118.5577141
47.1319775, -118.5540897
47.1319776, -118.5541256
47.154035, -118.5540557
47.1540353, -118.554124
47.1766623, -118.5541939
47.1766627, -118.5540994
47.1912645, -118.5539865
47.1912658, -118.5541419
47.2059422, -118.5540115
47.2059456, -118.5542684
47.220992, -118.5364018
47.2300142, -118.5362513
47.2489783, -118.5528248
47.2490427, -118.5539978
47.2610967, -118.5540805
47.26607019999999, -118.5519952
47.275517, -118.554093
47.2840804, -118.5519201
47.2930833, -118.5519539
47.30207499999999, -118.5519869
47.3152276, -118.5529026
47.3167132, -118.556472
47.3291979, -118.5540685
47.3293739, -118.5559075
47.3482759, -118.55448
47.3601058, -118.5591788
47.3630229, -118.5541181
47.3745779, -118.5547686
47.379956, -118.5537932
47.3800012, -118.5527965
47.4205459, -118.546899
47.4354836, -118.554134
47.4368117, -118.5538463
47.4393296, -118.5478816
47.4567192, -118.5561387
47.459584, -118.5509552
47.5007153, -118.559026
47.5075626, -118.5510265
47.5081882, -118.5498665
47.5304484, -118.5433282
47.5365866, -118.5540931
47.5450711, -118.550123
47.5552587, -118.5498093
47.5630439, -118.5501752
47.5674682, -118.5484204
47.5793144, -118.5410255
47.5983855, -118.541057
47.61161389999999, -118.5388887
47.6225422, -118.5480523
47.62706, -118.5540728
47.6350913, -118.5479373
47.6414615, -118.5540927
47.6560052, -118.5542203
47.6620636, -118.5480611
47.6736564, -118.5542955
47.6849946, -118.5542626
47.6854854, -118.5534868
47.69965630000001, -118.5541044
47.7070995, -118.548895
47.7143835, -118.5540761
47.7250395, -118.548725
47.734136, -118.5488589
47.74372, -118.5541079
47.7520385, -118.5487236
47.7628712, -118.5544268
47.7630099, -118.5527777
47.7731617, -118.5701607
47.7946299, -118.5541559
47.79463029999999, -118.5540699
47.8163548, -118.5541841
47.8163551, -118.5541046
47.8309085, -118.5542038
47.83090960000001, -118.5540582
47.8453428, -118.5541403
47.8479835, -118.559112
47.862179, -118.5473461
47.8673609, -118.5479489
47.8804919, -118.5476259
47.8830252, -118.548155
47.8970168, -118.5645405
47.90917210000001, -118.5553899
47.9142389, -118.5532374
47.9185464, -118.5516793
47.93699549999999, -118.546463
47.9428969, -118.5512354
47.9490967, -118.5520157
47.9595022, -118.550562
47.9683077, -118.5515396
47.9768024, -118.5548859
47.9862822, -118.5536188
47.9969096, -118.5563345
48.0045728, -118.555097
48.0133606, -118.551687
48.0220877, -118.5539782
48.0315366, -118.5562836
48.0397353, -118.5541186
48.04567, -118.5483106
48.0554594, -118.5532388
48.0716435, -118.5503491
48.0739041, -118.5551356
48.0848836, -118.5525586
48.08792750000001, -118.5505822
48.1040697, -118.5553388
48.1107314, -118.5551405
48.1177813, -118.5487325
48.1357662, -118.5552996
48.1365967, -118.5525959
48.1474503, -118.5548121
48.155859, -118.5537042
48.1671984, -118.5537377
48.1753697, -118.5527207
48.1811395, -118.5572699
48.1967197, -118.5660578
48.20646869999999, -118.5497805
48.2110522, -118.5542247
48.2188311, -118.5597973
48.23621319999999, -118.5605427
48.23998539999999, -118.5509765
48.2423722, -118.5531945
48.24924660000001, -118.5379334
48.2494709, -118.537633
48.2806506, -118.5769538
48.2899897, -118.568764
48.2955087, -118.5633069
48.2997106, -118.5617036
48.3140037, -118.5546454
48.31933, -118.5563722
48.3273513, -118.5552733
48.3360981, -118.5511787
48.3466864, -118.5502131
48.352493, -118.5505729
48.3527097, -118.5500739
48.3527401, -118.5496225
48.4677032, -118.5082187
48.4678915, -118.5084012
48.50974189999999, -118.540313
48.5206147, -118.5465911
48.5263034, -118.5504322
48.5354215, -118.5539753
48.544532, -118.5540353
48.5578611, -118.556683
48.562404, -118.5576887
48.5700516, -118.5541436
48.5786624, -118.5548185
48.5833613, -118.5443152
48.5995941, -118.56369
48.6126751, -118.5513712
48.6138662, -118.5545986
48.6250644, -118.553868
48.6315134, -118.5530101
48.64076720000001, -118.5549076
48.6537187, -118.5586259
48.66106449999999, -118.554125
48.6701343, -118.5526942
48.6771572, -118.5503989
48.6874182, -118.5504916
48.6968942, -118.5541133
48.7062281, -118.5536825
48.70626739999999, -118.5537152
48.7336465, -118.5526725
48.733732, -118.5539963
48.7427988, -118.5478651
48.74339940000001, -118.5476474
48.7646647, -118.5517778
48.7690857, -118.5540869
48.7829439, -118.5566418
48.7841149, -118.5524228
48.7954861, -118.5443155
48.8006037, -118.5432623
48.8219252, -118.5600084
48.8246955, -118.5552305
48.8294263, -118.555122
48.8411415, -118.5535253
48.8479302, -118.5512736
48.8659068, -118.5422814
48.87149050000001, -118.5499051
48.87769429999999, -118.5533566
48.8845162, -118.5502682
48.89765939999999, -118.5569619
48.9014661, -118.5517276
48.9144166, -118.5559549
48.9195611, -118.5496652
48.9332304, -118.5601281
48.9408764, -118.5573881
48.9483959, -118.55059
46.2127314, -118.5406747
46.2203764, -118.5406914
46.2338014, -118.5467088
46.23804, -118.5413005
46.2414672, -118.5467506
46.2415451, -118.5469545
46.2771538, -118.5384989
46.2849165, -118.5351439
46.2958481, -118.5359818
46.3024941, -118.5422231
46.307947, -118.5462984
46.3230171, -118.5451158
46.3294565, -118.534903
46.3391404, -118.5332248
46.3480762, -118.5332726
46.3541964, -118.5406671
46.3659294, -118.5333291
46.3674876, -118.5332533
46.387358, -118.5499328
46.397421, -118.5410553
46.3975046, -118.5397591
46.4120559, -118.5430076
46.4196701, -118.5394754
46.4291879, -118.5405643
46.4374174, -118.5343111
46.4478504, -118.5325726
46.45610869999999, -118.5402963
46.456626, -118.541102
46.4794739, -118.5452606
46.48231819999999, -118.5385472
46.4841033, -118.5344538
46.4881324, -118.5280621
46.5260115, -118.5448406
46.5260604, -118.5446148
46.52968629999999, -118.5397736
46.5370133, -118.5398641
46.5448259, -118.5409804
46.55509319999999, -118.5392929
46.5642889, -118.5399732
46.5741, -118.5351414
46.5820949, -118.5403222
46.5899468, -118.5444189
46.5983832, -118.5486094
46.6065321, -118.5523581
46.6152328, -118.5559303
46.6342016, -118.5546995
46.6405271, -118.5482711
46.6453145, -118.5416951
46.6556187, -118.5494008
46.6614266, -118.5394887
46.673466, -118.5448717
46.68030359999999, -118.537774
46.6861632, -118.5331966
46.6996478, -118.5279624
46.7108491, -118.5402579
46.7220316, -118.5403754
46.7220316, -118.5403957
46.7352024, -118.5477735
46.7440981, -118.5476267
46.7511638, -118.5403095
46.765793, -118.540446
46.7711988, -118.5476766
46.7803932, -118.5403923
46.78909549999999, -118.5472808
46.7949231, -118.5402836
46.8098558, -118.5405447
46.8161168, -118.547201
46.8241957, -118.5403915
46.8340921, -118.5466863
46.8388621, -118.5403283
46.85361229999999, -118.5404151
46.86103079999999, -118.5467857
46.8682794, -118.5403531
46.8717932, -118.5494914
46.88802219999999, -118.5252421
46.89697229999999, -118.5251918
46.91280889999999, -118.5404043
46.91280889999999, -118.5403806
46.91280889999999, -118.540357
46.9329261, -118.5144779
46.9478983, -118.5246598
46.9702172, -118.5403925
46.9702172, -118.5403873
46.973778, -118.5329722
46.99326019999999, -118.5500865
46.9978634, -118.5421982
47.00087930000001, -118.5363126
47.01526330000001, -118.5329402
47.02185739999999, -118.5403999
47.0298098, -118.5316733
47.04470269999999, -118.5315319
47.0514545, -118.5337391
47.05865480000001, -118.5354064
47.0680449, -118.534089
47.0733166, -118.5412968
47.0879162, -118.5403872
47.0879162, -118.5403841
47.1032674, -118.5466121
47.1108352, -118.5403473
47.1172139, -118.5403765
47.13195820000001, -118.5403884
47.1467178, -118.536857
47.1471755, -118.5403825
47.1540157, -118.5403345
47.1766874, -118.5404291
47.1766875, -118.5403893
47.1911571, -118.5403009
47.1911579, -118.5404278
47.2056759, -118.5402826
47.21202100000001, -118.5366673
47.2210592, -118.5364011
47.2300637, -118.5362509
47.2390635, -118.5361785
47.2489101, -118.5404681
47.261073, -118.5403753
47.261073, -118.5404007
47.2755054, -118.5403857
47.2840725, -118.5519201
47.2937248, -118.5396656
47.30075249999999, -118.5418203
47.3153503, -118.5522174
47.3227587, -118.5387878
47.3256824, -118.5444652
47.3372967, -118.5337324
47.3510365, -118.5425144
47.3520909, -118.5382422
47.3630848, -118.5403366
47.37614809999999, -118.538252
47.3777044, -118.5410975
47.3924427, -118.5298005
47.3988528, -118.5320781
47.42269839999999, -118.5422144
47.4270059, -118.5378017
47.4354394, -118.5403955
47.4434976, -118.53801
47.4957766, -118.5191619
47.4995978, -118.5234218
47.5081802, -118.5403056
47.5088393, -118.539854
47.5188853, -118.5378631
47.526917, -118.5409044
47.5343042, -118.5459547
47.54509780000001, -118.5394583
47.5589957, -118.5392633
47.55937489999999, -118.5417989
47.5732789, -118.5434287
47.5808325, -118.5401316
47.58716219999999, -118.5354231
47.5983796, -118.5406445
47.6088081, -118.5373935
47.6167186, -118.5417359
47.6210905, -118.5392788
47.6350643, -118.5479372
47.641457, -118.5403916
47.6530479, -118.5480692
47.6620991, -118.5480609
47.6712834, -118.5423176
47.6788749, -118.5407944
47.68527290000001, -118.54044
47.6997028, -118.5404542
47.7069846, -118.5488922
47.71442, -118.5403665
47.7291695, -118.5404762
47.7291715, -118.5402791
47.7438843, -118.5403895
47.75406599999999, -118.5427653
47.7619998, -118.5398387
47.7630342, -118.5437542
47.7789887, -118.5267671
47.7946882, -118.540448
47.79468860000001, -118.5403644
47.8061377, -118.5266915
47.8164256, -118.5403947
47.8310503, -118.5406568
47.8310551, -118.5403509
47.8454476, -118.5404485
47.8523809, -118.5421147
47.8602996, -118.5459455
47.870302, -118.5418881
47.87681629999999, -118.5432196
47.9144778, -118.5514598
47.9184808, -118.551315
47.9352737, -118.5393239
47.9406274, -118.5418008
47.9496911, -118.5421626
47.9560008, -118.5412816
47.9671869, -118.5513202
47.9771977, -118.5517108
47.9862054, -118.5374195
47.9955186, -118.5391517
48.0036519, -118.5398728
48.012792, -118.5405435
48.0224316, -118.5405383
48.022777, -118.5387437
48.04139790000001, -118.5505932
48.0502274, -118.5422858
48.05467480000001, -118.5407227
48.0667469, -118.5411484
48.0724248, -118.5373971
48.08524329999999, -118.5504114
48.1073733, -118.5417325
48.1119588, -118.5394307
48.1199932, -118.5350151
48.1333006, -118.538214
48.1350054, -118.542185
48.1480908, -118.5407569
48.1578948, -118.5399725
48.1661037, -118.5403348
48.175815, -118.544571
48.1836505, -118.5440555
48.1955186, -118.5342459
48.2023517, -118.5399518
48.2056531, -118.5463481
48.2150924, -118.5272103
48.2403778, -118.5483021
48.2430689, -118.5414146
48.2471028, -118.5387413
48.2501089, -118.5358286
48.2510772, -118.5329668
48.2521913, -118.5282537
48.2935628, -118.5647087
48.2963124, -118.5626862
48.3221736, -118.5473808
48.3281764, -118.5419934
48.3370381, -118.5421168
48.3460914, -118.5414099
48.35045340000001, -118.5414615
48.3526282, -118.5488055
48.352737, -118.5493639
48.3527522, -118.549442
48.4652922, -118.5051807
48.4657269, -118.5059072
48.46776699999999, -118.5082805
48.4748315, -118.5120841
48.501675, -118.537901
48.5079164, -118.5385833
48.5177741, -118.5420005
48.5235442, -118.5467913
48.533791, -118.5496377
48.5440876, -118.5403866
48.5462612, -118.5392605
48.5635532, -118.5571794
48.5730471, -118.5485661
48.5787031, -118.5409032
48.5842399, -118.5416967
48.6008541, -118.5393572
48.6071323, -118.540348
48.6152243, -118.5414618
48.6208612, -118.548387
48.634079, -118.5403866
48.6395169, -118.5401582
48.6567831, -118.543951
48.6610558, -118.5408633
48.6749522, -118.5407595
48.6790733, -118.5403894
48.6846762, -118.5409633
48.69828649999999, -118.5376364
48.706139, -118.5396595
48.716627, -118.5341695
48.7261247, -118.5374699
48.7333727, -118.5413739
48.7386239, -118.5401195
48.7480821, -118.5337215
48.763844, -118.5367826
48.765395, -118.5430478
48.7851741, -118.5459603
48.789536, -118.5399601
48.7960311, -118.5438973
48.80444869999999, -118.5397297
48.8217164, -118.5371417
48.8230557, -118.540573
48.8340227, -118.533774
48.83906100000001, -118.5406401
48.8658998, -118.5420368
48.8678681, -118.5405552
48.8772108, -118.5399378
48.88390280000001, -118.5463273
48.8984503, -118.5379679
48.8992596, -118.5413656
48.9155568, -118.5358534
48.919616, -118.5384158
48.9318344, -118.5388664
48.9334854, -118.5418307
48.94955, -118.5414565
46.20782759999999, -118.5306121
46.2182806, -118.5335644
46.2341093, -118.527123
46.2351334, -118.5303945
46.2387629, -118.5149462
46.2762094, -118.5230652
46.2762448, -118.5232641
46.2768643, -118.5264187
46.2905671, -118.5253889
46.290918, -118.5268805
46.2974635, -118.5373966
46.3058309, -118.5445775
46.3268846, -118.5359829
46.3326106, -118.5329964
46.337248, -118.5326024
46.348082, -118.5332726
46.3538342, -118.5267217
46.3660928, -118.526672
46.3674609, -118.5329885
46.384212, -118.5124111
46.3955142, -118.5238282
46.4024769, -118.5272652
46.4069504, -118.5207424
46.4208921, -118.5375853
46.4332977, -118.5288399
46.43552709999999, -118.5241224
46.44624290000001, -118.5316544
46.4534988, -118.5296976
46.4562491, -118.5332305
46.4810263, -118.5389243
46.4854528, -118.5307619
46.4890279, -118.5238966
46.5023317, -118.510885
46.5160091, -118.5130337
46.52383930000001, -118.5196652
46.5300125, -118.5283594
46.5322494, -118.5228856
46.5440128, -118.534726
46.5575506, -118.5366286
46.56135630000001, -118.5368229
46.5728088, -118.5347777
46.5778811, -118.5377381
46.587453, -118.5430877
46.5956925, -118.5475476
46.6026982, -118.5504692
46.611762, -118.554621
46.6482719, -118.5318235
46.6489172, -118.529573
46.6505821, -118.5250197
46.6662115, -118.5314872
46.67219679999999, -118.5271196
46.678858, -118.5221597
46.6903662, -118.5288382
46.6990261, -118.5279035
46.70788030000001, -118.5278125
46.722017, -118.5266682
46.7238495, -118.5220583
46.7268933, -118.5172885
46.7512534, -118.5267462
46.7527613, -118.5276614
46.7658951, -118.5267399
46.7658962, -118.5265982
46.7804614, -118.5265956
46.789112, -118.5256754
46.79513250000001, -118.526586
46.8100858, -118.526763
46.810089, -118.526514
46.82427939999999, -118.5267452
46.8388886, -118.5362192
46.8464863, -118.5255713
46.8520718, -118.525498
46.8610894, -118.5254372
46.8700781, -118.5253673
46.87906719999999, -118.5252564
46.8880735, -118.5252416
46.8970685, -118.5251904
46.9060744, -118.5249588
46.9128315, -118.5266542
46.9243909, -118.5144046
46.9330063, -118.5144769
46.9666986, -118.5214984
46.9686311, -118.5270153
46.9783929, -118.5272207
46.9875279, -118.5244255
46.9933318, -118.5210293
47.0051801, -118.5267778
47.0128904, -118.5318217
47.0219988, -118.5336211
47.0331058, -118.5290114
47.0406888, -118.5275056
47.0490283, -118.5324865
47.0605582, -118.5343656
47.0724081, -118.5266747
47.0724081, -118.5266853
47.0879539, -118.5266934
47.0879542, -118.5266281
47.1101385, -118.5267916
47.1109595, -118.526638
47.1173382, -118.5265834
47.13208729999999, -118.5266973
47.1468153, -118.5268706
47.1468186, -118.5266158
47.1541953, -118.5265502
47.1670129, -118.515721
47.1767203, -118.5266798
47.1911226, -118.5266922
47.1911226, -118.5266737
47.2055948, -118.5266702
47.2055949, -118.5267047
47.2211279, -118.5364004
47.2301149, -118.5362505
47.2391146, -118.5361781
47.2490153, -118.5266256
47.2610543, -118.5266675
47.2610543, -118.5266953
47.2755077, -118.5266801
47.2755077, -118.5266743
47.2999367, -118.5403121
47.3185775, -118.5183064
47.3214428, -118.5260995
47.3290842, -118.5305251
47.3369357, -118.5333764
47.3469361, -118.5294502
47.3550748, -118.5261429
47.3629769, -118.5266844
47.3775317, -118.5265686
47.377536, -118.5268583
47.3921381, -118.5266788
47.3984434, -118.5308726
47.4245619, -118.5387217
47.4298843, -118.5330939
47.4357271, -118.5269987
47.4476548, -118.5281259
47.4501573, -118.5221629
47.4652018, -118.506901
47.4729259, -118.5070113
47.4820518, -118.50687
47.5009619, -118.5249242
47.5056452, -118.5311129
47.5169116, -118.535322
47.53078, -118.515927
47.5353219, -118.5212345
47.5421472, -118.5166549
47.5578484, -118.5254543
47.5640695, -118.5284216
47.5690084, -118.5218666
47.5853887, -118.5198682
47.5917405, -118.527686
47.5980886, -118.5308174
47.6053174, -118.5355483
47.62418659999999, -118.5256618
47.6249751, -118.5278232
47.6414573, -118.5273753
47.6419221, -118.5249334
47.6419826, -118.5246833
47.67040859999999, -118.5425797
47.675178, -118.5407116
47.6849855, -118.5269813
47.6850009, -118.5264292
47.6992547, -118.5353709
47.7146196, -118.5269509
47.7146249, -118.5266275
47.7293045, -118.5267713
47.7293064, -118.5265765
47.7442247, -118.5293981
47.7554491, -118.5250567
47.7610806, -118.5270138
47.7700805, -118.526899
47.77908859999999, -118.5267656
47.7880789, -118.526662
47.7970793, -118.5266066
47.806079, -118.526691
47.8150786, -118.5267754
47.8240792, -118.5267444
47.833079, -118.5266913
47.8420782, -118.5267931
47.8510789, -118.5269074
47.852711, -118.5269086
47.8706181, -118.5417996
47.8753273, -118.542414
47.8922172, -118.5127938
47.901127, -118.5172503
47.9066057, -118.5202365
47.9125223, -118.519832
47.9190577, -118.5157676
47.9337741, -118.5271498
47.9413356, -118.5273192
47.9462708, -118.5240617
47.96118569999999, -118.5253822
47.9654689, -118.5243871
47.98012629999999, -118.5290288
47.9875211, -118.5278328
47.9957569, -118.5251906
48.0040757, -118.5285765
48.0136548, -118.5225498
48.0183693, -118.5277822
48.0350012, -118.514813
48.05573870000001, -118.5215807
48.05784389999999, -118.5267645
48.0672026, -118.5264931
48.0748248, -118.519187
48.0823546, -118.5199092
48.09379389999999, -118.5232885
48.10668099999999, -118.5281865
48.1096608, -118.5273458
48.12070300000001, -118.5267593
48.1311946, -118.52629
48.1389285, -118.5275248
48.1473833, -118.5298948
48.15824190000001, -118.5324462
48.1664502, -118.5286183
48.1751308, -118.5282749
48.1839368, -118.5260132
48.191686, -118.5301554
48.2039568, -118.5298236
48.2111691, -118.526242
48.21618669999999, -118.5251377
48.2269168, -118.5155966
48.2432118, -118.5224274
48.2470547, -118.5258982
48.2529214, -118.5252287
48.2529417, -118.5250635
48.2529484, -118.5249504
48.2959536, -118.5629328
48.29683, -118.5625054
48.3219457, -118.5476193
48.3369514, -118.5421122
48.3462579, -118.5414053
48.46140399999999, -118.4972053
48.4622058, -118.4993342
48.4650569, -118.5047143
48.47444480000001, -118.5119522
48.4826461, -118.5156051
48.4924794, -118.5265449
48.4989769, -118.53262
48.5034159, -118.534418
48.512833, -118.5399101
48.5182399, -118.5419386
48.5440876, -118.5403638
48.5462644, -118.5366271
48.5716879, -118.5257618
48.5718051, -118.5263484
48.5798117, -118.5270104
48.5889221, -118.5310776
48.5973558, -118.5280645
48.6111725, -118.526201
48.6146252, -118.5213194
48.6147327, -118.5211749
48.6386535, -118.5295285
48.6429568, -118.5264849
48.6430527, -118.5263472
48.6609663, -118.5408533
48.6770395, -118.5218046
48.6803496, -118.525581
48.6879831, -118.5266101
48.6970298, -118.5268682
48.709877, -118.5344544
48.7152081, -118.5335182
48.7266148, -118.5287355
48.7322309, -118.5233781
48.7478509, -118.5304729
48.7517849, -118.5269943
48.7612287, -118.5258657
48.76182559999999, -118.5278314
48.7879426, -118.5339391
48.7890942, -118.5322211
48.7913523, -118.5298686
48.8059787, -118.5293539
48.80973280000001, -118.5235765
48.82127690000001, -118.5301399
48.8315777, -118.5312792
48.8356924, -118.5350981
48.8590701, -118.5126967
48.8648035, -118.5211677
48.8667724, -118.5275378
48.87864039999999, -118.530051
48.8850205, -118.5265599
48.8958272, -118.526309
48.89934299999999, -118.5276198
48.9123157, -118.5319354
48.9231522, -118.5277733
48.9261862, -118.5292286
48.94895570000001, -118.5260379
46.2130394, -118.5123582
46.2219529, -118.5119418
46.231388, -118.5157856
46.2391906, -118.5133879
46.2392056, -118.513455
46.2626563, -118.494083
46.27590439999999, -118.5143374
46.2761643, -118.5130138
46.2881164, -118.5094933
46.2904181, -118.5132633
46.2904414, -118.5139018
46.3204064, -118.4944302
46.3334998, -118.5324142
46.33687200000001, -118.5324029
46.3538072, -118.5128153
46.3570763, -118.5119825
46.3660913, -118.5120265
46.3750852, -118.5121371
46.3840842, -118.5124086
46.3930826, -118.5125836
46.4020934, -118.5126978
46.4098321, -118.5087198
46.4183496, -118.5059771
46.4367976, -118.5141354
46.4373604, -118.5123118
46.4394868, -118.5069271
46.45264359999999, -118.5288157
46.4885482, -118.5250329
46.4914704, -118.5139709
46.491854, -118.5127485
46.50167949999999, -118.5106627
46.5094408, -118.5085908
46.5191741, -118.5134343
46.5244034, -118.509996
46.5350711, -118.5117215
46.5386655, -118.5054563
46.55887509999999, -118.4959604
46.57264869999999, -118.534768
46.5754822, -118.5358589
46.5838074, -118.5412256
46.59111069999999, -118.5451008
46.6023798, -118.5502882
46.6096953, -118.5536311
46.6504252, -118.5129255
46.6504252, -118.5129439
46.6504252, -118.5129622
46.6504252, -118.5129805
46.65042529999999, -118.5129989
46.6763375, -118.5244405
46.6826387, -118.5187393
46.7027164, -118.520318
46.7073002, -118.5129608
46.7225694, -118.5234176
46.7280196, -118.5151984
46.729816, -118.5112465
46.751328, -118.5186135
46.751508, -118.5185591
46.77064, -118.512372
46.77100350000001, -118.5129826
46.7808854, -118.5129723
46.7953375, -118.5131867
46.7953424, -118.5128797
46.8102138, -118.5130217
46.8102148, -118.5128822
46.8245643, -118.5129566
46.8245686, -118.5126674
46.8509492, -118.513317
46.852059, -118.5131166
46.8538603, -118.5128252
46.8688169, -118.51248
46.88325630000001, -118.5130649
46.8832583, -118.5128672
46.90067150000001, -118.513331
46.9059863, -118.5124311
46.9150727, -118.5140463
46.9240432, -118.5143857
46.933088, -118.5144758
46.9420671, -118.5144024
46.9510888, -118.5143613
46.9600698, -118.5130007
46.9690035, -118.514723
46.9703717, -118.5122075
46.9858915, -118.5233188
46.9964105, -118.5193778
47.00891, -118.5165305
47.0152754, -118.5138606
47.0295296, -118.5127439
47.0320735, -118.5139126
47.0368199, -118.5142681
47.0500794, -118.5034159
47.0557781, -118.5003883
47.0733794, -118.5128
47.0770917, -118.5142128
47.0879995, -118.5130088
47.0880041, -118.5127242
47.1041228, -118.516093
47.1110852, -118.5129344
47.1175604, -118.5127053
47.1323446, -118.5130794
47.1470791, -118.513626
47.1471151, -118.5127899
47.1580795, -118.5158178
47.1670957, -118.5157199
47.17667609999999, -118.5129767
47.185064, -118.5155188
47.1940837, -118.5155335
47.2030885, -118.515401
47.2120677, -118.5153987
47.2198956, -118.5154988
47.2342959, -118.5153613
47.2391397, -118.5151153
47.2486428, -118.5129607
47.257103, -118.5146949
47.26606659999999, -118.5090272
47.2755289, -118.5129749
47.2755289, -118.5129386
47.2930397, -118.4876449
47.31055, -118.5038628
47.31398979999999, -118.5096514
47.3174242, -118.5161266
47.3243999, -118.5033706
47.3412025, -118.5083647
47.3471644, -118.5086222
47.3580574, -118.513584
47.3628916, -118.5130006
47.3773482, -118.5129013
47.3773502, -118.5130989
47.391963, -118.5129783
47.4065324, -118.5075115
47.4101239, -118.5076211
47.4191294, -118.5077334
47.4355352, -118.5129304
47.4355353, -118.5129824
47.4518235, -118.5181956
47.454318, -118.5122743
47.4730322, -118.5070094
47.4820703, -118.50687
47.4943085, -118.5128911
47.4943119, -118.5131443
47.5137789, -118.4995841
47.5146908, -118.4994993
47.5301929, -118.5144718
47.5352091, -118.5159052
47.5447443, -118.5156628
47.5559788, -118.5142082
47.5570618, -118.5115691
47.572957, -118.5110932
47.5829001, -118.5122726
47.5876669, -118.5210277
47.5929373, -118.5001538
47.6092161, -118.5073176
47.61789839999999, -118.5103044
47.6259861, -118.5142927
47.6342344, -118.5102965
47.6431979, -118.5131203
47.6432217, -118.5134339
47.6850501, -118.512993
47.6850501, -118.5129802
47.6850501, -118.5129674
47.700004, -118.509086
47.7070593, -118.5109466
47.7142491, -118.5134282
47.72506019999999, -118.5162566
47.7337842, -118.5121894
47.7409195, -118.5077824
47.7539577, -118.5164309
47.7603582, -118.5137764
47.7700784, -118.5054508
47.7781029, -118.5050119
47.7852636, -118.5012812
47.79662829999999, -118.5010874
47.8060987, -118.4996396
47.8165931, -118.5129799
47.82276179999999, -118.506958
47.8331145, -118.5266911
47.845589, -118.5155543
47.8803717, -118.5082931
47.8807768, -118.5089498
47.8870934, -118.5105049
47.8992239, -118.5139372
47.9056603, -118.5130845
47.9156377, -118.5172832
47.9223735, -118.5130765
47.9299301, -118.5101425
47.9410416, -118.5127878
47.9499098, -118.5146902
47.95682859999999, -118.5165847
47.9688027, -118.5153095
47.9782016, -118.5128726
47.98306160000001, -118.5159015
47.9956568, -118.5114661
48.00564989999999, -118.508494
48.0122552, -118.5206932
48.018223, -118.519647
48.0341676, -118.5119564
48.040021, -118.5124894
48.0540391, -118.5106767
48.0566409, -118.5148249
48.0711543, -118.5111438
48.0768838, -118.5167943
48.0841813, -118.5131692
48.0948968, -118.5087274
48.1026372, -118.5115363
48.11121660000001, -118.5138365
48.120469, -118.5122844
48.1272787, -118.5203802
48.1410209, -118.5171744
48.147831, -118.5147214
48.152653, -118.5155393
48.1673124, -118.5284219
48.1793919, -118.5159902
48.1817357, -118.5104724
48.1933569, -118.5136367
48.2002701, -118.5084507
48.2112601, -118.5168689
48.2202221, -118.5151919
48.2296498, -118.510036
48.2377747, -118.5135019
48.2445216, -118.5145393
48.2526324, -118.5241498
48.25285239999999, -118.5244578
48.2529029, -118.5245881
48.2529354, -118.5247704
48.2981153, -118.5621057
48.3464261, -118.5414007
48.4607486, -118.4951674
48.4608472, -118.4956202
48.4621203, -118.4990955
48.4624703, -118.4998503
48.4661795, -118.5063921
48.4720704, -118.5106902
48.4808365, -118.5135741
48.4909137, -118.5140934
48.4992783, -118.5133632
48.5074346, -118.5064977
48.5099352, -118.5052109
48.5152049, -118.4938136
48.5705597, -118.5165843
48.5722852, -118.5149846
48.5756628, -118.5180375
48.5952036, -118.5140474
48.5984117, -118.5127688
48.6034573, -118.5117582
48.6150691, -118.5135822
48.6158084, -118.5103518
48.6427742, -118.5223731
48.6453655, -118.5133984
48.6454872, -118.5118998
48.67539319999999, -118.511493
48.6764136, -118.5140856
48.6904812, -118.5135076
48.6972084, -118.5131366
48.6998216, -118.5078899
48.7286906, -118.5212934
48.7322777, -118.5134937
48.73230900000001, -118.5139346
48.7562012, -118.5178959
48.75960620000001, -118.5129872
48.7689456, -118.5073385
48.7713471, -118.5066921
48.8018902, -118.5141384
48.8050138, -118.514559
48.8141623, -118.5153197
48.82033029999999, -118.5192923
48.8308518, -118.5310095
48.8533854, -118.5022481
48.8541888, -118.5038033
48.8591542, -118.5128009
48.8636145, -118.5181451
48.8776229, -118.5153157
48.88484529999999, -118.514361
48.8941016, -118.514061
48.9029433, -118.5100866
48.9144841, -118.5095509
48.9196569, -118.5172571
48.9311983, -118.5102121
48.9400455, -118.5119767
48.9491206, -118.5128894
46.214413, -118.5119347
46.2276787, -118.5003583
46.2286633, -118.49872
46.2390149, -118.5132393
46.2391421, -118.5133143
46.2668933, -118.4939086
46.2800245, -118.5034139
46.2857692, -118.500287
46.2895609, -118.501486
46.3023023, -118.4885693
46.3140265, -118.4908518
46.3537866, -118.4991897
46.35378679999999, -118.4992366
46.3537869, -118.4992834
46.3658935, -118.5120206
46.374985, -118.5121356
46.3898658, -118.4919053
46.39734869999999, -118.4992279
46.3973491, -118.4993089
46.4120041, -118.5074146
46.42200889999999, -118.5033889
46.4293416, -118.4982737
46.4387974, -118.4992663
46.4438999, -118.4910884
46.4528656, -118.4854244
46.4617954, -118.4849729
46.4667872, -118.4825067
46.4924163, -118.498691
46.4924695, -118.4991819
46.5000486, -118.5095423
46.5107636, -118.5081931
46.52209149999999, -118.506624
46.5290263, -118.5033964
46.53727139999999, -118.499717
46.54036480000001, -118.5001334
46.5600785, -118.4946686
46.5750201, -118.4807767
46.5897374, -118.4739313
46.6505735, -118.5047697
46.6505889, -118.504622
46.6506689, -118.5040056
46.6510713, -118.501973
46.6537943, -118.4977968
46.6633043, -118.4943636
46.67398619999999, -118.4882735
46.6804938, -118.4907592
46.7075703, -118.5033077
46.7088996, -118.5004627
46.71382819999999, -118.4917615
46.7305792, -118.4990754
46.7305868, -118.4994569
46.7305944, -118.4998383
46.7514111, -118.5185105
46.776458, -118.4969533
46.7801315, -118.4992002
46.7954898, -118.4992695
46.7954898, -118.499265
46.810311, -118.4991761
46.81031429999999, -118.4994273
46.8246912, -118.4992618
46.8253819, -118.5027668
46.8539788, -118.4994186
46.8539796, -118.4992929
46.8539805, -118.4991671
46.8686249, -118.4992684
46.883322, -118.4992167
46.8870162, -118.5037686
46.8971731, -118.485752
46.91290129999999, -118.4992812
46.91290129999999, -118.4992615
46.9240128, -118.4928299
46.9330823, -118.4928343
46.9432447, -118.4987462
46.9491494, -118.5046607
46.9561248, -118.5099258
46.9708183, -118.4993904
46.9708396, -118.4987496
46.99431620000001, -118.5200459
46.9977956, -118.5191887
47.0131816, -118.5069495
47.0156344, -118.5001788
47.0208276, -118.4975144
47.0295758, -118.4993056
47.0412752, -118.4988331
47.0486593, -118.5026751
47.0590567, -118.4989565
47.06727009999999, -118.4972056
47.0731877, -118.4993374
47.0882257, -118.4993412
47.0950661, -118.4941686
47.1040765, -118.4942311
47.1113199, -118.4990526
47.1221825, -118.4944224
47.1328153, -118.4993763
47.140077, -118.4944127
47.1476417, -118.4991404
47.1580475, -118.4942308
47.1670609, -118.4940683
47.17665, -118.4992659
47.1850256, -118.4943117
47.1940701, -118.4942164
47.2055356, -118.4992389
47.2120553, -118.494088
47.2210603, -118.4939893
47.2299623, -118.493741
47.2391355, -118.4935933
47.2485514, -118.499263
47.2609906, -118.4993
47.2609909, -118.4992224
47.2754548, -118.4992584
47.2840684, -118.4876306
47.2930603, -118.4876448
47.3091808, -118.4990726
47.3093359, -118.5000936
47.3197159, -118.5039987
47.32724210000001, -118.4975022
47.3482426, -118.4992692
47.3571489, -118.4993286
47.36284089999999, -118.4982818
47.37743709999999, -118.4993445
47.3774394, -118.4991349
47.3917906, -118.4992694
47.4064832, -118.4992765
47.4064832, -118.4992595
47.4189982, -118.5077306
47.4356914, -118.4993967
47.4356926, -118.4992425
47.4356938, -118.4990883
47.4584765, -118.5024058
47.4651977, -118.4993198
47.4731402, -118.5070076
47.4820903, -118.5068699
47.49416950000001, -118.4991942
47.4941717, -118.499404
47.5099254, -118.496672
47.5154735, -118.4983911
47.52997269999999, -118.5056402
47.5331067, -118.5074677
47.55125169999999, -118.5090958
47.5582831, -118.4993798
47.5582861, -118.4991369
47.5755936, -118.4987634
47.5785991, -118.5042049
47.590643, -118.5014036
47.5941717, -118.4973552
47.6077046, -118.4994422
47.6160592, -118.4980198
47.625829, -118.4994562
47.6348963, -118.4995786
47.6424742, -118.5005413
47.6428799, -118.5022514
47.6428965, -118.5024705
47.6853063, -118.5059855
47.6854766, -118.5054574
47.6889955, -118.5054533
47.6965475, -118.4978569
47.7135184, -118.4942717
47.7148044, -118.4992473
47.7289754, -118.4997377
47.7303665, -118.4949559
47.7447733, -118.5015457
47.7522551, -118.4990843
47.7588035, -118.4991764
47.7700799, -118.5054508
47.7804278, -118.5033108
47.78820289999999, -118.4997485
47.7971841, -118.4987026
47.8060785, -118.4996395
47.8150768, -118.4997028
47.823207, -118.5064842
47.8312623, -118.4894274
47.8347746, -118.4866287
47.8691589, -118.4866985
47.8929054, -118.4947009
47.8950306, -118.4943545
47.9057913, -118.4990631
47.9132486, -118.5052457
47.9222882, -118.5088638
47.93304, -118.49471
47.9426567, -118.4998158
47.95095629999999, -118.493454
47.9596479, -118.4944526
47.9667043, -118.4993204
47.9768322, -118.4958962
47.9813229, -118.493642
47.99359080000001, -118.5051551
48.0059488, -118.4996097
48.0130794, -118.499147
48.0192426, -118.5015214
48.0339673, -118.5102417
48.0414076, -118.5025304
48.049079, -118.4983682
48.0546753, -118.5055917
48.069211, -118.4971547
48.0719442, -118.4981865
48.0851277, -118.4881069
48.095519, -118.4982118
48.1034198, -118.498219
48.1128982, -118.4999894
48.1225332, -118.5014412
48.1292195, -118.4973221
48.13548489999999, -118.493867
48.1494844, -118.4878846
48.1600348, -118.4889107
48.1638481, -118.4887697
48.182385, -118.5085889
48.1860803, -118.5031825
48.189122, -118.498276
48.20399949999999, -118.501412
48.2109674, -118.50112
48.22006930000001, -118.4992433
48.2283055, -118.5036426
48.2389976, -118.5045576
48.2463576, -118.499618
48.246515, -118.5011157
48.2491937, -118.488964
48.24922919999999, -118.488802
48.255347, -118.4697181
48.2553924, -118.4696144
48.3465958, -118.5413961
48.4560272, -118.4786256
48.46285779999999, -118.5000187
48.4693882, -118.5091987
48.479579, -118.5126887
48.4925107, -118.512539
48.5023588, -118.5066464
48.50796, -118.4992326
48.5147646, -118.4943252
48.5168314, -118.4893692
48.5169123, -118.4891384
48.5707045, -118.5163657
48.5729719, -118.5133965
48.5965686, -118.5102135
48.60342319999999, -118.5019178
48.6043459, -118.4985361
48.6744711, -118.498449
48.6744857, -118.4989974
48.6765623, -118.5021814
48.6907723, -118.5047356
48.6992637, -118.5058858
48.7004793, -118.5055525
48.727011, -118.4954287
48.72719, -118.496453
48.72958300000001, -118.5023044
48.731338, -118.5056721
48.75831119999999, -118.5091131
48.7636829, -118.5038957
48.7683899, -118.4995155
48.77135939999999, -118.5064802
48.8016364, -118.5011353
48.80523849999999, -118.4996833
48.8102635, -118.4922393
48.81889, -118.5178678
48.849627, -118.4891493
48.8520835, -118.498987
48.8568215, -118.5059012
48.8765708, -118.5019305
48.8772666, -118.4993885
48.8863353, -118.4990508
48.89239320000001, -118.499496
48.906545, -118.5068295
48.9152409, -118.4980041
48.9224067, -118.5003287
48.9286565, -118.499862
48.9450673, -118.5023036
48.9455677, -118.5004717
46.2130648, -118.4854982
46.2215889, -118.4818932
46.2311335, -118.4840781
46.2368264, -118.4854658
46.269949, -118.4917745
46.2765658, -118.4885729
46.2843557, -118.486059
46.2940534, -118.4870927
46.3033253, -118.488408
46.311981, -118.4863292
46.3215443, -118.4858242
46.3227811, -118.4813467
46.3373815, -118.4699119
46.353759, -118.4855653
46.353759, -118.4855561
46.353759, -118.4855468
46.3937347, -118.4871231
46.3972567, -118.4856817
46.4087814, -118.4706404
46.4267313, -118.4974594
46.4276675, -118.4974151
46.4397009, -118.4835686
46.4477705, -118.4880455
46.45596, -118.4841342
46.46463079999999, -118.4836014
46.4712247, -118.4787353
46.4817417, -118.4763558
46.4938113, -118.4857485
46.4938403, -118.4850012
46.5079172, -118.4698163
46.5150588, -118.4658982
46.53169519999999, -118.5021313
46.5414147, -118.4921028
46.5458835, -118.4851998
46.5532315, -118.4797394
46.560964, -118.4856028
46.6386275, -118.4596831
46.6388131, -118.4599501
46.6513242, -118.4727927
46.6516516, -118.4732836
46.6561581, -118.4788951
46.6633322, -118.4858104
46.6720984, -118.487759
46.6789055, -118.4888501
46.6992621, -118.466417
46.7144661, -118.4858747
46.7171099, -118.4840597
46.7252151, -118.4823184
46.7314909, -118.4834503
46.7443825, -118.4757423
46.7516585, -118.4724062
46.7540585, -118.4693015
46.7809487, -118.4855608
46.789066, -118.4835766
46.798064, -118.4834116
46.807057, -118.4832581
46.81606319999999, -118.4830742
46.82486429999999, -118.4855529
46.8355206, -118.4838838
46.8430907, -118.4828181
46.8517922, -118.4833454
46.8610784, -118.4827741
46.86872020000001, -118.4855364
46.8790688, -118.4826984
46.8880669, -118.4826238
46.8970907, -118.4855537
46.90605799999999, -118.4823967
46.9129289, -118.485553
46.9241542, -118.4928267
46.9330757, -118.4928343
46.94194599999999, -118.4855535
46.9428348, -118.4905568
46.9712047, -118.4861312
46.97121569999999, -118.4856693
46.9712268, -118.4852074
46.9871442, -118.4717356
46.9961347, -118.4718128
47.013928, -118.484264
47.0144327, -118.4850016
47.0231978, -118.4856682
47.0321308, -118.4926017
47.0372877, -118.4933657
47.0500899, -118.472463
47.0590908, -118.472479
47.070241, -118.4904318
47.0730441, -118.485735
47.08842689999999, -118.4856291
47.0951013, -118.4941684
47.1032006, -118.4855527
47.1113273, -118.4855288
47.1219115, -118.494411
47.1328013, -118.4854884
47.1400832, -118.4944127
47.1477409, -118.4905145
47.1623202, -118.485237
47.1623442, -118.4859195
47.1757558, -118.4944254
47.1851739, -118.4943082
47.1940947, -118.4942163
47.2054138, -118.4855035
47.2148672, -118.4918188
47.2199505, -118.4855871
47.230252, -118.4937277
47.2389995, -118.4935903
47.2485921, -118.4855677
47.26103879999999, -118.4854775
47.2660523, -118.4875679
47.2753615, -118.4855629
47.284081, -118.4876305
47.2930825, -118.4876448
47.3020887, -118.4874964
47.3111409, -118.4869929
47.32007979999999, -118.4865854
47.3290719, -118.486737
47.3380585, -118.4869896
47.3481877, -118.4855607
47.3562686, -118.4864661
47.3650868, -118.4871044
47.3741025, -118.4870012
47.3830982, -118.4867437
47.3918287, -118.4855602
47.4010755, -118.4861974
47.41007339999999, -118.486303
47.4190723, -118.4864514
47.4205688, -118.4865408
47.4357676, -118.4855959
47.4357708, -118.4858456
47.462649, -118.4925092
47.4648686, -118.4857676
47.4651334, -118.4877646
47.4940171, -118.4854225
47.49401779999999, -118.485491
47.5000765, -118.485311
47.5051334, -118.4913292
47.5314173, -118.5058738
47.5574045, -118.4882194
47.5575421, -118.4873906
47.5630785, -118.4856474
47.5720791, -118.4856391
47.5772229, -118.4833856
47.5950069, -118.4869483
47.598945, -118.4887875
47.60887140000001, -118.4830019
47.61550020000001, -118.487446
47.6228191, -118.4956549
47.63255789999999, -118.494412
47.6425352, -118.4846964
47.643439, -118.4814876
47.6571983, -118.4640101
47.6855369, -118.5054051
47.6946077, -118.4923958
47.7008607, -118.4882826
47.7060381, -118.4825512
47.71482169999999, -118.4855204
47.7288058, -118.4849247
47.7311144, -118.4892887
47.7430076, -118.4787517
47.75179379999999, -118.4857785
47.7611325, -118.4839485
47.7661177, -118.4839788
47.7876287, -118.4782124
47.7898624, -118.4851833
47.7986574, -118.4776571
47.8045048, -118.4947515
47.8176396, -118.4908105
47.8247574, -118.4906105
47.833496, -118.4869361
47.8587447, -118.4720681
47.866689, -118.4798323
47.8689585, -118.4856265
47.8709879, -118.4813648
47.8924181, -118.4887566
47.896746, -118.4864586
47.9053575, -118.4899139
47.9138251, -118.4836361
47.9270941, -118.4858795
47.9319878, -118.4835581
47.9402859, -118.4855122
47.9526964, -118.4883044
47.957268, -118.4901555
47.9658875, -118.4834151
47.98007140000001, -118.4823509
47.9860415, -118.4854243
47.9953607, -118.4851122
48.0063003, -118.4876584
48.0121102, -118.4862445
48.015912, -118.4778988
48.040928, -118.502967
48.0426383, -118.5020784
48.0507059, -118.4953105
48.064984, -118.481029
48.0681299, -118.4870657
48.0766661, -118.4837413
48.0838759, -118.4858118
48.0949445, -118.4850439
48.1030101, -118.4851785
48.1104308, -118.48201
48.12061, -118.4848371
48.1278435, -118.4828819
48.1394435, -118.4861876
48.1481395, -118.4873082
48.1571954, -118.4853582
48.1663565, -118.4857742
48.1745121, -118.482881
48.1807268, -118.4801831
48.19930309999999, -118.4795008
48.1994564, -118.4794625
48.208639, -118.4744
48.2228022, -118.478551
48.2298738, -118.4839917
48.2380867, -118.4863486
48.2489415, -118.4863831
48.2497514, -118.4833573
48.2552567, -118.4698559
48.2623392, -118.4544854
48.2633251, -118.4526657
48.2691646, -118.4417064
48.3467673, -118.5413914
48.4583731, -118.4829645
48.4600723, -118.487091
48.4607912, -118.4900274
48.4855263, -118.4786868
48.487263, -118.4789831
48.4936539, -118.4731804
48.5092472, -118.4961421
48.51716769999999, -118.485976
48.5180421, -118.485118
48.6053486, -118.4873132
48.6053795, -118.4869053
48.6058381, -118.4846724
48.6089042, -118.4834634
48.6742159, -118.4906243
48.6940163, -118.5055047
48.7096779, -118.47646
48.7277257, -118.4937448
48.73177769999999, -118.4848917
48.7333124, -118.4795114
48.7640076, -118.4858521
48.7678525, -118.4877407
48.7683651, -118.4890389
48.8044148, -118.4833596
48.8052596, -118.4841061
48.8126656, -118.4855829
48.8383964, -118.4695148
48.8448572, -118.4790992
48.8490232, -118.4860117
48.8517342, -118.491701
48.8749026, -118.4855496
48.8765449, -118.4874653
48.885249, -118.485779
48.89505219999999, -118.4845169
48.9053499, -118.4863615
48.9133439, -118.4877841
48.918181, -118.4859722
48.9278044, -118.4983455
46.2074207, -118.4680129
46.2244482, -118.4806903
46.2322295, -118.4753515
46.2399285, -118.4712822
46.2480842, -118.4669374
46.2587105, -118.4642123
46.2666309, -118.4731231
46.2754471, -118.473898
46.2839098, -118.4772265
46.2926965, -118.4719497
46.3040112, -118.457159
46.3119459, -118.4594704
46.32149080000001, -118.4771068
46.3300731, -118.4718189
46.3388353, -118.4696043
46.3457933, -118.4649235
46.3561999, -118.4729449
46.3608713, -118.4600056
46.3663557, -118.4543792
46.3916153, -118.4681271
46.40207580000001, -118.47078
46.4100666, -118.4697835
46.4200579, -118.460268
46.4290348, -118.460239
46.4372634, -118.4717571
46.4476615, -118.4593376
46.456483, -118.4600525
46.4682172, -118.4810571
46.47430749999999, -118.4769897
46.4848086, -118.4742133
46.4939011, -118.4746894
46.5009659, -118.4694282
46.5095922, -118.4692124
46.516427, -118.4649045
46.5249846, -118.4586133
46.5371824, -118.4582151
46.5502552, -118.4811813
46.5568778, -118.4758024
46.563951, -118.4709304
46.572828, -118.4750061
46.5844161, -118.4672327
46.58964599999999, -118.4724786
46.5937146, -118.463483
46.5940419, -118.4627685
46.60655819999999, -118.4465329
46.6385695, -118.4595784
46.6389686, -118.4600887
46.6505742, -118.469371
46.6540215, -118.4721034
46.6594717, -118.4772276
46.6705512, -118.4703399
46.6814073, -118.4640299
46.6901433, -118.4641692
46.7082665, -118.4654102
46.7150506, -118.4645887
46.7283893, -118.4805176
46.7350333, -118.4756185
46.74403179999999, -118.4757192
46.7527955, -118.4704674
46.762043, -118.464722
46.7666358, -118.4663608
46.78085960000001, -118.4718428
46.791365, -118.465674
46.795495, -118.4718528
46.81012550000001, -118.4717983
46.8101268, -118.4719593
46.8248068, -118.4718566
46.8341483, -118.4629742
46.8430452, -118.4630327
46.8540929, -118.4718523
46.8540929, -118.4718547
46.871507, -118.4729115
46.8791208, -118.4629616
46.8880105, -118.4629572
46.8980233, -118.471857
46.91254230000001, -118.4733926
46.9129644, -118.4718518
46.92777160000001, -118.4647845
46.933755, -118.4639566
46.9422133, -118.4718544
46.9512152, -118.4610493
46.9600526, -118.461009
46.9715201, -118.4719549
46.9780798, -118.471649
46.9870797, -118.4717348
46.9960792, -118.4718123
47.0050788, -118.4719073
47.0140785, -118.4719813
47.0230762, -118.4721252
47.0321074, -118.4723099
47.0410756, -118.4724046
47.0500785, -118.472463
47.0590785, -118.472479
47.06807850000001, -118.4724954
47.0770809, -118.4724863
47.0860746, -118.4725141
47.0950757, -118.4726022
47.1032893, -118.4718353
47.1114377, -118.4718245
47.1325667, -118.4717418
47.1325672, -118.471837
47.1400756, -118.4729498
47.1490734, -118.473038
47.1580705, -118.4731691
47.1670837, -118.4732104
47.176077, -118.4732807
47.18509510000001, -118.4731517
47.19408540000001, -118.4729172
47.2030867, -118.4726272
47.21208499999999, -118.4724421
47.2210828, -118.4721354
47.230079, -118.4719486
47.239079, -118.4718775
47.248079, -118.4718601
47.2570788, -118.4719359
47.2608407, -118.4718282
47.2754363, -118.471857
47.285235, -118.468515
47.28720089999999, -118.468247
47.3046087, -118.4717627
47.304614, -118.472083
47.320092, -118.4865853
47.3339642, -118.4716059
47.3339748, -118.4720603
47.3481939, -118.4718538
47.360322, -118.478692
47.3635216, -118.4708977
47.3773422, -118.4717771
47.38297900000001, -118.4650833
47.391837, -118.4718495
47.4010664, -118.4646484
47.41001199999999, -118.4645503
47.4190096, -118.4643692
47.4280208, -118.4642609
47.43572409999999, -118.4718581
47.4460266, -118.4639807
47.4550928, -118.464008
47.464577, -118.4718776
47.4731211, -118.4641711
47.4820549, -118.4641741
47.4938849, -118.4717841
47.5000548, -118.4639105
47.5090244, -118.4638158
47.5161708, -118.4637337
47.516396, -118.4633383
47.5586824, -118.4768767
47.5591404, -118.4701872
47.5597027, -118.4725891
47.57510749999999, -118.4723259
47.5810356, -118.4699987
47.59517229999999, -118.471849
47.5951724, -118.4718557
47.6074665, -118.4632884
47.6171412, -118.4629702
47.62597969999999, -118.4628782
47.6321285, -118.4629092
47.6447053, -118.4721029
47.6533267, -118.4637757
47.6953647, -118.4526001
47.6961456, -118.4535398
47.7027726, -118.4848856
