48.4694382, -121.1632168
48.4742054, -121.1599031
48.4750447, -121.1588224
48.4861789, -121.1413057
48.4869779, -121.1403932
48.5140924, -121.2210939
48.6422547, -121.225075
48.7015251, -121.1928633
48.704744, -121.1790921
48.70475769999999, -121.1790075
48.70518449999999, -121.1774822
48.7070157, -121.1725733
48.7091821, -121.1668686
48.7136389, -121.1586502
48.7157261, -121.1541441
48.71903330000001, -121.1478305
46.2113472, -121.1576752
46.2220814, -121.1573007
46.2303852, -121.1543018
46.2398468, -121.162895
46.2503789, -121.1593831
46.2579173, -121.1575878
46.26661199999999, -121.1552291
46.2760651, -121.1582693
46.2844889, -121.1594758
46.2953827, -121.1600224
46.3033102, -121.1586086
46.3116078, -121.1607173
46.3209984, -121.1585464
46.3325075, -121.1609151
46.338971, -121.1578432
46.34801119999999, -121.1596411
46.3542534, -121.1598038
46.366701, -121.157553
46.3752591, -121.1588687
46.3844963, -121.1570283
46.391661, -121.1514908
46.4074261, -121.1341327
46.46297939999999, -121.1688496
46.4630203, -121.1686665
46.4631485, -121.1683265
46.4683256, -121.1564927
46.4774837, -121.1578246
46.4817531, -121.1591853
46.49221, -121.158307
46.5056562, -121.1525545
46.5084366, -121.1588304
46.5256005, -121.1697753
46.530655, -121.1585083
46.5386191, -121.1536376
46.54438589999999, -121.1594361
46.55355830000001, -121.1582267
46.5586397, -121.1577895
46.58243849999999, -121.1614473
46.5830444, -121.1607919
46.5904693, -121.1572419
46.6018846, -121.153956
46.6093052, -121.1583836
46.6167932, -121.1574613
46.6284672, -121.1585788
46.6314206, -121.1587936
46.6457187, -121.1579126
46.6539046, -121.1582294
46.6649776, -121.1573102
46.67158269999999, -121.1539674
46.6807489, -121.1551706
46.681323, -121.1542539
46.7034499, -121.1437115
46.7158725, -121.1602917
46.71623899999999, -121.1580811
46.7164321, -121.1569163
46.7302905, -121.1351437
46.7394007, -121.1326894
46.7599227, -121.1422706
46.76607449999999, -121.145726
46.8124366, -121.1472427
46.81423830000001, -121.1503239
46.8146673, -121.1510235
46.8407239, -121.136108
46.8510388, -121.1490853
46.85124949999999, -121.1493434
46.8665165, -121.146334
46.8676831, -121.1469641
46.88507490000001, -121.1521176
46.88940770000001, -121.156078
46.9002121, -121.1616945
46.9045602, -121.1555318
46.92109960000001, -121.1558394
46.9240869, -121.1583156
46.9333275, -121.1570257
46.9420802, -121.1583257
46.9522457, -121.1563289
46.9549944, -121.1523904
46.9711068, -121.1646259
46.9781743, -121.1583682
46.990448, -121.1653025
46.995839, -121.1578959
47.0063287, -121.1571956
47.01693849999999, -121.1536044
47.0220058, -121.1599379
47.03141859999999, -121.160121
47.03540599999999, -121.1650977
47.0375901, -121.17048
47.044432, -121.1813547
47.0480005, -121.1871387
47.0480877, -121.1872749
47.0997138, -121.1105971
47.1218673, -121.1236242
47.1220597, -121.1237228
47.1315373, -121.1198224
47.1316436, -121.1197471
47.1827416, -121.1336148
47.18450800000001, -121.137611
47.214492, -121.1528486
47.2154177, -121.154638
47.2210651, -121.1590851
47.2300679, -121.1579986
47.2390863, -121.1676152
47.247247, -121.1626074
47.2675601, -121.1740746
47.2796171, -121.1922123
47.3287035, -121.1729672
47.3297251, -121.1724535
47.3441262, -121.1612761
47.3493591, -121.1591581
47.3540371, -121.1573425
47.37216850000001, -121.1616544
47.3730828, -121.1583058
47.3730869, -121.1580908
47.3960034, -121.176462
47.4055718, -121.1712925
47.4126473, -121.1646232
47.4200011, -121.1583609
47.423364, -121.1652056
47.4303693, -121.1741832
47.4329798, -121.1767023
47.4481249, -121.19224
47.4488824, -121.1926178
47.4609852, -121.2036127
47.4611532, -121.2037654
47.4628281, -121.2057871
47.543133, -121.097586
47.5447579, -121.0977041
47.545064, -121.0976371
47.6499522, -121.1884397
47.6561843, -121.1874972
47.6633886, -121.1866803
47.6665649, -121.1872461
47.6785006, -121.1908768
47.7067667, -121.1585595
47.7068656, -121.1581613
47.7113498, -121.1603057
47.7248394, -121.141875
47.7412972, -121.160579
47.7427964, -121.1596796
47.749842, -121.154678
47.7647008, -121.1615823
47.7696195, -121.1572414
47.779727, -121.159488
47.8198804, -121.1789808
47.8229291, -121.1816594
47.8231607, -121.1819638
47.8234355, -121.1824576
47.8235742, -121.1828948
47.9979401, -121.2252321
48.2480995, -121.1921325
48.2502123, -121.1956893
48.4636287, -121.1664219
48.463658, -121.1662154
48.4643524, -121.1632407
48.4653678, -121.1568758
48.471787, -121.1606074
48.4779675, -121.1526837
48.4836986, -121.1435576
48.4877991, -121.1387691
48.4913303, -121.1286556
48.7047898, -121.178858
48.7052916, -121.1771129
48.7059527, -121.1752445
48.7083906, -121.168619
48.7103298, -121.1641045
48.7141835, -121.1575044
46.2121108, -121.1455681
46.2221273, -121.1444368
46.2313394, -121.1453408
46.24007599999999, -121.14518
46.2485046, -121.1468856
46.2585994, -121.1437488
46.2660607, -121.1452304
46.2752006, -121.1461666
46.28720999999999, -121.1444171
46.2936822, -121.1433878
46.3033899, -121.1475571
46.3143954, -121.1439621
46.3179495, -121.1457862
46.32931079999999, -121.1447717
46.3401769, -121.1478132
46.3482394, -121.1450233
46.3569256, -121.1443009
46.3660881, -121.1446695
46.3765577, -121.1426329
46.3842497, -121.1434972
46.3930168, -121.1439696
46.3980894, -121.1382576
46.4074986, -121.1339742
46.4086315, -121.1310659
46.4510201, -121.1155791
46.4679039, -121.1544559
46.4690024, -121.1534759
46.4747095, -121.1506753
46.4793516, -121.1493152
46.4917501, -121.1451295
46.5016351, -121.1443898
46.5041409, -121.149264
46.5303236, -121.1448967
46.5303253, -121.1447159
46.5348957, -121.1446707
46.550383, -121.1421163
46.5538734, -121.1456528
46.5560999, -121.1514722
46.5780397, -121.1409139
46.5819919, -121.1404512
46.5914357, -121.1446703
46.5997099, -121.1455421
46.6064908, -121.1499905
46.6184124, -121.1445757
46.6265648, -121.1450973
46.63613350000001, -121.1453886
46.6469291, -121.1462427
46.6540639, -121.1442855
46.6660125, -121.1478418
46.6740243, -121.143747
46.6811478, -121.1457035
46.6848734, -121.1442909
46.7011468, -121.141733
46.7054926, -121.1449707
46.7162394, -121.1501379
46.7300937, -121.135166
46.7304331, -121.1350558
46.7413799, -121.1316349
46.75695409999999, -121.1381251
46.76258319999999, -121.1426013
46.7781156, -121.1169244
46.8124261, -121.1459249
46.8124513, -121.1454887
46.8144871, -121.1424371
46.8218098, -121.1364972
46.8506596, -121.145212
46.86469109999999, -121.1431086
46.87725529999999, -121.1427049
46.8880946, -121.1453366
46.8969816, -121.1445669
46.9041916, -121.1447402
46.9165625, -121.1431463
46.9240743, -121.1443232
46.9330405, -121.1502788
46.9424338, -121.1449161
46.9505949, -121.1435714
46.956984, -121.1415658
46.9797886, -121.1499422
46.9807056, -121.1459605
46.9846408, -121.1384534
46.9973724, -121.1482117
47.00568810000001, -121.1443152
47.01436899999999, -121.1423101
47.0228899, -121.1448587
47.0274157, -121.1518664
47.0321728, -121.1608599
47.12227439999999, -121.1235584
47.1824561, -121.1328973
47.20782759999999, -121.135329
47.2135793, -121.1424424
47.21976859999999, -121.1451478
47.228634, -121.156779
47.2306015, -121.1582368
47.294911, -121.1025148
47.3040576, -121.1019121
47.3368445, -121.1264811
47.3463517, -121.1471141
47.3473297, -121.1449134
47.35611369999999, -121.1446928
47.3657937, -121.1434535
47.3708973, -121.1489037
47.3722827, -121.1529923
47.37274739999999, -121.1546987
47.416259, -121.147646
47.4187028, -121.1446473
47.4192535, -121.1463729
47.4192653, -121.1465808
47.4316952, -121.1754115
47.4495843, -121.193337
47.6652154, -121.1867428
47.7068004, -121.1583457
47.7068562, -121.1581819
47.7092727, -121.1456786
47.7092901, -121.1455463
47.7154704, -121.1449959
47.72491489999999, -121.141869
47.7317529, -121.1390214
47.7471404, -121.1538918
47.7486703, -121.1539148
47.7665903, -121.1597712
47.7721723, -121.1533956
47.775749, -121.151831
47.8200306, -121.1790646
47.9136145, -121.0880295
47.9184464, -121.0876405
48.4642308, -121.1521007
48.4763453, -121.1540232
48.48140679999999, -121.1449641
48.4910477, -121.1293723
48.4921876, -121.1262692
48.4925256, -121.1252276
48.69000450000001, -121.1035927
48.6902515, -121.1039279
48.6950474, -121.1090159
48.70796300000001, -121.1386901
48.7079955, -121.138865
48.709786, -121.1454018
48.7147569, -121.1428025
46.213117, -121.1310402
46.2215778, -121.1268269
46.2310151, -121.1310573
46.2400719, -121.1309689
46.2489348, -121.1328883
46.2583703, -121.1312298
46.2659511, -121.1289379
46.2763903, -121.130148
46.2869922, -121.1318604
46.2940643, -121.1339137
46.3013219, -121.1275605
46.3096845, -121.1351259
46.3217027, -121.1306534
46.3356806, -121.1298877
46.33828010000001, -121.1324958
46.3465616, -121.1290923
46.3578025, -121.1330265
46.36691709999999, -121.1303338
46.373922, -121.1324092
46.3838684, -121.1308292
46.392767, -121.1303216
46.4020477, -121.13066
46.4087381, -121.1303943
46.4090478, -121.1288884
46.4699055, -121.1527365
46.4872677, -121.1319431
46.4926134, -121.1309223
46.5009275, -121.1310318
46.5009328, -121.1310568
46.5299552, -121.1312087
46.5299584, -121.1310387
46.538083, -121.1309972
46.54017899999999, -121.1330848
46.55661200000001, -121.1327358
46.5570753, -121.1311255
46.5782063, -121.1398289
46.5861477, -121.1369635
46.5946857, -121.1341208
46.6023094, -121.131962
46.6055527, -121.1356076
46.62016, -121.132139
46.6270631, -121.1311254
46.6360815, -121.131273
46.6451198, -121.1323234
46.6545936, -121.1318545
46.6625469, -121.1275944
46.6737066, -121.1303007
46.6828257, -121.1286048
46.6953843, -121.1313939
46.6973822, -121.1338036
46.7133433, -121.1268304
46.715835, -121.1301018
46.7261978, -121.1304595
46.7349719, -121.1312453
46.7438469, -121.1303499
46.7553553, -121.1276526
46.7567214, -121.1320842
46.7719484, -121.1211873
46.8087976, -121.1227799
46.81200519999999, -121.1279271
46.8154526, -121.130085
46.8219785, -121.1335127
46.8378029, -121.1283478
46.84266030000001, -121.1313488
46.8512973, -121.1319992
46.8649229, -121.1305988
46.8688277, -121.1314471
46.8795424, -121.1303734
46.88947839999999, -121.1316716
46.89863219999999, -121.1297621
46.9060297, -121.1308381
46.9147758, -121.1300251
46.9272131, -121.1315608
46.9346081, -121.1301642
46.9423644, -121.1312328
46.95034709999999, -121.1297837
46.96007849999999, -121.1309634
46.9693464, -121.1235219
46.9811171, -121.1301194
46.983886, -121.135258
46.9999157, -121.1227552
47.0057999, -121.1266343
47.0131248, -121.1316421
47.0185831, -121.1292224
47.0214915, -121.1419024
47.0275433, -121.1520865
47.07512999999999, -121.083157
47.120928, -121.1217112
47.1316941, -121.119648
47.1821946, -121.1305019
47.1821986, -121.1307232
47.1823218, -121.1317946
47.2006114, -121.1237633
47.204657, -121.1304474
47.2122018, -121.1302172
47.2210624, -121.1311902
47.2214778, -121.1312485
47.25077450000001, -121.1009773
47.2901168, -121.0995375
47.2942802, -121.1022558
47.2948428, -121.1025063
47.3039601, -121.1018997
47.31730049999999, -121.1020245
47.3379495, -121.1266069
47.3505948, -121.1360924
47.3560272, -121.1342917
47.3627276, -121.1313416
47.3760003, -121.1081414
47.3988238, -121.1089385
47.41029839999999, -121.1237179
47.4121792, -121.1278846
47.4159387, -121.1330987
47.4179785, -121.1369477
47.4190992, -121.1405582
47.4191971, -121.1410223
47.5279911, -121.0793909
47.5365748, -121.0898328
47.6564706, -121.187456
47.7097626, -121.1432028
47.71145, -121.1361641
47.71228720000001, -121.1303659
47.7167814, -121.1309252
47.7258607, -121.1376447
47.7345075, -121.1317738
47.7418327, -121.1281109
47.7531004, -121.1283493
47.753339, -121.128221
47.77464930000001, -121.1520011
47.775808, -121.151907
47.8215627, -121.1803687
47.8658252, -121.075462
47.9056781, -121.0817013
47.913429, -121.0878939
48.481651, -121.1445287
48.4882818, -121.1356799
48.4902627, -121.1311566
48.4922917, -121.1259483
48.4926334, -121.1246288
48.4928613, -121.1233634
48.685381, -121.0945368
48.6897335, -121.1030621
48.6899594, -121.1035183
48.6903634, -121.104048
48.695318, -121.1092593
48.7080085, -121.137948
48.71020069999999, -121.128716
48.7144242, -121.1317902
48.7189433, -121.126454
48.7202853, -121.1226984
48.7203767, -121.1222945
48.7203907, -121.1221946
48.9749326, -121.0832627
46.2130002, -121.1172603
46.22095770000001, -121.1207806
46.2353841, -121.1136463
46.2389761, -121.1177332
46.2479555, -121.1190144
46.2578941, -121.1176438
46.2673213, -121.1179113
46.27613220000001, -121.1174086
46.2850561, -121.117322
46.2946891, -121.1170136
46.29953279999999, -121.1230601
46.3155608, -121.1184412
46.3184542, -121.1197566
46.333386, -121.1154992
46.3382019, -121.1228414
46.3494429, -121.1177697
46.3600196, -121.1222004
46.3675985, -121.1253507
46.3741602, -121.1171798
46.3837974, -121.1180064
46.3908155, -121.1142069
46.3996603, -121.1180887
46.4151859, -121.1012094
46.4534315, -121.1134734
46.4542994, -121.1106064
46.4649841, -121.0976104
46.4873244, -121.131837
46.49744829999999, -121.1208377
46.4988597, -121.1170523
46.4993582, -121.1131198
46.527472, -121.1149117
46.5279847, -121.1173
46.5351776, -121.1162826
46.5381379, -121.1241643
46.5570204, -121.1179054
46.5583269, -121.1138799
46.584812, -121.112643
46.5859429, -121.1119756
46.6046688, -121.1186529
46.6079927, -121.1185845
46.61694290000001, -121.1217645
46.63064199999999, -121.1138181
46.6368184, -121.112439
46.6425326, -121.1143019
46.66242159999999, -121.1195801
46.66288489999999, -121.1171851
46.6729766, -121.116891
46.6816633, -121.1177132
46.6889563, -121.1194384
46.6999084, -121.1157229
46.7106739, -121.1149448
46.7163475, -121.1174836
46.72128960000001, -121.126875
46.7426578, -121.1223148
46.7450629, -121.1186761
46.7534038, -121.1250761
46.7625915, -121.113258
46.77154180000001, -121.1167992
46.7791884, -121.1152931
46.7842827, -121.1104836
46.8021407, -121.1078804
46.8082196, -121.1169653
46.8175065, -121.1255607
46.8210297, -121.129059
46.8357513, -121.1170739
46.8431079, -121.117303
46.84934459999999, -121.1135364
46.8659301, -121.1182595
46.87006359999999, -121.1172531
46.8802195, -121.113266
46.8914223, -121.1158628
46.8958489, -121.1178284
46.9063575, -121.1166113
46.9154209, -121.1172033
46.924164, -121.1147604
46.9344681, -121.1183862
46.9420809, -121.1172618
46.95448090000001, -121.115643
46.9603437, -121.1153837
46.9689832, -121.1173085
46.9825118, -121.1135896
46.98615210000001, -121.1161368
46.9977255, -121.1165993
47.0054724, -121.1175062
47.016213, -121.1119709
47.0218325, -121.1178222
47.0218395, -121.1179054
47.0750757, -121.0831394
47.1004842, -121.1097044
47.1143405, -121.1079849
47.1206731, -121.117709
47.1310234, -121.1172895
47.13226, -121.1123733
47.132293, -121.1122174
47.1726927, -121.1014625
47.1764946, -121.1073544
47.1797853, -121.1129136
47.1834721, -121.1200182
47.194906, -121.1106198
47.2056339, -121.115168
47.2147648, -121.1163095
47.2167153, -121.1176477
47.2210798, -121.1238879
47.282516, -121.091218
47.2947161, -121.1024759
47.3036944, -121.1018543
47.3061659, -121.101313
47.3225493, -121.1028481
47.3303133, -121.1060258
47.3415139, -121.1228477
47.3477405, -121.1194961
47.3561055, -121.1171902
47.36560360000001, -121.1146026
47.3698647, -121.1125988
47.3761101, -121.107986
47.3958935, -121.1065598
47.403093, -121.1111197
47.4098923, -121.1177565
47.4105693, -121.1189629
47.4158523, -121.132873
47.4178676, -121.1366049
47.4993184, -121.0568809
47.5029322, -121.0582496
47.5209415, -121.07192
47.528265, -121.0796975
47.53667249999999, -121.0899201
47.709233, -121.106629
47.716349, -121.1174244
47.7212833, -121.1160154
47.73810169999999, -121.1070291
47.7449225, -121.1223963
47.7510769, -121.1169362
47.751085, -121.1168803
47.753308, -121.1279217
47.7724031, -121.0873124
47.77386569999999, -121.0865973
47.8019305, -121.0795126
47.8019922, -121.0795155
47.8020187, -121.0794997
47.802153, -121.0793504
47.8029704, -121.0780128
47.8935703, -121.0744246
47.905885, -121.0818712
48.4915277, -121.1100848
48.4917553, -121.1113834
48.4926792, -121.1170026
48.4927169, -121.1178802
48.4927405, -121.1184909
48.492766, -121.1192128
48.4927915, -121.1199346
48.492817, -121.1206565
48.6857473, -121.0951521
48.6943439, -121.1080165
48.6976108, -121.1099309
48.7077073, -121.1158438
48.7183524, -121.1180627
48.7202687, -121.1214246
48.7204047, -121.1218327
46.2125422, -121.1037957
46.2179399, -121.1019049
46.231911, -121.1031603
46.2411295, -121.1047589
46.25210690000001, -121.0991291
46.25789100000001, -121.1038349
46.26781769999999, -121.1044238
46.2767999, -121.1072534
46.2813548, -121.1043868
46.2943148, -121.1143485
46.2954174, -121.1145889
46.3149676, -121.1066154
46.3209174, -121.1033633
46.3300115, -121.1024148
46.3391072, -121.1035927
46.35450729999999, -121.1020678
46.3570724, -121.1035107
46.3628495, -121.1050637
46.37261849999999, -121.101972
46.3831823, -121.1026963
46.3931788, -121.103242
46.4033092, -121.1042834
46.4085407, -121.0984219
46.4153749, -121.100754
46.4154825, -121.1002676
46.4508108, -121.1068194
46.4560318, -121.1034784
46.4648548, -121.0976802
46.469521, -121.0910873
46.4957716, -121.0996029
46.4958471, -121.0998403
46.4982149, -121.1049199
46.5093623, -121.0974572
46.5259839, -121.1008797
46.5283993, -121.1030322
46.5305389, -121.10735
46.538078, -121.0925227
46.5593023, -121.1039488
46.5595363, -121.102699
46.58606109999999, -121.1102336
46.5918977, -121.1029092
46.5994892, -121.1030084
46.6064793, -121.1044078
46.6177763, -121.1026282
46.6246281, -121.1035257
46.6355252, -121.110374
46.6448741, -121.1011818
46.65008419999999, -121.0990334
46.6633761, -121.1034891
46.6720792, -121.1052516
46.6783565, -121.1047617
46.6897907, -121.1039932
46.6974101, -121.1035362
46.7057343, -121.1043665
46.71679719999999, -121.1006627
46.7440984, -121.0933706
46.7468746, -121.1036407
46.7528254, -121.1014961
46.7620924, -121.1035818
46.7726877, -121.1041778
46.783117, -121.1026469
46.7874561, -121.1007438
46.7954421, -121.1004732
46.8066263, -121.1041018
46.8084269, -121.101012
46.8348422, -121.1047835
46.8349217, -121.1036801
46.8449367, -121.1027736
46.8520346, -121.1036854
46.85440759999999, -121.0994486
46.8695148, -121.102945
46.8792092, -121.1032059
46.8885659, -121.1035231
46.89675709999999, -121.1040481
46.9052576, -121.1092293
46.9181304, -121.1006966
46.9259166, -121.1038122
46.93470749999999, -121.106393
46.9419309, -121.1034384
46.9512988, -121.1038274
46.9617911, -121.0995661
46.96862420000001, -121.1044969
46.9780933, -121.1035694
46.9875604, -121.1034787
46.9954394, -121.1040499
47.00647619999999, -121.1043015
47.0139535, -121.1051904
47.01942409999999, -121.1134683
47.0217216, -121.1175993
47.0750261, -121.0830192
47.07518169999999, -121.0831501
47.0999906, -121.1101403
47.1044351, -121.1049123
47.1132654, -121.1027703
47.1198133, -121.107811
47.1304475, -121.1056332
47.1367509, -121.0962842
47.1420174, -121.0880547
47.1612422, -121.0897371
47.1726253, -121.1012539
47.1758287, -121.1039496
47.1835748, -121.1060125
47.1924108, -121.1040673
47.2030809, -121.1039061
47.2120559, -121.1035677
47.2161029, -121.108449
47.2348362, -121.0909583
47.2348763, -121.0909912
47.251033, -121.1001508
47.2511127, -121.0997037
47.280554, -121.0898303
47.28984699999999, -121.0990058
47.2938546, -121.1018676
47.3024053, -121.1013598
47.31088680000001, -121.0994114
47.3200657, -121.1023414
47.3290471, -121.1037029
47.33838799999999, -121.1051153
47.3470728, -121.1036349
47.356128, -121.1051079
47.3651262, -121.1018636
47.3741866, -121.1023103
47.3861718, -121.0985899
47.3921901, -121.1030998
47.4002397, -121.1092496
47.4097626, -121.1044485
47.4100634, -121.1050142
47.4199666, -121.0866698
47.4406999, -121.059761
47.4435829, -121.057539
47.46576109999999, -121.0480353
47.4992104, -121.0568088
47.51874549999999, -121.0695892
47.528313, -121.0797513
47.71807039999999, -121.109017
47.7193754, -121.1107159
47.7364077, -121.1048913
47.7419918, -121.1007323
47.7501006, -121.1038398
47.75034489999999, -121.1059027
47.8018553, -121.0794839
47.8020575, -121.0794685
47.803242, -121.0773943
47.9131228, -121.0876183
48.47453549999999, -121.0767123
48.4745637, -121.0767728
48.4754531, -121.0775478
48.49034640000001, -121.0997079
48.4910863, -121.1025532
48.4920945, -121.1065477
48.4921399, -121.1067887
48.4921567, -121.1069835
48.4921717, -121.1072361
48.6852727, -121.093965
48.6853099, -121.0941988
48.6855148, -121.0947615
48.6895512, -121.1025306
48.69420179999999, -121.1077954
48.7049571, -121.0962975
48.7099442, -121.0968911
48.7190423, -121.1181994
48.719292, -121.1184908
48.72035340000001, -121.1216025
48.7203842, -121.1217112
46.2132736, -121.0882393
46.2220874, -121.0901008
46.2303422, -121.0888929
46.24244299999999, -121.0871747
46.247133, -121.0927837
46.2622206, -121.0858662
46.2662877, -121.091897
46.2752604, -121.0936595
46.27936829999999, -121.0852757
46.3162227, -121.1045098
46.3207061, -121.0936671
46.3215982, -121.0922464
46.33000330000001, -121.0888157
46.3393702, -121.0893065
46.3485844, -121.0917615
46.3570941, -121.0898491
46.3644324, -121.0894384
46.3734762, -121.0908902
46.3836459, -121.0897102
46.3934447, -121.0903459
46.40226819999999, -121.0918133
46.410949, -121.0897791
46.4167253, -121.0852798
46.4223219, -121.0787939
46.4466618, -121.0701255
46.4595298, -121.0987779
46.4656665, -121.0927001
46.47119910000001, -121.0878851
46.4712758, -121.0874661
46.4962297, -121.0930929
46.5014648, -121.0898821
46.51205419999999, -121.0892092
46.5224262, -121.0895211
46.5238646, -121.092737
46.5378623, -121.0896641
46.5400554, -121.0872559
46.5582041, -121.090023
46.55973119999999, -121.0906399
46.5894184, -121.1009605
46.5898551, -121.1006906
46.600325, -121.1020272
46.6064185, -121.1042378
46.6251482, -121.0851114
46.6278396, -121.0865374
46.635253, -121.0875415
46.6446219, -121.0935031
46.6547865, -121.0907243
46.663242, -121.0881817
46.6726158, -121.089146
46.6810948, -121.0895007
46.6898614, -121.0919822
46.6972151, -121.0878907
46.7071484, -121.0886251
46.714635, -121.0896558
46.7166588, -121.0815444
46.74522510000001, -121.0898364
46.7518045, -121.0879919
46.7637543, -121.092718
46.770789, -121.0914901
46.7800599, -121.0895722
46.7871618, -121.0876965
46.79701, -121.0886764
46.8071592, -121.089811
46.81057089999999, -121.092148
46.83600920000001, -121.0944194
46.8362544, -121.0937862
46.8452315, -121.090114
46.848094, -121.0901738
46.8547961, -121.0947031
46.8738602, -121.0927258
46.8786115, -121.0907358
46.8871328, -121.0957747
46.896591, -121.0898615
46.9059005, -121.0890465
46.9170654, -121.0916943
46.92480490000001, -121.0891127
46.9333289, -121.0903725
46.9424028, -121.0888022
46.95110090000001, -121.0898366
46.9615916, -121.0863726
46.9682533, -121.0908226
46.9783345, -121.0944981
46.9864256, -121.0916004
46.99200339999999, -121.0985798
47.0101701, -121.0986265
47.0104045, -121.0987283
47.0141187, -121.1053281
47.01957789999999, -121.1136943
47.0759635, -121.0818438
47.1019535, -121.1074369
47.1060382, -121.1041537
47.1172459, -121.093324
47.11996, -121.0871357
47.1292084, -121.0943281
47.1396901, -121.0891031
47.1442594, -121.085055
47.1668473, -121.0899435
47.1763475, -121.0885789
47.1850278, -121.0895383
47.1948316, -121.0911741
47.2030959, -121.0933776
47.2120791, -121.0898432
47.215644, -121.0944226
47.2318783, -121.0859425
47.2482047, -121.0897497
47.2510251, -121.0940097
47.2694629, -121.078983
47.28003169999999, -121.0890607
47.2841164, -121.089772
47.2945343, -121.0926691
47.3028438, -121.0915448
47.3090956, -121.0854318
47.3196489, -121.0932455
47.32510509999999, -121.0950798
47.3320703, -121.100975
47.3462028, -121.103495
47.35869590000001, -121.0890142
47.3647212, -121.0920559
47.3738209, -121.090544
47.3842255, -121.0940427
47.3933309, -121.0911926
47.399448, -121.0914927
47.40994670000001, -121.092024
47.4189581, -121.0868685
47.44050259999999, -121.0598653
47.4653755, -121.0480216
47.4910317, -121.0513571
47.5273458, -121.0785567
47.5292415, -121.0804644
47.5364102, -121.0894914
47.5417655, -121.093254
47.709455, -121.106489
47.7264952, -121.0853594
47.7342091, -121.0900053
47.7434994, -121.0901056
47.7476184, -121.0878996
47.7657913, -121.0799544
47.8018131, -121.0794562
47.8030383, -121.0778726
47.8034353, -121.0768307
47.8126056, -121.0608458
47.8854705, -121.0709909
47.90162369999999, -121.0766026
47.9070746, -121.0825058
47.91399269999999, -121.0879977
48.4745072, -121.0766171
48.4841941, -121.0825929
48.489638, -121.0906866
48.4899397, -121.0916391
48.4903994, -121.0961054
48.49083659999999, -121.0986776
48.4918291, -121.1051417
48.685256, -121.0928364
48.6868209, -121.0932621
48.6967489, -121.0953323
48.7079641, -121.0896615
48.7098819, -121.0927199
48.7166118, -121.0780958
48.72392869999999, -121.0666011
48.7277153, -121.0627248
48.7277494, -121.0626712
46.2134531, -121.0743012
46.2249437, -121.0756942
46.2305147, -121.0755297
46.2399926, -121.0764423
46.2454608, -121.0797335
46.26127349999999, -121.0747651
46.2681131, -121.074978
46.2740365, -121.0778795
46.2990961, -121.0605309
46.3037596, -121.0631763
46.3145205, -121.066011
46.3217206, -121.0770514
46.33329029999999, -121.072963
46.3358077, -121.0761086
46.3466736, -121.0771616
46.3573998, -121.0749251
46.3659992, -121.0761732
46.3748997, -121.0761381
46.38530739999999, -121.0752121
46.3946427, -121.0770626
46.4013584, -121.075163
46.4100092, -121.0772324
46.4207663, -121.0754643
46.4235329, -121.0719966
46.45427900000001, -121.063848
46.46995829999999, -121.0776752
46.4714529, -121.0758271
46.4951738, -121.0757876
46.5007691, -121.0756481
46.5090806, -121.0720014
46.5195841, -121.0758039
46.5317908, -121.0740706
46.5362906, -121.0766782
46.5429995, -121.0788275
46.5571079, -121.0753046
46.5572786, -121.0761308
46.5584655, -121.0832252
46.58679559999999, -121.0631421
46.6205875, -121.0777317
46.6206199, -121.0774844
46.630319, -121.0786004
46.6352419, -121.0753383
46.6450675, -121.0759482
46.6541058, -121.0758973
46.6632668, -121.0758614
46.6719558, -121.0756367
46.680417, -121.0742022
46.6900375, -121.0761898
46.69828529999999, -121.0756344
46.7075222, -121.0878085
46.7184512, -121.0765605
46.7204098, -121.0710582
46.7464094, -121.0812777
46.7473539, -121.076086
46.7530043, -121.0749849
46.76564, -121.0723593
46.7711374, -121.0744201
46.7800842, -121.0761468
46.7890143, -121.0770591
46.7979056, -121.0786362
46.809296, -121.0784049
46.8120292, -121.0787316
46.8120742, -121.0788844
46.8426312, -121.0804313
46.843759, -121.0765789
46.8522835, -121.0760156
46.8532628, -121.079485
46.8776309, -121.0836053
46.8796931, -121.0760767
46.888762, -121.0760843
46.8950466, -121.0768584
46.9098079, -121.0818406
46.9126955, -121.0793211
46.925701, -121.0768917
46.9311647, -121.0769779
46.9418969, -121.0774828
46.951077, -121.0761377
46.9587263, -121.0776259
46.9696353, -121.0757668
46.9759039, -121.08013
46.9861632, -121.0742091
46.9862901, -121.0739335
47.0101709, -121.0986256
47.0103067, -121.098648
47.0104523, -121.0988137
47.0578449, -121.0454989
47.0654924, -121.0572053
47.0701444, -121.066609
47.0708084, -121.0679205
47.0769185, -121.0761078
47.0776949, -121.0733222
47.1206547, -121.083234
47.121111, -121.0815939
47.1229807, -121.077081
47.1244769, -121.0710692
47.1393649, -121.0762696
47.1439937, -121.0732255
47.1627989, -121.0740459
47.16486279999999, -121.0781415
47.1794683, -121.0757016
47.1854942, -121.076168
47.19470399999999, -121.0758335
47.2031369, -121.0760924
47.2108655, -121.077276
47.2234889, -121.0683524
47.2300457, -121.076255
47.237466, -121.080235
47.2474812, -121.073067
47.2624061, -121.0670321
47.26684669999999, -121.0751338
47.2753309, -121.0755026
47.2840857, -121.0760929
47.2940225, -121.0770344
47.2960792, -121.077063
47.312754, -121.081854
47.3230469, -121.0924566
47.3587165, -121.0888135
47.3588853, -121.0885306
47.3674007, -121.0816158
47.3802684, -121.0716342
47.38475560000001, -121.0790232
47.38933919999999, -121.0744552
47.3950579, -121.0832804
47.4151069, -121.0819186
47.4193977, -121.0778904
47.4252394, -121.0702491
47.43108429999999, -121.0653724
47.4659279, -121.0479485
47.4908565, -121.051222
47.515325, -121.0648632
47.5207367, -121.0717122
47.5263427, -121.0766921
47.5326179, -121.0823454
47.5357351, -121.0859308
47.5416226, -121.0929756
47.7254278, -121.072598
47.7259702, -121.0731973
47.72970979999999, -121.0753029
47.7474791, -121.0844804
47.75289919999999, -121.0783486
47.7611736, -121.0757393
47.7703529, -121.07672
47.7748515, -121.0714814
47.79508060000001, -121.0623732
47.8017616, -121.0791277
47.8038292, -121.0749762
47.81184620000001, -121.061688
47.8127348, -121.0606361
47.8149705, -121.0562422
47.8668717, -121.0729602
47.9034834, -121.0780481
47.91094890000001, -121.084177
48.47451359999999, -121.0764644
48.4804967, -121.0797756
48.4868708, -121.0844284
48.4881259, -121.0857856
48.4889855, -121.0880951
48.4898872, -121.0912963
48.6852842, -121.0927125
48.6853241, -121.0926299
48.6857341, -121.0925872
48.6959036, -121.0952156
48.7099401, -121.0825354
48.7161658, -121.0785821
48.7211644, -121.068453
48.7276464, -121.0628015
48.7277756, -121.0625777
48.7281782, -121.0603473
46.2140266, -121.0629285
46.2222673, -121.0626532
46.23187, -121.0586516
46.2416969, -121.0621771
46.2481808, -121.0568226
46.2584497, -121.0609558
46.2670937, -121.0624323
46.2733658, -121.0661338
46.2946386, -121.0559097
46.2960343, -121.0581219
46.3030397, -121.0625165
46.311859, -121.0646807
46.3210334, -121.061677
46.32911559999999, -121.0586004
46.3402649, -121.0593157
46.34963070000001, -121.0637913
46.3567698, -121.0634458
46.3669393, -121.0616746
46.3760139, -121.0621305
46.3820698, -121.0624568
46.3930213, -121.0619118
46.4007021, -121.0635211
46.409105, -121.0621233
46.4211851, -121.0630531
46.4293358, -121.0625894
46.43199, -121.0576294
46.448488, -121.0642436
46.4560576, -121.0624131
46.4697024, -121.0615481
46.4719567, -121.0602627
46.4726696, -121.0584564
46.4940672, -121.063736
46.4945397, -121.0620452
46.5096877, -121.0623205
46.5214812, -121.0628398
46.5281061, -121.0623786
46.5366484, -121.0607059
46.5461228, -121.0624085
46.5526314, -121.0610111
46.5598842, -121.0521035
46.5834841, -121.0541726
46.5876784, -121.0602492
46.5877337, -121.0600578
46.62015539999999, -121.0644364
46.6317903, -121.0634254
46.634183, -121.0620385
46.64505219999999, -121.0641878
46.6538248, -121.0638814
46.6639151, -121.0638243
46.67115829999999, -121.0648561
46.6836256, -121.0673101
46.6907224, -121.0678796
46.7004635, -121.0567575
46.7086073, -121.0566724
46.717014, -121.0629534
46.7221288, -121.0619298
46.7221458, -121.0616444
46.7487747, -121.0546678
46.75346589999999, -121.0623197
46.7618083, -121.0638137
46.7711503, -121.0625883
46.78021589999999, -121.0624676
46.7894136, -121.0609214
46.799237, -121.0619021
46.80677439999999, -121.0631589
46.8192354, -121.0579326
46.8225446, -121.0551812
46.8275564, -121.0523231
46.8460264, -121.0646189
46.8527067, -121.0623779
46.8647169, -121.0531619
46.871343, -121.0572233
46.87895899999999, -121.062955
46.88373139999999, -121.0593184
46.8952564, -121.0700474
46.9148939, -121.051388
46.9195994, -121.0559923
46.92298450000001, -121.0549274
46.9347103, -121.0588945
46.9418371, -121.0631086
46.9509856, -121.0618199
46.9589735, -121.0594993
46.9719205, -121.0606064
46.9761885, -121.0580672
46.9867058, -121.0630292
46.9899312, -121.0633444
47.0056266, -121.0381886
47.057547, -121.0448921
47.0576406, -121.0451437
47.0579496, -121.0456126
47.065458, -121.0571163
47.0685399, -121.0617536
47.0751306, -121.0691114
47.0772001, -121.0717588
47.0776112, -121.0728477
47.114742, -121.0478539
47.120332, -121.0569648
47.1227768, -121.0619702
47.1255433, -121.0633108
47.1399995, -121.0640031
47.1413618, -121.0663834
47.1633378, -121.0615915
47.1675482, -121.062532
47.1753547, -121.0621305
47.1848323, -121.0630951
47.1946238, -121.0640063
47.2029471, -121.0624565
47.2163246, -121.0558279
47.2209948, -121.0609926
47.2268931, -121.0649583
47.2398959, -121.0663193
47.2487004, -121.0623883
47.256699, -121.0611911
47.2660778, -121.0627132
47.2745821, -121.0630599
47.28441549999999, -121.0629404
47.29490000000001, -121.0638842
47.2976692, -121.0594886
47.2990664, -121.0559787
47.3679244, -121.0812748
47.3802635, -121.0713386
47.3841244, -121.0634709
47.3904438, -121.0649022
47.39055519999999, -121.0651292
47.4165151, -121.0792101
47.4235595, -121.0712393
47.428933, -121.0664553
47.43665499999999, -121.060537
47.4531143, -121.0497802
47.4650699, -121.0479829
47.4758067, -121.0463227
47.4884902, -121.048561
47.4933588, -121.0522066
47.5017145, -121.0576172
47.5094049, -121.0608264
47.5169562, -121.0657397
47.5231737, -121.0730855
47.5258495, -121.0753443
47.5414689, -121.092778
47.72542989999999, -121.0724859
47.725486, -121.0723418
47.7282057, -121.0699467
47.7334611, -121.0622928
47.7350749, -121.0581955
47.7559608, -121.0760603
47.7681871, -121.0621242
47.7694836, -121.0609165
47.7795344, -121.0629184
47.7892954, -121.0553591
47.7979911, -121.0630258
47.8035114, -121.0638817
47.8130725, -121.0600939
47.8154085, -121.055242
47.81948329999999, -121.0463723
47.8261146, -121.0377809
47.8660641, -121.0743617
47.8677705, -121.0705682
47.8704569, -121.0658169
47.8749981, -121.0594061
47.8869933, -121.0624812
47.8952011, -121.063803
47.8990478, -121.0691658
47.9092857, -121.0830537
