46.9864626, -118.2793647
47.011683, -118.2407838
47.0127713, -118.2434227
47.015829, -118.2491878
47.0232421, -118.252749
47.0331246, -118.2507901
47.041121, -118.2528761
47.0504459, -118.2506913
47.0591224, -118.2525217
47.0667999, -118.2637741
47.0776707, -118.2614188
47.0890808, -118.2590614
47.0953229, -118.2578829
47.1022601, -118.2547697
47.1130605, -118.2581065
47.125775, -118.2525498
47.1310677, -118.2582781
47.1400576, -118.2583708
47.14779410000001, -118.2525444
47.1580798, -118.2583455
47.1670615, -118.2583564
47.1770496, -118.2532203
47.1850883, -118.2570112
47.1946444, -118.2533941
47.2031336, -118.2577665
47.2133708, -118.2526015
47.2210848, -118.2573905
47.230109, -118.2573457
47.2391066, -118.2572268
47.2480923, -118.2571386
47.2573857, -118.2533952
47.2660746, -118.251865
47.2749719, -118.2516011
47.2839406, -118.2482184
47.29336070000001, -118.2501496
47.3020788, -118.2515237
47.31109, -118.2516625
47.3200801, -118.2518568
47.3290848, -118.2519149
47.3380517, -118.2515585
47.3475769, -118.2525373
47.3560637, -118.2510695
47.365068, -118.250876
47.3740736, -118.2507813
47.3830581, -118.2506137
47.3912919, -118.2525614
47.4010676, -118.2503627
47.4100743, -118.2502874
47.4190784, -118.2502667
47.42807879999999, -118.2502579
47.437071, -118.2501966
47.446077, -118.2501513
47.4550226, -118.2498652
47.4641213, -118.2498807
47.4730709, -118.2501541
47.48175800000001, -118.2525463
47.4910171, -118.2499338
47.50005549999999, -118.2494902
47.50905280000001, -118.2494636
47.5181066, -118.2493795
47.5290336, -118.2525419
47.5361188, -118.2498148
47.54518359999999, -118.250143
47.55044609999999, -118.2525566
47.5662043, -118.2544369
47.5674281, -118.2499126
47.5853641, -118.251667
47.5894062, -118.2505839
47.5939045, -118.250997
47.6134972, -118.2525571
47.6134972, -118.2525364
47.6299577, -118.2581033
47.6308379, -118.2569188
47.6427371, -118.2525519
47.6530569, -118.2482948
47.6622834, -118.2501116
47.6714509, -118.2480414
47.6826805, -118.2525466
47.68910409999999, -118.2481902
47.698117, -118.2483489
47.7010889, -118.252415
47.7157346, -118.2525585
47.7256888, -118.2481576
47.7313607, -118.2514784
47.742715, -118.251338
47.7449021, -118.2484907
47.7729312, -118.2492625
47.7730857, -118.2497734
47.7774391, -118.2489753
47.7844486, -118.262535
47.8029364, -118.2545163
47.8031937, -118.2524888
47.8246237, -118.2526268
47.82462400000001, -118.2525493
47.8261922, -118.256644
47.8500202, -118.2597481
47.8525656, -118.251828
47.8588411, -118.248442
47.8647682, -118.2538769
47.8864685, -118.2541057
47.8867615, -118.2524975
47.8951869, -118.2477543
47.9084456, -118.2547991
47.915118, -118.2595797
47.9215561, -118.2536191
47.9319327, -118.2524536
47.9469018, -118.2459195
47.9591094, -118.2534334
47.9672126, -118.256052
47.9741604, -118.2554287
47.9841628, -118.2524674
47.9896493, -118.2640127
48.0063407, -118.2496666
48.0114592, -118.2511934
48.0222564, -118.2384671
48.0357671, -118.2505162
48.0368898, -118.2537455
48.0369652, -118.2542444
48.0619852, -118.2678189
48.0693343, -118.260577
48.0693979, -118.2606143
48.0844214, -118.2599066
48.0911283, -118.2639073
48.0994699, -118.2637935
48.11241949999999, -118.2624736
48.1221751, -118.2578645
48.1298386, -118.2574483
48.139012, -118.2563751
48.1489634, -118.2466137
48.1598663, -118.2511172
48.1658996, -118.2520618
48.1730875, -118.2480997
48.1843697, -118.2515892
48.1924485, -118.2519213
48.1985955, -118.2642367
48.2073549, -118.2329622
48.2286262, -118.2376745
48.257763, -118.265067
48.2598068, -118.2651655
48.2794426, -118.2661222
48.2886391, -118.252199
48.2920171, -118.2522921
48.3000955, -118.2634808
48.3174555, -118.2444697
48.3211119, -118.2482789
48.32733959999999, -118.2498902
48.3378025, -118.2518505
48.3434867, -118.2598944
48.3508204, -118.2641789
48.36305249999999, -118.2677585
48.3941791, -118.249322
48.3942361, -118.2496432
48.39969749999999, -118.2491597
48.4090936, -118.2526228
48.415501, -118.251109
48.4269078, -118.2648652
48.43707759999999, -118.2635387
48.4468616, -118.2510907
48.45081039999999, -118.254448
48.4579682, -118.2650531
48.4722777, -118.263348
48.4730283, -118.2640674
48.49731269999999, -118.2578774
48.4992986, -118.2530338
48.50107999999999, -118.2498116
48.517897, -118.232526
48.519039, -118.232321
48.5453473, -118.2389527
48.5467968, -118.2405521
48.5549749, -118.249963
48.5620734, -118.2531771
48.5690726, -118.2473699
48.5791041, -118.2524278
48.5911596, -118.2487543
48.596688, -118.2504754
48.6047897, -118.2540841
48.6208679, -118.252203
48.6241055, -118.2527754
48.6260774, -118.2573241
48.6368485, -118.2326177
48.6618738, -118.2570513
48.6621309, -118.2565466
48.6702283, -118.252767
48.6790724, -118.252559
48.6850764, -118.2566719
48.69496600000001, -118.2517631
48.7069088, -118.2525992
48.7151578, -118.253268
48.722375, -118.2464493
48.7276228, -118.2431376
48.7499614, -118.2600175
48.7530374, -118.2557584
48.7597293, -118.2494424
48.7679205, -118.2477087
48.7778447, -118.2463001
48.783763, -118.2438496
48.7946811, -118.2412045
48.8046579, -118.2525528
48.8151077, -118.253453
48.8190089, -118.250185
48.8210461, -118.2461864
48.82363789999999, -118.2657886
48.8719015, -118.2682209
48.8742577, -118.2579032
48.8743251, -118.2574711
48.8789167, -118.2555373
48.8858535, -118.2528114
48.8861543, -118.2537002
48.90992110000001, -118.2475917
48.9127631, -118.2532436
48.9260127, -118.2593156
48.9315659, -118.2535764
48.94025569999999, -118.251137
48.94888840000001, -118.2541761
46.2094746, -118.235026
46.2169562, -118.2281633
46.2360768, -118.2493468
46.2440873, -118.2430819
46.248648, -118.237847
46.2535545, -118.2325621
46.2647955, -118.2263916
46.28094369999999, -118.2345189
46.28351019999999, -118.2400654
46.2855734, -118.245524
46.3125418, -118.2389005
46.312542, -118.238841
46.3125422, -118.2387814
46.3345069, -118.2397571
46.3346154, -118.238908
46.3544355, -118.2369398
46.35493109999999, -118.2390864
46.3716988, -118.2402964
46.3729299, -118.2369279
46.3846306, -118.2440545
46.39455299999999, -118.2426479
46.4004987, -118.2352219
46.41275539999999, -118.2466147
46.4210734, -118.2412152
46.42842719999999, -118.239078
46.4331067, -118.2396843
46.4480033, -118.2536651
46.457516, -118.2411993
46.4867559, -118.23948
46.4872531, -118.2412619
46.5067573, -118.2436983
46.5099653, -118.238663
46.5147352, -118.2332117
46.52526930000001, -118.2329191
46.5523754, -118.2346184
46.5539748, -118.2395052
46.5629783, -118.2364136
46.5724382, -118.2393511
46.5803328, -118.2449628
46.589536, -118.2386873
46.59392, -118.2489337
46.6144669, -118.2294785
46.61921580000001, -118.2317535
46.6267909, -118.2391674
46.6343367, -118.2422899
46.6426151, -118.2458605
46.66481470000001, -118.239607
46.6648317, -118.2393469
46.6659233, -118.2366432
46.6666634, -118.2458719
46.6938063, -118.2199473
46.69621799999999, -118.2197601
46.6992966, -118.2178285
46.7333285, -118.2252768
46.7427939, -118.2318313
46.7451508, -118.2383672
46.7508254, -118.234848
46.7561742, -118.2289215
46.7761, -118.2442908
46.777764, -118.2377333
46.7958343, -118.2417758
46.7965751, -118.2381769
46.80641800000001, -118.2344751
46.81457, -118.2313233
46.8406476, -118.2590908
46.8507235, -118.2527012
46.8531193, -118.2503905
46.8614059, -118.2499795
46.8699677, -118.2388385
46.8796792, -118.2487955
46.8885658, -118.2477056
46.8973951, -118.2468141
46.9136562, -118.2451089
46.91395929999999, -118.2462249
46.9577359, -118.2388874
46.9577359, -118.238859
46.957736, -118.2388305
46.9684666, -118.2249688
46.9807215, -118.2241468
46.9855774, -118.2233135
46.9935315, -118.2223927
47.011479, -118.2393024
47.0115185, -118.2385176
47.02480509999999, -118.2483392
47.0308163, -118.2488916
47.0428441, -118.252126
47.0532608, -118.2488277
47.0599877, -118.2388106
47.0599914, -118.2390805
47.0822257, -118.2326397
47.0862784, -118.2384786
47.0929286, -118.2434388
47.0989967, -118.249655
47.1257898, -118.2389064
47.1257899, -118.2388579
47.12578999999999, -118.2388094
47.1477771, -118.2388217
47.1477772, -118.2388406
47.1550867, -118.2260067
47.17155289999999, -118.2370365
47.1769992, -118.2388573
47.177001, -118.2386677
47.197606, -118.2458948
47.2027349, -118.2384307
47.213387, -118.2387948
47.2188176, -118.2328892
47.2353623, -118.2461885
47.2550754, -118.2431076
47.2563799, -118.2384844
47.2661638, -118.2518638
47.2778321, -118.2502455
47.2841557, -118.2482113
47.2917839, -118.249746
47.3020825, -118.2515237
47.3112624, -118.2278789
47.319073, -118.2387934
47.3336067, -118.2391034
47.3336209, -118.2385765
47.3475071, -118.2388394
47.3623322, -118.2387835
47.36233250000001, -118.2388618
47.375766, -118.2394932
47.3850364, -118.2402937
47.3860354, -118.2412516
47.4058425, -118.2386927
47.4058463, -118.2389669
47.4204075, -118.2387779
47.4347783, -118.2388166
47.4347783, -118.2388452
47.4487646, -118.2479846
47.4553115, -118.2498519
47.4637927, -118.2393454
47.4783383, -118.2388123
47.4783384, -118.2388561
47.4941319, -118.2438508
47.4989686, -118.2371778
47.5091698, -118.2494615
47.5179876, -118.2493773
47.5291, -118.2349672
47.5360015, -118.2391327
47.544366, -118.2366347
47.5543078, -118.2292554
47.5633716, -118.2299088
47.5703871, -118.2379642
47.5794951, -118.238744
47.5900892, -118.2412189
47.5990773, -118.2424079
47.60473210000001, -118.2395162
47.6135446, -118.2388092
47.6193017, -118.226827
47.6379081, -118.2302196
47.6440123, -118.2376599
47.6530346, -118.2464482
47.6615592, -118.2385871
47.6681639, -118.238984
47.68007410000001, -118.2481511
47.6890256, -118.2481893
47.701124, -118.2388714
47.706882, -118.2430751
47.7163027, -118.2389363
47.7245046, -118.2396643
47.7319134, -118.2369444
47.7448586, -118.2391283
47.7449158, -118.2383526
47.764765, -118.2305271
47.7712201, -118.2374578
47.7737162, -118.242435
47.803338, -118.2375033
47.8038743, -118.2397302
47.8257846, -118.2382739
47.8257976, -118.2387293
47.8263573, -118.2401438
47.8399381, -118.228913
47.856078, -118.2490346
47.8609002, -118.2388379
47.8630132, -118.2462211
47.8791804, -118.23688
47.8859389, -118.2392016
47.8961161, -118.2380551
47.9029728, -118.2310738
47.91459159999999, -118.2375584
47.9224883, -118.2388764
47.93250889999999, -118.2422961
47.9469739, -118.245783
47.95013369999999, -118.2387939
47.9592182, -118.2386807
47.9686552, -118.2337162
47.9764862, -118.2406117
47.984682, -118.2403097
47.9965333, -118.2360921
47.998483, -118.2379521
48.0138936, -118.2378191
48.0327289, -118.2379902
48.0349134, -118.2419063
48.0457822, -118.2232729
48.0534975, -118.2230401
48.0848902, -118.2231737
48.0977445, -118.2249852
48.098699, -118.2247636
48.1132472, -118.226497
48.1236006, -118.2323914
48.12471230000001, -118.2319984
48.1457726, -118.2442599
48.1467306, -118.2431117
48.1569412, -118.2469954
48.1667796, -118.236107
48.1750215, -118.2426228
48.18034549999999, -118.2437327
48.2061876, -118.2323579
48.207926, -118.232598
48.2251023, -118.2328383
48.2427929, -118.2229022
48.2762146, -118.2336586
48.28715680000001, -118.238973
48.2924708, -118.2346
48.3026799, -118.2324428
48.3055058, -118.2318641
48.3175156, -118.2445072
48.3310513, -118.2359505
48.3337002, -118.2421202
48.3383523, -118.248576
48.3495475, -118.263279
48.3784222, -118.2197242
48.3789395, -118.2204779
48.3819986, -118.2227816
48.3963928, -118.2413553
48.4005757, -118.240629
48.4053119, -118.239822
48.423186, -118.230471
48.4281125, -118.2360125
48.4353571, -118.2397443
48.4432324, -118.2414635
48.4450621, -118.2440056
48.46319219999999, -118.220435
48.4665806, -118.2197153
48.4918326, -118.2300862
48.5027376, -118.2407047
48.5035608, -118.2376831
48.5247979, -118.228611
48.5442022, -118.2344013
48.544923, -118.2381227
48.5503278, -118.2422418
48.5668011, -118.2497104
48.5723999, -118.243028
48.5808042, -118.2391032
48.590262, -118.2379464
48.5980822, -118.237326
48.6071491, -118.2323481
48.6163471, -118.2388807
48.62428070000001, -118.2403338
48.633791, -118.2317086
48.6655233, -118.2347196
48.6659592, -118.2374006
48.6695459, -118.2394294
48.6797025, -118.2394779
48.6843697, -118.2370191
48.6954848, -118.2384484
48.7094984, -118.2399201
48.7157367, -118.2435013
48.7236676, -118.2359292
48.7334298, -118.235649
48.7413263, -118.2343294
48.7451094, -118.2301995
48.76334259999999, -118.2479387
48.77069969999999, -118.2464917
48.7790932, -118.2460202
48.78720819999999, -118.2418808
48.7961399, -118.2394111
48.8028188, -118.2335941
48.8185292, -118.2401094
48.8225404, -118.2385169
48.82323419999999, -118.234103
48.8459255, -118.2130043
48.8631093, -118.2141542
48.8749419, -118.2567604
48.87959, -118.2550236
48.885179, -118.2511273
48.8966875, -118.2253697
48.9068134, -118.2358631
48.9089041, -118.2389466
48.91329690000001, -118.2507739
48.9327722, -118.2524892
48.93942310000001, -118.2509063
48.9535541, -118.2502456
46.2142872, -118.2298578
46.2220593, -118.2250471
46.2311546, -118.2233405
46.24041010000001, -118.2180523
46.2492577, -118.2213522
46.257727, -118.2246525
46.26569180000001, -118.2240513
46.2779031, -118.2230156
46.2787093, -118.2259929
46.2822002, -118.2366728
46.3119138, -118.221958
46.3124814, -118.2250417
46.3125538, -118.2260196
46.3360474, -118.2315
46.3396603, -118.2271072
46.3580111, -118.224859
46.3583621, -118.2273836
46.3765006, -118.226779
46.3855773, -118.2286989
46.3931003, -118.2251829
46.4058518, -118.2282496
46.4102645, -118.2231961
46.4197972, -118.2246262
46.4292081, -118.2206387
46.43701490000001, -118.2179249
46.447429, -118.2219858
46.4553753, -118.2203622
46.4570246, -118.2194312
46.4690063, -118.2075906
46.5043076, -118.2275733
46.5073394, -118.2223198
46.5193346, -118.2257781
46.5250622, -118.2298506
46.5252084, -118.2301675
46.5512042, -118.2251941
46.5512048, -118.2250835
46.5659881, -118.2275081
46.57410609999999, -118.226684
46.5822308, -118.2257077
46.5934456, -118.2230019
46.6000786, -118.2250947
46.6090824, -118.2222082
46.6186188, -118.2193972
46.6276519, -118.2214442
46.628982, -118.222481
46.64871, -118.215325
46.6637265, -118.2274771
46.66609220000001, -118.2309575
46.68241769999999, -118.2145751
46.691614, -118.2185715
46.6967145, -118.2194847
46.7336808, -118.2240068
46.7419287, -118.2245214
46.7550014, -118.2301245
46.7603492, -118.222517
46.76272849999999, -118.2171162
46.77774489999999, -118.237634
46.7984158, -118.2292306
46.799169, -118.2256148
46.8091608, -118.2332064
46.8147003, -118.2274386
46.8151671, -118.2288401
46.8527217, -118.2505376
46.8626377, -118.216926
46.8649359, -118.2233075
46.8697869, -118.2278016
46.869924, -118.2279096
46.8893274, -118.2476158
46.8979379, -118.2467681
46.9553625, -118.2225057
46.9598342, -118.2260932
46.9688598, -118.2246121
46.9783858, -118.2232727
46.9864353, -118.2229028
46.99583320000001, -118.2212729
47.0033783, -118.2194572
47.010326, -118.2256403
47.0104023, -118.226851
47.0284104, -118.247864
47.0486216, -118.2207442
47.0501538, -118.2250817
47.05907759999999, -118.2255064
47.06807610000001, -118.2255819
47.0768065, -118.2264256
47.08125709999999, -118.2308984
47.0968915, -118.2274139
47.1002875, -118.2222091
47.1009068, -118.219691
47.1258518, -118.2251539
47.1306309, -118.2260841
47.145198, -118.223646
47.1491826, -118.2268016
47.1573667, -118.2236807
47.1640716, -118.216899
47.17702329999999, -118.2251138
47.1840673, -118.2179145
47.1960747, -118.2190634
47.2035328, -118.2226202
47.2119304, -118.2250295
47.2524996, -118.2192681
47.2533024, -118.2226769
47.2541607, -118.2265697
47.2555482, -118.2321941
47.279875, -118.2492037
47.2842692, -118.2482093
47.300335, -118.208436
47.30755689999999, -118.225555
47.3120915, -118.2251277
47.3193534, -118.2251
47.3339254, -118.2252455
47.3339277, -118.2250331
47.34748889999999, -118.2265948
47.3622604, -118.2250557
47.362261, -118.2251655
47.38950699999999, -118.2240065
47.3918791, -118.2238999
47.4012049, -118.2244519
47.413011, -118.2289065
47.419165, -118.2289462
47.4345347, -118.2267505
47.4346898, -118.2251735
47.434691, -118.2253181
47.4783009, -118.225156
47.479387, -118.2262922
47.4990544, -118.237052
47.50347439999999, -118.2280734
47.508681, -118.2243067
47.51874369999999, -118.2233977
47.5254451, -118.2291155
47.5362105, -118.2285695
47.5500182, -118.2310647
47.5539812, -118.2292383
47.5629238, -118.2298766
47.5694639, -118.2332726
47.5796802, -118.2251276
47.594285, -118.2253201
47.5942933, -118.224916
47.613608, -118.2272766
47.6170804, -118.2269589
47.6205097, -118.2209449
47.6356854, -118.2229173
47.6440638, -118.2270972
47.65177, -118.2270542
47.6631538, -118.2189233
47.671231, -118.2268736
47.6800854, -118.2265321
47.689071, -118.2266039
47.69805230000001, -118.2267682
47.7078218, -118.2280399
47.7159603, -118.2272326
47.7252011, -118.2272076
47.7340697, -118.2270372
47.7430826, -118.2271844
47.7520614, -118.2272106
47.7607805, -118.2274604
47.7716483, -118.2255247
47.7745245, -118.2297792
47.7898578, -118.2065614
47.8017879, -118.2239543
47.802927, -118.2250155
47.8246489, -118.2251163
47.8246489, -118.2251302
47.8330721, -118.2273268
47.839104, -118.2251077
47.8481399, -118.220066
47.8614518, -118.2248538
47.869149, -118.2248301
47.8780558, -118.22767
47.8867547, -118.2265362
47.89599279999999, -118.2249881
47.9161367, -118.2296497
47.9186776, -118.2289635
47.933352, -118.2421158
47.947863, -118.2255553
47.9503322, -118.2248435
47.958926, -118.2252465
47.9681842, -118.2251498
47.9747073, -118.2260132
47.9842931, -118.2202894
47.9948762, -118.2248522
47.9986599, -118.2209933
48.0134994, -118.2251611
48.0250125, -118.2347685
48.031975, -118.2312067
48.0405354, -118.2261839
48.0484471, -118.2220163
48.0563943, -118.2205854
48.0620217, -118.2148387
48.0826329, -118.2198919
48.0849353, -118.2231663
48.09489139999999, -118.2230641
48.10162529999999, -118.2226767
48.1126899, -118.2244108
48.12212659999999, -118.2250805
48.1294968, -118.225156
48.1432359, -118.2287103
48.1490304, -118.2264136
48.1574132, -118.2257411
48.167033, -118.2261319
48.170669, -118.2195072
48.1872477, -118.2168592
48.1934721, -118.222327
48.20100530000001, -118.2272645
48.2154108, -118.2211687
48.21952539999999, -118.2254426
48.2274416, -118.2293575
48.2411597, -118.219972
48.24297259999999, -118.2224045
48.2481654, -118.2149827
48.2659616, -118.2110361
48.27827749999999, -118.2281729
48.2830131, -118.2249466
48.2899343, -118.2230545
48.2996001, -118.2307896
48.3092266, -118.2251156
48.319049, -118.2276713
48.3280406, -118.2251289
48.3310976, -118.2272474
48.35655029999999, -118.2046104
48.3649205, -118.2095823
48.3781815, -118.2192509
48.3987606, -118.2126166
48.4109163, -118.2167656
48.418192, -118.2248821
48.4260318, -118.228782
48.4345157, -118.226069
48.4451603, -118.2236618
48.4538118, -118.2224267
48.4631076, -118.2204338
48.4689655, -118.2178046
48.4852876, -118.2180843
48.4882768, -118.2222809
48.4986715, -118.2257721
48.5076682, -118.2170898
48.5155328, -118.2305765
48.5256298, -118.2241094
48.5291048, -118.2198049
48.5439437, -118.2248446
48.5509675, -118.2186277
48.552594, -118.215626
48.5823794, -118.2292618
48.5828767, -118.2261537
48.5876187, -118.230438
48.6022506, -118.2310956
48.6087704, -118.2261841
48.6160817, -118.2251266
48.6255253, -118.2241826
48.6326462, -118.2255269
48.6676087, -118.2282119
48.6682765, -118.2265045
48.6782972, -118.2336027
48.6874257, -118.224765
48.6967582, -118.2253672
48.7116057, -118.2294145
48.7132801, -118.2252376
48.7241693, -118.2357271
48.7330708, -118.2251421
48.7422169, -118.2236262
48.7467494, -118.2248651
48.7708029, -118.2464555
48.7848069, -118.2428628
48.7913516, -118.236536
48.7962312, -118.2261302
48.80566349999999, -118.2292132
48.8136502, -118.222872
48.8215642, -118.2231412
48.8235894, -118.2213919
48.8635351, -118.214044
48.8783956, -118.2153248
48.8874845, -118.2179594
48.8957555, -118.2247131
48.9039423, -118.2251628
48.9128979, -118.2234564
48.9179537, -118.2214619
48.9318182, -118.2201129
48.9399345, -118.2222809
48.9475594, -118.2179091
46.2190453, -118.2262948
46.2265593, -118.2218732
46.2353975, -118.2075528
46.23859849999999, -118.2129617
46.2457775, -118.2191882
46.2580764, -118.221214
46.2666104, -118.2114252
46.2752917, -118.2110973
46.2757027, -118.2089729
46.3096501, -118.205058
46.3102744, -118.2081746
46.3113196, -118.2115412
46.31138079999999, -118.2125663
46.3568614, -118.2146179
46.3579, -118.2124806
46.3654162, -118.2068733
46.3800598, -118.2166048
46.3848802, -118.2131557
46.390573, -118.2081835
46.4011361, -118.2088129
46.4148016, -118.212688
46.4181714, -118.2103283
46.431469, -118.219436
46.4384786, -118.217605
46.4444518, -118.2199278
46.4568381, -118.2095699
46.4647173, -118.2101601
46.4719525, -118.20546
46.4819358, -118.2088149
46.48603629999999, -118.202393
46.5084847, -118.2187751
46.51181889999999, -118.2149004
46.517078, -118.2128768
46.5233782, -118.2022394
46.5392524, -118.2037247
46.5460868, -118.2114039
46.5551518, -118.2105616
46.5630347, -118.214345
46.5722046, -118.2116192
46.5807927, -118.2137438
46.5924819, -118.2192261
46.6009104, -118.2179271
46.6067647, -118.2159566
46.6193089, -118.2074491
46.6238034, -118.2140619
46.6370415, -118.2094383
46.6447713, -118.2126017
46.6541459, -118.2116428
46.6610696, -118.2064563
46.6739893, -118.2073927
46.6807804, -118.2127607
46.6869863, -118.2143186
46.7008154, -118.2113318
46.7045763, -118.2044845
46.7129676, -118.196654
46.7343789, -118.209994
46.7353464, -118.2109876
46.74369919999999, -118.2113113
46.7475668, -118.2010973
46.76430209999999, -118.2136633
46.76876619999999, -118.2067425
46.7722669, -118.2000166
46.79383199999999, -118.2073628
46.79777199999999, -118.2114377
46.79778, -118.2118288
46.8143626, -118.2271984
46.83506329999999, -118.1876335
46.8590805, -118.2065865
46.8591594, -118.2069409
46.8612222, -118.2113401
46.8631444, -118.2177814
46.893166, -118.191458
46.8934519, -118.1915627
46.957702, -118.210343
46.958893, -118.2130769
46.97271809999999, -118.2218459
46.975307, -118.2219899
46.9878173, -118.2224587
46.997093, -118.2207905
47.0058342, -118.2131626
47.0127584, -118.2080462
47.016944, -118.2029077
47.0328677, -118.1949087
47.05817580000001, -118.2159061
47.0746365, -118.2114248
47.0746365, -118.2114242
47.0746365, -118.2114237
47.1010993, -118.2180349
47.1268355, -118.2152018
47.1288525, -118.2095992
47.1477558, -118.2113982
47.1477558, -118.2114289
47.155413, -118.2163023
47.1668858, -118.2157206
47.17692820000001, -118.2114645
47.1851247, -118.2153163
47.1923431, -118.2159463
47.2059302, -118.2113682
47.214921, -118.2130804
47.216822, -118.2086765
47.21826679999999, -118.2038171
47.2525124, -118.2191689
47.252547, -118.2191253
47.2543746, -118.2197532
47.2908017, -118.1944818
47.2912291, -118.1951555
47.3092032, -118.2139911
47.3195145, -118.2191917
47.3340632, -118.2115647
47.3340665, -118.2113115
47.3471151, -118.1972281
47.36201519999999, -118.2111322
47.36484730000001, -118.2112245
47.369501, -118.209841
47.3931818, -118.2234676
47.4056264, -118.2114155
47.4056264, -118.2114331
47.4193088, -118.2289391
47.4346595, -118.2114477
47.4346595, -118.2114158
47.4346596, -118.2113839
47.4560593, -118.1859452
47.4781776, -118.2107324
47.4781875, -118.2111737
47.4781974, -118.2116149
47.47914, -118.2066607
47.5073438, -118.2028948
47.511801, -118.2095347
47.5193589, -118.2117297
47.5267322, -118.2102054
47.5361406, -118.2073663
47.5446928, -118.2065663
47.5579008, -118.2114176
47.5631245, -118.2078905
47.5720882, -118.2080014
47.5813231, -118.2115249
47.5901055, -118.2081886
47.5960928, -118.2102444
47.6075622, -118.1973807
47.6219068, -118.2178005
47.6264496, -118.2120732
47.6332079, -118.221074
47.6437993, -118.2113003
47.6445375, -118.2076346
47.6707745, -118.2102792
47.6751884, -118.2078059
47.6861498, -118.2051347
47.70121590000001, -118.211428
47.7070857, -118.2055189
47.71596479999999, -118.2114267
47.7250454, -118.2055618
47.7304889, -118.2114545
47.7448852, -118.2114258
47.7521001, -118.2057752
47.7586543, -118.2135161
47.77194120000001, -118.2128672
47.7785484, -118.2068705
47.7892152, -118.2062918
47.7979371, -118.2101336
47.8063288, -118.2116691
47.8078782, -118.2095906
47.8246469, -118.2114265
47.8332314, -118.2110839
47.84201299999999, -118.2129281
47.8509566, -118.2138001
47.8609662, -118.2114046
47.867934, -118.2061884
47.8745014, -118.2186956
47.88574, -118.2261144
47.9006064, -118.2179793
47.90454769999999, -118.2104228
47.91083, -118.2113105
47.9388608, -118.1904892
47.9485821, -118.2198177
47.9510125, -118.2155816
47.9565271, -118.2126635
47.9686257, -118.2122909
47.9740099, -118.2112288
47.9863845, -118.210729
47.9950508, -118.216658
48.0028552, -118.211469
48.0099131, -118.2110227
48.0226227, -118.2100634
48.03264859999999, -118.2113032
48.03897130000001, -118.2173401
48.0459064, -118.2115931
48.05980479999999, -118.2166125
48.0654051, -118.2093141
48.0813419, -118.2170058
48.08673760000001, -118.2145208
48.0951044, -118.2136501
48.10074179999999, -118.2096509
48.1104038, -118.2036211
48.1217858, -118.2087874
48.1292743, -118.2097109
48.14608579999999, -118.2117665
48.147524, -118.2105001
48.1570549, -118.2113346
48.16658400000001, -118.208712
48.1753856, -118.2130067
48.18358730000001, -118.2129587
48.1918041, -118.2095252
48.2015542, -118.2104308
48.21114410000001, -118.2109894
48.2199815, -118.2103502
48.2293514, -118.2139301
48.237218, -118.2170989
48.2463484, -118.2135996
48.2565946, -118.2067405
48.265117, -118.2109053
48.2743072, -118.2113299
48.2856769, -118.2166558
48.2919007, -118.2071591
48.2995764, -118.2107734
48.3102995, -118.2114593
48.31882400000001, -118.2133656
48.3212939, -118.216354
48.3376876, -118.2015015
48.3462751, -118.2019338
48.35623, -118.2045193
48.3646429, -118.2094206
48.3730372, -118.2118026
48.388096, -118.2100735
48.3885045, -118.2107442
48.3998392, -118.2107686
48.4079596, -118.2141441
48.4190502, -118.2138187
48.4247281, -118.2163381
48.4360154, -118.2210684
48.44436289999999, -118.2235594
48.4562196, -118.2214789
48.4615081, -118.2200798
48.4727974, -118.2135956
48.48071969999999, -118.2127634
48.4882115, -118.2080602
48.5002454, -118.2087367
48.50733020000001, -118.2114332
48.5152607, -118.2095721
48.5303769, -118.214579
48.5349548, -118.2099029
48.54264000000001, -118.2117164
48.55266289999999, -118.2112925
48.5536116, -118.209706
48.58420539999999, -118.2144122
48.5843076, -118.2137452
48.5910664, -118.2059954
48.59755879999999, -118.2118051
48.6061729, -118.2160068
48.6163995, -118.2171732
48.6231994, -118.2218087
48.6314138, -118.2247571
48.6522638, -118.1965821
48.6536884, -118.197385
48.6571922, -118.1973913
48.6886541, -118.2213368
48.6922377, -118.2158528
48.6969042, -118.2114296
48.7060044, -118.2113271
48.7145593, -118.2100341
48.725199, -118.2084868
48.7330882, -118.2114905
48.7410821, -118.2131429
48.7467216, -118.224784
48.7645314, -118.1920108
48.7720778, -118.1965218
48.7789393, -118.1958967
48.7860185, -118.1938391
48.8015735, -118.2231093
48.81870079999999, -118.2151422
48.82274289999999, -118.2101115
48.8261006, -118.2115673
48.84592689999999, -118.2108462
48.8461089, -118.2119835
48.8625114, -118.2114271
48.86899649999999, -118.2094907
48.87722960000001, -118.2101871
48.885644, -118.2114984
48.8953268, -118.2085836
48.9034399, -118.2095319
48.9123692, -118.2101126
48.9215163, -118.2125547
48.93010229999999, -118.2156372
48.9399356, -118.2178925
48.9493671, -118.2130082
46.20384019999999, -118.196399
46.2189016, -118.1807597
46.238181, -118.1936674
46.2510426, -118.1845946
46.2665705, -118.1975778
46.2665717, -118.197726
46.2768912, -118.1981815
46.2836904, -118.189547
46.2912113, -118.1870543
46.3042336, -118.1896458
46.3095514, -118.1971381
46.3095811, -118.1966578
46.331379, -118.1810115
46.3327625, -118.1810503
46.34778319999999, -118.1799135
46.361139, -118.2095029
46.36938079999999, -118.204989
46.3746854, -118.1976654
46.384456, -118.1979363
46.3953858, -118.2021553
46.40135009999999, -118.194801
46.40620269999999, -118.1962741
46.4471955, -118.1919562
46.4488636, -118.1970371
46.45265390000001, -118.2045396
46.4676233, -118.2081618
46.47658999999999, -118.2016554
46.4830267, -118.1971679
46.4897233, -118.196976
46.4950672, -118.1879164
46.516402, -118.1966685
46.5164873, -118.1980159
46.5276882, -118.1961939
46.5357312, -118.2009352
46.5417431, -118.2054348
46.5597092, -118.1938894
46.5641779, -118.1972669
46.5704005, -118.1996364
46.5846063, -118.1883064
46.589538, -118.1898
46.5993041, -118.1896088
46.6153566, -118.2040839
46.61647809999999, -118.2040711
46.6264714, -118.1958885
46.6344955, -118.1960933
46.642971, -118.1871708
46.6572356, -118.207533
46.6654409, -118.1997737
46.6712121, -118.1982468
46.6814922, -118.1970258
46.6883962, -118.1926369
46.70354469999999, -118.2055297
46.7079557, -118.1987268
46.7141683, -118.1957814
46.7308706, -118.1964329
46.73337360000001, -118.2018829
46.74351120000001, -118.1978244
46.7503556, -118.1954541
46.76813809999999, -118.2074039
46.7726866, -118.1991997
46.7793036, -118.1895338
46.7935959, -118.2008562
46.7984708, -118.1986889
46.8040826, -118.1923121
46.8146104, -118.1880457
46.8254442, -118.1883923
46.858199, -118.1966026
46.8583638, -118.198286
46.8591735, -118.201799
46.8881679, -118.1843589
46.8930145, -118.1912892
46.89925239999999, -118.1822162
46.9211493, -118.1636786
46.9417296, -118.1647823
46.9576608, -118.1976563
46.9576609, -118.1976917
46.9576612, -118.1977498
46.9678922, -118.1914304
46.9743514, -118.188113
46.99134730000001, -118.1871412
46.9994892, -118.191915
47.0050457, -118.1940858
47.0140544, -118.1953441
47.023076, -118.1947487
47.032563, -118.1948203
47.04111169999999, -118.1939755
47.05008309999999, -118.1941403
47.0590831, -118.1941623
47.0681089, -118.1941991
47.0746514, -118.1977109
47.0746514, -118.1976863
47.1285502, -118.2103959
47.1307869, -118.2030297
47.1320929, -118.1983423
47.1400724, -118.1948033
47.1477034, -118.1977275
47.1580496, -118.1946579
47.167068, -118.1945343
47.1769149, -118.1977085
47.1850533, -118.1940004
47.1940524, -118.1938656
47.20580469999999, -118.1976632
47.2129189, -118.195234
47.2202473, -118.1971815
47.2216949, -118.192315
47.22314189999999, -118.1874605
47.2525618, -118.2191067
47.2535883, -118.2191825
47.2840581, -118.1851238
47.2890014, -118.1911877
47.2934446, -118.1961837
47.3017155, -118.1988868
47.3116069, -118.2003751
47.3195242, -118.2011941
47.3291545, -118.1996023
47.33808029999999, -118.1971792
47.3470802, -118.1972279
47.362119, -118.1978853
47.36212219999999, -118.1976355
47.3692472, -118.2092
47.3852912, -118.1859969
47.3919362, -118.1860634
47.4057058, -118.1977767
47.4057065, -118.1976617
47.4213847, -118.1833968
47.4348798, -118.197978
47.4348859, -118.1976336
47.44414829999999, -118.1864747
47.45556149999999, -118.185901
47.4645157, -118.1841201
47.4783935, -118.1981289
47.4784176, -118.1974406
47.4899006, -118.1859749
47.5101536, -118.1961314
47.519348, -118.2076978
47.5294525, -118.2026934
47.5360592, -118.197642
47.5429365, -118.192961
47.55880579999999, -118.1990055
47.5590549, -118.1967565
47.5720519, -118.2080012
47.5810602, -118.2080442
47.5965685, -118.1976888
47.5991167, -118.1970019
47.6080651, -118.1973399
47.6088922, -118.1972728
47.6281089, -118.1975488
47.6281371, -118.1982948
47.6427088, -118.1977168
47.64707019999999, -118.1950531
47.6644152, -118.1982344
47.6657993, -118.1952276
47.6861429, -118.1977419
47.686143, -118.1977058
47.7012527, -118.1977144
47.70707059999999, -118.2055188
47.7160568, -118.2055414
47.7231469, -118.197706
47.733946, -118.2055504
47.7448847, -118.1977192
47.752379, -118.200499
47.76321530000001, -118.1927244
47.7687842, -118.1990728
47.7797566, -118.2063743
47.78791409999999, -118.2053133
47.795099, -118.2077337
47.8111659, -118.1893892
47.820007, -118.1958796
47.824248, -118.1976854
47.8326626, -118.1970455
47.8373563, -118.1861401
47.8536675, -118.1881153
47.8610231, -118.1978359
47.8701389, -118.2042501
47.8705683, -118.2043002
47.8881749, -118.1796453
47.9038183, -118.2105861
47.9056006, -118.2089535
47.9376063, -118.1895592
47.9424767, -118.1918443
47.9495906, -118.1981106
47.95916829999999, -118.1976128
47.9681404, -118.1977868
47.9762621, -118.2006697
47.9851104, -118.1974706
47.9979545, -118.1981566
48.0060498, -118.2029795
48.0141381, -118.1974551
48.0208533, -118.1934468
48.0289392, -118.1970985
48.0458071, -118.2027605
48.0473092, -118.1996262
48.060009, -118.1834124
48.0698656, -118.2011993
48.07624879999999, -118.197245
48.0838423, -118.2023545
48.0948483, -118.2023094
48.1048384, -118.1978203
48.1131404, -118.2018288
48.1216567, -118.1973696
48.131699, -118.2007512
48.13764140000001, -118.1962023
48.1526191, -118.2074339
48.1562627, -118.2032081
48.1650979, -118.2078282
48.1749748, -118.2060557
48.1788242, -118.20865
48.194559, -118.2056489
48.2040875, -118.2088939
48.2151118, -118.2031676
48.22004339999999, -118.1975362
48.2260504, -118.1942638
48.239033, -118.1966069
48.2469765, -118.1996741
48.257528, -118.2007401
48.26492529999999, -118.1938584
48.2710574, -118.1941662
48.2792763, -118.1909819
48.2934051, -118.1963342
48.3006209, -118.1979303
48.3107982, -118.2021561
48.31938, -118.1981494
48.3283011, -118.1967913
48.3364707, -118.2011163
48.3459924, -118.2019207
48.3536637, -118.2031184
48.3640812, -118.1977151
48.3730915, -118.1975984
48.381708, -118.1999234
48.3901824, -118.2031146
48.39863949999999, -118.2062983
48.4038784, -118.2103304
48.419688, -118.2134803
48.4226479, -118.213843
48.4473483, -118.1933701
48.4574592, -118.1939089
48.4630751, -118.1938955
48.4639353, -118.1938232
48.4794789, -118.2122025
48.4920921, -118.2016323
48.4977034, -118.1959165
48.5063065, -118.1949864
48.5192488, -118.2002502
48.524543, -118.1952038
48.5321834, -118.1959224
48.5410029, -118.208529
48.5531667, -118.2093877
48.5851911, -118.2033396
48.5857927, -118.199894
48.5900517, -118.1974451
48.59874869999999, -118.1968037
48.6065107, -118.1903517
48.6097453, -118.1907431
48.6166346, -118.217213
48.6409269, -118.1864192
48.6428821, -118.1882939
48.6523621, -118.1967173
48.6599574, -118.1952905
48.6673965, -118.1914427
48.67291300000001, -118.190967
48.6934171, -118.2009201
48.69712149999999, -118.1979965
48.7072309, -118.1953831
48.7150837, -118.1978403
48.72431719999999, -118.1977352
48.7286954, -118.2032053
48.7413315, -118.2008922
48.7510469, -118.1859779
48.7608877, -118.1899582
48.76917419999999, -118.1941193
48.7786146, -118.195741
48.78603440000001, -118.1938369
48.7919739, -118.1888455
48.8070432, -118.1856818
48.8206903, -118.2019464
48.8228693, -118.1965242
48.83003050000001, -118.1921229
48.84042710000001, -118.1984771
48.8497362, -118.2004
48.8599095, -118.1948781
48.8679497, -118.198274
48.8782584, -118.1973515
48.8859515, -118.2007467
48.89509169999999, -118.2003225
48.9042597, -118.1994497
48.913272, -118.197762
48.9198721, -118.1946656
48.9308189, -118.1959041
48.9417517, -118.1865129
48.9463454, -118.1889131
46.2125295, -118.1819461
46.2209118, -118.1797198
46.2273049, -118.1753522
46.2400157, -118.1839809
46.2582222, -118.1822791
46.2682866, -118.1849959
46.2764783, -118.1837144
46.2856889, -118.1889393
46.2943669, -118.1853669
46.302784, -118.1840509
46.3114789, -118.1826759
46.3222227, -118.1769423
46.3303497, -118.1808341
46.3359065, -118.1784282
46.3479696, -118.179907
46.3550314, -118.1779528
46.3660624, -118.183937
46.3719337, -118.1894365
46.3842361, -118.1941196
46.392451, -118.183624
46.4035602, -118.1934001
46.4063928, -118.1948908
46.422008, -118.1668509
46.4315286, -118.171829
46.4380248, -118.1742103
46.447796, -118.1833902
46.4541017, -118.1792305
46.4589646, -118.1747103
46.4795699, -118.1986346
46.4855092, -118.1964632
46.4945039, -118.188601
46.5007424, -118.1830463
46.507392, -118.1780899
46.5207418, -118.1862388
46.5260647, -118.1870953
46.5317922, -118.193966
46.54812769999999, -118.1789964
46.55487129999999, -118.182488
46.5634121, -118.1857298
46.5722253, -118.1782504
46.5818987, -118.1844565
46.5914084, -118.1829891
46.6006808, -118.1844819
46.60958249999999, -118.1784001
46.6149093, -118.1774718
46.6314929, -118.1811423
46.6359909, -118.1844687
46.64499379999999, -118.1837666
46.651239, -118.1801829
46.663778, -118.18349
46.6738159, -118.1823518
46.67684089999999, -118.188644
46.6927246, -118.181537
46.6953169, -118.1870032
46.7096993, -118.1806497
46.7204395, -118.1817374
46.72456529999999, -118.1864163
46.7310354, -118.1837422
46.74572269999999, -118.1850509
46.75399729999999, -118.1845122
46.7671509, -118.1818003
46.7688174, -118.1802386
46.7826102, -118.1860148
46.78768059999999, -118.1817983
46.8003933, -118.1874024
46.8076904, -118.18935
46.8168592, -118.1869837
46.8251218, -118.1841427
46.8357403, -118.1852677
46.8387074, -118.1788466
46.85568689999999, -118.1861085
46.85725859999999, -118.1819587
46.8691095, -118.1746568
46.8787177, -118.1742444
46.8880731, -118.1840127
46.8970393, -118.1825171
46.9136906, -118.1657646
46.9219873, -118.1634953
46.9307729, -118.1622198
46.9463979, -118.1673954
46.9577558, -118.1841442
46.9577575, -118.1839645
46.9703358, -118.1902951
46.9784044, -118.1853515
46.9870481, -118.18412
46.9953514, -118.1892875
47.0051719, -118.1940833
47.0155254, -118.1949375
47.02644249999999, -118.1878214
47.03044149999999, -118.1839654
47.0409927, -118.1939733
47.050068, -118.1941403
47.0590679, -118.1941623
47.0667614, -118.1900032
47.07468979999999, -118.1840423
47.0746906, -118.1841604
47.0746913, -118.1842785
47.1324076, -118.1972248
47.1337291, -118.1938545
47.13562719999999, -118.1909697
47.13894029999999, -118.1838319
47.1491197, -118.1947541
47.1622821, -118.1839495
47.162283, -118.184081
47.17674419999999, -118.1839912
47.1863536, -118.1744762
47.1941476, -118.1938642
47.2056838, -118.1839685
47.2056849, -118.184115
47.2201745, -118.1840439
47.2251139, -118.1808223
47.2265074, -118.1761492
47.2525923, -118.1609857
47.2611827, -118.1643928
47.2672379, -118.1653894
47.28228319999999, -118.1803325
47.2836752, -118.1844277
47.2884829, -118.1903266
47.3008678, -118.1983434
47.3133619, -118.1980112
47.3231075, -118.186479
47.3290582, -118.1864151
47.3372865, -118.1817202
47.3452193, -118.1738345
47.3621304, -118.1969916
47.3776047, -118.1843751
47.38294339999999, -118.1844674
47.3928152, -118.1853791
47.3994243, -118.1818176
47.4057859, -118.1839571
47.4198142, -118.182468
47.4277077, -118.1856796
47.4350984, -118.1840166
47.4461088, -118.1859318
47.4554493, -118.183972
47.464076, -118.1840863
47.4725433, -118.1863522
47.482055, -118.1857971
47.4914064, -118.1845273
47.4988642, -118.1763881
47.5090406, -118.1752161
47.5118089, -118.1749803
47.5325163, -118.1997921
47.5419197, -118.1921761
47.5468086, -118.1882961
47.5534622, -118.1824619
47.560501, -118.1833716
47.5674573, -118.1840265
47.5905627, -118.182467
47.5990839, -118.1863086
47.60804659999999, -118.1863523
47.6170791, -118.1840444
47.6260789, -118.1839624
47.6350796, -118.1838913
47.644079, -118.183976
47.6530801, -118.1838624
47.6620786, -118.1839598
47.6665663, -118.1841322
47.6861816, -118.1840806
47.6861822, -118.1839778
47.7012455, -118.1840068
47.7070809, -118.183853
47.7158832, -118.1840881
47.7250794, -118.1839113
47.7340804, -118.1839806
47.7430777, -118.1841458
47.7520107, -118.1831421
47.7592163, -118.1864294
47.7700676, -118.1735499
47.7833433, -118.1797329
47.7861029, -118.1850189
47.7970786, -118.1845429
47.8083222, -118.1772776
47.8155024, -118.1825709
47.8239702, -118.1833059
47.8338546, -118.1841189
47.84415689999999, -118.1781783
47.85210319999999, -118.1841068
47.8594719, -118.1847765
47.86827470000001, -118.1865912
47.8959921, -118.17761
47.9262984, -118.1724085
47.9265918, -118.1728431
47.9339156, -118.1810955
47.9410843, -118.1844579
47.94346420000001, -118.1854922
47.96012150000001, -118.1848007
47.9674754, -118.1857527
47.9771936, -118.1832684
47.98632689999999, -118.1808897
47.993966, -118.1861072
48.0056764, -118.1831199
48.0141716, -118.185534
48.02031909999999, -118.1843871
48.0309254, -118.1832997
48.0338188, -118.183448
48.0555279, -118.1829983
48.0575599, -118.1827201
48.0670751, -118.1829505
48.0760787, -118.1828893
48.0826377, -118.1892439
48.0928888, -118.1721631
48.10581759999999, -118.1892092
48.1179966, -118.1838653
48.1183834, -118.1830262
48.1252201, -118.1784703
48.141782, -118.186436
48.1457263, -118.1807157
48.15436889999999, -118.181393
48.1641931, -118.1800191
48.171917, -118.183073
48.18035039999999, -118.1771872
48.1926419, -118.1762672
48.2035888, -118.1795398
48.2099918, -118.1807071
48.21685919999999, -118.1780015
48.2282172, -118.1794525
48.236264, -118.1838716
48.2461747, -118.184103
48.2562297, -118.1836382
48.2649661, -118.184111
48.2734238, -118.1841549
48.2831348, -118.1884283
48.290448, -118.183857
48.3008809, -118.1839855
48.3075195, -118.1811733
48.3169311, -118.1900595
48.330897, -118.1894262
48.3326118, -118.1901394
48.3364708, -118.1939099
48.3611581, -118.1997048
48.36567609999999, -118.1961564
48.3716927, -118.1972667
48.3796701, -118.199171
48.39509530000001, -118.1740302
48.39526499999999, -118.1740069
48.4094479, -118.1715835
48.4181257, -118.1746204
48.43043309999999, -118.1754368
48.4360787, -118.1721687
48.4490713, -118.1848843
48.45519789999999, -118.1784354
48.4638664, -118.1840026
48.4671767, -118.1778702
48.482206, -118.1733525
48.4840829, -118.1726047
48.500633, -118.1923149
48.507981, -118.1881093
48.5181637, -118.1864088
48.52602539999999, -118.1846219
48.53555619999999, -118.1850697
48.544051, -118.1786904
48.552283, -118.1768803
48.5572506, -118.1774011
48.5877314, -118.1927544
48.5905133, -118.1881954
48.5922472, -118.1839556
48.6078747, -118.187733
48.611331, -118.1843129
48.6224524, -118.1730468
48.6416486, -118.1868291
48.652, -118.1840584
48.6615308, -118.184385
48.6701078, -118.1851751
48.6993935, -118.184105
48.7049957, -118.1869811
48.720884, -118.1891906
48.7241946, -118.1843265
48.7340481, -118.1784141
48.7420237, -118.1834996
48.75113450000001, -118.1859722
48.7589306, -118.1871885
48.7678519, -118.1933113
48.7805664, -118.1851817
48.7875155, -118.1834581
48.7960241, -118.1832131
48.80505669999999, -118.1843937
48.8145769, -118.1828998
48.820893, -118.1870321
48.8322029, -118.1845974
48.8371125, -118.1814575
48.8484735, -118.2000307
48.8606953, -118.1767311
48.86777559999999, -118.1827545
48.8770622, -118.1840461
48.8784272, -118.1849455
48.89515919999999, -118.2003217
48.9083097, -118.1969676
48.9139799, -118.1945693
48.9259289, -118.1843376
48.9308555, -118.1851355
48.9402515, -118.185994
46.2173615, -118.171038
46.2200488, -118.1664035
46.2315839, -118.1717097
46.2393187, -118.1717375
46.24842530000001, -118.16469
46.2635411, -118.1637394
46.267067, -118.169039
46.2748187, -118.1701086
46.2748875, -118.1691196
46.3002566, -118.1674608
46.3037596, -118.1712954
46.3084778, -118.1647601
46.3204894, -118.1763984
46.328351, -118.1802806
46.3394392, -118.1753974
46.3450262, -118.1774511
46.3576395, -118.1755182
46.3626192, -118.1759785
46.3769793, -118.1667632
46.3834689, -118.1656987
46.3951405, -118.1726422
46.4009962, -118.1742213
46.4119274, -118.1699452
46.4217381, -118.166661
46.429139, -118.1701386
46.4382201, -118.1741954
46.4449479, -118.1762634
46.4589708, -118.1747017
46.4649769, -118.1699106
46.47338, -118.1663999
46.479763, -118.1638867
46.4881725, -118.1582152
46.5045752, -118.1802265
46.5111661, -118.1753892
46.51856309999999, -118.1731483
46.5261259, -118.1697374
46.54354910000001, -118.163481
46.54547549999999, -118.1705294
46.5559261, -118.1779862
46.5642364, -118.1704774
46.5707197, -118.1659446
46.5830287, -118.1741269
46.589559, -118.168713
46.598724, -118.168809
46.60837249999999, -118.1781801
46.61542679999999, -118.1766719
46.6292343, -118.1717978
46.6349473, -118.1671023
46.6447789, -118.1691922
46.6553021, -118.1744828
46.6636837, -118.1734786
46.6738864, -118.1724543
46.6758985, -118.167601
46.6933011, -118.1706044
46.6974703, -118.1654142
46.7107259, -118.1705701
46.71575989999999, -118.1717972
46.7281572, -118.1732407
46.73482569999999, -118.1662997
46.74635230000001, -118.1701736
46.7516932, -118.1653646
46.7610259, -118.1680218
46.7727981, -118.1752108
46.7804684, -118.1716002
46.7890782, -118.1686402
46.798513, -118.1698075
46.8070388, -118.1680735
46.8164983, -118.167696
46.82578549999999, -118.1669857
46.8341171, -118.1703327
46.8427369, -118.1701098
46.85243060000001, -118.1672551
46.8607421, -118.1714992
46.870253, -118.1744214
46.87922349999999, -118.1742043
46.8862456, -118.1682744
46.8971984, -118.1677491
46.9058104, -118.1674394
46.9144264, -118.1655482
46.9233109, -118.163163
46.9318289, -118.161912
46.9432851, -118.1656573
46.9511468, -118.1700433
46.9574715, -118.1738979
46.9700423, -118.1756953
46.9758181, -118.1726085
46.9833009, -118.1811037
46.9902542, -118.1858591
46.9984155, -118.1904759
47.0299223, -118.1754759
47.0459819, -118.169613
47.0497502, -118.1677673
47.0590783, -118.1679367
47.0686408, -118.1682398
47.0745345, -118.1703622
47.0745367, -118.1705675
47.0745389, -118.1707728
47.1330781, -118.1687699
47.13314279999999, -118.1691432
47.1392817, -118.1718277
47.14690909999999, -118.1670482
47.1579458, -118.1631558
47.166939, -118.1627926
47.1765753, -118.1702927
47.1850847, -118.1728086
47.1940868, -118.1727243
47.20308929999999, -118.1726594
47.21210860000001, -118.1724402
47.2199518, -118.1703455
47.2285455, -118.1693052
47.2299917, -118.1644403
47.2524551, -118.1608707
47.2592878, -118.1631327
47.2663518, -118.1652807
47.27471300000001, -118.1668021
47.2798588, -118.1697131
47.2938038, -118.1709411
47.29474159999999, -118.1687737
47.3046189, -118.15538
47.3289404, -118.1864128
47.3406056, -118.1686585
47.3475308, -118.1729244
47.3484595, -118.172483
47.3779277, -118.1840281
47.3826221, -118.1843221
47.3949006, -118.1833809
47.4029247, -118.1667094
47.4088386, -118.1732768
47.4153933, -118.1775181
47.4351673, -118.1706188
47.4351829, -118.1701326
47.446322, -118.1859246
47.4553434, -118.1816163
47.464253, -118.1702979
47.4642582, -118.1706185
47.481872, -118.1857917
47.4941123, -118.1713961
47.49996609999999, -118.1752029
47.5091007, -118.1752155
47.5178674, -118.1694117
47.5270831, -118.1644326
47.5383063, -118.1662428
47.546765, -118.1672899
47.5520367, -118.1737385
47.56419959999999, -118.1730607
47.5708462, -118.1672235
47.5811093, -118.1645661
47.590295, -118.1647018
47.5965303, -118.1703216
47.6075244, -118.1668538
47.6138416, -118.1703306
47.6282489, -118.1703185
47.6350632, -118.1625066
47.6427247, -118.1702983
47.65213379999999, -118.1698847
47.6632337, -118.169467
47.67105189999999, -118.1624194
47.683148, -118.1709204
47.6863185, -118.1702987
47.7012552, -118.1703215
47.7085083, -118.162305
47.71338129999999, -118.1633938
47.7231282, -118.1703214
47.7356417, -118.1646819
47.7433325, -118.1694066
47.7518142, -118.1730253
47.7593543, -118.170277
47.7700827, -118.1735499
47.77905459999999, -118.17359
47.7882357, -118.1702967
47.79706299999999, -118.173719
47.8063625, -118.1716766
47.8164726, -118.1755651
47.8283745, -118.1608979
47.833353, -118.1699133
47.8420606, -118.1702126
47.8516194, -118.1708371
47.8601271, -118.1699247
47.8613847, -118.171357
47.8809814, -118.16223
47.8874277, -118.1683071
47.8936475, -118.1731161
47.9021058, -118.1559973
47.9123689, -118.1546345
47.9262357, -118.1715759
47.93187630000001, -118.1699093
47.9328821, -118.1679893
47.9540646, -118.1658114
47.9570246, -118.1642728
47.967669, -118.1690845
47.9768157, -118.1677086
47.9855678, -118.1704274
47.9959454, -118.1806251
48.0065184, -118.1771477
48.0199342, -118.170398
48.019935, -118.1702747
48.0283322, -118.1769125
48.0325248, -118.160274
48.0627709, -118.1706427
48.06314159999999, -118.1720087
48.0784349, -118.1703029
48.08509309999999, -118.1722434
48.0930223, -118.1703173
48.0944085, -118.1668363
48.1188668, -118.1767587
48.1214987, -118.1707069
48.1298002, -118.1705086
48.1356836, -118.1727426
48.1499919, -118.1712288
48.1553153, -118.1701622
48.1661021, -118.1705199
48.17422810000001, -118.1698104
48.1839875, -118.1705814
48.1932383, -118.1713244
48.200688, -118.1718265
48.20970579999999, -118.1745854
48.220748, -118.171162
48.2312831, -118.1717573
48.2350618, -118.1672979
48.2486943, -118.1707391
48.25603539999999, -118.1683085
48.2642807, -118.1714083
48.27466829999999, -118.172532
48.2827253, -118.1706984
48.2940198, -118.1721074
48.2940404, -118.1720648
48.30777620000001, -118.1793919
48.3309435, -118.1546173
48.339284, -118.1580386
48.3476776, -118.1614691
48.3549744, -118.163386
48.3649888, -118.1637767
48.37330739999999, -118.1661338
48.3804403, -118.1682069
48.3896361, -118.1685791
48.4001752, -118.1694655
48.4089988, -118.1715339
48.4181732, -118.1718247
48.4270606, -118.1704384
48.436091, -118.1707057
48.44503599999999, -118.1707805
48.4538671, -118.168283
48.4580791, -118.1649535
48.4720884, -118.170344
48.4802639, -118.1717935
48.4889241, -118.1669134
48.4967991, -118.1606599
48.5017362, -118.1567249
48.5238329, -118.181988
48.5283382, -118.1733215
48.5359109, -118.178831
48.5465093, -118.1702681
48.5532969, -118.1710486
48.5606149, -118.1612664
48.5754967, -118.1608039
48.5778466, -118.1590644
48.59180809999999, -118.1681927
48.59222430000001, -118.1702868
48.6112818, -118.178595
48.61804290000001, -118.1685029
48.6231963, -118.1697826
48.6232121, -118.1696304
48.651612, -118.163502
48.6525863, -118.1638468
48.6619973, -118.1704461
48.6635624, -118.1691039
48.6703388, -118.1853171
48.6985392, -118.1710201
48.7040123, -118.1697016
48.7044738, -118.1737052
48.7267319, -118.1794912
48.73153689999999, -118.1759737
48.7392451, -118.1705731
48.7561127, -118.1668075
48.75961789999999, -118.1660848
48.7678938, -118.1648207
48.7816943, -118.1836433
48.79228639999999, -118.1700669
48.7957566, -118.1713289
48.8037256, -118.1750866
48.8147011, -118.1674734
48.8230327, -118.1706497
48.8288266, -118.1735407
48.8368648, -118.1804789
48.8596168, -118.1753499
48.86050609999999, -118.1693908
48.8684045, -118.1702563
48.8764739, -118.1639174
48.8874913, -118.1611169
48.8950839, -118.1661902
48.9018541, -118.1691653
48.924298, -118.1690552
48.9312735, -118.1700391
48.9405374, -118.1691476
48.9493372, -118.1688134
46.2059323, -118.1568795
46.2234412, -118.1576834
46.2237417, -118.1560396
46.242517, -118.1655775
46.2513813, -118.1608845
46.257621, -118.1555036
46.2673419, -118.1565948
46.2731056, -118.1568333
46.2788287, -118.1443432
46.2989678, -118.1620587
46.2990352, -118.1621542
46.3133276, -118.1594424
46.3200105, -118.1538861
46.3254027, -118.1487682
46.3420367, -118.1456747
46.3484036, -118.147377
46.36280290000001, -118.1517508
46.36625249999999, -118.1560204
46.3727876, -118.1602782
46.3857041, -118.1650129
46.3941119, -118.1612504
46.4036661, -118.1615426
46.4110838, -118.1586436
46.4182334, -118.1555349
46.4296633, -118.1585316
46.43701799999999, -118.1533755
46.4436875, -118.148849
46.460536, -118.1570378
46.4650441, -118.1572261
46.4713174, -118.1601714
46.4841712, -118.1606364
46.4915499, -118.1554075
46.5017504, -118.1512134
46.5080272, -118.1508568
46.5265962, -118.1635827
46.5303247, -118.1594122
46.5370232, -118.1564719
46.5463051, -118.155436
46.5527252, -118.1535988
46.5628897, -118.1565299
46.5735787, -118.1569635
46.5776078, -118.1484838
46.6024712, -118.1593258
46.6078874, -118.1556344
46.6191222, -118.1487665
46.6203995, -118.1488067
46.6373009, -118.1608283
46.64518810000001, -118.1609537
46.648029, -118.1623044
46.6647821, -118.1586352
46.671319, -118.1609551
46.6815227, -118.1573511
46.6880761, -118.1535483
46.6987533, -118.1566434
46.7048311, -118.1591705
46.7160535, -118.1446317
46.7285354, -118.1540443
46.7350112, -118.1565529
46.74403220000001, -118.1560767
46.7507147, -118.1527809
46.761838, -118.1562241
46.7687051, -118.1547104
46.7821908, -118.1565462
46.7821933, -118.156764
46.7982652, -118.1683839
46.8115558, -118.165597
46.8140582, -118.1638747
46.82483360000001, -118.1666081
46.8319328, -118.1676571
46.8449184, -118.1639259
46.8538013, -118.1601742
46.8548684, -118.161228
46.8703649, -118.1744149
46.8879831, -118.1646289
46.89044579999999, -118.1583549
46.89163509999999, -118.1537929
46.90717, -118.1671245
46.9168506, -118.1646502
46.9236469, -118.1557843
46.9338414, -118.1612036
46.9371392, -118.1585174
46.94803659999999, -118.168309
46.9558972, -118.1727031
46.9757498, -118.1725979
46.9757934, -118.1725723
46.9879726, -118.1845475
46.9970776, -118.1897244
47.05068989999999, -118.167505
47.058186, -118.16777
47.0664407, -118.1649358
47.0743538, -118.156668
47.0743573, -118.1569388
47.0743608, -118.1572008
47.1041375, -118.123745
47.1333628, -118.1655029
47.13448409999999, -118.1609475
47.13503540000001, -118.1588108
47.13586189999999, -118.154514
47.1523166, -118.1569823
47.1561787, -118.1537285
47.16719459999999, -118.1627823
47.1764403, -118.15659
47.1849473, -118.1465444
47.196691, -118.154138
47.1981234, -118.1525521
47.2197185, -118.1563491
47.2197229, -118.1566414
47.23171019999999, -118.1576479
47.2396451, -118.1513512
47.2479646, -118.1505288
47.2569007, -118.1617724
47.2653092, -118.1651306
47.2761473, -118.1664707
47.2854445, -118.158747
47.2937033, -118.1563736
47.310469, -118.151815
47.3360557, -118.1505655
47.3395577, -118.1573278
47.3409592, -118.1533092
47.356061, -118.1436606
47.3651275, -118.1435214
47.3742145, -118.1436258
47.3831028, -118.1436832
47.3954957, -118.1531007
47.39839509999999, -118.1593301
47.4041712, -118.1681065
47.4136447, -118.1756949
47.435348, -118.1567856
47.43535079999999, -118.1565525
47.4353535, -118.1563195
47.4650466, -118.1595937
47.46540359999999, -118.1569955
47.46576049999999, -118.1543973
47.4800563, -118.141138
47.4952455, -118.1584785
47.4961824, -118.1545719
47.5138863, -118.17163
47.52159839999999, -118.1671994
47.5310322, -118.1567047
47.5356743, -118.1578168
47.5450575, -118.1551793
47.5542789, -118.1644936
47.5639066, -118.1564026
47.56753880000001, -118.156374
47.5810374, -118.1645653
47.5898315, -118.1646664
47.5965822, -118.156615
47.6078587, -118.1633981
47.6138418, -118.1565968
47.6260929, -118.1625399
47.6350913, -118.1625065
47.64444899999999, -118.1580623
47.6531902, -118.1565918
47.6616326, -118.1563483
47.6711261, -118.1624181
47.68005240000001, -118.1624831
47.68636739999999, -118.1570568
47.7012799, -118.156594
47.7161294, -118.1515473
47.7257644, -118.1556115
47.7341011, -118.151737
47.7438477, -118.1565882
47.7511787, -118.150372
47.7607812, -118.1613936
47.77573109999999, -118.1653555
47.7795041, -118.1565842
47.7890585, -118.1572986
47.794972, -118.1535169
47.8028133, -118.1452132
47.8184947, -118.1549561
47.8248602, -118.1557202
47.8309366, -118.1622061
47.8456546, -118.1504228
47.8517927, -118.1575167
47.8591963, -118.1508407
47.8688048, -118.1525541
47.8776823, -118.1571509
47.8908616, -118.1526323
47.8955782, -118.154823
47.9050686, -118.1544761
47.9131491, -118.1540996
47.9254346, -118.1537163
47.9313942, -118.1549564
47.9380468, -118.1505405
47.9538226, -118.1615195
47.9588974, -118.1561881
47.967477, -118.1549135
47.9742804, -118.1520165
47.9894205, -118.150363
47.99007719999999, -118.1507447
48.0039885, -118.1417571
48.02046139999999, -118.1538614
48.0216177, -118.1569686
48.0298328, -118.1558331
48.0346567, -118.152532
48.0493056, -118.1455503
48.0639342, -118.1567975
48.0639389, -118.1564899
48.07844110000001, -118.1556209
48.0860597, -118.1577913
48.0929145, -118.1566161
48.0929156, -118.1567617
48.1220102, -118.1589982
48.1223269, -118.1574339
48.1286812, -118.1661286
48.1391962, -118.1438356
48.1527351, -118.1531395
48.1556908, -118.1562096
48.1661049, -118.158845
48.1743287, -118.1661452
48.1837937, -118.1563351
48.1932339, -118.1521744
48.2010774, -118.1549325
48.2114444, -118.1591064
48.2193777, -118.1558717
48.2290628, -118.1564904
48.2354425, -118.1509323
48.2483952, -118.1632569
48.2559642, -118.156537
48.2587059, -118.154184
48.2764984, -118.1564523
48.2801245, -118.1563607
48.2884555, -118.144664
48.3027441, -118.1491389
48.3108787, -118.1488192
48.32022629999999, -118.1502592
48.3286068, -118.1536638
48.3369882, -118.1570991
48.3460761, -118.1566144
48.3546977, -118.1597398
48.3641991, -118.1565566
48.3730841, -118.1564941
48.3816561, -118.1541071
48.3858634, -118.1535397
48.4075004, -118.1583254
48.4084205, -118.1588705
48.41816379999999, -118.1606442
48.42845510000001, -118.1557467
48.437083, -118.154083
48.4441813, -118.1548097
48.4543973, -118.1499028
48.4621719, -118.1558006
48.4705777, -118.1542047
48.4788722, -118.1526452
48.4877176, -118.1572474
48.4997905, -118.1585718
48.50604389999999, -118.1521754
48.51356639999999, -118.1454403
48.5394466, -118.1571183
48.544487, -118.1565744
48.55308, -118.1570362
48.5611658, -118.1570051
48.570949, -118.1558335
48.5802303, -118.1571192
48.5892027, -118.1565228
48.5969397, -118.1492047
48.6091497, -118.1555845
48.614883, -118.1554022
48.6210044, -118.1642027
48.6229157, -118.1680734
48.661286, -118.1569019
48.6615385, -118.1563167
48.6884753, -118.1375346
48.69154839999999, -118.1411441
48.699461, -118.1553922
48.7010474, -118.1573396
48.71455479999999, -118.1454545
48.729703, -118.1450284
48.7367425, -118.1557893
48.7419474, -118.1578203
48.7513799, -118.1566265
48.7606525, -118.1658583
48.768749, -118.1574905
48.7814015, -118.149722
48.7890476, -118.1550128
48.7966945, -118.1605906
48.8040288, -118.1621142
48.8129797, -118.1581213
48.8212193, -118.1657374
48.8378944, -118.1429172
48.8547954, -118.146695
48.8601006, -118.1557986
48.8675493, -118.1553642
48.8766907, -118.1546434
48.8858168, -118.160664
48.89372669999999, -118.1595308
48.9001153, -118.1650845
48.9123706, -118.1418749
48.92501660000001, -118.1583086
48.9325739, -118.156608
48.9400439, -118.1565658
48.94282219999999, -118.1509634
46.21307170000001, -118.1376081
46.2239596, -118.1436309
46.2317664, -118.1379858
46.2399297, -118.1432862
46.24844540000001, -118.1464992
46.2569502, -118.1488045
46.2664652, -118.1440555
46.2777284, -118.1455226
46.284939, -118.1396401
46.2910106, -118.135392
46.3033071, -118.1328269
46.3058397, -118.1314246
46.3248978, -118.1493949
46.330474, -118.1438079
46.3390891, -118.1428721
46.34751, -118.1471818
46.3573854, -118.1448805
46.3668111, -118.1464897
46.37499589999999, -118.1410954
46.38476259999999, -118.1459756
46.392879, -118.1419563
46.40142540000001, -118.1382631
46.4091701, -118.1366385
46.4207371, -118.1456204
46.42499420000001, -118.144997
46.4437957, -118.141687
46.4468953, -118.1428258
46.4470506, -118.1417321
46.4649539, -118.1572176
46.4706975, -118.1597075
46.4880588, -118.1582927
46.4938797, -118.1522998
46.5005641, -118.1509596
46.5121333, -118.1451978
46.5145573, -118.1400905
46.5284361, -118.141074
46.5357755, -118.1457725
46.5487788, -118.1402789
46.5555226, -118.1430955
46.5640947, -118.1429159
46.5727717, -118.1452221
46.5819805, -118.1426045
46.5905239, -118.141524
46.5955851, -118.1362894
46.6118718, -118.1510221
46.6192281, -118.142381
