47.8443668, -119.3353696
47.85110969999999, -119.3414859
47.8588135, -119.3353916
47.8690064, -119.3413198
47.8780787, -119.3413056
47.8870991, -119.3413606
47.8955827, -119.3413632
47.9063641, -119.3353929
47.9063646, -119.3352928
47.9338546, -119.3352293
47.9338553, -119.335354
47.9410746, -119.3416183
47.95009169999999, -119.3415852
47.960333, -119.3352392
47.9615109, -119.3338777
47.9799668, -119.3537147
47.9906391, -119.3216858
47.99507149999999, -119.3216798
48.0050727, -119.3353683
48.0195027, -119.3353746
48.0195027, -119.3353802
48.037945, -119.3313544
48.061929, -119.333479
48.063505, -119.335661
48.0760258, -119.3362883
48.0840649, -119.335229
48.0939598, -119.3348878
48.104116, -119.3385519
48.1110908, -119.3396404
48.120905, -119.3358007
48.1293227, -119.3386092
48.1384339, -119.3423074
48.1486144, -119.3337846
48.1547147, -119.3386578
48.1653878, -119.337374
48.174841, -119.3356249
48.1885242, -119.3366768
48.1909797, -119.3320575
48.19436169999999, -119.3256344
48.2121506, -119.3546372
48.2195156, -119.352909
48.2370306, -119.3184569
48.243497, -119.3382924
48.2444466, -119.3344159
48.2620247, -119.3232609
48.2699727, -119.3318439
48.2718219, -119.3359753
48.2835669, -119.3335515
48.2874616, -119.3371794
48.307513, -119.344939
48.309712, -119.3423213
48.32085679999999, -119.339107
48.3266814, -119.339546
48.33623859999999, -119.3367773
48.3457353, -119.335394
48.3540056, -119.3376041
48.3679588, -119.3338769
48.3696108, -119.3368319
48.393109, -119.3366882
48.4030591, -119.3290171
48.4040489, -119.3292749
48.4242939, -119.335718
48.42596109999999, -119.3331736
48.4363086, -119.3342669
48.4444339, -119.3375444
48.44572789999999, -119.338099
48.4654521, -119.3382652
48.4720938, -119.3322643
48.4782874, -119.329578
48.48958289999999, -119.3266256
48.4996988, -119.3353815
48.50793849999999, -119.3350987
48.5172655, -119.3331422
48.5263607, -119.3347748
48.5393841, -119.338456
48.54390799999999, -119.3349126
48.5459307, -119.334921
48.5647742, -119.3313145
48.5675561, -119.334467
48.5766359, -119.3455449
48.5897878, -119.3358874
48.593433, -119.3381611
48.6078286, -119.3363344
48.6146727, -119.3315233
48.626923, -119.3369659
48.6320563, -119.3321484
48.6470754, -119.335478
48.6519236, -119.3315135
48.6600221, -119.3347929
48.6620375, -119.3425596
48.6700408, -119.3538511
48.6931356, -119.3228305
48.69974939999999, -119.3375127
48.70384900000001, -119.331287
48.7149817, -119.3360152
48.7249597, -119.3365549
48.7258644, -119.3339764
48.7445064, -119.3430465
48.7518097, -119.3377216
48.7605462, -119.3349289
48.7684031, -119.3371735
48.778779, -119.336292
48.7841443, -119.3289588
48.8002083, -119.3442787
48.8045542, -119.3378035
48.8149553, -119.3355342
48.822848, -119.3351634
48.8324394, -119.3350423
48.8402657, -119.3337655
48.8500035, -119.3355404
48.8544055, -119.326315
48.8738904, -119.3330117
48.8760249, -119.336005
48.8867297, -119.3380902
48.8911542, -119.3345805
48.8964963, -119.320851
48.9168478, -119.3176245
48.9282251, -119.3351596
48.9318184, -119.3353368
48.9401846, -119.3353908
48.9481158, -119.3339609
46.2084479, -119.3118888
46.2251337, -119.333421
46.2338377, -119.3194561
46.2423496, -119.3187275
46.2490306, -119.3216392
46.2576239, -119.3218662
46.2642562, -119.3258051
46.2764417, -119.3195843
46.2853133, -119.3187936
46.29396999999999, -119.321798
46.3030729, -119.3211127
46.3153344, -119.3217292
46.3204116, -119.3209473
46.330193, -119.3198463
46.3385074, -119.315249
46.3512203, -119.3211974
46.3532283, -119.3256816
46.3612064, -119.3305266
46.4113862, -119.2946699
46.415938, -119.3011153
46.4205017, -119.3075724
46.4251396, -119.3140908
46.4297884, -119.3206203
46.4344543, -119.3270481
46.4478441, -119.3232689
46.4557812, -119.3179446
46.4650151, -119.3176086
46.4697787, -119.3174505
46.4787861, -119.328726
46.5271833, -119.3568345
46.5457318, -119.3261797
46.5478169, -119.330156
46.5693498, -119.3197183
46.5698985, -119.3228506
46.587637, -119.3190638
46.5969357, -119.3117624
46.6130337, -119.3146549
46.6201639, -119.3142547
46.6270694, -119.3159156
46.635003, -119.3164526
46.6492911, -119.3141915
46.6669931, -119.3031518
46.6785539, -119.3215916
46.68108400000001, -119.3246265
46.6900838, -119.3245949
46.7001368, -119.3216844
46.707909, -119.3244967
46.7147204, -119.3247863
46.73792520000001, -119.3216985
46.7426749, -119.323104
46.74609150000001, -119.3305513
46.7714524, -119.3136201
46.773871, -119.3189624
46.7777535, -119.3238824
46.7893874, -119.321543
46.7976642, -119.3218789
46.80997300000001, -119.3219265
46.8159864, -119.3216662
46.8187431, -119.3233867
46.82547539999999, -119.3034069
46.8530137, -119.331165
46.8535964, -119.3304885
46.8625961, -119.3248581
46.86972429999999, -119.3224726
46.87704369999999, -119.3144369
46.8903713, -119.3237384
46.8970779, -119.323746
46.9050974, -119.3216882
46.9150905, -119.3234608
46.92382809999999, -119.3215171
46.93309, -119.3232095
46.9420937, -119.3230389
46.9488953, -119.3184001
46.9609597, -119.3210929
46.9672013, -119.318274
46.97105260000001, -119.3135381
46.9741084, -119.307566
46.97739379999999, -119.3011546
47.02256939999999, -119.3018246
47.02333729999999, -119.3026277
47.0277328, -119.3057475
47.0359267, -119.3137872
47.0417841, -119.3180781
47.0502996, -119.3195354
47.0590212, -119.3211415
47.06797359999999, -119.3172506
47.0843626, -119.3219731
47.08623619999999, -119.3215297
47.0949176, -119.3197663
47.102656, -119.3224106
47.1131492, -119.3212102
47.1220759, -119.32108
47.1311598, -119.3210031
47.1405024, -119.3220321
47.1490738, -119.3206549
47.1581889, -119.3213917
47.1674088, -119.3220568
47.1760178, -119.3218402
47.185078, -119.322625
47.1901132, -119.3217429
47.1901141, -119.3218461
47.2202059, -119.3092631
47.2284943, -119.3175004
47.2300558, -119.3174816
47.2390756, -119.3200501
47.24809279999999, -119.3201887
47.2570992, -119.3205218
47.26489549999999, -119.3215938
47.2708722, -119.313384
47.2943557, -119.2990086
47.3126899, -119.334899
47.3239129, -119.3215085
47.3239204, -119.3218915
47.3420911, -119.3042706
47.3518293, -119.3213048
47.352644, -119.321107
47.3649802, -119.3218058
47.3805856, -119.3206982
47.3815849, -119.3217229
47.3815897, -119.3220304
47.4176071, -119.3198377
47.4190637, -119.3198372
47.4280796, -119.3197861
47.4373785, -119.3213803
47.4449196, -119.3279198
47.4536854, -119.3209427
47.4640593, -119.3199824
47.4730708, -119.3199258
47.48207379999999, -119.3198543
47.49107360000001, -119.3197977
47.500377, -119.3208759
47.5069244, -119.3179629
47.509079, -119.3148546
47.5213174, -119.3004974
47.5290024, -119.2959065
47.5442079, -119.292328
47.565683, -119.3089505
47.5663133, -119.3083816
47.5882665, -119.3405979
47.59231339999999, -119.3028811
47.6017827, -119.3014276
47.6102701, -119.3033564
47.62256300000001, -119.3181317
47.623995, -119.3230155
47.637685, -119.3245225
47.6401079, -119.3219996
47.6629018, -119.3416577
47.67109199999999, -119.3416183
47.6865165, -119.3353986
47.6957, -119.32007
47.6980926, -119.3201163
47.7062392, -119.319966
47.72026169999999, -119.3200135
47.7250873, -119.3200516
47.7340853, -119.3201545
47.7427859, -119.321674
47.7520821, -119.3202746
47.75783149999999, -119.3201923
47.75784090000001, -119.3201469
47.78630219999999, -119.3220663
47.7880743, -119.3203559
47.797074, -119.320284
47.8060877, -119.320202
47.81522589999999, -119.3216696
47.8240777, -119.3201831
47.8289663, -119.3237572
47.844268, -119.3216364
47.844269, -119.3217819
47.85876649999999, -119.3253074
47.8735031, -119.3216515
47.8735031, -119.3216928
47.89507649999999, -119.3124681
47.8987559, -119.3191707
47.90262509999999, -119.3230629
47.9140812, -119.3198255
47.9171746, -119.3195017
47.9360171, -119.3239205
47.9371671, -119.3194267
47.9614625, -119.321671
47.9615379, -119.3220331
47.9904938, -119.3206705
47.9905155, -119.3213183
47.995079, -119.3216798
48.0040789, -119.3216827
48.0195927, -119.3217579
48.0195934, -119.3216389
48.0373263, -119.3277992
48.0394578, -119.321428
48.0448891, -119.3170978
48.063602, -119.333327
48.0760088, -119.3362861
48.0887037, -119.3093407
48.095692, -119.3130639
48.1049602, -119.3243854
48.11060819999999, -119.3199362
48.1224767, -119.3162541
48.132041, -119.3190511
48.13769569999999, -119.3256322
48.1502931, -119.3216968
48.1564317, -119.3250971
48.1612526, -119.3261881
48.1743679, -119.3226812
48.1919803, -119.3297918
48.1947409, -119.3219854
48.1948498, -119.3206861
48.1979215, -119.3090526
48.2274603, -119.3046427
48.233876, -119.3141144
48.2387439, -119.3201516
48.2442039, -119.325735
48.2580672, -119.3185794
48.264058, -119.3246197
48.278355, -119.322102
48.2832556, -119.3204421
48.2921263, -119.3230633
48.3008682, -119.3202569
48.3109719, -119.3176332
48.317167, -119.319238
48.3314357, -119.3216275
48.33839099999999, -119.3230831
48.3498718, -119.325564
48.3510498, -119.3221915
48.3673377, -119.3222864
48.3681359, -119.3220049
48.3857384, -119.3110066
48.3914876, -119.3124608
48.4003914, -119.3196202
48.407735, -119.3203154
48.4139051, -119.3095359
48.4299027, -119.3230235
48.4360485, -119.320095
48.4376152, -119.3198158
48.45124939999999, -119.3111046
48.46395829999999, -119.3119465
48.47619299999999, -119.322275
48.4769704, -119.3206349
48.49010850000001, -119.3234109
48.4986224, -119.3207867
48.5074862, -119.3167326
48.5186634, -119.3209903
48.5251136, -119.3209104
48.5306058, -119.3142275
48.5441551, -119.3105356
48.55537529999999, -119.3205215
48.5621824, -119.3222649
48.57047130000001, -119.319922
48.5800304, -119.3216494
48.5884045, -119.3205994
48.5965255, -119.3161724
48.6073262, -119.3209034
48.6152665, -119.3212589
48.6238113, -119.3283117
48.6331628, -119.323224
48.6431108, -119.3218891
48.6510263, -119.3274148
48.6573289, -119.32325
48.66031539999999, -119.3315233
48.6916796, -119.320582
48.6973547, -119.3212024
48.7073392, -119.3242103
48.7143903, -119.325411
48.7238313, -119.3223092
48.7312936, -119.310174
48.7518462, -119.3196629
48.7601061, -119.3213136
48.7691568, -119.3214153
48.77541, -119.3173708
48.7886086, -119.3237692
48.7955687, -119.3188612
48.8049673, -119.3204463
48.8144608, -119.322817
48.8230839, -119.3216798
48.8295214, -119.3219578
48.8411269, -119.3199439
48.8523353, -119.3195249
48.8560816, -119.3173982
48.8732359, -119.3192528
48.8766183, -119.3228573
48.8904946, -119.3234653
48.8950723, -119.3215658
48.9018225, -119.3167607
48.9266713, -119.3182915
48.93071330000001, -119.3215285
48.9392045, -119.3223315
48.9480994, -119.3213843
46.2140262, -119.3057844
46.2173937, -119.3044819
46.2297205, -119.3088962
46.24008560000001, -119.3079576
46.24865579999999, -119.3079861
46.2582822, -119.3078127
46.2668427, -119.3074115
46.2758171, -119.3073217
46.28507889999999, -119.3066277
46.2940802, -119.308343
46.3030961, -119.3032837
46.3113201, -119.3056724
46.3212267, -119.3078093
46.3300875, -119.3088356
46.3365675, -119.3089083
46.3493123, -119.3039221
46.3511699, -119.3081048
46.35117229999999, -119.3083176
46.3728102, -119.28595
46.38406579999999, -119.2835249
46.3930661, -119.2835092
46.411236, -119.2944557
46.4158142, -119.3009398
46.420419, -119.3074562
46.4251352, -119.3138736
46.4297578, -119.3203847
46.4516344, -119.319799
46.4565947, -119.317824
46.4698098, -119.3078883
46.4698109, -119.3080344
46.4766133, -119.3007255
46.53360720000001, -119.2736075
46.5371709, -119.2786309
46.5604951, -119.3000659
46.5648567, -119.3050614
46.5677138, -119.3104441
46.5870427, -119.308498
46.5910788, -119.3080109
46.5998139, -119.307024
46.6090188, -119.3043377
46.62016149999999, -119.3079633
46.6270899, -119.3040162
46.63467139999999, -119.3079738
46.6450666, -119.3036985
46.6537471, -119.3036331
46.6655018, -119.3020405
46.672073, -119.3036682
46.6784738, -119.307998
46.6900634, -119.3035666
46.7002586, -119.3080021
46.7040111, -119.2983723
46.72889070000001, -119.2930545
46.7379863, -119.3079927
46.7399374, -119.3127121
46.75085319999999, -119.2946208
46.7668664, -119.3038651
46.7697624, -119.3094114
46.7856126, -119.3047527
46.7868916, -119.3093874
46.7953097, -119.3079634
46.8091962, -119.3088615
46.8172021, -119.3078158
46.8251034, -119.3034027
46.8570216, -119.3284594
46.865769, -119.3207571
46.8750313, -119.3156119
46.8794982, -119.3085586
46.8876496, -119.3064166
46.8973557, -119.3071849
46.9058505, -119.3086207
46.9126109, -119.310493
46.9252276, -119.3088881
46.9269981, -119.3040135
46.9422447, -119.308209
46.95398000000001, -119.305873
46.96251600000001, -119.305686
46.9710549, -119.3086352
46.9754026, -119.305044
46.9786923, -119.298622
46.9804477, -119.2947924
47.0246345, -119.3036714
47.03194550000001, -119.3082592
47.0380546, -119.3153422
47.0498764, -119.3194413
47.0638118, -119.3101581
47.0689714, -119.3099277
47.0745981, -119.3100451
47.0844373, -119.3049232
47.096099, -119.3082868
47.104217, -119.308165
47.1121943, -119.3056751
47.1220773, -119.3126887
47.1320173, -119.3041984
47.1396484, -119.3093201
47.14871249999999, -119.3079685
47.157697, -119.3079653
47.1670847, -119.3097702
47.178189, -119.3102724
47.182255, -119.3077707
47.1905801, -119.3052685
47.2012905, -119.2957017
47.220636, -119.3079149
47.2300703, -119.3067516
47.2376396, -119.3079732
47.2486279, -119.3079755
47.2653398, -119.3066781
47.2662913, -119.3073236
47.3089446, -119.2986794
47.3236661, -119.3078167
47.3288471, -119.3036846
47.338246, -119.3032357
47.3473295, -119.3071704
47.3560144, -119.309397
47.3603551, -119.3143729
47.3740625, -119.2984502
47.3813356, -119.3080363
47.3813425, -119.3084036
47.4238993, -119.3091986
47.4307257, -119.3077131
47.437539, -119.3127648
47.43867969999999, -119.313042
47.45629, -119.3174335
47.4682734, -119.3078566
47.4682761, -119.3080893
47.482046, -119.2985381
47.4911136, -119.3197974
47.5022092, -119.3073679
47.5103956, -119.3100954
47.5166809, -119.3032749
47.5245253, -119.2985824
47.5317292, -119.294263
47.55744440000001, -119.2940267
47.56448839999999, -119.3047209
47.5665505, -119.3076516
47.59949, -119.3009818
47.6086801, -119.3029382
47.6191804, -119.3066068
47.6206162, -119.3114961
47.6711029, -119.3416183
47.6979731, -119.320114
47.7049826, -119.319398
47.7283196, -119.3079088
47.7283209, -119.3080652
47.7427691, -119.3079658
47.7572509, -119.3079044
47.7572515, -119.30801
47.7700671, -119.298766
47.7792022, -119.298834
47.7857281, -119.2989447
47.80079780000001, -119.3079798
47.8007979, -119.3079442
47.8150674, -119.3201995
47.8261158, -119.3079414
47.8261164, -119.3080462
47.8442017, -119.3079346
47.84420249999999, -119.3080639
47.87347390000001, -119.3079438
47.87347399999999, -119.3079875
47.892303, -119.3035942
47.8941249, -119.3091602
47.8978638, -119.3157424
47.9171505, -119.3079362
47.91715079999999, -119.3080209
47.9321192, -119.2982932
47.9402225, -119.307478
47.9500609, -119.2983484
47.9615009, -119.3080025
47.9680725, -119.2998386
47.9770725, -119.2998246
47.9905552, -119.3080009
47.9905555, -119.307929
48.0051621, -119.3079787
48.012969, -119.29984
48.0196861, -119.3079532
48.0340607, -119.3073914
48.0361009, -119.3092072
48.0473639, -119.3069699
48.0606191, -119.3035735
48.0665643, -119.3071986
48.0761398, -119.3069351
48.0853816, -119.3059608
48.0927853, -119.3100385
48.1036089, -119.3083768
48.1099251, -119.3043107
48.1232611, -119.3101856
48.1279876, -119.3091752
48.1414652, -119.3024702
48.1457687, -119.3098083
48.1504511, -119.316426
48.1709779, -119.3049438
48.1730411, -119.3074723
48.1746552, -119.3114359
48.1963445, -119.3112019
48.1979772, -119.3085002
48.2041842, -119.2932228
48.2254798, -119.3014855
48.2295162, -119.3057488
48.2336792, -119.3029541
48.24678249999999, -119.304058
48.2568141, -119.3070122
48.2579491, -119.3087802
48.27401, -119.3080087
48.2794821, -119.3130451
48.2902589, -119.3198463
48.3036865, -119.3085329
48.313526, -119.3095167
48.31960480000001, -119.3109111
48.32647290000001, -119.3133066
48.3380084, -119.3098588
48.3480807, -119.3078627
48.3540409, -119.3059108
48.3675137, -119.3076251
48.36878859999999, -119.3106968
48.38201979999999, -119.3076252
48.3906412, -119.3117315
48.40183709999999, -119.3077313
48.41045520000001, -119.3115702
48.4141646, -119.3092387
48.4298341, -119.3067404
48.4335214, -119.3140852
48.449135, -119.309017
48.4517131, -119.3082624
48.4627278, -119.3079644
48.4718094, -119.3111008
48.4790778, -119.3130863
48.4959322, -119.3080127
48.4959325, -119.3079395
48.507687, -119.3067227
48.5139633, -119.3115626
48.5302212, -119.3147614
48.5350449, -119.3105256
48.5440616, -119.3105342
48.5539138, -119.3079662
48.56213349999999, -119.313607
48.5756703, -119.3027919
48.5798823, -119.3005281
48.58912609999999, -119.3078831
48.5982948, -119.307879
48.6011975, -119.3128123
48.6164569, -119.2986279
48.6252972, -119.306207
48.6330284, -119.3044467
48.6404824, -119.3101103
48.65430509999999, -119.3067672
48.6573998, -119.3129648
48.6938589, -119.308798
48.6955702, -119.3102662
48.7068668, -119.3093154
48.7142436, -119.3108285
48.7263168, -119.307018
48.7332998, -119.3089749
48.7399344, -119.3037828
48.7538667, -119.3064058
48.7592209, -119.3113214
48.7714585, -119.3122167
48.777361, -119.3075937
48.7874715, -119.3096537
48.7953294, -119.3039777
48.807983, -119.3108264
48.8130302, -119.306119
48.822179, -119.309568
48.8318446, -119.3097175
48.840552, -119.3086964
48.8499411, -119.3096553
48.8585649, -119.3068164
48.8681568, -119.3087232
48.872709, -119.311728
48.89137710000001, -119.3202194
48.89957279999999, -119.3131362
48.9034036, -119.307616
48.9116301, -119.3019673
48.91904, -119.307078
48.9311134, -119.3063265
48.9418302, -119.3057005
48.9490238, -119.3096001
46.2121681, -119.2942988
46.2211152, -119.2966296
46.2309054, -119.2942303
46.2403915, -119.2940501
46.2501094, -119.2960954
46.2578665, -119.2941386
46.2669512, -119.2939213
46.2762349, -119.2942612
46.285079, -119.2945919
46.2938889, -119.2952244
46.3028127, -119.2938433
46.3120947, -119.2947172
46.3187907, -119.2966835
46.329914, -119.2835743
46.3390928, -119.3001095
46.3510494, -119.2942085
46.3510506, -119.2943594
46.3659887, -119.2837765
46.3840726, -119.2835249
46.3930727, -119.2835092
46.4064807, -119.2876899
46.4110883, -119.2942447
46.41577789999999, -119.3006771
46.428407, -119.276495
46.4374559, -119.275807
46.4464553, -119.2751488
46.4634748, -119.2797777
46.4703802, -119.2933927
46.4746829, -119.2931588
46.4777779, -119.292488
46.47823229999999, -119.2896203
46.4787301, -119.2865309
46.516201, -119.2578547
46.5334112, -119.273324
46.5416307, -119.2829463
46.5463974, -119.2863836
46.5554563, -119.2936763
46.560296, -119.2997771
46.5768206, -119.2900484
46.5839881, -119.2942802
46.5909303, -119.2899105
46.6001538, -119.2900453
46.6048254, -119.294294
46.6182224, -119.3040361
46.627511, -119.2942675
46.6362669, -119.3040056
46.6435966, -119.2942482
46.6563867, -119.3011401
46.6628009, -119.3006986
46.67209270000001, -119.3036682
46.6811653, -119.2942554
46.6901125, -119.3035663
46.7017059, -119.3004512
46.7073836, -119.2939377
46.7171146, -119.282472
46.7284955, -119.2923645
46.7380423, -119.2942872
46.7380427, -119.2941994
46.7508463, -119.2944356
46.7664503, -119.2927109
46.7680396, -119.2958215
46.78349009999999, -119.2926884
46.7892208, -119.2953422
46.7952933, -119.2942705
46.810478, -119.294209
46.81276159999999, -119.288341
46.8250307, -119.3034018
46.8643472, -119.3221442
46.8776905, -119.2972858
46.8795496, -119.2958199
46.8875444, -119.2922131
46.899194, -119.2878883
46.90075179999999, -119.2868876
46.9240906, -119.2951222
46.9242354, -119.2950618
46.926919, -119.3016039
46.944117, -119.3016888
46.9510421, -119.3015858
46.9584504, -119.2944584
46.9707811, -119.2943644
46.9800082, -119.2959009
46.9818208, -119.2912638
47.0005443, -119.2791869
47.0049432, -119.2794488
47.0142325, -119.2798129
47.0300328, -119.3067706
47.03269359999999, -119.3089069
47.0660631, -119.3000132
47.06655569999999, -119.297721
47.0673703, -119.2939301
47.0789502, -119.2943668
47.0861406, -119.2948274
47.0943671, -119.2915473
47.1018042, -119.2938716
47.1134339, -119.2939344
47.1224003, -119.2952343
47.1311153, -119.2942061
47.1400784, -119.2943141
47.1490762, -119.2942276
47.1579742, -119.2942601
47.16803549999999, -119.2952769
47.1752313, -119.2942699
47.1851442, -119.2944851
47.1937352, -119.2944288
47.203201, -119.2948161
47.2129273, -119.2895203
47.2200435, -119.2963309
47.2326621, -119.2968092
47.2390658, -119.2960417
47.25336919999999, -119.2891487
47.2652525, -119.2942918
47.2769938, -119.288388
47.2796748, -119.2901171
47.2942534, -119.2942039
47.3088352, -119.2939454
47.30884409999999, -119.2943618
47.3233857, -119.2940692
47.3287658, -119.2986778
47.3361557, -119.2971914
47.35211030000001, -119.2940296
47.3560866, -119.2985197
47.36508660000001, -119.2984849
47.3740865, -119.2984502
47.3811088, -119.294326
47.3811137, -119.2946353
47.4010528, -119.2771778
47.4170115, -119.2879989
47.4194707, -119.2896935
47.4257, -119.2936518
47.4331201, -119.2911115
47.4465247, -119.2943308
47.4566309, -119.2873411
47.46417779999999, -119.2941095
47.47307, -119.2986242
47.4820942, -119.2985377
47.4841754, -119.2985216
47.5010016, -119.291524
47.50879, -119.296857
47.51531139999999, -119.3005574
47.5277301, -119.2966764
47.5367908, -119.2905845
47.5444041, -119.2922564
47.5551515, -119.2924988
47.56123119999999, -119.2974372
47.5648519, -119.2992415
47.5824757, -119.2790882
47.5934957, -119.2966297
47.5999883, -119.2902761
47.6083769, -119.2939325
47.6163728, -119.2942918
47.6232461, -119.2866647
47.6276389, -119.284911
47.6454363, -119.2782488
47.649615, -119.27834
47.6652597, -119.271699
47.6718185, -119.2733505
47.6774846, -119.2728312
47.6859945, -119.2704115
47.6978553, -119.3201117
47.70495649999999, -119.3193879
47.7282593, -119.3031734
47.7427314, -119.2942614
47.7572163, -119.2987556
47.761626, -119.2987425
47.7700851, -119.298766
47.7789802, -119.2988233
47.7862944, -119.2943196
47.8007637, -119.294232
47.8007639, -119.2942962
47.8261747, -119.2964436
47.8263294, -119.2947015
47.8322119, -119.2883304
47.8441312, -119.2942452
47.84413139999999, -119.2943025
47.868058, -119.286247
47.8708489, -119.2908467
47.87801409999999, -119.2980778
47.887153, -119.2930387
47.89205, -119.2922143
47.9171079, -119.2942507
47.9171079, -119.2942564
47.9230745, -119.2982505
47.9320625, -119.2982927
47.9432791, -119.2955177
47.9500869, -119.2983483
47.9590903, -119.2982957
47.9680838, -119.2998386
47.97708369999999, -119.2998246
47.9860976, -119.2998217
47.99508350000001, -119.2997833
48.0051965, -119.294253
48.0131548, -119.2998344
48.01968429999999, -119.2997867
48.0310137, -119.2942266
48.0346347, -119.3023099
48.0514179, -119.2934885
48.0554117, -119.2981293
48.0695254, -119.3039439
48.0740522, -119.2994587
48.0849077, -119.3001203
48.0956538, -119.2953411
48.1044861, -119.2944609
48.112347, -119.2943933
48.12144060000001, -119.296571
48.12876869999999, -119.2928662
48.13742149999999, -119.2969364
48.1426548, -119.3034162
48.1605535, -119.2859646
48.1685492, -119.2925238
48.1703251, -119.2965626
48.17033869999999, -119.2966678
48.1996131, -119.3000604
48.2026207, -119.295136
48.2056117, -119.2901127
48.221427, -119.29273
48.22962649999999, -119.2938352
48.2376902, -119.2954038
48.2471127, -119.2983091
48.2552744, -119.289366
48.2697343, -119.293798
48.273899, -119.2935224
48.2847549, -119.2889504
48.2869419, -119.290784
48.30588299999999, -119.3042024
48.3118941, -119.2966152
48.3189919, -119.2929314
48.325633, -119.2943979
48.3396297, -119.3028214
48.3489076, -119.2945559
48.35509649999999, -119.3003802
48.3669223, -119.2939959
48.3722491, -119.2959518
48.3791634, -119.3044898
48.3927237, -119.2919955
48.3995887, -119.2942758
48.408117, -119.2864067
48.42058, -119.289663
48.4246689, -119.295221
48.4378704, -119.290159
48.44499829999999, -119.2925399
48.4513697, -119.2929116
48.46064570000001, -119.2931897
48.4724376, -119.295663
48.4805879, -119.2887009
48.4950112, -119.2934437
48.4992641, -119.2940398
48.5104979, -119.2942555
48.5104979, -119.294266
48.5259862, -119.2778896
48.5348633, -119.3105201
48.5439698, -119.3105328
48.5554565, -119.3013022
48.5560135, -119.3009019
48.5746658, -119.2953263
48.580012, -119.2954475
48.5888025, -119.2953982
48.5961533, -119.2929704
48.61198359999999, -119.2955083
48.6160665, -119.2942711
48.62534729999999, -119.2937407
48.633767, -119.2947434
48.63748229999999, -119.2976576
48.6545348, -119.2956743
48.6562622, -119.2904848
48.65829919999999, -119.2848198
48.6865256, -119.2776069
48.6939077, -119.2834989
48.7004568, -119.2906251
48.70603879999999, -119.2973408
48.7114234, -119.2945074
48.7249345, -119.2949476
48.7350504, -119.2847151
48.74126, -119.2965968
48.7511078, -119.2944134
48.7553776, -119.2884925
48.7740836, -119.2969784
48.7774592, -119.2972991
48.7840412, -119.297683
48.7989128, -119.2957927
48.7996286, -119.2926331
48.8149087, -119.2949558
48.8254929, -119.2982406
48.8315396, -119.2965734
48.8410922, -119.2954489
48.8465345, -119.2988341
48.8560949, -119.3004164
48.8687114, -119.3086338
48.8850783, -119.2830727
48.88884969999999, -119.2857645
48.8921949, -119.2874426
48.9047277, -119.294058
48.9117928, -119.2890963
48.9208053, -119.2952056
48.9279035, -119.2982073
48.940069, -119.2923681
48.951559, -119.3031494
46.2122494, -119.2805628
46.2218015, -119.2807484
46.2314198, -119.280536
46.23838569999999, -119.2804759
46.2487118, -119.2812292
46.2580295, -119.2810932
46.2670795, -119.2807141
46.27603999999999, -119.2799505
46.2849534, -119.2797285
46.2940906, -119.2805581
46.303037, -119.2805527
46.3120969, -119.2805513
46.3211632, -119.2806774
46.3300788, -119.2810658
46.3386849, -119.2805535
46.3479422, -119.2801148
46.35757900000001, -119.2800585
46.3663836, -119.2805508
46.3752687, -119.2779813
46.3840552, -119.2798531
46.3930312, -119.2791671
46.4020067, -119.2784927
46.410989, -119.2778323
46.4199572, -119.277145
46.4289237, -119.2764538
46.4378974, -119.2757739
46.4469013, -119.275118
46.4562129, -119.274436
46.4647049, -119.2812015
46.4697354, -119.2809172
46.4798821, -119.2794609
46.4803527, -119.2765512
46.4985338, -119.25808
46.5136027, -119.2569014
46.5271532, -119.2654317
46.5332175, -119.273044
46.5377618, -119.2793053
46.5446084, -119.2850076
46.5499807, -119.2875449
46.566574, -119.270988
46.5751182, -119.2786698
46.5768145, -119.2808008
46.5913114, -119.2898768
46.6057822, -119.2804854
46.6103055, -119.282217
46.6144611, -119.2757239
46.6283688, -119.2811824
46.6292813, -119.2772264
46.6451377, -119.2826842
46.64952270000001, -119.2763202
46.6503059, -119.2735304
46.6811386, -119.2925679
46.6993562, -119.2823417
46.7082966, -119.2802937
46.7170733, -119.2824717
46.7260903, -119.2824518
46.73508630000001, -119.2823582
46.7440809, -119.282319
46.7487849, -119.2826204
46.7630061, -119.2771071
46.7648662, -119.2807857
46.7808692, -119.2799066
46.7915281, -119.2748462
46.7952624, -119.2805672
46.8103877, -119.2804931
46.8157869, -119.2805515
46.8212491, -119.2710642
46.8819848, -119.2937674
46.8890251, -119.2806703
46.89731039999999, -119.2865868
46.9243274, -119.2950234
46.940795, -119.272197
46.9412944, -119.2722221
46.9434551, -119.2705828
46.9599309, -119.2665891
46.9733002, -119.2828037
46.9806087, -119.2820059
46.9837144, -119.2799627
46.9997588, -119.2781128
47.0050688, -119.2794463
47.0140999, -119.2798095
47.02150109999999, -119.2798646
47.0286269, -119.2696079
47.02865130000001, -119.2695625
47.0581836, -119.2580945
47.06865029999999, -119.2875028
47.0701204, -119.2818976
47.077079, -119.2787812
47.0865643, -119.2815499
47.0946067, -119.280553
47.1040786, -119.2806566
47.11313370000001, -119.2809408
47.12275150000001, -119.2825244
47.1308783, -119.2803494
47.1399602, -119.2796742
47.1486285, -119.2811338
47.1586783, -119.2813352
47.1670576, -119.2780245
47.17608269999999, -119.2778917
47.1850704, -119.2779093
47.19451660000001, -119.2805096
47.2030606, -119.2777224
47.2120586, -119.2775857
47.2210761, -119.2774768
47.2300575, -119.2774168
47.2391031, -119.2774614
47.2480999, -119.2776087
47.2559699, -119.2805699
47.2657093, -119.2817366
47.275079, -119.2770914
47.2840739, -119.2770794
47.29401350000001, -119.2805169
47.3020869, -119.2770677
47.3110759, -119.2770852
47.3200683, -119.2770387
47.3289699, -119.2805933
47.33809249999999, -119.2771745
47.3470703, -119.2771598
47.356082, -119.2771691
47.365082, -119.2771862
47.3740765, -119.27715
47.3808714, -119.2806329
47.3920926, -119.2771527
47.4010736, -119.2771778
47.4101325, -119.2771609
47.4222777, -119.2816157
47.4272421, -119.2803392
47.4353993, -119.2797392
47.4464801, -119.287948
47.4540183, -119.2821335
47.461073, -119.2839065
47.46227709999999, -119.2876257
47.4821441, -119.2985373
47.5003053, -119.2855429
47.5005016, -119.2852176
47.50278489999999, -119.2869696
47.51121029999999, -119.2975309
47.53325239999999, -119.2864671
47.53680170000001, -119.2818059
47.5416631, -119.2755489
47.5531957, -119.2894696
47.5631169, -119.2728056
47.5743647, -119.2750435
47.5812553, -119.2788321
47.5899327, -119.2784059
47.5997713, -119.2805871
47.6092477, -119.2829097
47.61707089999999, -119.2828216
47.6267862, -119.2805528
47.6349933, -119.2774403
47.6442922, -119.2780353
47.66339379999999, -119.2711206
47.6714032, -119.273309
47.6790039, -119.2723975
47.6877036, -119.2699232
47.6963954, -119.26745
47.7050755, -119.2649306
47.71317759999999, -119.2625936
47.742673, -119.2804421
47.7426736, -119.2805567
47.7426743, -119.2806712
47.7701047, -119.2987659
47.7863048, -119.2771693
47.7879674, -119.2805385
47.79707029999999, -119.2771874
47.8007503, -119.2805691
47.8149881, -119.2655797
47.8281245, -119.2854781
47.83082839999999, -119.2866001
47.84410099999999, -119.2805087
47.8510879, -119.2766714
47.8600428, -119.2766786
47.8680821, -119.2765115
47.8844274, -119.2912553
47.8940889, -119.2776236
47.8948563, -119.280394
47.89486369999999, -119.280266
47.9171032, -119.2805488
47.9171032, -119.2805569
47.9320074, -119.2982922
47.9463419, -119.2835253
47.9474771, -119.2790841
47.9485819, -119.2747553
47.9680967, -119.2998385
47.9770966, -119.2998246
47.9861444, -119.2998213
48.0053867, -119.281599
48.0054325, -119.2807249
48.0124097, -119.2774637
48.0229312, -119.2761569
48.0310942, -119.2780235
48.0400852, -119.2780588
48.0497721, -119.2793259
48.0510346, -119.2810742
48.073788, -119.299228
48.09462689999999, -119.2705944
48.0969025, -119.2816625
48.1030515, -119.2805695
48.1091207, -119.2833287
48.12002890000001, -119.2828032
48.1288233, -119.2844687
48.1451348, -119.2737302
48.1463854, -119.2743381
48.1584723, -119.2803199
48.1655558, -119.2861724
48.16801359999999, -119.2892071
48.2044789, -119.2829044
48.2045385, -119.2827412
48.2110712, -119.2820953
48.2241739, -119.2774633
48.2259678, -119.2828568
48.233609, -119.2920858
48.2517461, -119.2901173
48.2590337, -119.2813732
48.2657134, -119.2809154
48.26982659999999, -119.2804651
48.2850425, -119.286765
48.2899234, -119.2816314
48.2973611, -119.2734104
48.3127575, -119.2814982
48.319871, -119.2817818
48.3268479, -119.2800004
48.3368635, -119.2800142
48.3517513, -119.2836898
48.3522964, -119.2800501
48.36634309999999, -119.2803094
48.3663807, -119.2811838
48.384522, -119.2780845
48.388402, -119.2845958
48.4025232, -119.2867762
48.4095077, -119.2857722
48.4211983, -119.2823573
48.4271846, -119.2813409
48.4356962, -119.2892246
48.4460261, -119.2923156
48.4605819, -119.2788596
48.4628081, -119.2812289
48.472217, -119.2805422
48.478627, -119.2757137
48.4910203, -119.279176
48.5033035, -119.2827072
48.5057574, -119.2811407
48.5170874, -119.2778942
48.52606369999999, -119.2778886
48.5292794, -119.2776277
48.53284379999999, -119.2665649
48.5736907, -119.2850601
48.5738073, -119.2848012
48.5782549, -119.2810551
48.58909999999999, -119.2830315
48.5982364, -119.2810971
48.6095586, -119.2693073
48.6164667, -119.2800949
48.6250007, -119.2863701
48.6323893, -119.2828196
48.6383658, -119.2872492
48.6574843, -119.2865944
48.65887799999999, -119.2802412
48.6613337, -119.272368
48.6863625, -119.2774037
48.68786739999999, -119.2787045
48.696707, -119.280484
48.7056213, -119.2805995
48.71981719999999, -119.2718465
48.7255927, -119.2793086
48.733175, -119.280405
48.7414196, -119.279973
48.7511656, -119.2799679
48.7600315, -119.2777035
48.76918509999999, -119.2797901
48.7796229, -119.2792686
48.7870392, -119.2801178
48.7996318, -119.2805339
48.79963189999999, -119.2805784
48.8176028, -119.2900203
48.8281724, -119.284597
48.83228279999999, -119.2805567
48.8402888, -119.2820015
48.8451131, -119.2753712
48.8612012, -119.263422
48.8761097, -119.2772486
48.8855931, -119.2802191
48.89513609999999, -119.2806614
48.908824, -119.2777897
48.9124694, -119.2805139
48.9220017, -119.2806575
48.9305649, -119.277844
48.9393977, -119.2785478
48.9490742, -119.2759821
46.21280729999999, -119.2667087
46.222085, -119.26709
46.2312118, -119.2665452
46.2403055, -119.2662685
46.2442623, -119.2691196
46.2579642, -119.2668917
46.2673167, -119.2666241
46.2748695, -119.2705531
46.2845101, -119.2624218
46.29437220000001, -119.2686722
46.3030766, -119.2668024
46.3120959, -119.2668943
46.3211374, -119.2668448
46.3302857, -119.2668858
46.3391104, -119.2682018
46.34848179999999, -119.2667995
46.3575903, -119.2745443
46.3651991, -119.2704509
46.3758709, -119.2608328
46.3842224, -119.2625974
46.3873707, -119.2625429
46.4058411, -119.2693749
46.410916, -119.2590346
46.4202164, -119.2581343
46.4283578, -119.2573626
46.4384174, -119.2757322
46.4473668, -119.2750855
46.4580379, -119.2725123
46.4706675, -119.2695669
46.47403740000001, -119.2673423
46.4816911, -119.2687604
46.4950108, -119.2575041
46.5121883, -119.256446
46.5204628, -119.2593502
46.5282244, -119.2665335
46.5370168, -119.269506
46.5491017, -119.2652408
46.5535217, -119.2635136
46.571364, -119.2722531
46.5820518, -119.2615227
46.591048, -119.2614245
46.600096, -119.2614804
46.6056833, -119.2669041
46.61915579999999, -119.2683008
46.6309798, -119.2681911
46.6314585, -119.2652501
46.65091289999999, -119.2667349
46.6509144, -119.2669044
46.6509159, -119.267074
46.6617456, -119.2460339
46.7071808, -119.2666749
46.7071826, -119.2668636
46.7071845, -119.2670523
46.7311197, -119.2534265
46.73815279999999, -119.2668718
46.7428497, -119.2612372
46.7483521, -119.2665361
46.76000759999999, -119.2674982
46.7742832, -119.2650712
46.7801195, -119.2637938
46.7878069, -119.2684733
46.798222, -119.266546
46.8062164, -119.2638209
46.81602549999999, -119.2627309
46.8221471, -119.2639482
46.8727944, -119.2508569
46.8731224, -119.2516101
46.8902756, -119.2710143
46.89079570000001, -119.2677515
46.8912319, -119.2648573
46.8940134, -119.2547409
46.9256263, -119.2637631
46.9256684, -119.263847
46.9258614, -119.2637803
46.9442088, -119.2681864
46.9474952, -119.2620172
46.9600116, -119.2665495
46.9706092, -119.2661198
46.9787725, -119.2659078
46.9904344, -119.2671905
46.9948646, -119.2700275
47.004993, -119.2587283
47.0141267, -119.2668438
47.0238773, -119.2718886
47.0286349, -119.2668905
47.0286356, -119.2670098
47.058939, -119.2580685
47.067934, -119.2577585
47.0761316, -119.273385
47.0872112, -119.2668305
47.0951624, -119.2575794
47.1040498, -119.2668534
47.1128291, -119.2668453
47.1220625, -119.2669839
47.1310921, -119.266845
47.1408218, -119.2663895
47.1489002, -119.2669433
47.1580765, -119.2657943
47.166608, -119.2666161
47.1749219, -119.2658629
47.1854165, -119.2657569
47.1926594, -119.2689759
47.2003004, -119.2767988
47.20996969999999, -119.2738198
47.2191161, -119.2621717
47.23384859999999, -119.2662653
47.2390789, -119.2668815
47.2474702, -119.272172
47.2557677, -119.2727862
47.26472529999999, -119.266906
47.27916, -119.2667938
47.2791606, -119.2669038
47.2930947, -119.2770501
47.3081988, -119.2664897
47.3082127, -119.2670111
47.3213484, -119.2687126
47.3257167, -119.2673831
47.33803839999999, -119.277174
47.347106, -119.2771596
47.3560705, -119.2771691
47.36507049999999, -119.2771862
47.3806723, -119.2666672
47.3806753, -119.2669095
47.3952117, -119.2667181
47.39521850000001, -119.2670817
47.40983800000001, -119.2668572
47.4244428, -119.2714618
47.4283727, -119.2669492
47.436649, -119.2678819
47.4440336, -119.2589121
47.450264, -119.255375
47.460127, -119.2826887
47.4608875, -119.2835726
47.4821956, -119.2985369
47.500706, -119.2851843
47.5025933, -119.2867205
47.53344939999999, -119.2860823
47.5397651, -119.2651831
47.5398158, -119.2655693
47.544916, -119.2673283
47.5534907, -119.2710263
47.5628875, -119.2727894
47.5715322, -119.2732646
47.5835695, -119.2668006
47.5835708, -119.2669602
47.5949393, -119.2757578
47.6123176, -119.2668188
47.6170791, -119.266832
47.62607879999999, -119.266881
47.6359848, -119.2678138
47.6443093, -119.2652122
47.6529324, -119.2678848
47.6615591, -119.2705546
47.6705592, -119.2731831
47.6807173, -119.2719131
47.6894143, -119.2694345
47.698095, -119.2669638
47.7067717, -119.26445
47.7145156, -119.2618781
47.7205356, -119.256289
47.74265680000001, -119.2776388
47.778915, -119.2557244
47.7862077, -119.2668231
47.7862077, -119.2668505
47.8007383, -119.266839
47.8007383, -119.2668533
47.8163055, -119.2631702
47.8440338, -119.2667636
47.84403400000001, -119.2668303
47.8510571, -119.2766712
47.8585948, -119.2668371
47.8819697, -119.26137
47.8870474, -119.2668567
47.8950617, -119.265846
47.907571, -119.256013
47.9171068, -119.2668574
47.9171069, -119.26682
47.91710699999999, -119.2667827
47.9493908, -119.2715983
47.950609, -119.2672584
47.95260829999999, -119.2616559
47.9545733, -119.2561984
47.977111, -119.2998245
48.0050746, -119.2669217
48.00507469999999, -119.2668853
48.00507469999999, -119.2668488
48.0159431, -119.2753501
48.0205315, -119.274378
48.0311076, -119.2560799
48.0408789, -119.256303
48.04878069999999, -119.2668433
48.05810140000001, -119.2561649
48.0709093, -119.2581176
48.0721415, -119.2594051
48.0908352, -119.2640045
48.0938282, -119.2667756
48.0999029, -119.2687921
48.1124516, -119.2665426
48.1210213, -119.2687864
48.1265863, -119.2714503
48.1405257, -119.2604652
48.1480457, -119.272499
48.1570791, -119.2668262
48.1640959, -119.2594185
48.1642221, -119.2593374
48.202548, -119.259964
48.2056731, -119.2668802
48.2064973, -119.2646266
48.2204467, -119.2676363
48.2275022, -119.2618963
48.2287306, -119.2612878
48.25552589999999, -119.2655208
48.25606, -119.2664867
48.2624933, -119.2665422
48.2744952, -119.2677259
48.2813989, -119.2614413
48.2920335, -119.2695235
48.3016191, -119.2691408
48.3101739, -119.2669126
48.3188403, -119.2675547
48.3275101, -119.26682
48.3370376, -119.2670508
48.3441169, -119.2667549
48.3564637, -119.2698049
48.36666719999999, -119.2666445
48.36669089999999, -119.2673393
48.3840026, -119.2679348
48.3914756, -119.2663941
48.3998579, -119.266658
48.4106379, -119.2610255
48.4181998, -119.2699699
48.4278713, -119.2641248
48.4342053, -119.2672102
48.4397729, -119.2633533
48.4607366, -119.278527
48.4673329, -119.266767
48.4720818, -119.2669152
48.4806527, -119.2666457
48.4896605, -119.2614518
48.50049809999999, -119.261032
48.5086318, -119.2657251
48.5145723, -119.2716242
48.526079, -119.2669749
48.5417754, -119.2549418
48.5444849, -119.2535842
48.5722044, -119.2545914
48.57669240000001, -119.2681872
48.57749099999999, -119.2663377
48.5890281, -119.2649599
48.5954746, -119.2642462
48.6074784, -119.2662605
48.6140136, -119.2716863
48.6293235, -119.2797256
48.640654, -119.2642304
48.64104709999999, -119.2665338
48.6532413, -119.2653941
48.6594053, -119.2683659
48.6645471, -119.2640101
48.6860663, -119.259191
48.6884296, -119.266426
48.6956682, -119.2706814
48.7066817, -119.2717687
48.7238037, -119.2669014
48.7357045, -119.2711295
48.742149, -119.2667663
48.7478945, -119.2693954
48.7622469, -119.2680988
48.7636158, -119.2639786
48.7783998, -119.2765572
48.7913373, -119.2601126
48.7964034, -119.2669021
48.80508589999999, -119.2646027
48.813854, -119.2645999
48.8230904, -119.2647067
48.8309258, -119.2670446
48.8446353, -119.2745288
48.8450859, -119.2748759
48.8615133, -119.2625161
48.8792078, -119.2746387
48.8851782, -119.277419
48.9005852, -119.2735509
48.9044856, -119.2702577
48.9142203, -119.2667404
48.9199633, -119.2688822
48.9303876, -119.2759483
48.9425871, -119.2762032
48.9490892, -119.2759821
46.212346, -119.25316
46.2220789, -119.2531531
46.2312978, -119.252948
46.2406009, -119.2528927
46.2489735, -119.2533708
46.2588236, -119.2538415
46.2641954, -119.2536628
46.272236, -119.2554122
46.2857058, -119.2531257
46.2938473, -119.2531404
46.29824850000001, -119.2520933
46.312015, -119.2467212
46.32108789999999, -119.2485719
46.3322916, -119.2484696
46.3363253, -119.2494989
46.349822, -119.2547919
46.3585242, -119.2531583
46.3665527, -119.2518072
46.37767119999999, -119.2556501
46.3803618, -119.2501204
46.3934501, -119.2516394
46.40254179999999, -119.2476992
46.4112021, -119.259022
46.42000059999999, -119.2581271
46.429386, -119.2571358
46.4380183, -119.2552825
46.4470401, -119.2550011
46.453097, -119.2557901
46.4581995, -119.2456537
46.4753846, -119.2671215
46.4846539, -119.2504147
46.49219249999999, -119.2511009
46.5011161, -119.2522458
46.5096041, -119.2552463
46.5181803, -119.2585522
46.5278891, -119.253235
46.5344639, -119.2499255
46.54217939999999, -119.2531582
46.5557368, -119.2551881
46.5621482, -119.2512609
46.57308889999999, -119.2509203
46.5767068, -119.2531097
46.5911816, -119.253139
46.6056718, -119.2531846
46.6056721, -119.2531096
46.6134438, -119.253056
46.6269833, -119.2580411
46.6362975, -119.2534258
46.6491791, -119.2525016
46.6496223, -119.2549934
46.6795408, -119.2317498
46.7074195, -119.252347
46.7074283, -119.2527571
46.7074371, -119.2531673
46.7074459, -119.2535774
46.7306787, -119.2523275
46.7350687, -119.250674
46.7487507, -119.2534268
46.7487668, -119.2528714
46.7577966, -119.2523381
46.7714668, -119.2532149
46.78096610000001, -119.2477674
46.7955794, -119.2538037
46.7981417, -119.2507443
46.8101935, -119.2531204
46.8191776, -119.2587213
46.821777, -119.2605555
46.8219588, -119.2609043
46.8220308, -119.2611866
46.8717584, -119.2473416
46.8718289, -119.247642
46.8917388, -119.258202
46.8945391, -119.252506
46.8945617, -119.2522897
46.9212526, -119.2495607
46.92306869999999, -119.253476
46.9344975, -119.2441379
46.9435607, -119.2489764
46.950776, -119.2529709
46.95790909999999, -119.2568811
46.9689752, -119.2532832
46.9788286, -119.2513072
46.9919839, -119.2510218
46.9951646, -119.2550203
47.0051385, -119.258725
47.014036, -119.2531386
47.0230411, -119.2587905
47.0285777, -119.2531481
47.0410177, -119.2477846
47.04297769999999, -119.2477362
47.0591578, -119.2580609
47.0681529, -119.2577509
47.0794113, -119.2520457
47.08714579999999, -119.2531325
47.0950393, -119.257577
47.1040994, -119.2531221
47.1130869, -119.2529655
47.1221099, -119.2531377
47.1310846, -119.2531379
47.1395953, -119.2576523
47.1493434, -119.2531319
47.15808089999999, -119.253663
47.167088, -119.2565819
47.1748972, -119.2531747
47.1864766, -119.253191
47.1896351, -119.2531602
47.204682, -119.2484055
47.212078, -119.2510812
47.2211076, -119.2510508
47.22969800000001, -119.2552043
47.23907579999999, -119.2562919
47.2483398, -119.2531301
47.2571136, -119.2561269
47.26441579999999, -119.2531774
47.2750765, -119.2557022
47.28407989999999, -119.2557065
47.2934138, -119.2531219
47.30168219999999, -119.2553332
47.3078951, -119.2532097
47.3222719, -119.2529361
47.32464230000001, -119.2534791
47.33678889999999, -119.2420872
47.3368761, -119.2420138
47.3560606, -119.2771691
47.37989899999999, -119.2559053
47.3830762, -119.2557048
47.3920761, -119.2557268
47.40107649999999, -119.2557287
47.409609, -119.2531584
47.4192676, -119.2557696
47.4277811, -119.254512
47.44030619999999, -119.2588414
47.4464398, -119.2548185
47.4525434, -119.2530828
47.5008348, -119.2852459
47.53989259999999, -119.2536227
47.5398947, -119.2534228
47.5398967, -119.2532228
47.542692, -119.2558258
47.5571346, -119.2443214
47.5647722, -119.2455888
47.57380879999999, -119.2476468
47.5811157, -119.2553264
47.58464619999999, -119.2554242
47.6122993, -119.2530512
47.6122994, -119.2531103
47.6150149, -119.2562445
47.6263216, -119.2590113
47.6338349, -119.2619783
47.6442364, -119.2552355
47.6496636, -119.2503725
47.6542177, -119.262135
47.6710533, -119.2348878
47.6799682, -119.2347776
47.6911266, -119.2689453
47.6998639, -119.2664401
47.7085251, -119.2639579
47.7183226, -119.258396
47.7247315, -119.2522926
47.7305612, -119.2463969
47.7343015, -119.2418789
47.7464865, -119.2334598
47.7790727, -119.2557253
47.7861826, -119.2557637
47.800686, -119.2530627
47.8070039, -119.2549754
47.8159091, -119.2542657
47.8231505, -119.2493743
47.83081319999999, -119.2451675
47.8440993, -119.253159
47.8451726, -119.2499795
47.8586099, -119.2603377
47.8797031, -119.2504408
47.8800703, -119.2531361
47.88375, -119.2521595
47.898273, -119.2534692
47.904841, -119.254455
47.9140939, -119.2552251
47.9171324, -119.2531097
47.9171325, -119.2530668
47.9524091, -119.2622102
47.9544168, -119.2566348
47.9564293, -119.2510405
47.9577951, -119.2465568
47.9592204, -119.2416055
47.998515, -119.234287
48.00509270000001, -119.2532116
48.005093, -119.2531455
48.0130825, -119.2561075
48.0236914, -119.254581
48.03107139999999, -119.2560797
48.0399919, -119.2559014
48.04880730000001, -119.2531385
48.0580728, -119.2561648
48.06702600000001, -119.2561541
48.0731921, -119.253528
48.08689039999999, -119.2486643
48.0945494, -119.2529092
48.1044302, -119.2554302
48.1112017, -119.253158
48.1247732, -119.2531899
48.13016950000001, -119.2530033
48.136032, -119.2562007
48.14695709999999, -119.2573873
48.15568649999999, -119.2499186
48.1642997, -119.2589318
48.1927885, -119.2332425
48.2141779, -119.2544961
48.2156691, -119.2526449
48.2289518, -119.253081
48.2378698, -119.2420536
48.2558916, -119.2636308
48.266107, -119.256315
48.2738389, -119.2572882
48.2855462, -119.2567758
48.28945280000001, -119.2510965
48.3084741, -119.260214
48.3107395, -119.2515753
48.3190853, -119.2525985
48.3281008, -119.2508443
48.33695789999999, -119.2523208
48.3484259, -119.2566236
48.356943, -119.252035
48.3640406, -119.2528463
48.37442069999999, -119.2504662
48.381901, -119.2531467
48.390347, -119.2564262
48.4002702, -119.2536487
48.4087316, -119.2522672
48.4181945, -119.2560753
48.4297755, -119.2530923
48.4359408, -119.250972
48.439181, -119.250274
48.4659444, -119.2530525
48.47219219999999, -119.251852
48.47939539999999, -119.2515996
48.4897145, -119.2520359
48.5021454, -119.2542734
48.5087518, -119.2531586
48.5176728, -119.2507804
48.5259173, -119.2548785
48.5367495, -119.2544947
48.5440788, -119.2531403
48.54452819999999, -119.2534792
48.5637829, -119.2473454
48.5719666, -119.253129
48.58124249999999, -119.2536276
48.59079759999999, -119.2609531
48.5975653, -119.2606413
48.6052012, -119.2629297
48.6200004, -119.2468053
48.6256341, -119.2489166
48.632811, -119.2516728
48.6447732, -119.2568252
48.6513851, -119.2512801
48.6584008, -119.25925
48.66817030000001, -119.2508958
48.6841448, -119.2465967
48.6868657, -119.2550848
48.6888831, -119.2560972
48.722041, -119.2573208
48.7232711, -119.2531993
48.733445, -119.2524347
48.7368523, -119.2467826
48.764347, -119.254164
48.7646644, -119.2547511
48.7824225, -119.2467657
48.7874124, -119.2514217
48.7919668, -119.2541288
48.8050445, -119.2646024
48.8140836, -119.2531381
48.8239478, -119.2455126
48.82878969999999, -119.253143
48.82878969999999, -119.2531565
48.8621238, -119.2594925
48.8626557, -119.2580944
48.8680446, -119.2528545
48.8757105, -119.2503409
48.8804319, -119.24656
48.9000062, -119.2470512
48.9033611, -119.2456878
48.91539940000001, -119.2513487
48.9211877, -119.2504364
48.9263833, -119.2485841
48.9380678, -119.2385581
48.9414496, -119.2360118
46.2130687, -119.2394317
46.2222424, -119.2395901
46.2306919, -119.2394589
46.240482, -119.2394635
46.2446146, -119.2492219
46.2620209, -119.2333048
46.2667791, -119.239082
46.2710199, -119.2395577
46.2857144, -119.2394287
46.2941306, -119.2418589
46.300204, -119.2394407
46.3128755, -119.2359824
46.32111889999999, -119.2362987
46.3293106, -119.2394423
46.33909509999999, -119.2407035
46.3501236, -119.2393635
46.3585995, -119.2470042
46.3720689, -119.2398628
46.3756479, -119.2397844
46.3826062, -119.2383513
46.3892447, -119.2387423
46.4023195, -119.2393974
46.4063893, -119.236387
46.423711, -119.237577
46.4238241, -119.2370512
46.4405106, -119.2326858
46.4462395, -119.2394272
46.4560721, -119.2420321
46.4700532, -119.2392468
46.4764961, -119.2372119
46.48306789999999, -119.2376935
46.4910267, -119.2394388
46.5067819, -119.2376503
46.51040630000001, -119.240451
46.5190691, -119.2373929
46.5278517, -119.2394359
46.537063, -119.2371339
46.5449202, -119.2376103
46.5622841, -119.2394433
46.5622841, -119.2394283
46.576719, -119.2393611
46.5820807, -119.2360774
46.5912398, -119.239431
46.60486179999999, -119.2402393
46.6090796, -119.240258
46.6180745, -119.2402937
46.627074, -119.2403928
46.6360525, -119.2406955
46.6450688, -119.2406176
46.6540875, -119.2406145
46.6630668, -119.2405607
46.670904, -119.2325
46.67975930000001, -119.2317017
46.6822481, -119.2296387
46.7048195, -119.2319008
46.7076199, -119.2395292
46.7190732, -119.2342993
46.7260832, -119.2402965
46.7350807, -119.2398827
46.7440777, -119.240172
46.7530946, -119.2402602
46.7609358, -119.2417039
46.7709707, -119.2396061
46.7817189, -119.2394928
46.796236, -119.2398326
46.7962493, -119.2393287
46.8074425, -119.2360488
46.8126609, -119.2378024
46.8259438, -119.2282027
46.87159279999999, -119.2418535
46.8717859, -119.2412795
46.876934, -119.2339008
46.88987059999999, -119.2389215
46.8927551, -119.2394109
46.9042934, -119.2356871
46.9170508, -119.237068
46.9239773, -119.2402565
46.9328115, -119.238813
46.9373954, -119.2420491
46.9545999, -119.2425474
46.9555733, -119.2396304
46.9688133, -119.2363565
46.9811703, -119.2401643
46.9857173, -119.2408484
46.9993073, -119.2393844
47.0050193, -119.2376047
47.0139738, -119.2394329
47.0230599, -119.2372305
47.0320699, -119.2371168
47.0410547, -119.2369751
47.0432372, -119.2363224
47.0577119, -119.228782
47.0757651, -119.2414537
47.0766066, -119.2396537
47.08713729999999, -119.239404
47.0951902, -119.2392561
47.1038253, -119.2394323
47.113051, -119.2359339
47.122062, -119.2358191
47.1309739, -119.2394331
47.1382055, -119.2400265
47.1490775, -119.2394257
47.1580773, -119.2404998
47.16696169999999, -119.2394313
47.1760615, -119.2351499
47.1850635, -119.235079
47.19414949999999, -119.2379414
47.20355350000001, -119.2380353
47.213102, -119.2429301
47.2189947, -119.2394491
47.23007, -119.2348098
47.233681, -119.2394022
47.2485114, -119.2308422
47.2576397, -119.2324237
47.2641563, -119.2395356
47.2750619, -119.2339425
47.2863552, -119.2430167
47.2931237, -119.2394295
47.3020769, -119.2344261
47.3068095, -119.237983
47.32204410000001, -119.2400424
47.32940929999999, -119.237805
47.3365196, -119.238897
47.3369187, -119.2414262
47.3369339, -119.2415965
47.3801505, -119.2383503
47.3801717, -119.2389943
47.3801928, -119.2396383
47.3947049, -119.2393277
47.4010609, -119.2342654
47.409244, -119.2394827
47.4281249, -119.2433591
47.4288395, -119.2397656
47.4295705, -119.2361287
47.4463982, -119.2463671
47.4668137, -119.2136412
47.4830278, -119.197865
47.539706, -119.2384397
47.5397103, -119.238731
47.5397146, -119.2390222
47.5397189, -119.2393135
47.5449921, -119.2376429
47.5543025, -119.2380709
47.56105789999999, -119.2379637
47.57133049999999, -119.2458857
47.5833494, -119.2393761
47.5833518, -119.2395948
47.6123116, -119.2394731
47.6123116, -119.2394447
47.6170856, -119.2347908
47.6260825, -119.2348157
47.6350898, -119.23484
47.6440785, -119.2348657
47.6528052, -119.2392616
47.6620801, -119.2348809
47.6710723, -119.2348878
47.68005060000001, -119.2347765
47.6890676, -119.2346801
47.698023, -119.2345669
47.7070705, -119.2345116
47.7132574, -119.2331062
47.7293725, -119.2477549
47.7350334, -119.2405428
47.7406718, -119.2335655
47.7485881, -119.2314942
47.7536397, -119.2278671
47.7790404, -119.2557251
47.8006553, -119.2394225
47.8006553, -119.2394446
47.8148833, -119.2282174
47.8261163, -119.2477991
47.8331251, -119.2441297
47.841949, -119.2389243
47.8510053, -119.2380906
47.8545455, -119.2375647
47.8649638, -119.228172
47.8804656, -119.240234
47.888819, -119.241985
47.890382, -119.23833
47.9007265, -119.2518318
47.9170825, -119.2393384
47.9170863, -119.2396167
47.9170902, -119.2398951
47.9562279, -119.2516033
47.9583218, -119.2447373
47.9597282, -119.23985
47.9611088, -119.2350593
47.9625397, -119.230097
48.0051509, -119.2394417
48.0130901, -119.2344426
48.02209, -119.2344871
48.0311099, -119.2344309
48.04008959999999, -119.23453
48.0488252, -119.239434
48.0505758, -119.2411078
48.07146669999999, -119.2421265
48.0759894, -119.2404131
48.08560079999999, -119.2378924
48.0918545, -119.2405179
48.1113267, -119.2423827
48.11211309999999, -119.2394598
48.1245676, -119.2402844
48.13252869999999, -119.2415887
48.138807, -119.242035
48.1489671, -119.2392938
48.1565046, -119.2378915
48.160306, -119.244332
48.1727424, -119.2314358
48.1865809, -119.2288673
48.2011954, -119.2335928
48.21232999999999, -119.2369925
48.2146019, -119.2425491
48.22965079999999, -119.239705
48.2390549, -119.2397847
48.24319, -119.2334622
48.2448025, -119.2306629
48.271099, -119.2492185
48.2759179, -119.2403904
48.27731559999999, -119.2337392
48.2923984, -119.2399245
48.2981285, -119.2343514
48.3115776, -119.2418268
48.3192148, -119.2392704
48.3280782, -119.2395881
48.33262089999999, -119.239421
48.3513204, -119.2312411
48.3554592, -119.2398521
48.3641679, -119.2381023
48.3751353, -119.239102
48.38235419999999, -119.2402942
48.3911217, -119.2394434
48.4025896, -119.241074
48.4080542, -119.2409769
48.4180538, -119.2366892
48.4287859, -119.2357413
48.4326091, -119.2400068
48.4662157, -119.2514931
48.466524, -119.2511724
48.4738635, -119.2401572
48.4832909, -119.2394913
48.4901446, -119.2406322
48.4991073, -119.239784
48.5069857, -119.2402896
48.5173886, -119.2433891
48.5242534, -119.2369326
48.5348924, -119.2491905
48.5462015, -119.236106
48.55334509999999, -119.2383827
48.5621357, -119.2396413
48.5708691, -119.2417611
48.5828636, -119.2421236
48.588434, -119.2367306
48.5970283, -119.2343307
48.6134195, -119.2366807
48.6156351, -119.2404951
48.6242042, -119.2358871
48.63797270000001, -119.2383396
48.6402339, -119.2417201
48.6504956, -119.2400398
48.66521119999999, -119.2395247
48.669942, -119.2393966
48.6805092, -119.2375875
48.688506, -119.2390218
48.691903, -119.2333649
48.6960132, -119.2238899
48.7205887, -119.2350657
48.722706, -119.2401798
48.7350647, -119.2468106
48.7409219, -119.2378477
48.7477287, -119.2331295
48.76471799999999, -119.226866
48.7742434, -119.2345731
48.7781491, -119.2385838
48.7862302, -119.2408697
48.7994744, -119.2390544
48.7995433, -119.2382863
48.8141533, -119.2425721
48.8229943, -119.2372732
48.8287197, -119.2395433
48.83760950000001, -119.2310196
48.8435329, -119.2247853
48.8659438, -119.2536777
48.8729648, -119.2408384
48.8762725, -119.2416752
48.8849094, -119.2378792
48.89573859999999, -119.2346586
48.90298670000001, -119.2406683
48.9117532, -119.2404498
48.9260493, -119.237315
48.9313222, -119.2387898
48.9394938, -119.2376758
48.9476057, -119.231852
46.21307230000001, -119.2255291
46.222289, -119.2259341
46.23098599999999, -119.2256793
46.2379172, -119.225804
46.2511415, -119.2199784
46.2581117, -119.2258603
46.2660554, -119.2265954
46.2754527, -119.2249562
46.2856576, -119.2257204
46.2952356, -119.2241763
46.3023076, -119.2293646
46.3146857, -119.2257198
46.3210719, -119.2253552
46.32961570000001, -119.2266267
46.3391223, -119.2282905
46.3465791, -119.2297284
46.3586454, -119.2187251
46.3638036, -119.2237127
46.3751134, -119.2242077
46.3810018, -119.2244801
46.3931354, -119.2275977
46.4029396, -119.2266977
46.4104013, -119.2279499
46.4166274, -119.2259337
46.4302323, -119.2196465
46.4398652, -119.2251093
46.4456666, -119.225873
46.4601826, -119.2251494
46.4696955, -119.2273736
46.4740676, -119.2273045
46.4830061, -119.2165674
46.4909594, -119.225744
46.50072429999999, -119.2255491
46.5055731, -119.2332433
46.519409, -119.2260138
46.5226815, -119.2216582
46.5344753, -119.225942
46.5490141, -119.2254704
46.5545284, -119.2248269
46.5622542, -119.2257339
46.576566, -119.225645
46.5820896, -119.218363
46.59125119999999, -119.225726
46.6000735, -119.2185322
46.6056742, -119.2257487
46.6162813, -119.2202938
46.6270882, -119.2185404
46.6369713, -119.2201198
46.6491656, -119.2257876
46.6540696, -119.2188524
46.6658731, -119.2224985
46.6716266, -119.2272167
46.6823471, -119.2291096
46.7001737, -119.224304
46.7041719, -119.2308512
46.7305319, -119.2241433
46.73209019999999, -119.2268068
46.7429818, -119.2250226
46.7464048, -119.2295125
46.7620302, -119.2185145
46.771149, -119.2292626
46.781884, -119.225778
46.7890799, -119.2288073
46.79656199999999, -119.2256603
46.8075705, -119.2257386
46.8168041, -119.2250602
46.8258855, -119.2256872
46.8259712, -119.2268403
46.82634780000001, -119.2207333
46.8716725, -119.2415127
46.8732655, -119.2368851
46.8754087, -119.2347849
46.87923259999999, -119.2258221
46.88891779999999, -119.2254285
46.897036, -119.2295068
46.9061881, -119.2291669
46.9145635, -119.2270458
46.925487, -119.2236636
46.93509400000001, -119.227837
46.9420174, -119.2291613
46.9507538, -119.2269361
46.9597093, -119.2262931
46.97086729999999, -119.2241575
46.9826165, -119.2267788
46.9859802, -119.2242583
46.9975276, -119.2222281
46.9993135, -119.2256219
47.0138717, -119.2257279
47.0285417, -119.2256324
47.0285429, -119.2257841
47.04324219999999, -119.2257036
47.0432426, -119.2257905
47.0577933, -119.2257294
47.0652319, -119.221097
47.07386109999999, -119.2272736
47.0852832, -119.2272126
47.096979, -119.2253653
47.0978234, -119.2269681
47.1162709, -119.2256626
47.1162724, -119.2258372
47.13091259999999, -119.2257257
47.14018960000001, -119.2256411
47.14551789999999, -119.2257566
47.1600474, -119.2256809
47.17239970000001, -119.2284933
47.173309, -119.2243594
47.1858564, -119.2234932
47.1946764, -119.2247457
47.2041414, -119.2256942
47.2187472, -119.2253758
47.21875850000001, -119.2258458
47.2262608, -119.2292985
47.2386866, -119.2269345
47.2480852, -119.2257241
47.2563295, -119.2320977
47.2662254, -119.2281566
47.2719045, -119.2322768
47.28408959999999, -119.2339323
47.2947906, -119.233692
47.3027662, -119.2265782
47.3105548, -119.2179536
47.3255962, -119.2320141
47.329486, -119.2262416
47.3357252, -119.2347773
47.3366847, -119.2359608
47.3800663, -119.2345611
47.3800879, -119.2345088
47.3830938, -119.2343632
47.394263, -119.2255242
47.4011094, -119.234265
47.4087881, -119.225836
47.4088188, -119.2266111
47.4313616, -119.2271484
47.4320768, -119.2235574
47.4536316, -119.2114259
47.4569367, -119.2134067
47.4641992, -119.2136521
