48.4628349, -123.9101307
48.4702549, -123.9149371
48.4894732, -123.9126267
48.4900295, -123.9134621
48.5021522, -123.9159202
48.5058047, -123.9130502
48.5200007, -123.9131452
48.5252164, -123.9139954
48.5350156, -123.913313
48.5476493, -123.9153759
48.5506462, -123.91006
48.5606564, -123.8987902
48.563528, -123.8962967
48.5790889, -123.9371294
48.59848179999999, -123.932683
48.6091454, -123.9159072
48.6093912, -123.9142813
48.6097787, -123.9118898
48.630403, -123.9224011
48.636153, -123.9116861
48.6429859, -123.9135252
48.65187830000001, -123.9150735
48.660554, -123.9131205
48.6679874, -123.9106279
48.675918, -123.9043527
48.6933226, -123.9072793
48.6962891, -123.915378
48.698314, -123.9175612
48.7183054, -123.911332
48.7241398, -123.9132171
48.7296024, -123.9157972
48.7451613, -123.9124606
48.75265330000001, -123.9138119
48.7590024, -123.9125242
48.777699, -123.9182588
48.7783299, -123.9133608
48.7838366, -123.9045048
48.7981588, -123.9118451
48.80496309999999, -123.9141171
48.8063355, -123.9168929
48.8285224, -123.9047871
48.8354388, -123.9116078
48.8413945, -123.9131827
48.84408800000001, -123.917572
48.8680293, -123.9018407
48.8686658, -123.902456
48.8776012, -123.9125588
48.8869166, -123.9120032
48.8874143, -123.9125124
48.9088557, -123.8849631
48.9342945, -123.8878004
48.9350163, -123.8884247
48.951955, -123.9071887
48.95287889999999, -123.9111357
46.221546, -123.8651423
46.24329609999999, -123.893843
46.2433909, -123.8943731
46.2441439, -123.8978654
46.2449502, -123.9015902
46.2600398, -123.8991213
46.267515, -123.8992465
46.278667, -123.9060927
46.2850915, -123.8997315
46.2937125, -123.9012881
46.3040153, -123.9000253
46.3102502, -123.901732
46.320874, -123.8998336
46.3308421, -123.9005439
46.3389772, -123.8999011
46.3483575, -123.8984178
46.3603567, -123.8928906
46.3631888, -123.892951
46.3645733, -123.8906765
46.3658171, -123.8875544
46.4078553, -123.899801
46.4112576, -123.8972898
46.4193538, -123.8920964
46.4280234, -123.9001221
46.4399455, -123.8991642
46.4435728, -123.8992549
46.4509794, -123.9076733
46.4636749, -123.8924473
46.477313, -123.8987983
46.4793806, -123.9036754
46.493477, -123.8994937
46.5013467, -123.9016858
46.5096035, -123.8943487
46.5222788, -123.8920131
46.5282618, -123.8923944
46.536809, -123.8928593
46.5462544, -123.8933225
46.5551679, -123.8995297
46.5614946, -123.9055094
46.5742818, -123.899703
46.5832327, -123.8985615
46.5871059, -123.9015502
46.6018039, -123.8992316
46.609328, -123.8994681
46.61320509999999, -123.8983776
46.6244386, -123.8854539
46.6421695, -123.9105026
46.6518531, -123.9192198
46.6653488, -123.9190096
46.6784176, -123.9037266
46.6793912, -123.8994078
46.6831764, -123.893597
46.6853389, -123.8854524
46.7273688, -123.9230783
46.72882600000001, -123.9222667
46.7378685, -123.8810418
46.7496686, -123.9036119
46.75085490000001, -123.8988714
46.7566107, -123.9084533
46.7791717, -123.9113793
46.7897366, -123.9158055
46.8052748, -123.9145076
46.8059642, -123.9139778
46.8204459, -123.9122181
46.8263786, -123.9091087
46.8355955, -123.9018018
46.8435727, -123.9003975
46.851819, -123.8991748
46.85741220000001, -123.9052733
46.8717474, -123.9016708
46.8774899, -123.8949821
46.8890328, -123.9029335
46.90334259999999, -123.8989249
46.9064334, -123.8968271
46.9153665, -123.8992909
46.9215665, -123.8996091
46.9351669, -123.9006784
46.9359581, -123.896946
46.9367492, -123.8932135
46.9697605, -123.8920194
46.9722951, -123.9012313
46.9781258, -123.8996567
46.986841, -123.8996695
46.9969925, -123.8998121
47.005832, -123.9019702
47.0139462, -123.9060076
47.0282169, -123.9207254
47.0374039, -123.9217056
47.0467988, -123.9247307
47.0537686, -123.9252543
47.0790953, -123.91369
47.082032, -123.910353
47.0866999, -123.90511
47.0945298, -123.9048911
47.10690719999999, -123.9027172
47.1128764, -123.900663
47.12049890000001, -123.8962377
47.13194559999999, -123.8969976
47.1376777, -123.8957265
47.155662, -123.8938321
47.1586399, -123.8990372
47.168043, -123.9001937
47.1787039, -123.8978495
47.1822586, -123.8976535
47.1862025, -123.9125477
47.2238093, -123.9317757
47.2327065, -123.9201764
47.2408416, -123.9023733
47.2410173, -123.901372
47.2425813, -123.8981946
47.2462133, -123.9099661
47.27418309999999, -123.9030507
47.2750468, -123.8996988
47.2813877, -123.8931584
47.2943857, -123.9085069
47.30681420000001, -123.8996514
47.3068154, -123.8997991
47.3230568, -123.8997981
47.3291066, -123.9009264
47.33873759999999, -123.907022
47.3497063, -123.9021491
47.3560312, -123.896939
47.3636772, -123.8940547
47.3744693, -123.9007152
47.38228429999999, -123.8954005
47.391011, -123.8925301
47.3999055, -123.8938516
47.4113909, -123.901809
47.418094, -123.8980681
47.42888170000001, -123.900885
47.43581210000001, -123.8992929
47.4492108, -123.8986899
47.45410829999999, -123.8989658
47.4596976, -123.8985197
47.4760913, -123.9045996
47.4803395, -123.8987733
47.4816751, -123.8940121
47.5131715, -123.9080616
47.513345, -123.9082724
47.5142308, -123.909737
47.5437685, -123.9012444
47.5533452, -123.8995279
47.55948189999999, -123.8978958
47.5695237, -123.8986407
47.5745383, -123.8868981
47.5904935, -123.9157452
47.6018794, -123.8975706
47.6062387, -123.9017715
47.6162608, -123.9005834
47.6185354, -123.9047614
47.620103, -123.9102165
47.6207729, -123.9127811
47.6210214, -123.9137591
47.6211924, -123.9146411
47.6792913, -123.964336
47.6890313, -123.9619182
47.8595359, -123.9344374
47.8595513, -123.9344092
47.8595922, -123.9343708
47.8596474, -123.9343599
47.8602037, -123.9345049
47.8604503, -123.9346881
47.8604891, -123.9347526
47.8606268, -123.9349772
47.9693477, -123.8639865
47.9749314, -123.876178
47.9751183, -123.8766126
47.9761146, -123.8777449
47.9847007, -123.8846562
47.9903568, -123.8884885
47.9970954, -123.8976401
48.0032331, -123.9051857
48.0084859, -123.9084054
48.0136546, -123.9142638
48.0202069, -123.919242
48.0588275, -123.8923095
48.058907, -123.8926031
48.060994, -123.8996075
48.0684137, -123.898586
48.06952219999999, -123.9034259
48.08415249999999, -123.8994433
48.0862038, -123.8925624
48.1176671, -123.8909378
48.1178064, -123.891321
48.1225227, -123.8970847
48.1300134, -123.8996282
48.1360896, -123.9002426
48.1361012, -123.9005198
48.1579668, -123.8869963
48.3784168, -123.9171536
48.3784633, -123.9169391
48.3815019, -123.9047217
48.38276889999999, -123.9014898
48.3901475, -123.8994019
48.4012018, -123.9029769
48.40889480000001, -123.8999123
48.4148437, -123.8985583
48.4281193, -123.8971066
48.4354592, -123.9007584
48.44566409999999, -123.8985656
48.4498165, -123.9026649
48.4614749, -123.9086875
48.4681625, -123.9123733
48.4895293, -123.9107178
48.4927957, -123.9025184
48.4966382, -123.8978155
48.5087774, -123.900119
48.515334, -123.9001912
48.5248652, -123.9026959
48.5342479, -123.8991583
48.5414448, -123.8913159
48.5536465, -123.901293
48.56081150000001, -123.8985907
48.57013, -123.8918328
48.5755536, -123.888053
48.5914031, -123.880982
48.6105385, -123.8987439
48.6105565, -123.899105
48.6111421, -123.8969316
48.6268543, -123.8969278
48.6351798, -123.8994008
48.6429712, -123.89973
48.6517012, -123.9023147
48.65911, -123.902349
48.6713197, -123.9034654
48.6789974, -123.8995945
48.6898291, -123.8950405
48.6934372, -123.9008166
48.70643399999999, -123.8906683
48.7145842, -123.8997479
48.72405910000001, -123.9001021
48.7259161, -123.9002811
48.7462555, -123.903948
48.7508527, -123.8996942
48.7583731, -123.901313
48.7721633, -123.8919919
48.7807095, -123.9055109
48.7851207, -123.9003812
48.7976714, -123.8992294
48.7997907, -123.9012668
48.8057678, -123.9146435
48.8272282, -123.9016645
48.8305342, -123.897907
48.841179, -123.8997404
48.8411935, -123.8994451
48.86544720000001, -123.8923384
48.86766919999999, -123.8997524
48.8765563, -123.9035731
48.8821664, -123.9078254
48.9062428, -123.8842365
48.9334764, -123.8867545
48.9348545, -123.8883364
48.9422386, -123.8894819
48.9501086, -123.899283
46.2184632, -123.8635757
46.226478, -123.8676475
46.2347359, -123.8718429
46.2424229, -123.8853105
46.2427194, -123.8874574
46.2607261, -123.8839658
46.267266, -123.8846544
46.2743581, -123.8807924
46.2906599, -123.883759
46.2955334, -123.885254
46.3018929, -123.888252
46.3105071, -123.888407
46.3165016, -123.8840593
46.3344161, -123.8940927
46.33805, -123.8918876
46.3477986, -123.8844879
46.36065660000001, -123.8924682
46.3657848, -123.8859086
46.36855629999999, -123.8809562
46.3686969, -123.880527
46.4083157, -123.8980086
46.4089917, -123.8967636
46.4146848, -123.8925262
46.4204558, -123.8916714
46.4315956, -123.8823358
46.43882929999999, -123.8845435
46.4441808, -123.8902815
46.4560396, -123.8861155
46.4649868, -123.8819896
46.4749385, -123.8846503
46.4830883, -123.8874576
46.4911489, -123.8844352
46.5011284, -123.8864995
46.5100792, -123.8860386
46.5190844, -123.8858373
46.5279011, -123.8875823
46.5368313, -123.8862549
46.5451579, -123.8848133
46.56014039999999, -123.8881472
46.5638752, -123.8863162
46.5714373, -123.8847271
46.5812203, -123.8858633
46.5834338, -123.8890941
46.6048434, -123.8904793
46.6050112, -123.8901622
46.6175799, -123.8862419
46.6375353, -123.8753934
46.6407481, -123.87547
46.6447106, -123.8727215
46.6798744, -123.8948139
46.6800778, -123.8942056
46.6836752, -123.8887427
46.6855633, -123.8844083
46.6856445, -123.8837064
46.6991165, -123.8602454
46.7299324, -123.874362
46.7312655, -123.876542
46.7361956, -123.8804775
46.744215, -123.8847032
46.7530755, -123.8867657
46.76169609999999, -123.88551
46.7723977, -123.8790572
46.8058935, -123.9139939
46.82176579999999, -123.9111728
46.8339907, -123.9036692
46.8396487, -123.8940834
46.8446755, -123.8882904
46.8527755, -123.886565
46.8619831, -123.8868841
46.8669611, -123.8824654
46.8796101, -123.8833928
46.8866415, -123.8821252
46.8978489, -123.885816
46.9047909, -123.8830004
46.91545499999999, -123.8855262
46.9208522, -123.8878895
46.9378168, -123.8881754
46.9386072, -123.8844447
46.9393993, -123.8807075
46.9728542, -123.8868979
46.978294, -123.8857008
46.9870769, -123.8857419
46.9967951, -123.8869112
47.00508019999999, -123.8861352
47.00608889999999, -123.8847831
47.0272771, -123.8696188
47.0326607, -123.8695951
47.0359774, -123.8696353
47.044711, -123.8615299
47.045041, -123.8611715
47.08018089999999, -123.9121939
47.0857017, -123.9057427
47.0870954, -123.905035
47.0933964, -123.9046386
47.1100351, -123.8964209
47.11240369999999, -123.8958321
47.1230866, -123.8940899
47.1288923, -123.8948628
47.140981, -123.8810718
47.1490062, -123.8857843
47.1560889, -123.8844567
47.16823489999999, -123.8858241
47.175087, -123.8883474
47.1959813, -123.8631377
47.1961083, -123.8630222
47.2412336, -123.8841436
47.2412541, -123.8846214
47.2413368, -123.8853668
47.2415502, -123.8876755
47.2419757, -123.8905162
47.2754578, -123.8988948
47.2793995, -123.8866174
47.285502, -123.8894959
47.2887644, -123.8853368
47.3071284, -123.8899963
47.3079692, -123.8856713
47.3241942, -123.8858161
47.3266304, -123.8826261
47.33384840000001, -123.8867841
47.3553043, -123.890133
47.3562842, -123.8882776
47.3661411, -123.8852231
47.3748917, -123.888031
47.3821417, -123.8799138
47.3929553, -123.8918993
47.4027035, -123.8860091
47.4094724, -123.8840606
47.4191932, -123.8830963
47.4282299, -123.8842024
47.43711159999999, -123.8847082
47.4440192, -123.8824436
47.4564811, -123.8870133
47.46276109999999, -123.8876384
47.4816835, -123.88854
47.48247070000001, -123.886214
47.4830028, -123.8833529
47.49036299999999, -123.870112
47.5588785, -123.8865075
47.5621277, -123.8862085
47.572443, -123.8875932
47.5799248, -123.879684
47.5902357, -123.8770076
47.6000653, -123.886361
47.6079644, -123.8860938
47.6120831, -123.8919873
47.6152264, -123.8978718
47.6184973, -123.9046358
47.6189105, -123.9059993
47.8595735, -123.9343845
47.8603831, -123.9346196
47.9606436, -123.8474872
47.9690568, -123.8633585
47.9735056, -123.8724985
47.9791835, -123.8801734
47.98629529999999, -123.8853745
47.9927371, -123.8894784
47.9965696, -123.8955909
48.0076793, -123.9076495
48.0105111, -123.9106726
48.0523732, -123.8730514
48.05269759999999, -123.8739975
48.0553529, -123.8804278
48.0589477, -123.8863076
48.0684471, -123.8831316
48.0699036, -123.8868375
48.0835993, -123.8847298
48.0862136, -123.891768
48.1173203, -123.8881618
48.1173995, -123.8863571
48.1204751, -123.8856536
48.13160629999999, -123.8863484
48.1370243, -123.884682
48.1549102, -123.8792748
48.15717799999999, -123.8858032
48.3797631, -123.8695768
48.3831241, -123.886098
48.3831242, -123.8860946
48.3892774, -123.8878506
48.3973435, -123.8870225
48.4072616, -123.8821815
48.4178109, -123.8864956
48.4269976, -123.8862471
48.43707630000001, -123.8880743
48.442017, -123.8893315
48.4476161, -123.9001344
48.46036789999999, -123.908263
48.4676053, -123.9119806
48.4906839, -123.8743725
48.4969213, -123.888196
48.4971019, -123.8862057
48.5089452, -123.8864208
48.5181039, -123.8882243
48.5290492, -123.8839448
48.5351149, -123.8853371
48.5415736, -123.8862134
48.55232150000001, -123.8841224
48.5643396, -123.8804193
48.5722678, -123.8886281
48.5802811, -123.8817251
48.5906043, -123.8804868
48.5952686, -123.8771242
48.6109697, -123.8798885
48.6149509, -123.8839482
48.624193, -123.8887536
48.63542289999999, -123.8846609
48.6450989, -123.8881886
48.6474503, -123.8817846
48.658915, -123.902047
48.6722274, -123.9030996
48.6821699, -123.8964566
48.6896814, -123.8912496
48.6968539, -123.8907941
48.7055906, -123.8904549
48.7138481, -123.8863772
48.7227494, -123.8986404
48.7513102, -123.8967324
48.7554228, -123.885474
48.75588579999999, -123.8874074
48.7685477, -123.8860242
48.7784172, -123.8854376
48.7878493, -123.8869717
48.7972849, -123.8860493
48.7991883, -123.8814359
48.82891009999999, -123.8880194
48.8289693, -123.8874468
48.8294228, -123.885021
48.8419487, -123.8865247
48.85195359999999, -123.8780422
48.86035469999999, -123.8834768
48.8642552, -123.8897038
48.8735489, -123.8781615
48.8848352, -123.8692756
48.9051942, -123.8821936
48.9061494, -123.8841364
48.909271, -123.8841417
48.933395, -123.8863467
48.9333982, -123.8860889
48.9400306, -123.8857683
48.9472888, -123.8878473
46.2156337, -123.8621409
46.22358089999999, -123.8661828
46.2315789, -123.8702421
46.2413709, -123.8731105
46.2472178, -123.8678186
46.2575247, -123.8726297
46.2663321, -123.8780848
46.2759192, -123.8730484
46.2861297, -123.8698013
46.2933215, -123.872682
46.2978019, -123.8768035
46.31451149999999, -123.8761424
46.3199844, -123.8723396
46.335238, -123.8658262
46.33968549999999, -123.8727004
46.3469118, -123.8711171
46.3533328, -123.8659595
46.3659559, -123.8722811
46.3685859, -123.8797438
46.4015645, -123.8636804
46.4020684, -123.8637359
46.4088564, -123.8615804
46.4206503, -123.8716609
46.4303509, -123.8725992
46.4371745, -123.8724127
46.4474177, -123.8712837
46.4560571, -123.8737991
46.4632649, -123.8772424
46.4734817, -123.8737333
46.4867454, -123.8698613
46.4904369, -123.8732579
46.5017375, -123.8703463
46.5059345, -123.8740429
46.5172018, -123.8740805
46.5262325, -123.8711914
46.53527099999999, -123.8720962
46.545823, -123.874197
46.55146269999999, -123.8738042
46.5627546, -123.8755971
46.5731151, -123.8725711
46.5811545, -123.8734394
46.5921127, -123.8721224
46.5951653, -123.8710832
46.6181124, -123.879645
46.6198147, -123.8773359
46.62677650000001, -123.8786729
46.6359231, -123.873599
46.645001, -123.8722208
46.64733160000001, -123.8652265
46.6644229, -123.8571978
46.6699668, -123.8552261
46.68441900000001, -123.8751883
46.6879126, -123.8695335
46.729209, -123.870969
46.729252, -123.8715466
46.7327834, -123.8779215
46.75083540000001, -123.8742292
46.7534849, -123.8737541
46.7620121, -123.8731048
46.7698322, -123.8739845
46.7716059, -123.876005
46.7861156, -123.8489982
46.7861737, -123.8489388
46.8151514, -123.8459538
46.8303817, -123.8569098
46.8311856, -123.8576583
46.8392168, -123.8743483
46.8397543, -123.8723025
46.8512616, -123.8702424
46.8592951, -123.8711407
46.8730671, -123.8742575
46.8763517, -123.8708418
46.8875629, -123.8707932
46.89581039999999, -123.8677622
46.9081793, -123.8732772
46.9145341, -123.8725317
46.92025779999999, -123.8722306
46.9332876, -123.8720823
46.9415718, -123.8718271
46.94322589999999, -123.867968
46.9689223, -123.8699325
46.9693374, -123.8711156
46.97796779999999, -123.8720034
46.9861323, -123.8748044
46.9976056, -123.8765448
47.0052418, -123.8727731
47.0125456, -123.8687754
47.02386380000001, -123.8665797
47.032256, -123.869548
47.03774850000001, -123.8675255
47.0448459, -123.8613907
47.0487169, -123.8559919
47.049339, -123.8549226
47.0862034, -123.9053321
47.0875748, -123.9049878
47.1029546, -123.8421625
47.1106224, -123.8958874
47.11153179999999, -123.8956998
47.1232903, -123.8940454
47.1408808, -123.8799152
47.144026, -123.871955
47.146722, -123.8673941
47.1596671, -123.8721234
47.1682885, -123.8763568
47.1753015, -123.8721678
47.1845189, -123.8689973
47.1935177, -123.8639952
47.2110687, -123.8525063
47.2149998, -123.8501311
47.2400945, -123.8714235
47.2401695, -123.8718915
47.2412607, -123.8770392
47.257695, -123.858462
47.2801806, -123.8730203
47.2859864, -123.872061
47.2883714, -123.8723117
47.3105346, -123.8731633
47.3109024, -123.872063
47.3230252, -123.8667434
47.3286652, -123.8723083
47.3370583, -123.8713049
47.3486353, -123.8709717
47.3559834, -123.8685361
47.363754, -123.8734218
47.3763118, -123.8725971
47.3804588, -123.8726902
47.3924181, -123.8756286
47.4028959, -123.8790878
47.4101631, -123.8783311
47.4204158, -123.876661
47.4279263, -123.8766177
47.4369046, -123.8773067
47.4480726, -123.8761831
47.4559422, -123.8729482
47.4609877, -123.8627232
47.48362669999999, -123.8780754
47.4850642, -123.8751605
47.4900841, -123.8704579
47.492601, -123.865832
47.4943179, -123.8614053
47.53046, -123.852257
47.5536512, -123.8660942
47.5559907, -123.8714752
47.56590019999999, -123.8669479
47.5737968, -123.8757654
47.5819002, -123.8765334
47.58900089999999, -123.8766137
47.602052, -123.8698343
47.6081926, -123.8730192
47.6094821, -123.8710408
47.6094892, -123.8708734
47.617667, -123.9030111
47.8596179, -123.9343628
47.86011629999999, -123.9344732
47.9578141, -123.843028
47.957975, -123.8434437
47.9581265, -123.8436798
47.9622599, -123.8500181
47.9733876, -123.8716177
47.974326, -123.8739894
47.9825492, -123.882511
47.99203000000001, -123.8889104
48.008092, -123.9079499
48.0500137, -123.8613339
48.0511108, -123.865529
48.0522469, -123.8720418
48.0548888, -123.8761101
48.06587769999999, -123.8730036
48.0840235, -123.8765673
48.0853009, -123.8722117
48.0854904, -123.8733026
48.1174962, -123.8670909
48.1180504, -123.8694017
48.1216465, -123.8723156
48.1280852, -123.8673974
48.1401668, -123.8738001
48.1472416, -123.8682077
48.1537996, -123.8740198
48.1560861, -123.8814292
48.3580087, -123.8228497
48.35810799999999, -123.8229672
48.3736024, -123.8486595
48.3762649, -123.8550217
48.38179539999999, -123.8724514
48.3902553, -123.8746579
48.4023969, -123.8738474
48.4082782, -123.8702259
48.41499, -123.8676363
48.4264017, -123.868438
48.4315963, -123.8657164
48.442438, -123.8638768
48.4427827, -123.8634569
48.4725513, -123.8518688
48.4764904, -123.8536028
48.4851091, -123.8641504
48.4906841, -123.8723726
48.4996376, -123.8725104
48.5085048, -123.8725301
48.520246, -123.8751673
48.5260188, -123.8723609
48.5278923, -123.878099
48.5450646, -123.8750164
48.5537049, -123.8732956
48.5648299, -123.8710192
48.5682532, -123.8702163
48.5828648, -123.8767943
48.5890514, -123.8725394
48.5972512, -123.8755245
48.6074501, -123.8734897
48.6162724, -123.8721589
48.6253921, -123.8728918
48.6335786, -123.8801372
48.6458919, -123.8726774
48.6512056, -123.872794
48.6566514, -123.8671681
48.6567118, -123.8670247
48.6837975, -123.8533843
48.6915387, -123.8566067
48.7033684, -123.8625883
48.7082528, -123.8705666
48.714358, -123.8669416
48.717186, -123.8643659
48.7173653, -123.8638753
48.7529399, -123.8718427
48.7543679, -123.874744
48.770914, -123.8727366
48.7764836, -123.8716599
48.7869176, -123.8708746
48.7983471, -123.8730227
48.7987113, -123.8703306
48.8291292, -123.876101
48.829237, -123.8753909
48.8300397, -123.8716286
48.8394324, -123.874439
48.8492805, -123.8760942
48.8605497, -123.8711692
48.8713066, -123.8708596
48.8793934, -123.8687343
48.88556930000001, -123.8691122
48.8955211, -123.8649199
48.90495840000001, -123.8728263
48.91038169999999, -123.8675704
48.9284194, -123.8692842
48.9301633, -123.8738795
48.9424612, -123.8713703
48.94886899999999, -123.8710174
46.212582, -123.8605958
46.2206081, -123.8646634
46.2286087, -123.8687285
46.2438551, -123.8695617
46.2497045, -123.8590751
46.2562372, -123.855302
46.2675598, -123.8596471
46.2759174, -123.8592394
46.282879, -123.8612398
46.2899499, -123.8598509
46.302375, -123.8481838
46.3213812, -123.8536069
46.3223591, -123.8567639
46.3293593, -123.8593527
46.33951440000001, -123.8589289
46.3481076, -123.8585694
46.355888, -123.8591493
46.3658059, -123.8586441
46.3658418, -123.8594614
46.3892383, -123.8466378
46.3944839, -123.8500356
46.4031241, -123.8631821
46.4102848, -123.8584074
46.41583019999999, -123.8628226
46.4295637, -123.8581374
46.4382185, -123.8584269
46.4424675, -123.8649805
46.4614745, -123.8577218
46.4636922, -123.861148
46.4776377, -123.8528608
46.4826352, -123.859061
46.4897279, -123.857858
46.4998113, -123.8601671
46.5116932, -123.8586217
46.5216092, -123.8616169
46.52852739999999, -123.8576609
46.5367395, -123.8570629
46.5444521, -123.8595323
46.5572043, -123.8578699
46.5641423, -123.8517298
46.5696947, -123.8492696
46.5822662, -123.8587574
46.5907449, -123.858332
46.6000586, -123.8585899
46.6027712, -123.8582945
46.62001009999999, -123.8772881
46.6322805, -123.8760406
46.6476976, -123.8576701
46.65354929999999, -123.8530371
46.6636801, -123.8569359
46.6706162, -123.8546805
46.6760162, -123.849033
46.6922716, -123.8609841
46.69891759999999, -123.8602026
46.7207575, -123.8480238
46.7283537, -123.8553439
46.7384676, -123.8569578
46.74476980000001, -123.8549113
46.7531999, -123.8594949
46.7632249, -123.8566448
46.7717544, -123.8555028
46.7828572, -123.8495463
46.7880092, -123.8467376
46.8151005, -123.8458927
46.8152464, -123.8459514
46.8303349, -123.8567976
46.8341911, -123.8590996
46.8433101, -123.8585449
46.8529404, -123.8608688
46.8616985, -123.8584064
46.874816, -123.858633
46.881733, -123.8580875
46.888892, -123.8590556
46.8975875, -123.8594917
46.9052464, -123.8580748
46.914223, -123.8585589
46.92404440000001, -123.8585534
46.9331435, -123.8585773
46.9434628, -123.8585992
46.947706, -123.8507562
46.9676825, -123.8601892
46.969424, -123.8586031
46.9779356, -123.8598083
46.98039199999999, -123.862349
47.00367720000001, -123.8662441
47.0152509, -123.8663265
47.0220621, -123.866031
47.03092480000001, -123.8687523
47.0414646, -123.8623808
47.0485453, -123.8562293
47.0494128, -123.85463
47.0515873, -123.84832
47.0847645, -123.8342667
47.0883781, -123.8362104
47.1045422, -123.8389402
47.144521, -123.869342
47.14497009999999, -123.8684476
47.14863520000001, -123.8523726
47.1588844, -123.8584951
47.1589373, -123.8595082
47.1761513, -123.8682658
47.1874932, -123.8623286
47.196224, -123.8605835
47.2044277, -123.8526897
47.2113342, -123.8524542
47.2180729, -123.8475679
47.23498, -123.8559073
47.2386711, -123.8602002
47.2407404, -123.8576916
47.265218, -123.849034
47.281093, -123.8646832
47.2856456, -123.8609202
47.2908024, -123.8563648
47.3049122, -123.8542418
47.310869, -123.8590874
47.3196523, -123.8562367
47.3274943, -123.8578799
47.3403471, -123.8584996
47.3438165, -123.8607176
47.3555194, -123.8605285
47.3619979, -123.8581652
47.3727259, -123.8568841
47.38300779999999, -123.8576688
47.3918839, -123.8580084
47.39957769999999, -123.8523081
47.4001051, -123.8515524
47.4213225, -123.8762812
47.42747869999999, -123.8765831
47.4363652, -123.877264
47.4506169, -123.8668546
47.4577397, -123.8638113
47.4629772, -123.8572369
47.4647905, -123.8535308
47.4874532, -123.8697047
47.494303, -123.8592417
47.4964677, -123.8550743
47.49823139999999, -123.850458
47.5282273, -123.8468336
47.553852, -123.8586978
47.55387, -123.8585522
47.5641535, -123.8591166
47.5660524, -123.8556855
47.5805303, -123.8587166
47.5805862, -123.8595494
47.6000454, -123.8594287
47.6082347, -123.8586019
47.6093571, -123.8635803
47.6112392, -123.8489933
47.9552414, -123.8357957
47.95640969999999, -123.8393106
47.9581963, -123.8437649
47.9628167, -123.8506428
47.9677993, -123.8591966
47.9723251, -123.8651145
47.9724625, -123.8654915
47.9862722, -123.8853572
47.9923434, -123.8890656
48.0488756, -123.854984
48.04889259999999, -123.8551697
48.04938509999999, -123.8585437
48.0657341, -123.8602649
48.0659777, -123.8580945
48.0810934, -123.857634
48.0832933, -123.8613572
48.0844023, -123.8632442
48.1134506, -123.8526543
48.1150084, -123.8554731
48.1168314, -123.8612811
48.1310289, -123.8647172
48.1394797, -123.8660052
48.1471612, -123.8587266
48.15217850000001, -123.8537841
48.35796269999999, -123.8227753
48.3650639, -123.830905
48.3729482, -123.8469055
48.3739407, -123.8496061
48.3813087, -123.8584784
48.3911058, -123.8587784
48.3989427, -123.8631611
48.4098295, -123.8598542
48.42015, -123.8588279
48.4272632, -123.8574636
48.43651610000001, -123.8567787
48.443241, -123.861212
48.4723634, -123.851606
48.47364899999999, -123.85254
48.4814478, -123.8567746
48.4894908, -123.8545977
48.4987262, -123.8576079
48.50894419999999, -123.8585951
48.51735790000001, -123.8573657
48.5231716, -123.862193
48.5236032, -123.8632653
48.5452902, -123.8748921
48.556797, -123.8623469
48.5581727, -123.8594987
48.5713732, -123.862206
48.5794682, -123.8540003
48.58950919999999, -123.85782
48.5978208, -123.8586429
48.6070882, -123.8594022
48.615079, -123.8567857
48.6248985, -123.8556826
48.6332785, -123.8576207
48.6424058, -123.8581805
48.6556627, -123.857841
48.6560885, -123.8602442
48.6734765, -123.8477353
48.679001, -123.852008
48.687758, -123.8542721
48.6967831, -123.853589
48.7049416, -123.86124
48.7154603, -123.8622941
48.7204986, -123.850256
48.72213000000001, -123.8477699
48.753725, -123.8634788
48.7547187, -123.858264
48.7632844, -123.8572686
48.7681036, -123.8598458
48.7748393, -123.8575955
48.7854804, -123.8593496
48.79928109999999, -123.857183
48.7997704, -123.8599963
48.7997839, -123.8602645
48.83166929999999, -123.8572113
48.8319412, -123.8586776
48.8379517, -123.8571471
48.8494373, -123.856302
48.8604695, -123.8584862
48.870352, -123.8582967
48.87677129999999, -123.8585208
48.8866388, -123.8546112
48.8963286, -123.8554662
48.90393950000001, -123.8596383
48.9145122, -123.8607829
48.9226845, -123.8534491
48.9325625, -123.8583536
48.9436806, -123.8608142
48.94889120000001, -123.8597479
46.2096391, -123.8590955
46.217697, -123.8631921
46.2257277, -123.8672723
46.2498265, -123.8587958
46.2541213, -123.8539217
46.2612663, -123.8459508
46.2649492, -123.8452931
46.27475219999999, -123.8524522
46.2841403, -123.8393182
46.2912793, -123.8437063
46.3021742, -123.8454702
46.3140254, -123.8368996
46.3211984, -123.8444865
46.3305368, -123.8447592
46.3373237, -123.8526661
46.348911, -123.8433263
46.3561877, -123.8529223
46.3641736, -123.8445634
46.3790205, -123.8394488
46.3838369, -123.8425459
46.3917404, -123.8485706
46.4044045, -123.8407036
46.4118927, -123.8426312
46.4197549, -123.8434679
46.4292194, -123.8444108
46.4394976, -123.8407604
46.4476599, -123.8431023
46.45618760000001, -123.8448322
46.4604875, -123.8520676
46.4744846, -123.8444604
46.4835501, -123.8425418
46.4922794, -123.845777
46.502843, -123.8430979
46.51209069999999, -123.8455796
46.5210717, -123.8426949
46.5274832, -123.8465488
46.5379195, -123.8428044
46.5441184, -123.8447571
46.5569758, -123.8451349
46.5638541, -123.8452465
46.5729946, -123.8452063
46.5822434, -123.8446276
46.5911406, -123.8444784
46.6004136, -123.8441257
46.60902309999999, -123.8428751
46.6201684, -123.8337424
46.6204359, -123.8336551
46.6476073, -123.8557358
46.6486536, -123.8541807
46.6573123, -123.8474506
46.6603933, -123.8409277
46.6725484, -123.848887
46.6808021, -123.8447885
46.6901072, -123.8434397
46.69901900000001, -123.8449234
46.69910700000001, -123.8457763
46.71968520000001, -123.8452913
46.7263104, -123.8440034
46.7368791, -123.8478807
46.7441733, -123.8459049
46.7473235, -123.8431082
46.762541, -123.8466473
46.7689609, -123.8457236
46.7792053, -123.8440519
46.7881908, -123.8444987
46.79147039999999, -123.8397085
46.808438, -123.8374921
46.816119, -123.8449402
46.83023499999999, -123.8446755
46.8364076, -123.8440093
46.84231219999999, -123.8483694
46.8513464, -123.8439273
46.8571263, -123.8482483
46.8694889, -123.8439865
46.8794374, -123.8381159
46.88856200000001, -123.8465088
46.9007242, -123.8420438
46.905092, -123.8433442
46.9178459, -123.8465027
46.9241304, -123.846469
46.9333141, -123.8450738
46.9410377, -123.8448797
46.9518144, -123.8452159
46.965015, -123.843928
46.9690052, -123.844589
46.97813499999999, -123.8449738
46.9863378, -123.8419638
46.99517489999999, -123.8412885
46.9964085, -123.8404306
47.0154298, -123.8662941
47.0213987, -123.8658686
47.0396992, -123.863134
47.049698, -123.8518607
47.0513938, -123.8448736
47.0533522, -123.840038
47.06355079999999, -123.8291512
47.0843854, -123.83387
47.0875098, -123.8359501
47.090841, -123.8352063
47.1046574, -123.8386656
47.1048276, -123.8379593
47.1476556, -123.8525234
47.1496005, -123.852224
47.1571282, -123.8462609
47.1582709, -123.8492319
47.1881987, -123.8615207
47.1999797, -123.8513026
47.2029575, -123.8516409
47.2135199, -123.8505603
47.2196795, -123.8441494
47.2318615, -123.8439245
47.2402302, -123.8450469
47.2509355, -123.8442305
47.2581146, -123.8475423
47.26524329999999, -123.8455364
47.2917519, -123.8540584
47.2960349, -123.8430457
47.30225739999999, -123.8522449
47.3048203, -123.8530475
47.3204988, -123.8457723
47.3272295, -123.8423719
47.3388871, -123.8423228
47.3482025, -123.8417201
47.3567432, -123.8420474
47.3611759, -123.8428331
47.3753368, -123.8436927
47.37844, -123.8474751
47.3944594, -123.8434149
47.4019472, -123.8456844
47.40908150000001, -123.8382277
47.4222434, -123.840065
47.42227, -123.840103
47.4512395, -123.8663274
47.4638564, -123.8530633
47.46672580000001, -123.8478684
47.4713414, -123.8419861
47.47311699999999, -123.839284
47.4982815, -123.850312
47.5004329, -123.8451476
47.501642, -123.841491
47.52575290000001, -123.840777
47.52785300000001, -123.8449282
47.529908, -123.848392
47.5556418, -123.8444731
47.5650969, -123.8439532
47.5714351, -123.84793
47.57696379999999, -123.8511445
47.5985871, -123.846319
47.5991325, -123.8460981
47.6067873, -123.844404
47.6120173, -123.8431125
47.9565176, -123.8396131
47.9591881, -123.8443985
47.9654304, -123.8525717
47.96642500000001, -123.8544804
47.9723936, -123.865253
48.0486964, -123.84644
48.0486988, -123.846316
48.0489913, -123.8448592
48.0514022, -123.8412139
48.06595919999999, -123.856879
48.0761858, -123.8449419
48.0813079, -123.8524151
48.0935583, -123.8297202
48.109449, -123.8364504
48.112513, -123.8443998
48.1133974, -123.8471745
48.1328418, -123.8643119
48.1434071, -123.8505664
48.1467632, -123.8440262
48.153727, -123.8414956
48.1573932, -123.8308536
48.3578015, -123.8223416
48.3578536, -123.8225271
48.3579245, -123.8226942
48.3580564, -123.8229099
48.3719009, -123.8394727
48.37365699999999, -123.8447643
48.3831754, -123.8405254
48.39428909999999, -123.8533594
48.3999464, -123.8484492
48.4079998, -123.8436034
48.4173459, -123.8439665
48.4279676, -123.847107
48.4363588, -123.8455051
48.4411102, -123.84613
48.4510552, -123.8283648
48.4729386, -123.8501172
48.4841033, -123.8524893
48.4916198, -123.851314
48.5004287, -123.8453125
48.508301, -123.8449453
48.51163409999999, -123.8466456
48.5188356, -123.8576741
48.5231018, -123.8620639
48.5577765, -123.8536824
48.55794789999999, -123.8532259
48.561957, -123.8448957
48.5737931, -123.8425315
48.5810875, -123.8446403
48.5881339, -123.8393195
48.5978332, -123.8450497
48.6093121, -123.8393812
48.6152478, -123.8432972
48.6248997, -123.8419415
48.6375722, -123.8450269
48.6431658, -123.8448178
48.6547457, -123.8454679
48.6609906, -123.845418
48.6701186, -123.8448051
48.681655, -123.845447
48.6880641, -123.8448158
48.6990777, -123.845943
48.705752, -123.845766
48.714959, -123.8446625
48.7233284, -123.8436528
48.7320714, -123.8369861
48.7340503, -123.8356686
48.75412650000001, -123.8509931
48.7600907, -123.8422295
48.7692382, -123.8448843
48.77747610000001, -123.84337
48.7836595, -123.847167
48.79625919999999, -123.8457558
48.7975317, -123.848363
48.8226234, -123.8327169
48.82848920000001, -123.8396316
48.8319469, -123.8450064
48.8419318, -123.8448976
48.8467105, -123.8463008
48.861137, -123.8548179
48.8682208, -123.8449136
48.877754, -123.8429104
48.8857874, -123.8455319
48.8949969, -123.84365
48.905202, -123.843898
48.91308290000001, -123.8451233
48.9217966, -123.8531769
48.92859379999999, -123.8542514
48.9446039, -123.8599106
48.94776419999999, -123.8593171
46.2066381, -123.8575712
46.2146877, -123.8616485
46.2226382, -123.8657006
46.2532618, -123.8549245
46.2622399, -123.8407974
46.2631313, -123.8391497
46.2689841, -123.8337207
46.2749827, -123.835838
46.2851291, -123.8311523
46.29463639999999, -123.8341937
46.3050324, -123.8295066
46.31215419999999, -123.8310314
46.3200075, -123.8327167
46.3284763, -123.8308841
46.3389342, -123.829189
46.3477802, -123.8311014
46.3630817, -123.8333016
46.3646723, -123.8286448
46.37512599999999, -123.831127
46.38350990000001, -123.8377076
46.3927773, -123.8314657
46.4005796, -123.8377994
46.4145933, -123.8369733
46.4185597, -123.8312575
46.4291158, -123.8312776
46.4370731, -123.832446
46.4478062, -123.8325224
46.4589994, -123.8295792
46.4649927, -123.8324257
46.4735028, -123.8315548
46.4825033, -123.8322695
46.49080300000001, -123.8336693
46.50064589999999, -123.833357
46.5114978, -123.8313461
46.5188268, -123.8308484
46.5282609, -123.8313793
46.5382442, -123.8326442
46.546216, -123.8306425
46.55680599999999, -123.8264305
46.559676, -123.8304321
46.57288, -123.8451564
46.5840979, -123.8303306
46.59218080000001, -123.8292575
46.6009061, -123.8298731
46.60837799999999, -123.8277449
46.62006, -123.8319668
46.6232499, -123.8303703
46.6371303, -123.8214739
46.6460821, -123.8293371
46.66066259999999, -123.8311408
46.66169259999999, -123.8291363
46.669546, -123.8272637
46.68289069999999, -123.8272112
46.6890148, -123.8334201
46.6988244, -123.822073
46.709773, -123.8258181
46.7178262, -123.8291178
46.7242855, -123.8304715
46.736342, -123.8319495
46.7441474, -123.8303654
46.7516879, -123.8300262
46.76071280000001, -123.8360966
46.7710824, -123.8313022
46.7806961, -123.8335829
46.7895703, -123.830633
46.7944734, -123.8309047
46.8060238, -123.8335284
46.81631549999999, -123.832737
46.8250584, -123.8324701
46.83090319999999, -123.8311519
46.83584889999999, -123.8401849
46.852491, -123.8425356
46.85377159999999, -123.843849
46.8749135, -123.8345356
46.8773389, -123.8340053
46.8875357, -123.8276931
46.8976858, -123.8341686
46.9005459, -123.8345494
46.9149115, -123.8229764
46.9248992, -123.8299458
46.9298175, -123.8376469
46.9480875, -123.836693
46.95086939999999, -123.8316903
46.962452, -123.836669
46.96907849999999, -123.8311673
46.9780775, -123.8316253
46.9870788, -123.8310132
46.9929318, -123.8359545
47.003254, -123.8222142
47.01383430000001, -123.8169012
47.0226543, -123.8164759
47.0319629, -123.8150676
47.0345421, -123.8149204
47.0542424, -123.8368993
47.0593533, -123.8315277
47.0647002, -123.8284208
47.0840262, -123.8329054
47.0846759, -123.8302923
47.0949244, -123.8305727
47.1050482, -123.8317205
47.1053907, -123.8297558
47.1310033, -123.8166423
47.1330649, -123.8178502
47.14408820000001, -123.8240719
47.14901529999999, -123.8312629
47.1565699, -123.8288037
47.1648479, -123.8240407
47.1654534, -123.8231663
47.16609099999999, -123.8214568
47.2001398, -123.8510799
47.2006261, -123.8509594
47.22101139999999, -123.8392216
47.2223024, -123.8379946
47.2281225, -123.829679
47.2406426, -123.8311888
47.2493458, -123.8323839
47.2575452, -123.8329501
47.2644432, -123.8298296
47.27081339999999, -123.8229904
47.2956154, -123.8385493
47.2959594, -123.8378437
47.3036438, -123.8336239
47.31044139999999, -123.8299832
47.3158853, -123.8233528
47.32895540000001, -123.8292838
47.3361627, -123.8253889
47.34710580000001, -123.8319129
47.3567952, -123.8329788
47.364639, -123.8305027
47.3756897, -123.8268113
47.3827892, -123.8306467
47.3935924, -123.8239735
47.4013223, -123.8311559
47.4086753, -123.8299665
47.42081719999999, -123.8353581
47.42201480000001, -123.8370181
47.4220897, -123.8372436
47.4677557, -123.8296402
47.467782, -123.8297957
47.4719594, -123.8316974
47.4833899, -123.829775
47.48876, -123.8230952
47.5032942, -123.8313553
47.5033043, -123.8309082
47.521027, -123.826898
47.5271528, -123.8313648
47.5286133, -123.8299569
47.5531195, -123.8323419
47.5536424, -123.8306337
47.5655373, -123.8332991
47.5704435, -123.8305384
47.5706329, -123.8293448
47.5978934, -123.8245669
47.6020071, -123.8298751
47.6114267, -123.8306281
47.612053, -123.832161
47.9600617, -123.8450313
47.9655632, -123.8527181
47.9661055, -123.8536517
48.0487607, -123.8458548
48.0490931, -123.8443833
48.0492907, -123.8436145
48.0518655, -123.8328384
48.0519385, -123.83221
48.0521995, -123.8308462
48.0765463, -123.8297428
48.076752, -123.8302897
48.09030019999999, -123.8247111
48.107637, -123.8301666
48.109118, -123.8337014
48.1123477, -123.8385854
48.1326307, -123.8213721
48.1441565, -123.8298489
48.1481449, -123.8324602
48.1570639, -123.8309375
48.3577839, -123.8222432
48.3582184, -123.8230681
48.3730493, -123.8315318
48.3835405, -123.8323386
48.38807449999999, -123.8277826
48.3952211, -123.8255589
48.4113968, -123.8347275
48.41732270000001, -123.8308261
48.4272704, -123.8329628
48.436108, -123.83133
48.4451224, -123.8312931
48.4539772, -123.8267257
48.4623143, -123.8261793
48.4717913, -123.8211926
48.4760326, -123.817407
48.5007151, -123.8370152
48.5020101, -123.8329704
48.5081331, -123.8312201
48.5087969, -123.8284205
48.5110296, -123.8420141
48.54286459999999, -123.8035459
48.5536691, -123.8191895
48.5579256, -123.8241621
48.5644332, -123.8286303
48.5692436, -123.8344398
48.5828934, -123.8368586
48.5907543, -123.8371305
48.5958907, -123.830696
48.6068378, -123.831637
48.6144815, -123.8349322
48.6250082, -123.830971
48.6339812, -123.8314637
48.6396799, -123.8353469
48.6534414, -123.8302904
48.6606637, -123.8293923
48.677221, -123.830362
48.6788561, -123.8308494
48.68818750000001, -123.8309424
48.6973788, -123.8341878
48.7055468, -123.8317294
48.7148195, -123.8258986
48.7234404, -123.838608
48.7352226, -123.8331624
48.7377621, -123.8265996
48.7594345, -123.8333046
48.7600501, -123.8311634
48.7691556, -123.8307751
48.7772079, -123.8318221
48.7872753, -123.8316169
48.7954825, -123.8316272
48.796253, -123.8344843
48.8151203, -123.8249965
48.82339229999999, -123.832576
48.831798, -123.8303686
48.8412759, -123.8326538
48.8489525, -123.8279736
48.8616695, -123.8306365
48.8648107, -123.830071
48.87694279999999, -123.8325271
48.88611059999999, -123.8320192
48.8951809, -123.830592
48.9028635, -123.8330885
48.9117071, -123.8311811
48.9233627, -123.8331337
48.9250628, -123.8307631
48.947145, -123.8592169
46.192638, -123.8093309
46.1964415, -123.7976188
46.2520864, -123.8562647
46.2625756, -123.8400353
46.2630439, -123.8392668
46.269768, -123.8195342
46.2698815, -123.8187502
46.2756043, -123.8154412
46.2839088, -123.8185462
46.294012, -123.8174145
46.30355360000001, -123.8174592
46.3126425, -123.8158399
46.3213757, -123.8173433
46.328435, -123.8177899
46.3388216, -123.8171763
46.34969760000001, -123.8165348
46.3570229, -123.8155629
46.3671557, -123.8168357
46.3776297, -123.8106144
46.3838426, -123.8153821
46.3938269, -123.8234134
46.4029884, -123.8182789
46.4110595, -123.8173442
46.4202056, -123.8152327
46.4290923, -123.8175407
46.4375112, -123.8188
46.4484349, -123.8134865
46.4560231, -123.8175335
46.465005, -123.8174995
46.47598600000001, -123.8142674
46.483363, -123.8174741
46.4917203, -123.8184921
46.5056889, -123.8175887
46.5107539, -123.816669
46.5191308, -123.815896
46.5271581, -123.8156067
46.5372986, -123.8175396
46.54608229999999, -123.8175072
46.5562928, -123.8174299
46.5670503, -123.8124035
46.5719657, -123.8123353
46.5791933, -123.8177511
46.5909568, -123.8172172
46.5999578, -123.816815
46.6093714, -123.8121119
46.6214944, -123.8226053
46.6260384, -123.8210571
46.6356147, -123.8208915
46.6467323, -123.8188851
46.6549253, -123.8109411
46.66298339999999, -123.817446
46.6722513, -123.8171629
46.6785882, -123.8230558
46.69929990000001, -123.8180472
46.6993154, -123.8175029
46.7056073, -123.8209397
46.7146882, -123.8267915
46.72702049999999, -123.8238061
46.73516499999999, -123.8194782
46.74483370000001, -123.8185768
46.75171599999999, -123.8178962
46.7650294, -123.8205193
46.7711574, -123.817533
46.781893, -123.8147118
46.79043300000001, -123.8172738
46.7934063, -123.817751
46.8083337, -123.8202242
46.8187234, -123.8194346
46.8229687, -123.8220058
46.8359837, -123.818557
46.83947269999999, -123.812967
46.8480072, -123.8081006
46.8683923, -123.814748
46.8699681, -123.8160206
46.87834489999999, -123.8153178
46.8845858, -123.8178546
46.8979328, -123.8176199
46.9062766, -123.8169461
46.9127985, -123.8215512
46.9282362, -123.8116035
46.9427883, -123.8139074
46.9516419, -123.8174763
46.9588101, -123.8175718
46.9705542, -123.8190627
46.978171, -123.81759
46.9868753, -123.8171295
46.99471639999999, -123.8178907
47.0057122, -123.8174694
47.0140527, -123.8168912
47.02304789999999, -123.8164506
47.0320614, -123.8150661
47.0348213, -123.8143067
47.0602691, -123.8299059
47.06386029999999, -123.8234155
47.0687568, -123.818795
47.076736, -123.8170007
47.0858818, -123.8177958
47.0950648, -123.813324
47.1040886, -123.8130914
47.1118906, -123.8117237
47.12383490000001, -123.8104702
47.1312998, -123.816912
47.1396408, -123.8163854
47.1461105, -123.8155793
47.158029, -123.819442
47.1793237, -123.7911334
47.2064257, -123.7992121
47.20654589999999, -123.79931
47.2066347, -123.7992911
47.2292648, -123.8264827
47.2325775, -123.8204924
47.2387885, -123.8172552
47.2422895, -123.8121522
47.26412029999999, -123.8255975
47.2662329, -123.8239441
47.2744959, -123.8174554
47.2814407, -123.8083368
47.295071, -123.8149633
47.29766559999999, -123.8137801
47.3138249, -123.8251588
47.32077289999999, -123.8197174
47.3294595, -123.8174891
47.3399163, -123.8196802
47.346978, -123.8159237
47.3575758, -123.8226342
47.3648357, -123.8203767
47.3734952, -123.8154468
47.3836377, -123.8175288
47.3924434, -123.8185299
47.39934909999999, -123.8163687
47.4105182, -123.8177028
47.4200531, -123.8117895
47.4254426, -123.8084512
47.4280953, -123.8044053
47.4398516, -123.796969
47.4644134, -123.8005184
47.47052799999999, -123.8178005
47.4741282, -123.8185446
47.4811696, -123.8230734
47.4910787, -123.8177923
47.5032684, -123.8186557
47.50908159999999, -123.8176904
47.5180259, -123.817591
47.52753939999999, -123.8218332
47.5277435, -123.8223654
47.5542996, -123.8282714
47.5584895, -123.8230007
47.563831, -123.8208835
47.5696425, -123.8206668
47.5703561, -123.8229194
47.597979, -123.824038
47.5993706, -123.817459
47.6090065, -123.8165921
47.6107834, -123.818019
47.6117712, -123.8228514
47.95581199999999, -123.8370569
48.0493402, -123.8146394
48.0493524, -123.8148264
48.04938, -123.8151562
48.04975, -123.8167005
48.0510779, -123.8194634
48.07478080000001, -123.8204479
48.0760485, -123.8173835
48.0791463, -123.8138033
48.0926386, -123.8188755
48.1070327, -123.8047955
48.1158973, -123.8045618
48.1261951, -123.8120262
48.13121959999999, -123.8169647
48.1395141, -123.8183025
48.1501172, -123.8127249
48.150324, -123.8128161
48.3577666, -123.8218345
48.3577714, -123.8217659
48.35833299999999, -123.8197585
48.36383379999999, -123.817082
48.372813, -123.8166411
48.38365719999999, -123.8153398
48.3913968, -123.823068
48.3972873, -123.8144062
48.4088049, -123.8055902
48.4208846, -123.8204359
48.4225248, -123.8175213
48.4361836, -123.8073197
48.4488571, -123.8103752
48.450759, -123.812111
48.4631504, -123.8235578
48.4728588, -123.818827
48.4803704, -123.813751
48.48688809999999, -123.8074529
48.5024506, -123.8103247
48.5078113, -123.8176151
48.5107376, -123.8122196
48.5290605, -123.7994197
48.5427314, -123.8034066
48.5511785, -123.8113163
48.5530953, -123.81748
48.56206539999999, -123.8196113
48.5647528, -123.8217293
48.59128519999999, -123.8249258
48.5980875, -123.8174891
48.6090458, -123.819778
48.6141121, -123.8143097
48.6214045, -123.8176319
48.6312062, -123.8185668
48.64635759999999, -123.8140796
48.6506211, -123.8184864
48.6580881, -123.8185392
48.6707167, -123.8083919
48.68002689999999, -123.818025
48.6877126, -123.818021
48.6983164, -123.8196635
48.7055912, -123.8232822
48.7162468, -123.8139218
48.7231354, -123.8174351
48.73197, -123.8166485
48.74148719999999, -123.8170375
48.7470157, -123.8075131
48.7617545, -123.8171407
48.7702067, -123.8156887
48.7778603, -123.8171616
48.7874955, -123.8138585
48.7963738, -123.8176317
48.8100633, -123.8106917
48.8125149, -123.8172006
48.8215321, -123.8272781
48.83231319999999, -123.8271045
48.8377493, -123.8257202
48.8518198, -123.8251872
48.8601493, -123.8202302
48.8679195, -123.8168632
48.8738183, -123.8141664
48.8880428, -123.8227196
48.8935628, -123.8179804
48.9026036, -123.812634
48.9124998, -123.8206343
48.920756, -123.8194997
48.921491, -123.821641
48.94558869999999, -123.7922888
46.2073875, -123.7672251
46.2699084, -123.8186251
46.2699748, -123.8184051
46.2702052, -123.8178139
46.2711562, -123.8166818
46.2789159, -123.8134803
46.2858234, -123.8074981
46.2940422, -123.8039114
46.30424499999999, -123.8045004
46.3123272, -123.8038756
46.3210397, -123.8032197
46.3292296, -123.8040461
46.338833, -123.8037492
46.3485796, -123.8086452
46.35842, -123.8096949
46.3666593, -123.8045072
46.3748949, -123.8027727
46.3847592, -123.8050637
46.3941565, -123.8044699
46.4012575, -123.8011197
46.4115923, -123.8042308
46.4173007, -123.8024397
46.4304742, -123.8037496
46.4400273, -123.8110326
46.44707349999999, -123.8034563
46.4560806, -123.8037864
46.46457969999999, -123.800342
46.4736303, -123.8035883
46.4849085, -123.8038245
46.49285990000001, -123.8037007
46.5051409, -123.8009682
46.50892229999999, -123.80544
46.5195976, -123.8046959
46.5280719, -123.8049241
46.5369508, -123.803813
46.5378279, -123.809144
46.5574094, -123.801024
46.5627882, -123.8041109
46.5730061, -123.8037389
46.5821998, -123.8039746
46.5908379, -123.8042121
46.598855, -123.8032838
46.60681599999999, -123.8035733
46.609969, -123.8110173
46.6314711, -123.8059185
46.6339356, -123.8019651
46.64970719999999, -123.8107706
46.6536391, -123.8100094
46.6632133, -123.8036825
46.668266, -123.8050667
46.68802789999999, -123.7940862
46.6923261, -123.8006392
46.6995134, -123.8040786
46.6998888, -123.8026688
46.7157594, -123.7975435
46.72957659999999, -123.8030164
46.7380253, -123.8046392
46.7442381, -123.8051287
46.75375990000001, -123.8044112
46.7583299, -123.7975392
46.77271400000001, -123.8035392
46.7800951, -123.8034472
46.7902419, -123.8033525
46.7980856, -123.803787
46.805014, -123.8032936
46.8162169, -123.8104693
46.8181988, -123.8126204
46.8400901, -123.8087513
46.8421731, -123.8076286
46.8497649, -123.8022903
46.8657401, -123.8000717
46.8692554, -123.8040356
46.8764329, -123.8056647
46.8907268, -123.8041213
46.8981089, -123.8037115
46.8994964, -123.8053322
46.923401, -123.8003196
46.9235661, -123.8002799
46.9338796, -123.8049743
46.9411255, -123.8044653
46.9503794, -123.8038533
46.9600866, -123.8038083
46.9687973, -123.8037768
46.9778092, -123.8035692
46.9870789, -123.8037646
46.9955528, -123.8023781
47.0050748, -123.804485
47.0143347, -123.8000935
47.0243961, -123.8016559
47.0339792, -123.8104463
47.0395805, -123.8030327
47.0476888, -123.792803
47.052263, -123.7888923
47.0692661, -123.8184506
47.0785053, -123.8147383
47.087059, -123.8124526
47.095229, -123.813319
47.1040593, -123.8130913
47.11272260000001, -123.8071833
47.1209631, -123.8003931
47.1317046, -123.8066172
47.1360252, -123.8006884
47.1492774, -123.8099255
47.1576844, -123.8055485
47.1743982, -123.7918348
47.179507, -123.7909884
47.2063795, -123.7990644
47.2122184, -123.7958563
47.2158449, -123.795487
47.2326339, -123.790689
47.24295420000001, -123.8024178
47.2440996, -123.8057348
47.2528821, -123.7941599
47.2753204, -123.8101224
47.2764482, -123.8082051
47.2846441, -123.8057718
47.2911143, -123.8067149
47.3008688, -123.803268
47.3059805, -123.7940848
47.3276033, -123.8095542
47.329536, -123.8037068
47.3376267, -123.8017516
47.3464084, -123.8004671
47.36002879999999, -123.8010075
47.3632414, -123.8013089
47.3759939, -123.7958284
47.3839528, -123.8056962
47.3921156, -123.8041878
47.39903169999999, -123.8016059
47.41358109999999, -123.8137398
47.4201565, -123.7973669
47.4282982, -123.8040965
47.4371601, -123.7972235
47.442714, -123.7941345
47.46184359999999, -123.7972941
47.4655218, -123.8017947
47.4715441, -123.8065457
47.4887276, -123.807733
47.4916563, -123.8054199
47.4956837, -123.802207
47.510454, -123.8037871
47.5109812, -123.8064579
47.5192149, -123.7901769
47.555826, -123.826282
47.5587846, -123.8227826
47.5641517, -123.8208393
47.5688521, -123.8201132
47.5993626, -123.8172865
47.6076839, -123.8125384
47.6082634, -123.8134298
47.6107492, -123.817843
48.048911, -123.807657
48.0489185, -123.8075779
48.0491488, -123.8049818
48.04934660000001, -123.8040592
48.0565199, -123.8003451
48.0584059, -123.7989664
48.0801557, -123.8110449
48.0884997, -123.7965856
48.8680382, -123.7626896