46.85267959999999, -117.3896806
46.86111870000001, -117.3890432
46.86424239999999, -117.3816934
46.8808167, -117.3942738
46.8867503, -117.3877983
46.8909515, -117.3843411
46.9085461, -117.3854739
46.9118621, -117.3894177
46.9290105, -117.382689
46.9313179, -117.3886032
46.94132940000001, -117.3986098
46.9477544, -117.4018049
46.9552732, -117.4070243
46.9819825, -117.383713
46.9822795, -117.3844532
46.9871309, -117.3853674
46.9952688, -117.3934587
47.0052422, -117.3890145
47.0098699, -117.3991951
47.0259222, -117.3861855
47.0291541, -117.3918913
47.0409765, -117.3888685
47.0508282, -117.3802135
47.0580576, -117.3882221
47.0649255, -117.3893283
47.08017, -117.3852706
47.085431, -117.3904826
47.09443900000001, -117.3789788
47.10527949999999, -117.3806123
47.1144226, -117.3849507
47.1223386, -117.3891758
47.1374319, -117.3890189
47.1500908, -117.3963082
47.1588763, -117.3920279
47.1675348, -117.3908357
47.1740313, -117.3889492
47.1807811, -117.3782935
47.1920662, -117.376297
47.211052, -117.3892186
47.2110546, -117.3889932
47.2212097, -117.3890117
47.2256756, -117.3956946
47.24431810000001, -117.3867188
47.24758019999999, -117.3904056
47.2488562, -117.3914329
47.2673807, -117.389931
47.27589099999999, -117.3878891
47.2840655, -117.3887496
47.2905989, -117.3907215
47.30481899999999, -117.3863321
47.3110864, -117.3889387
47.3199206, -117.3883697
47.32868029999999, -117.3900344
47.3380654, -117.3911093
47.3465153, -117.3888108
47.3557083, -117.3884102
47.3650721, -117.3911952
47.3740868, -117.3912414
47.3829171, -117.3895837
47.3909212, -117.3889857
47.4010509, -117.3915198
47.4100531, -117.3916852
47.41927039999999, -117.3911744
47.4280173, -117.3886111
47.4366103, -117.38588
47.44603710000001, -117.3850664
47.4558335, -117.3872689
47.4632447, -117.3883042
47.4730681, -117.387159
47.4820158, -117.3941709
47.4949363, -117.3846826
47.4999359, -117.3890761
47.5072025, -117.3907659
47.517968, -117.3898313
47.52707299999999, -117.3891014
47.5339901, -117.3917301
47.545084, -117.3887984
47.55410860000001, -117.3881059
47.561508, -117.3893317
47.5724694, -117.3895179
47.5809265, -117.3886725
47.5917661, -117.390901
47.599063, -117.3885497
47.6080793, -117.3890819
47.6173527, -117.3890202
47.626039, -117.3889729
47.6354373, -117.3890385
47.6445215, -117.3890176
47.65324649999999, -117.3891627
47.66188529999999, -117.3890143
47.6717027, -117.38906
47.6800791, -117.3891522
47.6894251, -117.3890153
47.69807669999999, -117.3897065
47.7073974, -117.3890135
47.7158966, -117.3890215
47.72505109999999, -117.3890193
47.7340673, -117.3901369
47.7440928, -117.3902475
47.7513493, -117.3887165
47.7616604, -117.3903537
47.7700262, -117.3892634
47.7789373, -117.3890161
47.788066, -117.389896
47.7965453, -117.389377
47.8064812, -117.3884742
47.8166355, -117.3885596
47.8219381, -117.3851924
47.831437, -117.39131
47.8421034, -117.3889698
47.8510773, -117.3893744
47.8600748, -117.3895297
47.8690714, -117.3898511
47.8780841, -117.3900299
47.8870762, -117.3900357
47.8957234, -117.3889288
47.9050807, -117.3898922
47.9141425, -117.3918186
47.9230724, -117.3903468
47.9328973, -117.3890092
47.9400544, -117.38917
47.9500577, -117.3907711
47.9568222, -117.3880554
47.9705515, -117.3890193
47.9765181, -117.3892921
47.989199, -117.3875144
47.9950772, -117.3875168
48.0019143, -117.3875113
48.0131483, -117.3890048
48.02146399999999, -117.389887
48.0310438, -117.3930633
48.0408307, -117.3859994
48.0465043, -117.3893056
48.0609231, -117.3876873
48.0657492, -117.3889645
48.0766558, -117.3897535
48.0876128, -117.388044
48.0926829, -117.3951675
48.10543, -117.3935896
48.11182400000001, -117.3911954
48.123143, -117.3835152
48.1318186, -117.3856261
48.1424218, -117.3933892
48.1482353, -117.3906743
48.15165890000001, -117.3876218
48.1945635, -117.3670257
48.1953688, -117.3673502
48.20163340000001, -117.3695702
48.220851, -117.394448
48.2228643, -117.3885733
48.2279794, -117.3888498
48.2399821, -117.384809
48.2483216, -117.3833723
48.256573, -117.3878667
48.2637554, -117.3894328
48.2779953, -117.4002569
48.27959670000001, -117.4004865
48.3012925, -117.404546
48.3069479, -117.3923654
48.30890240000001, -117.3889837
48.3194858, -117.3903426
48.3266415, -117.3932105
48.3328534, -117.3992925
48.33936180000001, -117.4053515
48.3443525, -117.4095798
48.3748171, -117.3948292
48.3756843, -117.3922435
48.3825746, -117.3879951
48.3901405, -117.3922301
48.392238, -117.395502
48.42140389999999, -117.385351
48.4214628, -117.3856267
48.426338, -117.3885416
48.4367686, -117.3939535
48.44580740000001, -117.3844584
48.4540759, -117.3890246
48.4652412, -117.3912544
48.4722236, -117.3901922
48.481079, -117.3898082
48.4903772, -117.3939878
48.4991681, -117.3796244
48.5060356, -117.3772597
48.5266257, -117.3834476
48.52801179999999, -117.3849325
48.53514320000001, -117.3886924
48.5441248, -117.388918
48.552845, -117.39167
48.559577, -117.395596
48.56614709999999, -117.405164
48.5713996, -117.4090627
48.5877141, -117.4149402
48.59999800000001, -117.3654465
48.6114773, -117.3762193
48.6275702, -117.3682795
48.6361936, -117.3706194
48.6471308, -117.3785629
48.6538179, -117.384602
48.6604705, -117.3905639
48.6701144, -117.3854543
48.678568, -117.390065
48.6883045, -117.3879397
48.6973498, -117.3866338
48.7056428, -117.3908011
48.7141307, -117.3890247
48.7209326, -117.3966483
48.7323545, -117.3898389
48.7424428, -117.385261
48.7506765, -117.3939501
48.7601769, -117.3916119
48.7686686, -117.3957646
48.7769079, -117.3942911
48.79070979999999, -117.389696
48.7962752, -117.3900078
48.8048499, -117.3870292
48.8106076, -117.3808827
48.8232046, -117.3891794
48.8316829, -117.38639
48.84086010000001, -117.3882932
48.8500741, -117.389005
48.8586544, -117.3878542
48.8684016, -117.3878656
48.8751053, -117.3891652
48.8862853, -117.3844808
48.8935209, -117.3809566
48.90282209999999, -117.3844205
48.9141541, -117.3856338
48.92095339999999, -117.3898023
48.9223337, -117.3928871
48.9228974, -117.3954695
48.9517895, -117.3641889
46.2088296, -117.3715214
46.2190799, -117.3624613
46.2397851, -117.3859455
46.2433438, -117.3800731
46.2476198, -117.3735312
46.2601417, -117.3755148
46.2603278, -117.3734595
46.28169750000001, -117.373697
46.2819417, -117.3759111
46.2965846, -117.3750578
46.2967316, -117.3746071
46.32192380000001, -117.3777082
46.3221679, -117.3755606
46.3339384, -117.379557
46.3382851, -117.3748751
46.3475791, -117.3751594
46.3564923, -117.3734298
46.3665219, -117.3765505
46.37410269999999, -117.3735523
46.38440809999999, -117.3759799
46.3909042, -117.3706677
46.4090871, -117.3780124
46.4096933, -117.3746124
46.4273991, -117.379734
46.4291198, -117.377848
46.441, -117.3722195
46.4419262, -117.3758798
46.441969, -117.3767197
46.4693387, -117.3603194
46.47658209999999, -117.3625231
46.4858851, -117.3765366
46.4880276, -117.372159
46.50211239999999, -117.3708777
46.5076525, -117.3768852
46.5186625, -117.3753165
46.5331799, -117.3784945
46.5373915, -117.3755999
46.5428493, -117.3772855
46.557376, -117.3862162
46.5661734, -117.3831551
46.575077, -117.3855674
46.5797382, -117.3857448
46.5810167, -117.386685
46.6085301, -117.3658969
46.6118519, -117.3722036
46.6168996, -117.3786907
46.6275432, -117.3801937
46.6359918, -117.3747445
46.63640789999999, -117.374438
46.662614, -117.35448
46.6829009, -117.3798041
46.6837694, -117.3756745
46.6926147, -117.3774604
46.6948203, -117.3745955
46.69483959999999, -117.3743031
46.7216986, -117.370953
46.7254292, -117.3762152
46.7319288, -117.3698651
46.7506557, -117.3706047
46.7527091, -117.3758734
46.7593602, -117.381145
46.7768448, -117.3701485
46.7806369, -117.3746699
46.7922829, -117.3708515
46.7979014, -117.3734494
46.8034522, -117.3774606
46.80387169999999, -117.3796973
46.831083, -117.365557
46.8360728, -117.3728319
46.8378269, -117.3763711
46.8565838, -117.3843122
46.8624993, -117.3795298
46.8694889, -117.3742596
46.8801925, -117.3747217
46.8908646, -117.3754278
46.8969386, -117.3725555
46.9066388, -117.3749563
46.9166677, -117.3797253
46.9242306, -117.3772663
46.9284397, -117.3817552
46.9506944, -117.3739415
46.9514048, -117.3712132
46.9730154, -117.3622512
46.9825269, -117.3773144
46.9835321, -117.3742471
47.0035761, -117.3719634
47.0044808, -117.3756122
47.0204259, -117.372355
47.0214724, -117.3757121
47.0359008, -117.368275
47.0417064, -117.3740762
47.0494652, -117.3798891
47.0587479, -117.3771922
47.0661611, -117.3755914
47.0779923, -117.3794151
47.0867567, -117.3808835
47.09515330000001, -117.3766277
47.1036063, -117.3782303
47.1147479, -117.3762419
47.1220458, -117.3791705
47.1310369, -117.3793215
47.1389986, -117.3744423
47.1491587, -117.3790992
47.1581827, -117.3785807
47.1665466, -117.3791722
47.1740855, -117.3760421
47.1850311, -117.3751119
47.1921082, -117.3753644
47.2010662, -117.3668648
47.2109224, -117.3752936
47.2211189, -117.3753372
47.23126999999999, -117.3766998
47.2379184, -117.3746426
47.2471755, -117.371248
47.2600045, -117.3678349
47.26745289999999, -117.3745963
47.2776076, -117.3747053
47.28453, -117.3768647
47.2930644, -117.3745617
47.3017162, -117.3756655
47.3134855, -117.3801201
47.3247727, -117.3744064
47.3291137, -117.3753266
47.3374299, -117.3721746
47.34842829999999, -117.3754319
47.3560489, -117.3806144
47.3659902, -117.3744254
47.37632869999999, -117.3752985
47.3763289, -117.375353
47.3909346, -117.3753459
47.4013159, -117.3772903
47.4100641, -117.3746747
47.4191556, -117.3745648
47.4280799, -117.3751029
47.4371069, -117.3793908
47.4489307, -117.3753644
47.4519367, -117.3770287
47.4655464, -117.3793892
47.47307070000001, -117.3776622
47.4821624, -117.3754491
47.4894223, -117.3750926
47.5000738, -117.3711689
47.5098139, -117.3743169
47.5143752, -117.3795921
47.5269475, -117.375304
47.535663, -117.3756813
47.545105, -117.3753407
47.5566046, -117.3739253
47.5618845, -117.3719993
47.5686322, -117.3767869
47.5840018, -117.3757637
47.5896118, -117.3751462
47.59906549999999, -117.3753124
47.60735280000001, -117.3753058
47.617079, -117.3753051
47.6260814, -117.3753373
47.6351067, -117.375305
47.6443758, -117.3756152
47.6530791, -117.3752175
47.6623822, -117.3754467
47.6710794, -117.3751777
47.67997159999999, -117.375266
47.6888999, -117.374872
47.6979398, -117.3753136
47.7068482, -117.375315
47.7160804, -117.3747345
47.7250779, -117.3754086
47.7366543, -117.3752452
47.7435397, -117.3753534
47.752482, -117.3753062
47.7613059, -117.3712931
47.772162, -117.3762131
47.7801269, -117.3753141
47.7881758, -117.3749586
47.7954166, -117.3753593
47.805487, -117.3756428
47.81495349999999, -117.374108
47.8237817, -117.3753107
47.83389349999999, -117.3746808
47.8426436, -117.3748659
47.8510746, -117.3751569
47.8597039, -117.3775372
47.8683499, -117.3760864
47.878142, -117.373436
47.8878686, -117.3765474
47.89708690000001, -117.3761386
47.9050863, -117.3741197
47.9141138, -117.3687716
47.92011340000001, -117.3715742
47.9329736, -117.3800661
47.94098109999999, -117.3767031
47.9470936, -117.3748855
47.96162, -117.378705
47.9684435, -117.3748797
47.9767975, -117.3744047
47.98758, -117.3740234
47.99549460000001, -117.3771022
48.0028658, -117.3745074
48.0115153, -117.376446
48.0204464, -117.3685532
48.0313936, -117.3767673
48.0396344, -117.375327
48.0491031, -117.3714073
48.06073989999999, -117.3752128
48.0670924, -117.3833552
48.0823666, -117.3777745
48.0960382, -117.3742955
48.1032676, -117.376241
48.11177860000001, -117.3736361
48.1177907, -117.3779371
48.1301509, -117.3754836
48.1359827, -117.3696803
48.1471976, -117.3745986
48.14849419999999, -117.3769722
48.18177559999999, -117.3525345
48.1944489, -117.3667345
48.1948976, -117.3672383
48.2099894, -117.3693322
48.222969, -117.3883412
48.2308585, -117.3820345
48.23692, -117.3815825
48.244431, -117.3782066
48.25771510000001, -117.3746895
48.2634613, -117.3674366
48.2740016, -117.3676231
48.286184, -117.368837
48.3028866, -117.3677785
48.3108681, -117.377344
48.3228932, -117.369943
48.3270077, -117.3734555
48.3366011, -117.374206
48.3460929, -117.363366
48.34672399999999, -117.3629283
48.3715031, -117.3722634
48.3733422, -117.3749489
48.3808598, -117.3810146
48.3831636, -117.385168
48.4001603, -117.3629771
48.4110378, -117.3700516
48.41930199999999, -117.3744032
48.4267631, -117.3707047
48.4357797, -117.3765213
48.4431868, -117.376665
48.4549256, -117.3771377
48.4630865, -117.3759268
48.4719569, -117.3732574
48.4801849, -117.3714934
48.4927822, -117.3736043
48.4990384, -117.3796216
48.5067043, -117.3752067
48.5249668, -117.3764633
48.5255837, -117.3760091
48.5413925, -117.3728857
48.5417362, -117.3753728
48.5482914, -117.3885596
48.5604793, -117.3612628
48.56750700000001, -117.359012
48.5773056, -117.3521131
48.611283, -117.3736107
48.61144669999999, -117.3753635
48.6259759, -117.3678415
48.6346642, -117.3702172
48.6431858, -117.3750401
48.65226029999999, -117.3740987
48.65976819999999, -117.3755708
48.6700964, -117.3752439
48.6811411, -117.379393
48.68763209999999, -117.3848142
48.6958125, -117.3862166
48.7106156, -117.3756942
48.7132581, -117.3713254
48.7254142, -117.3767148
48.7322419, -117.3753202
48.7433749, -117.3750076
48.7508239, -117.3734751
48.7580828, -117.3716441
48.760435, -117.3683359
48.7767106, -117.3942235
48.792438, -117.3863479
48.7968933, -117.3859764
48.8054829, -117.3839906
48.81434530000001, -117.3763192
48.8212692, -117.3695493
48.8328796, -117.3751557
48.8406787, -117.3749837
48.8495935, -117.3725309
48.8590964, -117.3757806
48.8660649, -117.3749219
48.8772349, -117.3760881
48.8836299, -117.3761228
48.8952806, -117.3801804
48.9011177, -117.3732448
48.91274689999999, -117.381242
48.91707299999999, -117.3841397
48.9208659, -117.3896035
48.93981369999999, -117.3555904
46.2137313, -117.3642288
46.2198242, -117.3610256
46.2382359, -117.3563967
46.2384442, -117.3565517
46.25120070000001, -117.3656191
46.257934, -117.3613374
46.2633344, -117.3536023
46.2823146, -117.3626707
46.28269359999999, -117.3609184
46.29822559999999, -117.3637046
46.2992608, -117.3595329
46.3201433, -117.3517657
46.3238983, -117.3616294
46.3269686, -117.3589405
46.3417475, -117.3635462
46.3504043, -117.3601004
46.3508037, -117.3613705
46.3601487, -117.3704741
46.3771387, -117.3629728
46.3860319, -117.363192
46.3949809, -117.3575811
46.3980103, -117.3589133
46.4124872, -117.3624001
46.4133461, -117.3590707
46.4372219, -117.3609012
46.4373118, -117.3618424
46.4390827, -117.3683692
46.4616443, -117.3500374
46.46675860000001, -117.3570201
46.47483279999999, -117.3609192
46.4828376, -117.3601364
46.4927038, -117.3620922
46.500381, -117.3616085
46.5039544, -117.3515852
46.5222521, -117.361551
46.5222534, -117.361705
46.5385573, -117.3744279
46.5415631, -117.3747856
46.5482393, -117.3818666
46.56651799999999, -117.3830554
46.5669267, -117.3830908
46.5903944, -117.3435862
46.5965842, -117.3496236
46.6037469, -117.3579769
46.6073099, -117.3635768
46.6106432, -117.3699146
46.6337492, -117.3601985
46.6340467, -117.3623461
46.6505062, -117.3487384
46.6549872, -117.3496147
46.6642157, -117.3536356
46.6855666, -117.3639641
46.6898907, -117.3624131
46.6940797, -117.3672307
46.7200707, -117.3618258
46.7200721, -117.3616603
46.7201222, -117.3607738
46.7340416, -117.3607082
46.74409910000001, -117.3610981
46.7515097, -117.362026
46.76062169999999, -117.3594698
46.77314860000001, -117.3605218
46.77524589999999, -117.3650716
46.78814029999999, -117.3617238
46.8025464, -117.3519654
46.8030548, -117.3515717
46.8185791, -117.3465951
46.8310031, -117.3654073
46.8331848, -117.3626076
46.8373634, -117.3613293
46.8559559, -117.3548604
46.86438829999999, -117.3564228
46.8702503, -117.363106
46.8793215, -117.3627113
46.8881562, -117.3617617
46.8968198, -117.3606508
46.90090499999999, -117.3567235
46.9190696, -117.364944
46.9242828, -117.3628866
46.9323836, -117.3601379
46.93579099999999, -117.3564544
46.9510853, -117.3616023
46.9658725, -117.3585622
46.9697073, -117.3586651
46.97817449999999, -117.3617723
46.9874756, -117.3621454
46.9932902, -117.3578852
47.004085, -117.3613136
47.0141134, -117.3621334
47.023602, -117.3590801
47.0314415, -117.3632875
47.0434589, -117.3590904
47.050124, -117.3614851
47.0526345, -117.3667155
47.06967890000001, -117.363049
47.0770541, -117.3639585
47.0800541, -117.3623064
47.0975449, -117.3615505
47.097547, -117.3617506
47.11153669999999, -117.3618006
47.1147248, -117.3709538
47.1375525, -117.3617183
47.1375537, -117.3615612
47.1483198, -117.3598543
47.1584027, -117.3629294
47.1662535, -117.3634917
47.1814191, -117.361918
47.1818939, -117.3601917
47.1959306, -117.3695273
47.2027459, -117.3655167
47.2119395, -117.3614313
47.22101170000001, -117.3622119
47.23285920000001, -117.361654
47.2389643, -117.3622801
47.2481283, -117.362066
47.2571374, -117.3612345
47.2633537, -117.3638979
47.2761887, -117.3645491
47.2843846, -117.3623196
47.2926624, -117.3624854
47.3009771, -117.3562454
47.3066729, -117.3594673
47.3253243, -117.3616433
47.3253245, -117.3615781
47.3400589, -117.3709863
47.3478682, -117.3673414
47.3559405, -117.3653951
47.3618066, -117.3616278
47.3762908, -117.3615984
47.3762909, -117.3616264
47.390816, -117.3616197
47.405193, -117.3499462
47.4114877, -117.3613412
47.4199703, -117.3615851
47.4199724, -117.3617886
47.4397282, -117.3621994
47.4460792, -117.3579179
47.4524081, -117.3608955
47.4665423, -117.3662917
47.4763263, -117.3619153
47.4819264, -117.3577419
47.4901038, -117.3549694
47.4978608, -117.3702261
47.5115079, -117.3633089
47.5177254, -117.3618096
47.5272677, -117.3596273
47.5362524, -117.3580479
47.5422233, -117.3629195
47.5535706, -117.3601594
47.5619664, -117.3615945
47.5718858, -117.3594673
47.5800639, -117.3616228
47.5899503, -117.3616028
47.5991963, -117.3615334
47.6082974, -117.3613132
47.61741869999999, -117.3617078
47.6262425, -117.3616028
47.6354739, -117.3615872
47.64428969999999, -117.3616044
47.6530789, -117.3616167
47.6617814, -117.361606
47.6710827, -117.3608582
47.6800848, -117.3621825
47.6889355, -117.3616067
47.6980848, -117.3615254
47.7069329, -117.3637721
47.7149401, -117.3616145
47.725041, -117.3645729
47.7340813, -117.3613852
47.7430269, -117.3606963
47.752202, -117.3615358
47.7609328, -117.3616061
47.7703989, -117.3616354
47.7794489, -117.3618652
47.7893836, -117.3631984
47.7969934, -117.361482
47.8063838, -117.3643716
47.8150791, -117.3617001
47.82372489999999, -117.3616127
47.8340774, -117.35437
47.8420822, -117.3614581
47.8514798, -117.3634864
47.8604961, -117.3618986
47.870124, -117.3595528
47.8782591, -117.3577909
47.8864724, -117.3607193
47.8983372, -117.3607431
47.9038557, -117.3616106
47.91386199999999, -117.3609065
47.9234149, -117.3575871
47.9326765, -117.3615797
47.9399246, -117.361689
47.9517435, -117.3563525
47.9597086, -117.3616007
47.9692188, -117.3631787
47.977043, -117.3659377
47.9860763, -117.3603978
47.9959546, -117.3615976
48.0046324, -117.3608184
48.0144436, -117.3588023
48.01952, -117.3641786
48.0310614, -117.3632707
48.0400786, -117.357842
48.0549906, -117.364801
48.05575779999999, -117.3638692
48.0633574, -117.360349
48.082517, -117.3596936
48.08388619999999, -117.362711
48.0931097, -117.3598034
48.1032253, -117.3623743
48.1097898, -117.3633625
48.1192054, -117.3559449
48.12572489999999, -117.365434
48.1394587, -117.3616733
48.1489122, -117.3613221
48.1520443, -117.3589831
48.16342220000001, -117.34808
48.1791767, -117.3504765
48.1828057, -117.3527841
48.1952424, -117.3625086
48.1977577, -117.3581355
48.2134829, -117.359369
48.21846679999999, -117.3529317
48.2323641, -117.3503732
48.2345371, -117.3510968
48.2491061, -117.3543111
48.25605729999999, -117.3616355
48.2662284, -117.3658596
48.2720679, -117.3661203
48.28300669999999, -117.3631972
48.2920277, -117.3614451
48.3005159, -117.3571352
48.3085755, -117.361154
48.31545149999999, -117.3563213
48.3276012, -117.3633068
48.3380577, -117.3615975
48.3469916, -117.3620824
48.3474216, -117.3596216
48.3695, -117.3592962
48.37181409999999, -117.3622421
48.3719984, -117.3633482
48.40046950000001, -117.3620451
48.4071334, -117.3629089
48.4181073, -117.3606711
48.4280669, -117.3653712
48.4353057, -117.3635554
48.4462066, -117.3693827
48.4545536, -117.3688956
48.462639, -117.3641095
48.4748668, -117.359016
48.480536, -117.3638781
48.4902678, -117.359011
48.4963217, -117.3591539
48.5103812, -117.3563878
48.5176296, -117.3578065
48.5258511, -117.3606038
48.53506429999999, -117.3627739
48.5438623, -117.3625979
48.5492544, -117.3583237
48.56146150000001, -117.3604063
48.5782368, -117.351772
48.5895983, -117.3524965
48.5988876, -117.3595592
48.6068819, -117.3637247
48.6164242, -117.3654762
48.6251436, -117.357833
48.6347438, -117.3596558
48.64221329999999, -117.3645974
48.65128, -117.3673042
48.6579259, -117.370549
48.6682042, -117.3743768
48.6784147, -117.3482855
48.6852601, -117.3472613
48.69721269999999, -117.3494725
48.71197799999999, -117.3655428
48.71509959999999, -117.360397
48.724432, -117.3589137
48.7358455, -117.3652898
48.739192, -117.3595655
48.75103989999999, -117.3615021
48.7604778, -117.3555724
48.7681437, -117.3502036
48.7757522, -117.346271
48.7758057, -117.3462
48.7979275, -117.3857945
48.8164451, -117.3630587
48.8231887, -117.3630679
48.8307783, -117.3593125
48.8373642, -117.3598659
48.8483233, -117.3686268
48.8600204, -117.3638276
48.8680798, -117.3615958
48.8804154, -117.360503
48.8838279, -117.3580119
48.8999536, -117.3614941
48.9030889, -117.3603659
48.9129892, -117.359114
48.920142, -117.359381
48.9340734, -117.3536912
48.9399013, -117.3555844
48.9498561, -117.3596488
46.2075138, -117.3487753
46.2220557, -117.3478843
46.2290632, -117.3442701
46.2423346, -117.350776
46.2510261, -117.3457567
46.2552457, -117.3511173
46.2660758, -117.3466532
46.2828448, -117.3524346
46.2849805, -117.3479316
46.3002127, -117.3501965
46.30135809999999, -117.3473541
46.31367239999999, -117.3425498
46.32114319999999, -117.3479436
46.3265634, -117.3561025
46.344281, -117.3513802
46.3456947, -117.3470075
46.35301030000001, -117.3485148
46.3530187, -117.3486501
46.38099, -117.3397851
46.3838924, -117.3479663
46.3936709, -117.3495443
46.4026196, -117.3468989
46.4089173, -117.3422479
46.4166403, -117.3467277
46.4352858, -117.3453192
46.4359689, -117.3487609
46.4477863, -117.3333968
46.4582742, -117.3451251
46.4630504, -117.3512551
46.4742639, -117.3595968
46.485845, -117.3561537
46.49168479999999, -117.3479013
46.5024428, -117.3527431
46.5090166, -117.3463147
46.5231542, -117.348664
46.5279843, -117.3478471
46.5346189, -117.3445207
46.5511705, -117.3187954
46.584171, -117.333492
46.5853777, -117.3369051
46.5871771, -117.3401312
46.592232, -117.3453951
46.5984718, -117.3514484
46.6033254, -117.3570752
46.6212464, -117.3342828
46.6289758, -117.3438313
46.6334264, -117.3509326
46.6539525, -117.3494385
46.6651886, -117.3491644
46.6710332, -117.340462
46.6832184, -117.3492576
46.6909036, -117.3407035
46.6967639, -117.3400419
46.7137025, -117.3416965
46.7173403, -117.3456968
46.7245705, -117.3436725
46.7371612, -117.3466314
46.7376685, -117.3490927
46.7535534, -117.339816
46.7629366, -117.3501799
46.7711771, -117.3484204
46.7803006, -117.3507671
46.78835300000001, -117.3474523
46.8036657, -117.3468827
46.8268595, -117.3491582
46.83138169999999, -117.3523098
46.8433652, -117.341703
46.85437899999999, -117.3450971
46.8610175, -117.3498549
46.87167, -117.3482895
46.8774706, -117.3500134
46.88804589999999, -117.3476373
46.8986285, -117.3483412
46.9059894, -117.3481986
46.9153978, -117.3504469
46.9237107, -117.3470216
46.9366593, -117.3514333
46.9383648, -117.3456935
46.9509994, -117.3489005
46.9600772, -117.3466975
46.9643966, -117.352192
46.9821009, -117.3430503
46.9865287, -117.349066
46.9983735, -117.3494419
47.0049964, -117.3479148
47.0131238, -117.3545158
47.0231228, -117.3461592
47.0329022, -117.3500419
47.0396817, -117.3490361
47.0518794, -117.3484804
47.0521231, -117.3469393
47.0704091, -117.3447739
47.0750082, -117.347078
47.09185069999999, -117.3431087
47.0973727, -117.3478345
47.1012916, -117.3403043
47.1124297, -117.3474285
47.1221518, -117.344601
47.1321796, -117.3456618
47.1376717, -117.3478461
47.15059489999999, -117.3545546
47.1597201, -117.3548761
47.1606659, -117.355567
47.17719049999999, -117.3498888
47.1818087, -117.3479299
47.1971628, -117.3439624
47.2010374, -117.3505198
47.2109665, -117.3478709
47.2217104, -117.3534389
47.2330066, -117.3487214
47.24255729999999, -117.3481554
47.2448609, -117.3428234
47.2624584, -117.3489343
47.2626236, -117.3471885
47.2742414, -117.347927
47.2856158, -117.350769
47.29308020000001, -117.3481005
47.2993476, -117.3450637
47.3119924, -117.3500016
47.3197658, -117.3472659
47.32938559999999, -117.3441194
47.3399817, -117.3479342
47.3446103, -117.3404926
47.3617624, -117.3478581
47.3617627, -117.3479222
47.3762946, -117.3479037
47.3771925, -117.3484218
47.390834, -117.3478937
47.4033595, -117.3444253
47.4077638, -117.3498906
47.4199297, -117.3478968
47.4344537, -117.3471633
47.437077, -117.3471483
47.44896319999999, -117.3478915
47.4550785, -117.3471261
47.4640789, -117.3470886
47.4730819, -117.3470655
47.48207679999999, -117.3470302
47.49018470000001, -117.3458833
47.4984069, -117.3475291
47.5089259, -117.3461144
47.5180944, -117.3499063
47.5268971, -117.3484616
47.5335529, -117.3505745
47.5450354, -117.3476521
47.55449489999999, -117.3479023
47.56305649999999, -117.3483857
47.5735197, -117.3482233
47.581594, -117.3478962
47.5885144, -117.3523303
47.5984215, -117.3479055
47.6079617, -117.3465612
47.617248, -117.3478955
47.6260717, -117.3470976
47.6344135, -117.3478959
47.6436332, -117.3478876
47.6533256, -117.3477805
47.6617898, -117.3479011
47.6709483, -117.3478944
47.6796719, -117.3478954
47.6884528, -117.3467291
47.6982496, -117.3478957
47.707544, -117.3478859
47.7160825, -117.3468191
47.7250957, -117.3494344
47.7327391, -117.3445168
47.7418936, -117.3470903
47.75268459999999, -117.3468134
47.7610976, -117.3459757
47.7700933, -117.3486309
47.77909040000001, -117.3467059
47.7881217, -117.3479033
47.7967707, -117.3478992
47.806078, -117.3478889
47.815082, -117.3475758
47.8243071, -117.3480034
47.8326655, -117.3479227
47.8420777, -117.3471192
47.8510506, -117.3467994
47.8603813, -117.3479741
47.8690907, -117.3468989
47.87808580000001, -117.3469995
47.88930509999999, -117.3513994
47.8968848, -117.3498336
47.9046641, -117.3470096
47.9141181, -117.3482058
47.9230417, -117.3501061
47.9321394, -117.3513451
47.9413113, -117.3504612
47.95021699999999, -117.3455266
47.9596886, -117.3483987
47.9680791, -117.3481446
47.9770857, -117.3488295
47.986068, -117.349603
47.9950699, -117.3496523
48.0040786, -117.3496137
48.0130781, -117.3496314
48.0220768, -117.3476851
48.0321985, -117.3478733
48.0401201, -117.3480447
48.0492299, -117.3440284
48.0581881, -117.3447828
48.0664313, -117.3448998
48.0762384, -117.34723
48.08509189999999, -117.3493924
48.09306180000001, -117.3479206
48.10358979999999, -117.3477776
48.11042699999999, -117.3476768
48.122768, -117.35063
48.1293713, -117.3459284
48.13703520000001, -117.3485706
48.1505133, -117.3427422
48.1562622, -117.3493232
48.1657957, -117.3468248
48.1751094, -117.3478277
48.1841058, -117.3488631
48.1919604, -117.3478474
48.2037668, -117.3500395
48.2118498, -117.3479781
48.2210414, -117.3481247
48.2381526, -117.3483725
48.2461761, -117.3502743
48.2521565, -117.3558431
48.267653, -117.364991
48.2824035, -117.3480877
48.2824069, -117.3478743
48.2850928, -117.3517565
48.3026029, -117.3479396
48.3091025, -117.3478861
48.3192386, -117.3498058
48.3288213, -117.3496471
48.3381318, -117.3479693
48.34532429999999, -117.3513783
48.357809, -117.3355986
48.3671357, -117.3479561
48.3717194, -117.3484729
48.38211769999999, -117.3424739
48.38695, -117.3453584
48.4006881, -117.3481145
48.4089986, -117.3480859
48.4201803, -117.3384987
48.4209976, -117.3386688
48.4376021, -117.3413933
48.4455435, -117.342865
48.4545002, -117.3465692
48.4629009, -117.3496799
48.4724291, -117.3470249
48.481339, -117.349376
48.4922722, -117.3518506
48.4983264, -117.3487917
48.5086224, -117.3546071
48.5155115, -117.3569366
48.5263409, -117.3602559
48.5348927, -117.3627689
48.551098, -117.352331
48.5530507, -117.3478403
48.5633359, -117.345469
48.57180839999999, -117.3452219
48.5794785, -117.3462897
48.5881988, -117.3491364
48.59838509999999, -117.347011
48.6066085, -117.3495797
48.6152262, -117.3488871
48.623445, -117.3463024
48.63165, -117.3545435
48.64878280000001, -117.3392319
48.650982, -117.340916
48.66281920000001, -117.3388312
48.6725141, -117.3461129
48.6790797, -117.3479108
48.6870896, -117.3454729
48.6970618, -117.3494687
48.7062742, -117.3492623
48.7149852, -117.347614
48.7245839, -117.3422688
48.7317516, -117.344416
48.7426653, -117.3506205
48.7499943, -117.3458942
48.760025, -117.3486341
48.7697002, -117.3482964
48.7764521, -117.3425453
48.7930478, -117.3260176
48.8186344, -117.3551163
48.8188307, -117.3544808
48.8262195, -117.3517149
48.8335539, -117.3482205
48.8378532, -117.3500883
48.84921199999999, -117.3502246
48.8618193, -117.3450137
48.8674749, -117.3452074
48.8766014, -117.3472055
48.8860976, -117.3480315
48.89495489999999, -117.3481647
48.9024862, -117.3438253
48.912581, -117.3475119
48.9226454, -117.3492203
48.93041050000001, -117.3511618
48.9412923, -117.3550002
48.9475256, -117.3551071
46.2069291, -117.3382512
46.2259468, -117.3363024
46.2265927, -117.3331037
46.2435009, -117.3324842
46.2505196, -117.336509
46.2541403, -117.3310528
46.2662384, -117.3462156
46.2845397, -117.3294322
46.2856554, -117.3338797
46.2858381, -117.3345514
46.3019767, -117.3433708
46.3133285, -117.3347287
46.3197555, -117.327941
46.3265227, -117.3245487
46.3462629, -117.3447304
46.350077, -117.3361706
46.3576264, -117.3296839
46.3647132, -117.3287481
46.379267, -117.3339696
46.37995129999999, -117.3358192
46.3915485, -117.3369929
46.4063307, -117.3424055
46.4119368, -117.3349984
46.4217851, -117.3344129
46.4329507, -117.3344684
46.4349678, -117.3301918
46.4471025, -117.333345
46.4541252, -117.3357373
46.4570075, -117.3417628
46.4780312, -117.3193705
46.4910465, -117.3352908
46.4921207, -117.3341905
46.4960904, -117.3263651
46.5131829, -117.3342602
46.5195993, -117.3371389
46.5291221, -117.3341897
46.533593, -117.3429998
46.5450005, -117.3183586
46.5830823, -117.3297402
46.583954, -117.3328505
46.5873066, -117.3403035
46.5941013, -117.3472079
46.6170617, -117.3262998
46.6200205, -117.3324061
46.62517889999999, -117.3366212
46.6307426, -117.3450328
46.6601413, -117.3437844
46.6656108, -117.3391664
46.6755033, -117.3336279
46.6793025, -117.3406842
46.6897189, -117.3391164
46.700122, -117.3370528
46.708502, -117.3361361
46.7123003, -117.3383296
46.7267734, -117.3394563
46.7349277, -117.3404469
46.744132, -117.3331814
46.7531226, -117.3369812
46.7580728, -117.3369675
46.7715094, -117.3361655
46.7796186, -117.3271762
46.7871294, -117.3355794
46.80513, -117.3420753
46.8075917, -117.3343663
46.8120521, -117.3250978
46.8260362, -117.3351001
46.8346373, -117.3335694
46.8425489, -117.3393583
46.8497052, -117.3348462
46.8618704, -117.3301521
46.87020039999999, -117.3342222
46.8745413, -117.3406007
46.8905063, -117.3350976
46.8970658, -117.3338785
46.9049207, -117.3328465
46.9149155, -117.3367321
46.9212055, -117.3321724
46.933491, -117.335559
46.9419678, -117.3349156
46.9510605, -117.3340187
46.9592478, -117.3317082
46.9644361, -117.3259245
46.9781561, -117.3341201
46.9912997, -117.3302659
46.9962555, -117.3339077
47.00659599999999, -117.330158
47.0137952, -117.3337087
47.0197109, -117.3293526
47.0294017, -117.322179
47.0380465, -117.3226084
47.05005430000001, -117.3341939
47.0632508, -117.3316661
47.0669142, -117.3367026
47.0773282, -117.3342967
47.0886062, -117.3309692
47.0932203, -117.3376875
47.1053031, -117.3371734
47.112346, -117.3342814
47.12607939999999, -117.332936
47.1272004, -117.3343029
47.13746080000001, -117.3461632
47.149486, -117.3221325
47.167078, -117.3330186
47.1671711, -117.3331571
47.17608370000001, -117.3332954
47.18507160000001, -117.3334374
47.1921262, -117.3378841
47.211058, -117.3389084
47.21279209999999, -117.3340554
47.2243641, -117.3351671
47.2245401, -117.3333628
47.2381633, -117.3341888
47.2479691, -117.334266
47.2559237, -117.3300412
47.2621832, -117.3357917
47.2786947, -117.3367009
47.2871581, -117.3348474
47.2884636, -117.3308075
47.3036974, -117.3343475
47.3110844, -117.3261478
47.3196092, -117.3302983
47.3289605, -117.3341181
47.3400313, -117.3421345
47.34814739999999, -117.3381445
47.3560955, -117.3372531
47.3651679, -117.3371542
47.37635040000001, -117.3342172
47.3763509, -117.3341166
47.3918129, -117.3346752
47.3990536, -117.3398307
47.4086112, -117.3324511
47.4198952, -117.3341828
47.42943, -117.329072
47.4373633, -117.332635
47.4481037, -117.335225
47.4563719, -117.3365283
47.4636155, -117.3341855
47.4691595, -117.3444653
47.48769249999999, -117.3351162
47.491905, -117.3307612
47.4961016, -117.3339575
47.5089695, -117.3344193
47.5154547, -117.3316747
47.52702920000001, -117.3306221
47.5382502, -117.3415662
47.54750190000001, -117.3320828
47.5540333, -117.3363515
47.5636565, -117.3358327
47.5727464, -117.3341842
47.5810085, -117.3341929
47.5885996, -117.3363501
47.5996497, -117.3346868
47.6091516, -117.3331793
47.6153132, -117.3336849
47.6262897, -117.3340687
47.6353777, -117.3341927
47.6444419, -117.3347683
47.6528588, -117.3341952
47.6644229, -117.3341403
47.6692962, -117.3334552
47.6795835, -117.3337348
47.6879614, -117.3317371
47.69810529999999, -117.3324625
47.709262, -117.3314702
47.7145504, -117.3342914
47.7261591, -117.334808
47.7354508, -117.3317757
47.7419199, -117.3327527
47.7506723, -117.3350748
47.7610988, -117.3361577
47.7701017, -117.3359262
47.7781709, -117.3323941
47.7872478, -117.3341721
47.7973258, -117.334368
47.8059474, -117.3341892
47.8163388, -117.3352426
47.8236469, -117.3341858
47.8332322, -117.336059
47.8416483, -117.3310576
47.85300849999999, -117.3342896
47.8602076, -117.3341868
47.8674761, -117.3338769
47.8784699, -117.3348496
47.8876059, -117.3341775
47.89637140000001, -117.3341851
47.903665, -117.334237
47.9116733, -117.3344971
47.920838, -117.3380817
47.9324014, -117.3341995
47.93984810000001, -117.3381543
47.9509415, -117.3377739
47.9585371, -117.332837
47.96789700000001, -117.3320797
47.9767312, -117.3360677
47.986209, -117.3339385
47.9969828, -117.3331397
48.0034301, -117.3385464
48.012674, -117.3358104
48.0221767, -117.3324575
48.0321277, -117.3341777
48.0429407, -117.3341594
48.0493845, -117.3329446
48.060746, -117.3341049
48.0682073, -117.3358156
48.07633980000001, -117.334479
48.09038049999999, -117.3325243
48.0905762, -117.3345212
48.1031069, -117.3341977
48.11169839999999, -117.3348826
48.123485, -117.3339817
48.1300902, -117.3328653
48.1395681, -117.3359067
48.1474872, -117.3334054
48.15685790000001, -117.3338514
48.1613684, -117.327604
48.1790713, -117.3392211
48.19314259999999, -117.3339619
48.194635, -117.3365868
48.2138374, -117.3387108
48.2207486, -117.3363911
48.22994370000001, -117.3316454
48.2379631, -117.333676
48.2472913, -117.3340366
48.2604143, -117.3258056
48.26324289999999, -117.3283381
48.283185, -117.3378717
48.2837807, -117.334988
48.287865, -117.3273184
48.3010758, -117.3339018
48.3092137, -117.3373663
48.3322955, -117.3452358
48.3382108, -117.3342141
48.3453255, -117.3335444
48.3554317, -117.3336043
48.3641972, -117.3339318
48.3742222, -117.3428408
48.38202039999999, -117.3424723
48.3924715, -117.3343875
48.39884139999999, -117.3353626
48.4091374, -117.3342283
48.4180343, -117.3357259
48.4257974, -117.3286828
48.43864809999999, -117.3360646
48.44384549999999, -117.3312607
48.4544655, -117.3266952
48.461186, -117.3248134
48.472662, -117.3373705
48.4810492, -117.3345952
48.4896098, -117.3356912
48.4977505, -117.3480765
48.5039694, -117.3517109
48.5201973, -117.3220219
48.5346614, -117.3324612
48.5415177, -117.3270408
48.55471259999999, -117.3317874
48.56273179999999, -117.3328898
48.5709635, -117.3350093
48.5812328, -117.3348181
48.585346, -117.334919
48.5981491, -117.3325836
48.6077073, -117.3369385
48.61602449999999, -117.3340253
48.6196381, -117.3314744
48.6433512, -117.3267839
48.6453065, -117.3292437
48.65224389999999, -117.3340504
48.6604087, -117.3377752
48.6679943, -117.3415465
48.680787, -117.3473639
48.6883225, -117.3444682
48.6981245, -117.3247466
48.69985399999999, -117.3237611
48.7184407, -117.3431508
48.7232326, -117.3414628
48.7355388, -117.3401579
48.7420841, -117.337014
48.7516793, -117.3348664
48.7549819, -117.327676
48.76807549999999, -117.3408286
48.7784613, -117.3356585
48.7835419, -117.3291672
48.7949262, -117.3239506
48.8188822, -117.3544133
48.83049, -117.3439061
48.834158, -117.3462143
48.8580367, -117.3264899
48.8614909, -117.3338582
48.8615765, -117.335035
48.8771211, -117.3352944
48.8861473, -117.3344004
48.8948179, -117.3279224
48.903274, -117.3340747
48.9128532, -117.332887
48.9182911, -117.333496
48.9282189, -117.3427048
48.9481756, -117.3281756
48.9493661, -117.3285787
46.2213288, -117.3190401
46.2219561, -117.3206244
46.225575, -117.3280807
46.2424516, -117.3204223
46.2431411, -117.3172846
46.257194, -117.3201047
46.2578386, -117.3170402
46.28474809999999, -117.3203606
46.284822, -117.3202579
46.2854995, -117.3184801
46.3123071, -117.3189582
46.3126541, -117.3198269
46.3224063, -117.3267654
46.3302001, -117.320676
46.332711, -117.3167722
46.34698969999999, -117.3203032
46.3549227, -117.3192391
46.36763269999999, -117.3227169
46.3716984, -117.3159298
46.38086790000001, -117.3192188
46.39219809999999, -117.3192679
46.3980363, -117.3103375
46.4157502, -117.3323917
46.4197201, -117.3312932
46.4285602, -117.3201576
46.4367281, -117.3236306
46.4426645, -117.3293121
46.4521477, -117.3345949
46.4830844, -117.3153401
46.4925607, -117.3204797
46.5002767, -117.3158817
46.5101319, -117.3162071
46.5211903, -117.3158174
46.5255006, -117.3195071
46.5393402, -117.3129752
46.58277880000001, -117.3214814
46.5828236, -117.3205642
46.5828713, -117.3196135
46.604794, -117.3088939
46.615495, -117.3192932
46.6166681, -117.3218786
46.6189539, -117.3296377
46.6308794, -117.3045601
46.648672, -117.3099579
46.6548516, -117.3144702
46.6589087, -117.3168487
46.674566, -117.3233691
46.6760147, -117.3205761
46.6965335, -117.3236285
46.6977281, -117.3198484
46.7094307, -117.313252
46.7193106, -117.3205917
46.7259, -117.3194079
46.7347011, -117.3209395
46.7482024, -117.3152314
46.7518568, -117.322496
46.759272, -117.3163837
46.77591049999999, -117.3298385
46.7799093, -117.3205056
46.7885997, -117.3200599
46.7976597, -117.3196532
46.8074477, -117.3183181
46.8158323, -117.3220524
46.82583959999999, -117.3206638
46.83063620000001, -117.3284033
46.8469081, -117.3222345
46.8483495, -117.3183004
46.8600831, -117.3169678
46.8693846, -117.3282009
46.8811756, -117.3233204
46.88508059999999, -117.3229693
46.8950976, -117.3178292
46.909947, -117.3259113
46.91376169999999, -117.3204679
46.921808, -117.3215922
46.93749039999999, -117.3211973
46.9392088, -117.3174447
46.9538929, -117.3290044
46.9636455, -117.3268684
46.9691941, -117.3224141
46.9782409, -117.3208635
46.9875031, -117.3183253
46.9960898, -117.3195413
47.0051537, -117.3207515
47.0138525, -117.3177476
47.0229508, -117.3221708
47.0320549, -117.3203567
47.0401867, -117.3183928
47.04955289999999, -117.3205245
47.0596099, -117.3233346
47.0644386, -117.3207283
47.0811211, -117.3270465
47.0868251, -117.3204767
47.0868257, -117.3205784
47.1049124, -117.3296235
47.1128065, -117.3205019
47.1220933, -117.3220795
47.1314651, -117.3149439
47.1367148, -117.3132079
47.148861, -117.3204854
47.1673032, -117.3204537
47.1760131, -117.3332946
47.1868361, -117.3208596
47.189143, -117.321063
47.2108016, -117.3213284
47.2110772, -117.3201152
47.2214614, -117.3211236
47.2249186, -117.3141296
47.2404338, -117.3204594
47.2477623, -117.3204909
47.2603009, -117.3192418
47.26177930000001, -117.3219507
47.2768345, -117.3205184
47.2773998, -117.324407
47.288823, -117.3294887
47.30389090000001, -117.3263105
47.3110755, -117.3261478
47.3229626, -117.3173358
47.32568329999999, -117.3212274
47.3377953, -117.3199381
47.3398948, -117.3176257
47.3561706, -117.3372522
47.3717871, -117.3322105
47.376951, -117.3254592
47.3816426, -117.3184624
47.3878906, -117.3240488
47.4084808, -117.3211728
47.408509, -117.3204748
47.4198268, -117.3204819
47.4285526, -117.3263923
47.4371835, -117.3150206
47.4490723, -117.3201721
47.4493049, -117.3220219
47.4636875, -117.3257047
47.4729413, -117.3146882
47.4812193, -117.3225429
47.49317430000001, -117.3194038
47.4999362, -117.3200083
47.507147, -117.3204843
47.5175546, -117.3209649
47.5288963, -117.3203607
47.5361218, -117.3145207
47.5456592, -117.3204205
47.55385709999999, -117.3197197
47.563774, -117.3198674
47.5720796, -117.3201406
47.5832752, -117.3192237
47.59026129999999, -117.3200784
47.6002597, -117.3186998
47.6082555, -117.3198966
47.6170768, -117.3202829
47.6255153, -117.3202422
47.6357165, -117.3207725
47.6440752, -117.3202789
47.6529874, -117.3205476
47.6623138, -117.320474
47.6715407, -117.3204734
47.6799742, -117.3204257
47.68886579999999, -117.3198546
47.6939729, -117.3210888
47.7071517, -117.320701
47.7165782, -117.3210057
47.7247233, -117.3198602
47.7328941, -117.3204715
47.7427243, -117.3214444
47.75207890000001, -117.3200215
47.7655761, -117.3206116
47.7701137, -117.3252764
47.7730951, -117.3252288
47.7884452, -117.3205095
47.7971136, -117.320521
47.8060616, -117.3216999
47.8124102, -117.3201391
47.8239765, -117.321574
47.8308869, -117.3204577
47.84048079999999, -117.324288
47.8510699, -117.325767
47.8601361, -117.3204847
47.8707389, -117.3228614
47.87451189999999, -117.3161201
47.88595189999999, -117.3236423
47.8962954, -117.3204601
47.9050007, -117.3260665
47.9106658, -117.3204714
47.9232618, -117.3206545
47.9336153, -117.3207997
47.9411576, -117.3202429
47.950073, -117.3205137
47.9585056, -117.3207464
47.96953329999999, -117.3203872
47.9770273, -117.3209497
47.98509620000001, -117.3199684
47.9937776, -117.3197245
48.0040907, -117.3172435
48.01390139999999, -117.3204798
48.0175124, -117.3206543
48.032005, -117.3204625
48.0374552, -117.3254305
48.0499541, -117.3204773
48.0580536, -117.3172313
48.0671191, -117.3193844
48.0787366, -117.3253044
48.0848228, -117.3184207
48.094115, -117.3205001
48.1063605, -117.3198109
48.1138547, -117.3258579
48.11507080000001, -117.3254861
48.1334206, -117.3266799
48.13709559999999, -117.3266372
48.1479936, -117.3204405
48.1568587, -117.3200676
48.16606340000001, -117.3230689
48.17138449999999, -117.3162244
48.1864225, -117.3186568
48.1883079, -117.3232866
48.1941766, -117.3348663
48.21457119999999, -117.3378318
48.2266598, -117.3300187
48.22810500000001, -117.3292395
48.2390771, -117.3332072
48.2480656, -117.3212045
48.2556579, -117.3215028
48.2665355, -117.3228421
48.2734051, -117.317684
48.2883784, -117.3262151
48.2926913, -117.3220443
48.2989774, -117.3204563
48.3093422, -117.3204708
48.3093437, -117.3202957
48.338309, -117.320637
48.3383099, -117.3205034
48.3458446, -117.320566
48.3601187, -117.3206398
48.3601225, -117.3203637
48.3767823, -117.3059217
48.3878723, -117.3165379
48.3899327, -117.3213726
48.3991439, -117.3226543
48.41055009999999, -117.3269645
48.4179682, -117.3201985
48.4277587, -117.3179037
48.4356951, -117.3222647
48.4450617, -117.3210067
48.4528748, -117.3192613
48.463718, -117.3236487
48.47267129999999, -117.3192019
48.479346, -117.3250004
48.4872678, -117.3335029
48.4897217, -117.3357709
48.5197405, -117.3178579
48.5202075, -117.320323
48.52690219999999, -117.3178792
48.5377923, -117.3186825
48.5466099, -117.3183694
48.5527072, -117.3211058
48.55836300000001, -117.3279065
48.571787, -117.3297299
48.5855439, -117.3228524
48.58766079999999, -117.3203251
48.5971357, -117.323251
48.6048035, -117.3275295
48.61864629999999, -117.3303152
48.6296207, -117.3101778
48.6361526, -117.3166917
48.6432019, -117.3202559
48.6486353, -117.3268258
48.6587475, -117.3371709
48.6752473, -117.3149287
48.6835066, -117.3187078
48.6874924, -117.3195741
48.69682940000001, -117.3243715
48.705843, -117.3184357
48.7172035, -117.3134096
48.7244166, -117.3151218
48.7317998, -117.3186899
48.7443642, -117.3143123
48.7511642, -117.320134
48.7564908, -117.3207995
48.776615, -117.332679
48.7807853, -117.3262042
48.7870861, -117.3216688
48.7956453, -117.3204993
48.7979383, -117.3172804
48.8132273, -117.3046219
48.8184519, -117.3016739
48.8563414, -117.3181011
48.85636, -117.3183075
48.8576413, -117.3213586
48.86057390000001, -117.3287601
48.8826309, -117.3280501
48.8872395, -117.3227739
48.8916549, -117.324529
48.9046368, -117.3265971
48.9130917, -117.3209813
48.9228912, -117.3212156
48.9327388, -117.316509
48.9400687, -117.3199568
48.9486354, -117.3167999
46.2225012, -117.3087146
46.22292880000001, -117.3071591
46.2230303, -117.3066159
46.2440511, -117.3139447
46.249509, -117.3083753
46.25975400000001, -117.3095794
46.2621232, -117.305065
46.2720026, -117.2944603
46.2866216, -117.3082045
46.288324, -117.3031625
46.3125984, -117.2976347
46.3152875, -117.3091413
46.31614150000001, -117.3075911
46.3329398, -117.3087823
46.3354229, -117.3054708
46.3466578, -117.3093535
46.3585143, -117.3125603
46.3632195, -117.3053404
46.3747844, -117.306396
46.3841921, -117.3071205
46.3947382, -117.3126276
46.4006504, -117.3055898
46.4128839, -117.3041364
46.4200007, -117.3048225
46.4288991, -117.3068864
46.4366375, -117.2981371
46.4481869, -117.2946629
46.4569814, -117.2939091
46.4623359, -117.2945012
46.4759471, -117.3019118
46.48310009999999, -117.304839
46.4924714, -117.3068438
46.4991436, -117.3043803
46.5120964, -117.3055945
46.520573, -117.3128759
46.52810059999999, -117.3067948
46.5370938, -117.3119169
46.543104, -117.3145816
46.550918, -117.3183833
46.58074, -117.3024261
46.5817267, -117.3068908
46.5820768, -117.3094054
46.6048361, -117.3086695
46.6103133, -117.302856
46.614965, -117.3082939
46.6294128, -117.3031003
46.6468444, -117.3067615
46.6523731, -117.3113346
46.6625233, -117.3059276
46.672049, -117.3069404
46.6769211, -117.3036984
46.6962541, -117.3049724
46.6974465, -117.3045596
46.7054882, -117.3078357
46.71516099999999, -117.3143525
46.7290236, -117.3098498
46.7307142, -117.3058143
46.7465234, -117.3067602
46.7530919, -117.3073651
46.7588894, -117.3060203
46.7789058, -117.3068499
46.77890619999999, -117.3067676
46.7884693, -117.3083907
46.7973752, -117.3065042
46.8069672, -117.301721
46.8144081, -117.3010304
46.8288439, -117.308093
46.8291408, -117.3061219
46.8467247, -117.3072193
46.8520198, -117.307937
46.8553423, -117.3080752
46.870611, -117.3069278
46.8790908, -117.3078324
46.88482639999999, -117.3040975
46.8985491, -117.3074714
46.9105596, -117.3056906
46.91362410000001, -117.3098188
46.92687799999999, -117.303312
46.9291323, -117.3081597
46.9435983, -117.3099179
46.9504547, -117.3053748
46.9600757, -117.3006531
46.9691414, -117.3067762
46.977197, -117.2979005
46.99104670000001, -117.3051144
46.9962901, -117.3072888
46.9987447, -117.3030105
47.0160552, -117.3054825
47.0189728, -117.3102105
47.0325036, -117.3043683
47.0367213, -117.3002652
47.0501543, -117.3068062
47.06437160000001, -117.3069143
47.06437440000001, -117.3066831
47.0864595, -117.3104236
47.0902051, -117.303502
47.1131864, -117.308405
47.11358920000001, -117.3072991
47.1249312, -117.304512
47.1263338, -117.3086897
47.140767, -117.310173
47.1502524, -117.3077661
47.1581364, -117.3006148
47.1671835, -117.306779
47.18414250000001, -117.3037517
47.1848598, -117.3069087
47.1864406, -117.3120068
47.2110651, -117.3068031
47.2110651, -117.3067752
47.2257663, -117.3056829
47.2265837, -117.3079808
47.2403013, -117.3067474
47.2463487, -117.3097113
47.2561679, -117.3045006
47.2723276, -117.3072863
47.2742557, -117.3067535
47.284076, -117.3047368
47.2934194, -117.3044555
47.3020171, -117.3048168
47.3105181, -117.3035487
47.3193752, -117.3052033
47.32430979999999, -117.3034349
47.33981, -117.3174242
47.3472918, -117.3041661
47.3698083, -117.2974443
47.3756595, -117.3049684
47.3872543, -117.3095438
47.3922163, -117.3049413
47.40554909999999, -117.3012094
47.4090581, -117.306444
47.4198404, -117.3067929
47.4333201, -117.3064958
47.4343072, -117.3087581
47.4488982, -117.3063775
47.4587224, -117.302423
47.4615201, -117.3084124
47.47326700000001, -117.3146712
47.4873651, -117.3022221
47.4908306, -117.3071429
47.5071228, -117.3063454
47.5071383, -117.3068976
47.5142354, -117.3037668
47.52893599999999, -117.3146129
47.5360399, -117.3067781
47.5456844, -117.3074447
47.5548099, -117.3091237
47.56175, -117.3069388
47.5768619, -117.3052634
47.5810256, -117.3082057
47.5897676, -117.3069951
47.6034902, -117.3057548
47.60789159999999, -117.3072351
47.6170513, -117.3040808
47.6295444, -117.3045573
47.633888, -117.3071516
47.6440874, -117.3041897
47.6530788, -117.3068004
47.6620741, -117.304081
47.6713871, -117.3067709
47.6795268, -117.306791
47.6887035, -117.3067813
47.6981124, -117.3091115
47.70706269999999, -117.3072281
47.7162713, -117.3078401
47.7251832, -117.3063964
47.73433929999999, -117.3053829
47.7427216, -117.3082129
47.7511213, -117.3067277
47.7610813, -117.3038957
47.7700787, -117.3039295
47.7790354, -117.3043866
47.7875878, -117.3067659
47.7970884, -117.3039824
47.8060723, -117.3067735
47.8150963, -117.3062459
47.8233297, -117.3040075
47.833079, -117.306868
47.8420778, -117.304217
47.8495857, -117.3017067
47.860057, -117.3067779
47.8708144, -117.3042697
47.8780633, -117.3067765
47.8893006, -117.3043293
47.8961357, -117.3067773
47.9050895, -117.3045593
47.91408860000001, -117.3046521
47.92283, -117.3047781
47.9308987, -117.3069603
47.9415001, -117.3077943
47.9501157, -117.3052188
47.9582539, -117.3063212
47.9688903, -117.3048078
47.9764077, -117.303255
47.9855296, -117.3062347
47.9920704, -117.3109815
48.0014293, -117.3135052
48.0130804, -117.3063885
48.0220794, -117.3064194
48.0310795, -117.306416
48.04007989999999, -117.3065082
48.0490799, -117.3066009
48.0593979, -117.3073303
48.0700688, -117.3085001
48.07153779999999, -117.3105874
48.08495689999999, -117.3065573
48.0964614, -117.308576
48.0989881, -117.3086
48.109911, -117.3050388
48.1177151, -117.3035434
48.1366708, -117.3098983
48.13892269999999, -117.3070079
48.1474062, -117.3063443
48.15689829999999, -117.3042254
48.165353, -117.3060955
48.1744569, -117.3084166
48.18199629999999, -117.3086642
48.1915613, -117.3010671
48.2023063, -117.3000563
48.2137334, -117.2986799
48.2195312, -117.3009602
48.2351821, -117.3038955
48.2379037, -117.3061598
48.2453489, -117.308565
48.2516781, -117.317956
48.2737251, -117.3029422
48.274775, -117.3056855
48.2809403, -117.3055211
48.29200760000001, -117.2994692
48.2989894, -117.3067931
48.3094254, -117.3067824
48.3224446, -117.2954521
48.3299438, -117.3004714
48.3358504, -117.3055482
48.3457514, -117.3067716
48.3550906, -117.3046037
48.3640862, -117.3047009
48.373086, -117.3047714
48.3815838, -117.308712
48.3899635, -117.3067323
48.4000095, -117.3071299
48.4094173, -117.3130547
48.4157372, -117.3083821
48.4271265, -117.3067552
48.4273052, -117.3076916
48.4474749, -117.3121964
48.4626227, -117.3016409
48.4724626, -117.306905
48.48397929999999, -117.3022409
48.486007, -117.303041
48.4990867, -117.2971227
48.5017066, -117.2967245
48.5178998, -117.3065881
48.5261036, -117.3067417
48.5366749, -117.307885
48.5449373, -117.3055426
48.5473899, -117.3101411
48.5612472, -117.2914267
48.5690843, -117.2921459
48.586355, -117.2972849
48.593438, -117.3016694
48.5963043, -117.3079252
48.6091397, -117.2966245
48.6190091, -117.3013597
48.6250841, -117.3067663
48.6326994, -117.3128825
48.6423153, -117.319562
48.6444953, -117.3217969
48.66842870000001, -117.2915297
48.6755471, -117.308836
48.679181, -117.3072204
48.6841748, -117.3079201
48.6933308, -117.2959886
48.7111119, -117.3110831
48.7143293, -117.3118086
48.7281657, -117.303625
48.7334259, -117.3065659
48.74053749999999, -117.3081405
48.7576529, -117.3122249
48.760055, -117.3067496
48.76702479999999, -117.2980906
48.77354889999999, -117.2942718
48.7934124, -117.2969291
48.7975095, -117.3073745
48.8055534, -117.3040761
48.8138978, -117.3044779
48.8213606, -117.3002359
48.8312901, -117.2928751
48.8376865, -117.291424
48.85813539999999, -117.3101215
48.8594101, -117.306969
48.8595483, -117.3060737
48.8855859, -117.3246789
48.8873222, -117.3227198
48.9082389, -117.321064
48.9175799, -117.3163869
48.9227826, -117.3108013
48.9296424, -117.307718
48.9388084, -117.308678
48.9502058, -117.3163632
46.2213279, -117.2891147
46.2221574, -117.2929488
46.2323499, -117.2832665
46.2394257, -117.2850967
46.24994119999999, -117.2890585
46.25821690000001, -117.2922594
46.2669767, -117.2910338
46.2758771, -117.292056
46.2891987, -117.2921348
46.2896695, -117.2934425
46.30668379999999, -117.2888548
46.31197, -117.2932354
46.3194732, -117.2924655
46.3286502, -117.2925089
46.33441089999999, -117.2879887
46.346616, -117.2931578
46.3507119, -117.2868815
46.3661232, -117.2931012
46.3757502, -117.3018741
46.3875909, -117.2960472
46.3891949, -117.2907981
46.4022963, -117.3028944
46.4105783, -117.3005591
46.4233584, -117.2965094
46.42628149999999, -117.2940081
46.4390794, -117.2963943
46.4471117, -117.2942103
46.4560208, -117.293248
46.4806926, -117.3036175
46.491502, -117.2932626
46.5120167, -117.2930529
46.512017, -117.2931397
46.5289952, -117.2931484
46.5290113, -117.2926896
46.5424415, -117.3142287
46.5641945, -117.2777733
46.568741, -117.2820444
46.5756373, -117.2899843
46.5786649, -117.2956536
46.5799584, -117.2995968
46.6038608, -117.2930903
46.60756240000001, -117.2922353
46.6243321, -117.2930607
46.6243321, -117.2930764
46.6406493, -117.2872132
46.6440156, -117.2937728
46.6457881, -117.2986812
46.6636227, -117.3038137
46.6779994, -117.2950793
46.6809515, -117.2905347
46.6909777, -117.2864842
46.6998013, -117.2909938
46.7035378, -117.2959864
46.72164979999999, -117.2848959
46.7264417, -117.2927525
46.72843460000001, -117.2975824
46.7497753, -117.2930977
46.7501612, -117.2948747
46.7630521, -117.2970322
46.7709743, -117.2917643
46.78007720000001, -117.2930663
46.7819341, -117.2911359
46.8000266, -117.2923151
46.8102837, -117.3001075
46.8166083, -117.2990698
46.825826, -117.2944588
46.8275611, -117.2950219
46.84790779999999, -117.2953503
46.85203449999999, -117.2928994
46.8650047, -117.2943264
46.8702739, -117.2925051
46.8758967, -117.2915298
46.8876403, -117.2926538
46.90162189999999, -117.2973118
46.9057617, -117.2929952
46.9096339, -117.2939707
46.9249934, -117.2967569
46.9321849, -117.2929819
46.9423788, -117.2865822
46.95307320000001, -117.2897918
46.9586413, -117.2909574
46.9667234, -117.2941428
46.9794643, -117.2953376
46.9871529, -117.2934298
47.000702, -117.2959826
47.0029467, -117.2909132
47.0139594, -117.2930706
47.0279832, -117.2974792
47.0321867, -117.2941475
47.0381282, -117.296069
47.049011, -117.2901578
47.06112160000001, -117.2887205
47.0695821, -117.2960237
47.07473299999999, -117.2897282
47.0879777, -117.2908896
47.0952808, -117.2938503
47.1033414, -117.2884276
47.116561, -117.2996521
47.1231109, -117.2930765
47.12311099999999, -117.2930338
47.137709, -117.2787367
47.1538733, -117.3008774
47.1573347, -117.2924072
47.1673513, -117.2931043
47.1761451, -117.2926009
47.18567059999999, -117.2951601
47.1926101, -117.2859661
47.2106246, -117.2930713
47.21065309999999, -117.2933683
47.2255613, -117.2993096
47.2310759, -117.2938856
47.2402643, -117.2930652
47.2479263, -117.2916797
47.2579763, -117.2933846
47.2635015, -117.2880534
47.2786573, -117.29134
47.2795373, -117.2947373
47.2935949, -117.2925528
47.2954628, -117.2965921
47.3145476, -117.2926668
47.3147306, -117.2943425
47.3304529, -117.2960512
47.3380751, -117.2922064
47.3472856, -117.2930713
47.35629160000001, -117.2915622
47.36507659999999, -117.2921164
47.37405620000001, -117.2920679
47.3830865, -117.2920829
47.3920819, -117.2921734
47.4010796, -117.2921831
47.4100797, -117.2921927
47.4190765, -117.2921626
47.4280854, -117.2922151
47.4343145, -117.2932093
47.4488821, -117.3042079
47.4560567, -117.2970102
47.4699627, -117.2922178
47.4731006, -117.2922313
47.4820753, -117.2923494
47.4910355, -117.2918608
47.5068395, -117.2930433
47.5068395, -117.293081
47.51419689999999, -117.293127
47.5287363, -117.2924109
47.5359534, -117.293074
47.5454176, -117.293852
47.5541432, -117.2933812
47.5639733, -117.2915589
47.5713264, -117.2907859
47.5820484, -117.2967211
47.59220639999999, -117.2977753
47.6005845, -117.2999341
47.6041076, -117.297104
47.6150663, -117.2923586
47.6288195, -117.2898424
47.6351072, -117.2930839
47.6441777, -117.29701
47.6544469, -117.2940099
47.66237520000001, -117.2930783
47.6710794, -117.2935695
47.6800814, -117.2934449
47.68907189999999, -117.2934628
47.6981198, -117.2928079
47.7067438, -117.2929453
47.716076, -117.2936489
47.7249604, -117.2930246
47.73388, -117.2927435
47.7432037, -117.2928176
47.7504283, -117.2925426
47.7622997, -117.2871936
47.7657673, -117.293086
47.783428, -117.2865192
47.7875562, -117.2930753
47.7976994, -117.2910567
47.8058217, -117.2952514
47.8165726, -117.2955733
47.8238508, -117.2930733
47.8329949, -117.2957369
47.8397879, -117.3013053
47.8493305, -117.2927831
47.8601716, -117.2930733
47.87447, -117.2931895
47.8744719, -117.2929927
47.8888937, -117.293219
47.8992541, -117.2903852
47.9034367, -117.2930474
47.9155278, -117.290217
47.9259122, -117.3002307
47.932023, -117.2921982
47.9410828, -117.2934321
47.9510879, -117.2932738
47.9574529, -117.2930816
47.9679911, -117.293432
47.9765993, -117.2933126
47.9865738, -117.2932263
47.9937057, -117.2931749
48.0026097, -117.2855492
48.0137911, -117.2930751
48.022088, -117.295074
48.0319817, -117.2930917
48.0408456, -117.2868884
48.0536967, -117.2892794
48.0561859, -117.2944295
48.0642152, -117.3005572
48.0848299, -117.302431
48.0969619, -117.2914413
48.1042611, -117.2867583
48.1159302, -117.29216
48.1209995, -117.2929884
48.1359085, -117.2847228
48.14093279999999, -117.2900185
48.1481253, -117.2930047
48.1554248, -117.2942781
48.1637295, -117.2954166
48.17521499999999, -117.2985116
48.1814177, -117.2930113
48.1949558, -117.298474
48.2020282, -117.2929257
48.2102237, -117.2929259
48.2201938, -117.2913371
48.2284336, -117.2909325
48.2324601, -117.2924549
48.2448257, -117.2930801
48.2561031, -117.2844934
48.2650945, -117.2845483
48.2740782, -117.2845734
48.2815057, -117.2919645
48.2921418, -117.2994663
48.3017283, -117.3007721
48.3095516, -117.2930717
48.3190484, -117.2931763
48.3283061, -117.2915823
48.3375659, -117.2932195
48.3463852, -117.2859967
48.3544925, -117.2856687
48.3602697, -117.2993206
48.375831, -117.2944403
48.3774094, -117.29814
48.3890116, -117.297765
48.3998001, -117.2845058
48.4091198, -117.2820836
48.4156425, -117.3082362
48.4276527, -117.3013356
48.43724419999999, -117.2881725
48.4439358, -117.2829576
48.454728, -117.293068
48.461469, -117.2963241
48.4697452, -117.2915937
48.48241609999999, -117.2980849
48.4956948, -117.291858
48.4985799, -117.2945626
48.51637729999999, -117.2928757
48.524974, -117.2942933
48.53518529999999, -117.2985383
48.545905, -117.2875548
48.55320409999999, -117.2900957
48.5619848, -117.2913354
48.5692306, -117.2919732
48.5810563, -117.2894679
48.5894033, -117.2947642
48.5980565, -117.2948194
48.607951, -117.2942723
48.6161568, -117.2915265
48.625057, -117.2929877
48.6261318, -117.2920114
48.6337037, -117.3137808
48.6633637, -117.2853187
48.6639971, -117.2865561
48.66899309999999, -117.2912475
48.6775195, -117.2884556
48.6887623, -117.2923139
48.694328, -117.2936653
48.6977974, -117.2882594
48.712386, -117.3105735
48.7293706, -117.2933139
48.7327793, -117.2944357
48.7391184, -117.2961162
48.7443624, -117.2888067
48.7643497, -117.2990393
48.7681815, -117.2938645
48.7785897, -117.2917861
48.7900763, -117.290575
48.7944838, -117.2977983
48.8045742, -117.2991502
48.81426769999999, -117.2996565
48.8238142, -117.2964919
48.8320699, -117.2928013
48.83858499999999, -117.2900262
48.848478, -117.2873437
48.8575287, -117.2945356
48.8589259, -117.297438
48.8595236, -117.3002637
48.8873573, -117.3227142
48.8878778, -117.3227994
48.9203897, -117.3121018
48.9286947, -117.3072292
48.9350014, -117.3013873
48.94077249999999, -117.2930883
48.9437875, -117.2846677
46.2215473, -117.2847262
46.222943, -117.2818591
46.2305082, -117.2818215
46.24081289999999, -117.2841956
46.2466225, -117.2867924
46.2647953, -117.2765817
46.2671046, -117.2768144
46.2743256, -117.2762164
46.2856299, -117.2832944
46.2930972, -117.2763458
46.3048161, -117.2785119
46.3121151, -117.2732376
46.3192277, -117.2797931
46.334149, -117.2817243
46.3377063, -117.2772545
46.35173959999999, -117.2829519
46.3561162, -117.2769387
46.3689058, -117.2827058
46.3703028, -117.278037
46.391123, -117.2808069
46.39225589999999, -117.2786386
46.3935306, -117.2744391
46.415069, -117.2740589
46.4209597, -117.2810526
46.4258964, -117.2819828
46.44205969999999, -117.294451
46.450157, -117.2876078
46.46068959999999, -117.2846128
46.4623894, -117.2784906
46.4624222, -117.2779994
46.4908886, -117.2768517
