46.357049, -122.9952301
46.3641559, -122.9986915
46.3753286, -122.994554
46.3835123, -122.9968247
46.3937056, -122.9953079
46.4020568, -122.9974196
46.4114493, -122.9949656
46.41894449999999, -122.9969062
46.42782709999999, -122.9980142
46.4344745, -122.9993844
46.4444543, -122.9887249
46.45995569999999, -122.9902413
46.4634811, -122.9950478
46.4735021, -122.9935909
46.482423, -122.997631
46.49433210000001, -122.9962412
46.5014787, -122.9946121
46.511079, -122.9930596
46.5212922, -122.9961673
46.5290021, -122.9937113
46.5343792, -122.9991496
46.5359549, -123.0025828
46.5603089, -122.9888693
46.5642717, -122.9946983
46.5667868, -122.9982301
46.58265040000001, -122.9870753
46.5913286, -122.9948246
46.5983313, -122.9948432
46.608215, -122.9968659
46.622589, -122.9958808
46.62768759999999, -122.9944083
46.63722689999999, -122.9957546
46.6442804, -122.995137
46.6541262, -122.9951214
46.662888, -122.9924942
46.6684722, -122.9925044
46.6817241, -122.9974518
46.6907597, -122.9961009
46.6990072, -122.993947
46.7081447, -122.9962638
46.7137784, -122.9950027
46.7260734, -122.9958347
46.73496, -122.995089
46.7434694, -122.9966665
46.7525365, -122.9960648
46.7630775, -122.9916459
46.7707942, -122.9960749
46.7800311, -122.9923035
46.7882557, -122.9965654
46.7988296, -123.0006568
46.8070434, -122.9950473
46.8164022, -122.9950881
46.82534649999999, -122.9961206
46.8334898, -122.9950575
46.8476629, -122.9997562
46.8495175, -122.9950826
46.8620533, -122.9919839
46.869309, -122.9950987
46.8834246, -122.9959886
46.8885, -122.9949061
46.8948338, -122.9950294
46.9060788, -122.9951539
46.9166038, -122.9924378
46.9245939, -122.995078
46.93343669999999, -122.9957582
46.9388527, -122.9891603
46.9481294, -123.0060096
46.9599602, -122.9864748
46.9698039, -122.994679
46.9778359, -122.9950643
46.9870372, -122.9941543
46.9962501, -122.9950836
47.00525, -122.9962389
47.0140781, -122.9951787
47.02340239999999, -122.9950792
47.032396, -122.9950797
47.0403981, -122.9976002
47.0500766, -122.9952221
47.0593322, -122.9937241
47.0675955, -122.995385
47.0762999, -122.9956099
47.0859556, -122.9954521
47.0948268, -122.9938305
47.1047289, -122.9960215
47.1145709, -122.9935339
47.12213819999999, -122.9950064
47.1302829, -122.9978066
47.14002319999999, -122.9950828
47.1454053, -122.9950536
47.1632909, -123.0027449
47.1689882, -122.9944491
47.17653019999999, -122.994383
47.1893664, -123.0005477
47.19249199999999, -122.9952779
47.20407110000001, -122.995112
47.2120561, -122.9950581
47.2221595, -122.9996578
47.2364441, -122.9975377
47.2377725, -122.9940349
47.2468632, -122.9939754
47.2594199, -122.9951397
47.2674228, -122.9963172
47.27233649999999, -122.9957043
47.2875481, -122.9965139
47.29045970000001, -122.9935912
47.3052268, -122.9966302
47.31293549999999, -122.9900413
47.3199049, -122.9950327
47.3275636, -122.992431
47.3379074, -122.9929462
47.3467084, -122.9947224
47.3493937, -122.9920538
47.36663249999999, -122.995843
47.37069109999999, -122.9923566
47.3863102, -122.9977983
47.3921047, -122.9951017
47.4012963, -122.9960992
47.4101648, -122.9962832
47.4184934, -122.9913917
47.4311917, -122.9959369
47.4356105, -122.9967904
47.4449498, -122.9939201
47.45537179999999, -122.997465
47.4645642, -122.9971882
47.47658089999999, -123.000116
47.4823866, -122.9953177
47.4942332, -122.9988092
47.4991231, -122.9916829
47.5090767, -122.9950714
47.5177435, -122.9937808
47.52807019999999, -122.9959096
47.5330636, -122.9903685
47.53912589999999, -122.982117
47.5582734, -122.9827452
47.577119, -123.008343
47.5853429, -123.002398
47.591136, -122.9969888
47.5984845, -122.9956461
47.607002, -122.99073
47.6136651, -122.9922769
47.630518, -123.0018894
47.6355403, -122.9985841
47.6423796, -122.9984617
47.6462095, -123.004266
47.66657379999999, -122.9869116
47.6707732, -122.9953775
47.68107070000001, -122.9959743
47.6816974, -122.9941609
47.7118294, -122.9849635
47.7118593, -122.9850145
47.71717719999999, -122.9940959
47.7226234, -122.9964006
47.725821, -123.0046201
47.7473799, -122.995052
47.7520706, -122.996044
47.7565637, -122.9937661
47.7704754, -122.9945654
47.7793201, -122.9964755
47.7874202, -122.995076
47.7970231, -122.9950145
47.8079269, -122.9932323
47.8125762, -122.9985547
47.82513729999999, -122.9941914
47.8335772, -122.9882394
47.842572, -122.992074
47.8499675, -122.9926561
47.8564066, -122.9952364
47.873969, -123.0011807
47.8765156, -122.9938604
47.8879665, -122.9946061
47.8946476, -122.9967882
47.9023609, -123.0074522
47.9176092, -122.9812953
47.92656780000001, -122.9897054
47.9352071, -122.9971784
47.94079929999999, -122.993874
47.9476271, -122.9924833
47.9612433, -122.9906669
47.9681129, -122.9950771
47.9721886, -122.9969498
47.9863159, -122.9950181
47.99467, -122.995019
48.0050999, -123.0029673
48.0138858, -123.0007866
48.0220537, -122.9941117
48.0310715, -122.9951591
48.0398991, -122.9957455
48.04996269999999, -122.9868977
48.0593649, -122.9966982
48.06782519999999, -122.9990213
48.0761108, -122.99346
48.0841339, -123.000555
48.0891263, -123.0046802
48.4565063, -122.9898626
48.4565247, -122.990171
48.4566005, -122.9906232
48.45698489999999, -122.9917341
48.4619996, -122.9973485
48.46793659999999, -123.0045149
48.48064309999999, -123.0099952
48.485422, -123.0134745
48.5058969, -123.0170533
48.51613829999999, -122.994383
48.5261527, -122.9951397
48.5345277, -122.9932605
48.5440943, -122.9950829
48.5519911, -122.9977645
48.5600226, -123.0025864
48.573298, -122.988753
48.5800023, -122.9917222
48.58780489999999, -122.995105
48.5980283, -122.9951514
48.6070837, -122.9912289
48.6160791, -122.9940112
48.62498369999999, -122.9936653
48.634798, -122.9939721
48.6436363, -122.9918469
48.6498441, -122.9928795
48.66803950000001, -122.9876818
48.6754377, -122.9818994
48.694007, -123.00572
48.70695689999999, -123.007157
48.7121733, -123.0096795
48.7196516, -123.016914
48.7204938, -123.0172545
48.7829705, -123.0465184
48.8192879, -122.9754865
48.8214135, -122.9812907
48.82353879999999, -122.9870954
48.8256638, -122.9929005
48.8283585, -122.9993222
48.8321835, -123.0065105
48.8359353, -123.0132531
48.8396868, -123.0199967
48.8434379, -123.0267413
48.8471886, -123.0334869
48.9751792, -123.0298124
46.2085844, -122.979947
46.2228793, -122.9906007
46.2343396, -122.9750589
46.2420699, -122.9801748
46.2535672, -122.9861256
46.2574294, -122.9806369
46.26645449999999, -122.9823311
46.27603879999999, -122.9813382
46.2833528, -122.9850109
46.2941866, -122.9808949
46.3055646, -122.9796853
46.3116941, -122.9821814
46.3218487, -122.9850769
46.3292021, -122.9847738
46.3391205, -122.9812146
46.3481508, -122.9801241
46.3570113, -122.9802579
46.36566029999999, -122.9806759
46.3750698, -122.9809416
46.3828934, -122.9806208
46.3992321, -122.9799221
46.3999762, -122.9792149
46.4110912, -122.980173
46.42025659999999, -122.9804293
46.4309, -122.9813856
46.4403219, -122.979644
46.4473899, -122.9818827
46.4598789, -122.9813412
46.468227, -122.983008
46.4754219, -122.980104
46.4857058, -122.9810895
46.4888538, -122.98131
46.5002276, -122.9819511
46.5074766, -122.9831532
46.52140319999999, -122.9794657
46.5278974, -122.981169
46.5369482, -122.9706215
46.5463501, -122.971308
46.5586559, -122.9803835
46.5619361, -122.9813823
46.5730937, -122.9765113
46.5816715, -122.9804804
46.593125, -122.983335
46.6000755, -122.9817749
46.6132404, -122.9753987
46.6196905, -122.9813059
46.6303737, -122.9795769
46.6358551, -122.9813716
46.6450784, -122.9817784
46.6541672, -122.9813691
46.6626158, -122.9811268
46.6715142, -122.9799491
46.6799527, -122.9793499
46.6860911, -122.980727
46.7024331, -122.9876817
46.7081585, -122.9821018
46.7168869, -122.9813755
46.7260807, -122.9818911
46.73528220000001, -122.9813547
46.7445378, -122.9800844
46.7521281, -122.984718
46.7612561, -122.9892538
46.7717165, -122.9822483
46.7788025, -122.9814187
46.78210319999999, -122.9887204
46.8038287, -122.9780883
46.807008, -122.9810277
46.8153943, -122.9804102
46.8252468, -122.9813846
46.8343572, -122.9813733
46.8434155, -122.982559
46.85143180000001, -122.981418
46.85764890000001, -122.979811
46.86897279999999, -122.9816545
46.881041, -122.9817256
46.88371009999999, -122.9813839
46.8974567, -122.9816465
46.9061348, -122.983907
46.9148201, -122.9807858
46.9237093, -122.9813799
46.9327297, -122.9836891
46.9434344, -122.9838505
46.9487952, -122.9773157
46.9599846, -122.9813724
46.9690995, -122.9798143
46.9772109, -122.976024
46.98973489999999, -122.983032
46.9958967, -122.9821496
47.0042449, -122.9795196
47.0126497, -122.982225
47.023641, -122.9917734
47.03214639999999, -122.9868105
47.04102, -122.9812476
47.0497282, -122.9813798
47.0590803, -122.9816018
47.0689856, -122.9786688
47.0771193, -122.9826472
47.0859038, -122.9746033
47.0938506, -122.9861843
47.1043897, -122.9812518
47.1130792, -122.9811227
47.1204723, -122.977427
47.13071559999999, -122.9813596
47.1402106, -122.9836654
47.1476625, -122.984622
47.1481157, -122.985951
47.1712281, -122.979125
47.1751879, -122.9790314
47.179913, -122.9866531
47.1940813, -122.9810975
47.2044755, -122.9831246
47.2142179, -122.9814003
47.2212973, -122.981911
47.2301077, -122.9788796
47.2419708, -122.9872167
47.2454383, -122.9833104
47.25707740000001, -122.9821144
47.2614331, -122.9822039
47.2743845, -122.9802629
47.2770868, -122.9749052
47.30823179999999, -122.9831637
47.31071499999999, -122.9810294
47.3215969, -122.9822268
47.3304537, -122.9819293
47.3379489, -122.9787692
47.3460604, -122.9795643
47.3511183, -122.978502
47.35964509999999, -122.9738059
47.3746985, -122.981798
47.3768496, -122.9771513
47.3928315, -122.9833627
47.3963775, -122.977876
47.4126375, -122.9798661
47.4192837, -122.981534
47.42641130000001, -122.978202
47.4375656, -122.9811072
47.4457959, -122.9810417
47.4548802, -122.9811885
47.4642881, -122.9815142
47.4723676, -122.9779044
47.4794803, -122.9821849
47.4898653, -122.9819957
47.5003152, -122.9820636
47.5091394, -122.9798665
47.514407, -122.9779433
47.5281451, -122.9814141
47.537387, -122.9835695
47.5406562, -122.9797408
47.5540526, -122.9801873
47.5585562, -122.9785729
47.5698483, -122.9707535
47.58253000000001, -122.963738
47.5951566, -122.993983
47.603164, -122.983541
47.608978, -122.984859
47.6172285, -122.9819726
47.6288608, -122.9807456
47.6334301, -122.9816946
47.6407651, -122.9781672
47.6596603, -122.9708648
47.6636884, -122.9803247
47.6735895, -122.9828731
47.6783011, -122.9832217
47.67938119999999, -122.9873825
47.7099622, -122.9792743
47.7100794, -122.980175
47.71424709999999, -122.9864887
47.7207411, -122.980785
47.743278, -122.9730344
47.747311, -122.9793848
47.75305059999999, -122.9830515
47.7615422, -122.9812817
47.7723433, -122.9815719
47.7804888, -122.9800734
47.7872267, -122.9825888
47.7948651, -122.9773897
47.8059204, -122.9749082
47.8139896, -122.9827552
47.8246939, -122.9799675
47.8332114, -122.9822487
47.8417191, -122.9843875
47.8507991, -122.9847987
47.8552731, -122.988595
47.8747382, -122.9836091
47.8773639, -122.9825093
47.8874129, -122.978539
47.895606, -122.9810031
47.8956489, -122.9808821
47.9155671, -122.979412
47.92325719999999, -122.979685
47.9327046, -122.9797337
47.9415999, -122.9854148
47.9507251, -122.9795398
47.95928259999999, -122.9823531
47.9676663, -122.9810131
47.9804318, -122.9764358
47.9822779, -122.981347
47.99447790000001, -122.9811175
48.0036109, -122.9767611
48.0059583, -122.9723332
48.0235502, -122.9813333
48.0288101, -122.9789634
48.0387055, -122.9813595
48.04692120000001, -122.9792318
48.05948, -122.9763187
48.0673324, -122.9801722
48.08052010000001, -122.9802858
48.0852169, -122.9864193
48.0854349, -122.986406
48.4528633, -122.9681079
48.4528997, -122.9683708
48.4529602, -122.9686269
48.4551922, -122.9760353
48.4564549, -122.9798565
48.4569779, -122.9822513
48.4676364, -122.9698627
48.4677587, -122.9696585
48.4817279, -123.0105539
48.5168487, -122.9820913
48.5170399, -122.9821144
48.5259979, -122.9810847
48.5353134, -122.9841297
48.5440221, -122.981377
48.54425029999999, -122.9813928
48.56692289999999, -122.983754
48.5700568, -122.9834514
48.5801391, -122.9813752
48.5884874, -122.9803769
48.6011204, -122.9800887
48.6079822, -122.9817
48.6162813, -122.9829875
48.6276311, -122.9858042
48.6355454, -122.9749619
48.6427261, -122.9821495
48.6460874, -122.9792199
48.6683246, -122.9865441
48.6705623, -122.9817208
48.6757897, -122.9809468
48.6790379, -122.9707246
48.69035179999999, -122.9602925
48.7589012, -122.915538
48.811197, -122.9534048
48.8133243, -122.9592089
48.8154514, -122.9650136
48.8175782, -122.9708188
48.8197047, -122.9766244
48.82183089999999, -122.9824306
48.8239568, -122.9882372
48.8260824, -122.9940443
48.8314895, -123.0052636
48.8352422, -123.0120074
48.8389946, -123.0187523
48.8427465, -123.0254981
46.2135275, -122.9656143
46.2178078, -122.9661505
46.233766, -122.9684369
46.2394761, -122.974194
46.2538308, -122.9622475
46.25881649999999, -122.9685464
46.26706799999999, -122.9678076
46.27474429999999, -122.9721663
46.2877669, -122.9659379
46.2925129, -122.9676764
46.3030809, -122.9690297
46.3121275, -122.9677193
46.32152809999999, -122.9690629
46.3289294, -122.9658412
46.338094, -122.9699781
46.349235, -122.9648599
46.3594276, -122.9664932
46.3670144, -122.9646344
46.37489679999999, -122.9682967
46.3790069, -122.9572316
46.398501, -122.9671253
46.4019464, -122.9676696
46.4120266, -122.967896
46.42046550000001, -122.9677206
46.4294257, -122.9689598
46.4380755, -122.970104
46.4467666, -122.9692126
46.4560746, -122.9702231
46.4650653, -122.9702939
46.4740433, -122.9703882
46.4831993, -122.9687278
46.4916102, -122.9696716
46.5010193, -122.9687378
46.5106793, -122.9676819
46.5194276, -122.9665325
46.5280756, -122.9705124
46.5467786, -122.9677523
46.5505962, -122.9651368
46.5642333, -122.9657165
46.5728083, -122.967668
46.5799303, -122.9676602
46.5908149, -122.9657197
46.6002529, -122.968198
46.60957519999999, -122.9674111
46.6183154, -122.965582
46.6270872, -122.96734
46.6352732, -122.971046
46.6429723, -122.9650809
46.6550707, -122.9661373
46.66277830000001, -122.9676272
46.6733805, -122.9652997
46.67923529999999, -122.9652366
46.69023929999999, -122.9700355
46.6985385, -122.9710522
46.7089222, -122.9661139
46.7170329, -122.9674445
46.7264564, -122.9670391
46.7354047, -122.9676641
46.7428387, -122.9677041
46.7497573, -122.9658796
46.7624197, -122.964563
46.7687451, -122.9636629
46.7795311, -122.9641306
46.787874, -122.9605808
46.8046696, -122.9627593
46.8081451, -122.9679712
46.8185546, -122.9700596
46.8243622, -122.9688286
46.8330025, -122.9688156
46.8430826, -122.9684697
46.8512303, -122.9677021
46.8616997, -122.9719558
46.8702415, -122.9687337
46.8789309, -122.9666847
46.88801489999999, -122.9651325
46.8968492, -122.9662158
46.9060475, -122.967729
46.91511269999999, -122.9711763
46.9240703, -122.9672632
46.9326861, -122.9676617
46.942103, -122.9606076
46.95275909999999, -122.9676722
46.96002670000001, -122.9676708
46.970903, -122.966401
46.9772855, -122.9693031
46.98820449999999, -122.9663285
46.9963636, -122.9676722
47.0051125, -122.9676163
47.0121622, -122.9684059
47.0254724, -122.960422
47.0320191, -122.9604068
47.0412397, -122.967323
47.0515585, -122.9675574
47.06046689999999, -122.9670868
47.0695232, -122.9673357
47.0770752, -122.9673277
47.0849303, -122.9704518
47.091383, -122.964395
47.1050227, -122.9683328
47.11243899999999, -122.967747
47.1218953, -122.9676536
47.1303455, -122.9653955
47.14007789999999, -122.9668525
47.1470032, -122.9655546
47.15438349999999, -122.9626859
47.1702337, -122.9667791
47.17555549999999, -122.9687562
47.1841085, -122.9619754
47.1946868, -122.9659774
47.2006825, -122.9688001
47.2127726, -122.9683862
47.22105550000001, -122.9676239
47.2301369, -122.9668788
47.2336757, -122.9697437
47.2480083, -122.9672772
47.2581655, -122.9669645
47.2663044, -122.9664813
47.2750756, -122.966924
47.2804252, -122.9648742
47.2854749, -122.9608582
47.302795, -122.9608692
47.31251959999999, -122.9696745
47.3207226, -122.9682234
47.3291218, -122.9677415
47.3380732, -122.9680646
47.34860219999999, -122.9684908
47.3555245, -122.9667713
47.3596918, -122.9707088
47.3781219, -122.9692697
47.3785519, -122.9669442
47.39707929999999, -122.9661242
47.3981086, -122.9666274
47.4134842, -122.9691091
47.41830770000001, -122.9662006
47.4274839, -122.9670277
47.4373715, -122.9675762
47.44640769999999, -122.9674322
47.4551183, -122.9696311
47.464899, -122.9673846
47.4725827, -122.9650333
47.4817173, -122.9676799
47.4908387, -122.9654781
47.5017252, -122.9672636
47.5018143, -122.9683019
47.52020770000001, -122.9670825
47.5279949, -122.9716679
47.5361678, -122.9706692
47.5451209, -122.97041
47.5536142, -122.9653131
47.56208119999999, -122.969426
47.57020470000001, -122.9682993
47.5849232, -122.9601843
47.6184689, -122.9714678
47.6192541, -122.9678819
47.624512, -122.967243
47.635692, -122.9678545
47.643207, -122.9675317
47.6550918, -122.9655038
47.664359, -122.968643
47.6705366, -122.968134
47.6752027, -122.9746523
47.6924336, -122.9516079
47.7090305, -122.9659121
47.70916560000001, -122.9669702
47.7194413, -122.9677153
47.719442, -122.967593
47.7361303, -122.9614971
47.741931, -122.9681656
47.7543072, -122.9669441
47.760835, -122.9679546
47.7704021, -122.9675298
47.7796057, -122.9676744
47.7872327, -122.9686052
47.797753, -122.9690493
47.8066326, -122.9671816
47.8148888, -122.9672515
47.8227924, -122.9658365
47.8329136, -122.9676964
47.8333319, -122.9653881
47.8495038, -122.984437
47.8532287, -122.9870287
47.8749772, -122.9626354
47.8790475, -122.9667407
47.8889912, -122.9734397
47.89148669999999, -122.9741448
47.9154273, -122.9755455
47.9232457, -122.9678888
47.93179050000001, -122.9688055
47.9458612, -122.9708441
47.9466178, -122.9670536
47.9616007, -122.9623456
47.9676534, -122.969079
47.9762008, -122.9708903
47.9865972, -122.9669922
47.99510129999999, -122.9673178
48.0045623, -122.972035
48.0129214, -122.9618729
48.0219833, -122.9698024
48.0331643, -122.9690057
48.0413674, -122.9682387
48.0500386, -122.9682082
48.0565541, -122.9741253
48.066337, -122.9663257
48.0806811, -122.9777055
48.0824617, -122.9758592
48.0894793, -122.9448843
48.0952195, -122.9389041
48.095275, -122.9388147
48.4528464, -122.9678464
48.4528464, -122.9678333
48.4528465, -122.967791
48.4528466, -122.9677486
48.45284669999999, -122.9677062
48.4537643, -122.9674011
48.4637922, -122.9671442
48.46773839999999, -122.9694604
48.48951539999999, -122.9414147
48.4931651, -122.9406331
48.5206624, -122.9754084
48.5255649, -122.974084
48.5325262, -122.9790617
48.5440119, -122.9676697
48.552485, -122.967008
48.5615866, -122.9677413
48.5729395, -122.966886
48.5808331, -122.9631424
48.5890623, -122.9677845
48.5967261, -122.9679336
48.608311, -122.977542
48.614182, -122.979146
48.6300652, -122.9689493
48.63267279999999, -122.9711562
48.6446949, -122.9622524
48.65551790000001, -122.9580649
48.657798, -122.9587718
48.6722957, -122.9770294
48.6788682, -122.9676172
48.706674, -122.941178
48.709348, -122.937967
48.80735749999999, -122.9429326
48.809486, -122.9487378
48.8116143, -122.9545434
48.8137423, -122.9603496
48.8158701, -122.9661562
48.8179975, -122.9719634
48.8201246, -122.977771
48.82225140000001, -122.9835791
48.824378, -122.9893877
48.8307978, -123.0040208
48.8345515, -123.0107659
46.2119396, -122.9544065
46.224283, -122.9479528
46.2325824, -122.948612
46.2398727, -122.9507146
46.2489497, -122.9529491
46.2579633, -122.9544605
46.2671436, -122.9540833
46.2760774, -122.9535879
46.2835127, -122.9508029
46.29403809999999, -122.9535046
46.303195, -122.952996
46.3077895, -122.955111
46.3210413, -122.9539108
46.3285919, -122.9571129
46.3408612, -122.9471241
46.34797649999999, -122.9540111
46.3560236, -122.9577868
46.3656569, -122.9543085
46.3761736, -122.9559624
46.3884549, -122.9520015
46.394212, -122.9522538
46.4020002, -122.9539626
46.40998150000001, -122.958012
46.41977259999999, -122.9490728
46.4326985, -122.9517971
46.44010189999999, -122.9566132
46.4490954, -122.954461
46.4560669, -122.9545846
46.4647467, -122.9521332
46.4739733, -122.9534543
46.4809812, -122.9497472
46.493716, -122.952557
46.50115880000001, -122.9539909
46.5107983, -122.953975
46.5210724, -122.9545855
46.5292108, -122.9530671
46.5379486, -122.9540061
46.5461728, -122.9536715
46.5552347, -122.951262
46.5640705, -122.9530164
46.5752414, -122.9541178
46.58238679999999, -122.9541534
46.5908136, -122.9539579
46.5980675, -122.9539282
46.608908, -122.9543696
46.6187321, -122.9542638
46.62698349999999, -122.9521082
46.632404, -122.9556622
46.6450821, -122.9539659
46.6542419, -122.9540822
46.6614379, -122.954427
46.6706344, -122.9586854
46.680631, -122.955305
46.6900853, -122.9553447
46.6990792, -122.9540198
46.708079, -122.953995
46.7170778, -122.9539566
46.7260801, -122.953634
46.7350803, -122.9537966
46.7440795, -122.9538475
46.7534083, -122.9539616
46.7620958, -122.9555873
46.7733503, -122.9515565
46.7787628, -122.9553717
46.7876073, -122.9602824
46.800716, -122.951591
46.8075211, -122.953833
46.8143586, -122.9536674
46.8257038, -122.9545662
46.8329228, -122.9539827
46.843041, -122.9577353
46.8511126, -122.9540367
46.8605914, -122.9604789
46.8755025, -122.9518134
46.8799769, -122.9539533
46.8881029, -122.9502996
46.8963692, -122.9540139
46.9065304, -122.9555627
46.9153534, -122.9543931
46.92361140000001, -122.953957
46.9327569, -122.9539587
46.9426588, -122.9519531
46.9527513, -122.9539561
46.96093399999999, -122.9539679
46.9687317, -122.9533035
46.9780451, -122.9495553
46.98707539999999, -122.9541141
46.9951189, -122.95699
47.00338379999999, -122.9553825
47.0126966, -122.9501009
47.0241857, -122.9549282
47.0320818, -122.9544562
47.04107639999999, -122.9536487
47.0507713, -122.9544831
47.059022, -122.9531893
47.0671644, -122.9521672
47.07664279999999, -122.953924
47.0850852, -122.9539211
47.0960178, -122.9541176
47.1065251, -122.9591038
47.109144, -122.9576019
47.1208374, -122.9654309
47.131083, -122.9625599
47.1396639, -122.9550542
47.1488205, -122.9539603
47.1590759, -122.9550817
47.1633542, -122.9508238
47.1771633, -122.9588629
47.1842498, -122.9563871
47.1942394, -122.953588
47.2038824, -122.9509933
47.2141634, -122.9539468
47.2204231, -122.9602949
47.2297562, -122.966838
47.2422668, -122.9433645
47.2486967, -122.9566986
47.2573036, -122.9535117
47.2662767, -122.9510205
47.2735248, -122.9557535
47.2830445, -122.9537455
47.2881708, -122.9527197
47.3033778, -122.9554122
47.3110952, -122.9538679
47.3197367, -122.9535059
47.3290831, -122.9538923
47.3375975, -122.9522952
47.34790650000001, -122.954818
47.3574656, -122.9547748
47.3632056, -122.951613
47.37558749999999, -122.9546987
47.3809098, -122.9532323
47.4007274, -122.9573457
47.4018924, -122.954531
47.4099122, -122.9579589
47.419205, -122.954091
47.42503989999999, -122.9498678
47.4375234, -122.9540497
47.4484889, -122.9488527
47.4525948, -122.9460356
47.464991, -122.964471
47.4757462, -122.9540056
47.4850039, -122.95191
47.4911193, -122.9521138
47.4999857, -122.953784
47.5085541, -122.9520569
47.52326919999999, -122.954576
47.52529740000001, -122.953174
47.5359167, -122.954422
47.5458551, -122.9600557
47.5538325, -122.9534976
47.5580737, -122.9519571
47.5720657, -122.9539782
47.5811407, -122.9534383
47.5856179, -122.952287
47.6196779, -122.9669271
47.6246155, -122.9577722
47.6279023, -122.9542622
47.6355698, -122.9524835
47.6474471, -122.9551709
47.6541635, -122.9521544
47.6619784, -122.9541273
47.6720294, -122.9488751
47.6763859, -122.9534583
47.69239959999999, -122.9515657
47.692521, -122.9515108
47.70732899999999, -122.9538068
47.7192675, -122.9542224
47.7192829, -122.9536861
47.732857, -122.9550763
47.7448089, -122.9539821
47.7523677, -122.9550285
47.7616071, -122.9537929
47.769305, -122.9513795
47.7799839, -122.953473
47.7842545, -122.9550748
47.7994601, -122.9583573
47.80819049999999, -122.9560086
47.8125614, -122.9566228
47.8265398, -122.9580881
47.83272909999999, -122.9613007
47.8416204, -122.9390514
47.84999070000001, -122.937686
47.8651564, -122.942835
47.87159020000001, -122.9530269
47.8771076, -122.9549848
47.8773871, -122.955737
47.8972759, -122.9385247
47.898577, -122.9374568
47.9228503, -122.9628039
47.9252108, -122.9516934
47.9333584, -122.9496613
47.9392994, -122.9535116
47.9488349, -122.9537522
47.9583693, -122.9546722
47.9745522, -122.9537219
47.9758498, -122.9560294
47.9906446, -122.9619907
47.99532420000001, -122.9536895
48.0048497, -122.9519409
48.0134737, -122.9618292
48.0182854, -122.9613261
48.035173, -122.9580869
48.03981779999999, -122.9538686
48.0484871, -122.9535395
48.0575383, -122.9519382
48.0648299, -122.9540652
48.0818783, -122.9493148
48.0842239, -122.9505287
48.0952972, -122.9387107
48.4528873, -122.9652111
48.4529015, -122.9651213
48.4529264, -122.9650234
48.4531461, -122.9645473
48.4543887, -122.9629782
48.4616562, -122.9608485
48.475148, -122.943142
48.4829949, -122.943325
48.497219, -122.9390223
48.5024696, -122.9370849
48.5218713, -122.9741507
48.5440146, -122.9540119
48.5440148, -122.9539624
48.5551524, -122.9487566
48.5632835, -122.9541739
48.5712014, -122.9531475
48.58171660000001, -122.9535987
48.5876425, -122.9538089
48.5952711, -122.9547472
48.6071729, -122.949921
48.615353, -122.954507
48.6273281, -122.9528398
48.6344243, -122.9556572
48.6453135, -122.9539248
48.6523871, -122.9544745
48.661895, -122.9540943
48.6670466, -122.9465926
48.6787997, -122.9547496
48.68916489999999, -122.953895
48.6970817, -122.9462641
48.8035174, -122.932463
48.8056472, -122.9382692
48.8077767, -122.9440758
48.8099059, -122.949883
48.8120348, -122.9556906
48.8141635, -122.9614987
48.81629179999999, -122.9673073
48.8184198, -122.9731164
48.8205476, -122.978926
48.8226751, -122.9847361
46.2152919, -122.9406267
46.22111719999999, -122.945141
46.2305691, -122.9476412
46.24047420000001, -122.9506347
46.24616049999999, -122.9347042
46.2588318, -122.9340902
46.265638, -122.938374
46.2753573, -122.9434658
46.2849679, -122.9405023
46.2941515, -122.9429874
46.3058375, -122.9371588
46.3172173, -122.9396139
46.32077750000001, -122.9405431
46.330846, -122.939543
46.3391746, -122.9402954
46.34807190000001, -122.9401658
46.3571393, -122.9401307
46.3663049, -122.942565
46.3750558, -122.9403428
46.3835455, -122.9421798
46.3934505, -122.9402179
46.40372199999999, -122.9402662
46.4116306, -122.9437725
46.4202687, -122.9428172
46.4290684, -122.9401002
46.4362164, -122.9411811
46.4490129, -122.9402029
46.4562688, -122.9386332
46.4650296, -122.9441937
46.4741186, -122.9402562
46.4828835, -122.9407916
46.4920777, -122.940545
46.5005599, -122.9373203
46.5108328, -122.9402502
46.5190786, -122.9391399
46.5283113, -122.9414658
46.5367213, -122.9383096
46.5470921, -122.9402692
46.5566491, -122.9417864
46.565509, -122.9424662
46.5730899, -122.9424435
46.5835248, -122.9402629
46.5908037, -122.9402612
46.6006464, -122.941075
46.6126105, -122.9397155
46.6199164, -122.9390436
46.6289741, -122.9365481
46.6358489, -122.9410734
46.6451794, -122.9393472
46.6544693, -122.9384927
46.6633818, -122.9366644
46.6665152, -122.9403307
46.6818886, -122.9268812
46.6970882, -122.9425173
46.7006161, -122.9413944
46.7100006, -122.9388093
46.7160699, -122.942797
46.7263641, -122.9409565
46.7338619, -122.940985
46.741842, -122.941578
46.7534488, -122.9403013
46.7639964, -122.9424154
46.7717889, -122.9449081
46.7782766, -122.9387454
46.7838873, -122.9330615
46.7990553, -122.9437938
46.8071332, -122.9401934
46.8198561, -122.9480152
46.8282461, -122.9406949
46.8338145, -122.9407501
46.8427956, -122.9408319
46.852043, -122.9424787
46.8596385, -122.9362818
46.8670985, -122.9339728
46.87909670000001, -122.9396452
46.8882591, -122.9399089
46.8962414, -122.939706
46.90792940000001, -122.9376802
46.9153539, -122.9394366
46.9235936, -122.9402544
46.933963, -122.938647
46.94211749999999, -122.9405352
46.9513018, -122.9390222
46.962804, -122.9413774
46.9715969, -122.937562
46.9779067, -122.9409144
46.9870357, -122.9402551
46.9963242, -122.9402513
47.0050643, -122.9421455
47.0141251, -122.9402594
47.023081, -122.9401879
47.0320897, -122.9402445
47.0410775, -122.9402742
47.0500819, -122.9412306
47.0586573, -122.9403193
47.0681144, -122.9421385
47.0772031, -122.9403675
47.0860786, -122.9403052
47.095079, -122.9403432
47.1033248, -122.9401175
47.1139929, -122.9358668
47.1221044, -122.9412542
47.1309726, -122.9374892
47.1445778, -122.944065
47.1488605, -122.9404517
47.1591836, -122.9422096
47.1671255, -122.944153
47.176041, -122.9402694
47.1850905, -122.9402721
47.195069, -122.9416918
47.2067801, -122.93951
47.2117439, -122.9416178
47.2214902, -122.9425537
47.2298209, -122.9393249
47.23907519999999, -122.9395802
47.2474346, -122.9395054
47.26125870000001, -122.937123
47.2670114, -122.9434561
47.2727842, -122.9349331
47.2871913, -122.9409482
47.2928822, -122.9418132
47.3020887, -122.9403885
47.3105434, -122.9402743
47.31615050000001, -122.9463399
47.3269679, -122.9413221
47.3359994, -122.9364626
47.3464217, -122.9398121
47.3543022, -122.9395511
47.3666316, -122.9409942
47.3743229, -122.9399619
47.3828655, -122.9401011
47.3843527, -122.9354677
47.40495629999999, -122.9435467
47.4074778, -122.9384345
47.4198735, -122.9369809
47.4280834, -122.9402732
47.439961, -122.9403773
47.4458389, -122.938609
47.4537974, -122.9359053
47.4622823, -122.9403935
47.4753275, -122.9379384
47.4821509, -122.9404582
47.4918237, -122.9386194
47.5001357, -122.9401223
47.5090905, -122.941221
47.5176876, -122.9421271
47.522339, -122.9393661
47.5333277, -122.9515258
47.5386639, -122.9548665
47.558378, -122.949704
47.56842870000001, -122.9383192
47.5687709, -122.9410329
47.5808645, -122.9400664
47.5895562, -122.9325296
47.5937279, -122.9297736
47.59406, -122.9290705
47.6291748, -122.9490703
47.6304934, -122.9459618
47.6358095, -122.9432271
47.6438867, -122.9400876
47.65292179999999, -122.940475
47.6646555, -122.936637
47.6714663, -122.9425911
47.6797957, -122.9396334
47.6883731, -122.9426402
47.6986599, -122.9375987
47.7037316, -122.9440295
47.7160519, -122.9403586
47.72519860000001, -122.9400642
47.7330601, -122.9373592
47.7421428, -122.9417978
47.7517222, -122.9397002
47.7610762, -122.9402121
47.7700442, -122.9399627
47.779455, -122.941653
47.7879546, -122.9398863
47.7964302, -122.9346675
47.8058498, -122.9313817
47.8169238, -122.9363373
47.82400699999999, -122.9384553
47.8333957, -122.9386361
47.84204099999999, -122.9390226
47.85089749999999, -122.9374658
47.8585515, -122.9358389
47.8702185, -122.9409661
47.8753947, -122.9367211
47.8896446, -122.9311354
47.8986388, -122.9372727
47.9118445, -122.9336955
47.9282856, -122.9464671
47.9333427, -122.9398328
47.941868, -122.9456343
47.9487716, -122.9459743
47.96329799999999, -122.9326076
47.9741728, -122.941971
47.97756200000001, -122.9407058
47.9815175, -122.9328793
47.9935866, -122.9408417
48.0054257, -122.9434545
48.0135484, -122.9372666
48.022291, -122.93691
48.0284272, -122.9374745
48.03995519999999, -122.9402622
48.0502545, -122.9402556
48.0574024, -122.9399695
48.0671141, -122.9375197
48.0773059, -122.9394269
48.0849819, -122.9402597
48.09456, -122.9387192
48.0960439, -122.9336774
48.4485385, -122.9143113
48.4602242, -122.9372664
48.464038, -122.9401782
48.4720841, -122.9372514
48.4816256, -122.940377
48.4901285, -122.9413517
48.4987407, -122.938536
48.507931, -122.9334243
48.5155179, -122.931357
48.5195389, -122.926922
48.5443696, -122.9434457
48.5449609, -122.9407571
48.554319, -122.942955
48.5623704, -122.9409015
48.5710743, -122.9395581
48.5831283, -122.941625
48.5904259, -122.9393367
48.5982523, -122.9402819
48.6066273, -122.937188
48.6148147, -122.9409904
48.6246986, -122.9412284
48.63405119999999, -122.9406648
48.6430625, -122.9390616
48.6520728, -122.9390944
48.6610002, -122.9374159
48.66931899999999, -122.9439239
48.6790696, -122.9417415
48.6882495, -122.9412481
48.6962734, -122.9403042
48.7066375, -122.9402079
48.71047249999999, -122.9329053
48.7996768, -122.9219962
48.8018078, -122.9278033
48.8039385, -122.933611
48.80606890000001, -122.9394191
48.8081991, -122.9452277
48.81032889999999, -122.9510368
48.8124585, -122.9568465
48.8145877, -122.9626565
48.8167167, -122.9684671
46.2136061, -122.9260117
46.2157482, -122.9305664
46.2323782, -122.9168236
46.2426869, -122.9216988
46.2488937, -122.9253681
46.2580566, -122.9277328
46.26690989999999, -122.9266083
46.2768617, -122.926204
46.285368, -122.9283381
46.2924613, -122.9282519
46.3033799, -122.9256706
46.3121868, -122.9283702
46.3211486, -122.9263506
46.3295726, -122.929471
46.33990319999999, -122.9256268
46.3480718, -122.9275385
46.3570638, -122.9264043
46.3658971, -122.9270387
46.3743553, -122.9268626
46.3840215, -122.9313047
46.3936697, -122.9274462
46.4017036, -122.9239723
46.4116901, -122.9265362
46.42133219999999, -122.9251597
46.4267052, -122.9297717
46.4378869, -122.9176958
46.4504542, -122.9314897
46.4562271, -122.9265526
46.465094, -122.9335231
46.4742896, -122.9270688
46.4831797, -122.9270228
46.49132340000001, -122.9259228
46.4998732, -122.9265416
46.51058, -122.9285314
46.517956, -122.9265397
46.5279168, -122.92655
46.5379376, -122.9319835
46.546987, -122.9265502
46.5551908, -122.9268358
46.5617928, -122.9265406
46.5762868, -122.9265686
46.5834991, -122.9265538
46.5907564, -122.9265452
46.6004577, -122.9264448
46.6124517, -122.9265705
46.61891989999999, -122.9250514
46.62707830000001, -122.9264196
46.6356385, -122.9255601
46.6460105, -122.927982
46.6539207, -122.929956
46.6625597, -122.9264606
46.6689959, -122.9214212
46.681358, -122.926176
46.6899599, -122.9272537
46.6998095, -122.9258187
46.7087976, -122.9266209
46.7186124, -122.9264658
46.7260791, -122.9265694
46.7354846, -122.9271386
46.74151579999999, -122.9197925
46.7530222, -122.9264923
46.7634192, -122.9299627
46.7726295, -122.9272021
46.78016969999999, -122.9254877
46.7890131, -122.9245586
46.8014062, -122.9246092
46.8059737, -122.9313284
46.8076337, -122.9182836
46.832709, -122.9310006
46.83522920000001, -122.927087
46.8437182, -122.9295424
46.8520889, -122.9279707
46.86070460000001, -122.9254327
46.8678824, -122.9299562
46.8790853, -122.9266907
46.8881647, -122.927088
46.8983503, -122.9269436
46.904199, -122.930206
46.9129526, -122.9312148
46.9238, -122.9265525
46.93326709999999, -122.9262602
46.9418588, -122.9265519
46.95118770000001, -122.9269138
46.9600532, -122.9265497
46.9692722, -122.9265515
46.9788958, -122.9276004
46.985783, -122.9265411
46.9964952, -122.9265349
47.0050812, -122.9266861
47.014252, -122.9260063
47.0232768, -122.9263464
47.0324633, -122.9262252
47.04108490000001, -122.926582
47.0500988, -122.9260125
47.0595901, -122.9265538
47.0668763, -122.9274251
47.07693860000001, -122.9268606
47.087529, -122.93419
47.0951933, -122.9324001
47.1053463, -122.9293159
47.1126408, -122.9265258
47.1220909, -122.9267917
47.1304508, -122.9279271
47.1404879, -122.9284352
47.1515727, -122.9318819
47.1580751, -122.9282903
47.167042, -122.9263753
47.1758404, -122.9287666
47.17950690000001, -122.9359751
47.1974421, -122.9388868
47.2080007, -122.9348807
47.2249144, -122.9181454
47.2300718, -122.918096
47.2417379, -122.9213351
47.2461277, -122.9286092
47.2561771, -122.9289127
47.2659497, -122.9282765
47.27340479999999, -122.929671
47.2839618, -122.9261773
47.2933584, -122.9266483
47.3022035, -122.9268323
47.3105696, -122.9254095
47.3189394, -122.920352
47.3307168, -122.926235
47.337091, -122.9275501
47.3462284, -122.9253732
47.3564519, -122.9274092
47.3650077, -122.9265076
47.376556, -122.9274498
47.3825257, -122.9253364
47.3871949, -122.9259685
47.4078816, -122.9341617
47.4110158, -122.927189
47.4178864, -122.9359282
47.4297104, -122.9184517
47.4382183, -122.9265844
47.4423114, -122.9230257
47.45533349999999, -122.9262206
47.461364, -122.9279859
47.4725759, -122.929168
47.4777745, -122.9300275
47.4910764, -122.9264869
47.5000747, -122.9266402
47.5064325, -122.9264681
47.519431, -122.9264869
47.52868669999999, -122.9295474
47.5330767, -122.924671
47.5517808, -122.9192817
47.55246320000001, -122.9195549
47.5680728, -122.9302282
47.571876, -122.9268882
47.5810903, -122.9267809
47.5885725, -122.9250068
47.5946143, -122.9254047
47.6109844, -122.9155098
47.6175819, -122.9181565
47.6177774, -122.9180709
47.6383038, -122.9374082
47.6446254, -122.9368223
47.6530749, -122.926515
47.6620269, -122.9265647
47.6675414, -122.9246132
47.6833987, -122.9215665
47.6889536, -122.9335009
47.701134, -122.925297
47.7068638, -122.9266705
47.71387199999999, -122.9302226
47.7278651, -122.9254972
47.72937810000001, -122.9275847
47.7461977, -122.9220899
47.75128369999999, -122.9255224
47.7633107, -122.9322351
47.7714313, -122.9258321
47.7813732, -122.9238739
47.7879543, -122.9262001
47.798981, -122.923767
47.8081791, -122.9233592
47.8162836, -122.9253875
47.8256488, -122.9315157
47.8298018, -122.9323276
47.8467966, -122.9224272
47.8504713, -122.9265493
47.85964629999999, -122.9273007
47.8691882, -122.9268656
47.87787609999999, -122.927554
47.887113, -122.9262919
47.8959881, -122.9295602
47.904577, -122.9261553
47.9125313, -122.926357
47.92315079999999, -122.9258791
47.9317886, -122.9251657
47.9333728, -122.9281925
47.9556823, -122.9249138
47.9591364, -122.9273277
47.965129, -122.926581
47.974565, -122.9261926
47.9860591, -122.9278005
47.99341279999999, -122.92918
48.0086058, -122.924146
48.01254470000001, -122.9261621
48.0223838, -122.9271908
48.0323516, -122.9287861
48.0400724, -122.9265507
48.05025879999999, -122.9265221
48.0575036, -122.9265687
48.0661028, -122.9299599
48.0722574, -122.9302367
48.0851803, -122.9268033
48.09407059999999, -122.926549
48.0956964, -122.926236
48.09570360000001, -122.9258544
48.0957108, -122.9254728
48.0957129, -122.9253638
48.423193, -122.8785957
48.4479412, -122.911474
48.4579029, -122.919515
48.4637634, -122.9265433
48.4720823, -122.9262275
48.4810763, -122.931611
48.4886755, -122.9285179
48.4991385, -122.9256127
48.5105545, -122.9275427
48.5173819, -122.926563
48.5399997, -122.919968
48.5478365, -122.929543
48.5518556, -122.9244593
48.5641715, -122.9259604
48.5698804, -122.9266169
48.5815652, -122.9284693
48.58900089999999, -122.9265264
48.5976303, -122.9258212
48.6067366, -122.9260643
48.6164466, -122.9267857
48.62606479999999, -122.9268792
48.6340426, -122.9261881
48.6418616, -122.9266185
48.6523535, -122.9265448
48.66147429999999, -122.9265715
48.6705222, -122.9265423
48.6791178, -122.9294745
48.6880678, -122.9268544
48.6969321, -122.9264359
48.70608050000001, -122.9279388
48.7109525, -122.9242101
48.7132536, -122.9168583
48.7571427, -122.9118781
48.7958355, -122.9115319
48.7979678, -122.9173401
48.8000997, -122.9231487
48.8022314, -122.9289578
48.8043627, -122.9347674
48.8064938, -122.9405775
48.80862459999999, -122.9463881
48.810755, -122.9521992
48.8128852, -122.9580108
46.2122113, -122.9124922
46.2215002, -122.9131246
46.2306521, -122.9105434
46.2389935, -122.9132265
46.2487658, -122.9128497
46.2582435, -122.9145446
46.2675785, -122.9124087
46.2762891, -122.9133265
46.2842901, -122.9155401
46.295095, -122.9085947
46.3031797, -122.9120517
46.3119441, -122.913999
46.3213492, -122.9138588
46.3314692, -122.9126843
46.3387908, -122.9077165
46.3468929, -122.9165572
46.3578522, -122.9064764
46.3659843, -122.9081039
46.3760164, -122.9156949
46.3833668, -122.910652
46.3930681, -122.9137817
46.4026568, -122.9137423
46.4110772, -122.9125323
46.4200928, -122.9128584
46.4290063, -122.9138785
46.4360377, -122.913083
46.4473651, -122.9141223
46.45595489999999, -122.9138881
46.465283, -122.9144336
46.4777228, -122.9145943
46.4835561, -122.9125589
46.4945596, -122.9128715
46.5017025, -122.9110241
46.5107553, -122.9128486
46.5180148, -122.9128388
46.5261617, -122.9142242
46.5325322, -122.9128288
46.5470245, -122.9128499
46.5550789, -122.9127879
46.5636361, -122.9128382
46.5728737, -122.9123074
46.5817257, -122.91284
46.5908144, -122.9128343
46.6000839, -122.9125825
46.6098777, -122.9116998
46.6183733, -122.9127061
46.6268723, -122.9128422
46.6361569, -122.9128346
46.6450706, -122.9144552
46.6557612, -122.9129043
46.66560459999999, -122.9167379
46.67327969999999, -122.9160505
46.6804558, -122.9153608
46.68909960000001, -122.9111422
46.69757569999999, -122.9113935
46.7060589, -122.9128423
46.7185977, -122.9203769
46.7278567, -122.9131617
46.7367856, -122.9132949
46.741389, -122.9129289
46.7512575, -122.9136558
46.761252, -122.91462
46.7725386, -122.9132069
46.778947, -122.9113584
46.7893353, -122.9163096
46.7987698, -122.914573
46.80826709999999, -122.9166333
46.8371336, -122.9184333
46.8379565, -122.9146871
46.8431559, -122.9134525
46.8481135, -122.9133131
46.8625324, -122.9109277
46.8703311, -122.9126941
46.8788755, -122.9134241
46.8880572, -122.9126135
46.8964465, -122.9096847
46.9073669, -122.9068436
46.9148913, -122.9084459
46.9237366, -122.9128464
46.9331803, -122.9106509
46.9418922, -122.9128435
46.951063, -122.9118527
46.9600488, -122.9128425
46.9692731, -122.9128434
46.9780771, -122.9131478
46.9869971, -122.9128425
46.9963907, -122.912845
47.0046729, -122.912558
47.01389880000001, -122.9133246
47.0230449, -122.9120685
47.03136000000001, -122.9124034
47.0415523, -122.9134959
47.0500832, -122.913122
47.0588187, -122.9149856
47.0650073, -122.9166055
47.0772485, -122.9021042
47.0836929, -122.9003054
47.0918465, -122.8969567
47.1095809, -122.9255777
47.1160591, -122.9250196
47.1194328, -122.9244203
47.1340578, -122.905132
47.1393193, -122.9070644
47.1441773, -122.9003782
47.16063980000001, -122.9236402
47.1682372, -122.9205754
47.1732541, -122.9191965
47.2119789, -122.8992218
47.2168133, -122.9055221
47.2219539, -122.910919
47.2297924, -122.9113016
47.2396615, -122.9128406
47.2487786, -122.9140048
47.25804369999999, -122.9128504
47.2661324, -122.913862
47.27597249999999, -122.9128357
47.2865676, -122.9171084
47.2930825, -122.9137786
47.3015373, -122.9104931
47.3129072, -122.9159474
47.31794559999999, -122.9094219
47.3312511, -122.9128478
47.3383806, -122.9116555
47.3470271, -122.9124331
47.3558782, -122.9125976
47.36746249999999, -122.9142606
47.3767434, -122.9069198
47.3830033, -122.9127441
47.3898711, -122.9099985
47.3957667, -122.9021235
47.4140773, -122.91803
47.4205253, -122.9119708
47.4280005, -122.9129005
47.4371905, -122.9134277
47.4459773, -122.9120602
47.4563619, -122.9131098
47.46547409999999, -122.9104688
47.4731027, -122.9125561
47.4819351, -122.912385
47.4910998, -122.9134652
47.50067199999999, -122.9183645
47.5090422, -122.9109286
47.5187023, -122.9142559
47.5270676, -122.9124887
47.5363803, -122.9156659
47.5493388, -122.912613
47.5521149, -122.9139942
47.5610462, -122.9102486
47.5744403, -122.9140194
47.581111, -122.9139632
47.59030790000001, -122.9136902
47.5965961, -122.9123665
47.6108354, -122.9154137
47.6171118, -122.9126676
47.6226045, -122.9105225
47.6468051, -122.9125679
47.6529184, -122.913863
47.660974, -122.9105833
47.6710956, -122.9127476
47.6800888, -122.912835
47.68975520000001, -122.9122244
47.69935510000001, -122.9076769
47.706471, -122.9133211
47.7091637, -122.9198327
47.72656010000001, -122.9157452
47.731517, -122.9109851
47.7395553, -122.9145987
47.7522019, -122.9123942
47.75968280000001, -122.9120246
47.77162999999999, -122.9153901
47.7789682, -122.9150866
47.78844780000001, -122.9155965
47.7954973, -122.910903
47.8070978, -122.9148018
47.8126589, -122.9101968
47.82292, -122.899338
47.83022099999999, -122.901368
47.8435464, -122.9043894
47.8500257, -122.912686
47.8579522, -122.9253442
47.8694819, -122.9124059
47.87851980000001, -122.9140642
47.88579680000001, -122.9131595
47.8961744, -122.9105163
47.9034381, -122.9152338
47.91545499999999, -122.9212936
47.91798199999999, -122.9219986
47.9323775, -122.9249455
47.9327513, -122.9251286
47.9547671, -122.9201364
47.962121, -122.9125953
47.9694736, -122.9112036
47.9753966, -122.9120536
47.9854636, -122.9082703
47.9948103, -122.9117745
48.0039097, -122.9100915
48.0122203, -122.9122273
48.0280152, -122.9159752
48.0282336, -122.9158106
48.03658970000001, -122.9118992
48.049754, -122.912794
48.0567881, -122.9157252
48.06106219999999, -122.9241268
48.08339729999999, -122.9252531
48.0898718, -122.9198936
48.0942594, -122.9154826
48.0952796, -122.9171386
48.0955047, -122.9182515
48.1045118, -122.8846808
48.1075435, -122.8809214
48.4231376, -122.8784856
48.42326689999999, -122.8786365
48.4361708, -122.8863627
48.4474695, -122.9083955
48.4528399, -122.912355
48.46376310000001, -122.9128436
48.4746166, -122.9099481
48.48109650000001, -122.9154047
48.4913482, -122.9125973
48.49870809999999, -122.9123262
48.5090191, -122.9114819
48.5164422, -122.9108378
48.5261858, -122.9129658
48.5350773, -122.9154211
48.543057, -122.9128933
48.54939659999999, -122.9161607
48.56140749999999, -122.9116954
48.571557, -122.9135011
48.5801533, -122.918183
48.5881299, -122.9136115
48.598035, -122.9123639
48.6065803, -122.9137511
48.6188379, -122.909559
48.6250446, -122.9136057
48.6368166, -122.9116746
48.64308430000001, -122.9128371
48.6515327, -122.9098396
48.6609044, -122.9133616
48.6697721, -122.9124023
48.6738563, -122.914365
48.6913462, -122.9145383
48.697368, -122.913879
48.7059937, -122.9130624
48.7131108, -122.9121001
48.7132784, -122.9105918
48.7140437, -122.9062716
48.7551868, -122.9074133
48.7556447, -122.9087417
48.7584667, -122.9146425
48.7919938, -122.9010703
48.7941272, -122.9068794
48.7962604, -122.912689
48.7983932, -122.9184992
48.8005258, -122.9243097
48.8026581, -122.9301208
48.8047901, -122.9359324
48.8069218, -122.9417445
46.2130828, -122.8992866
46.2217034, -122.8950605
46.2292401, -122.8920861
46.2400792, -122.9014577
46.2491197, -122.8996031
46.258055, -122.8992618
46.26707409999999, -122.8991137
46.2760571, -122.8992721
46.2853495, -122.8991281
46.2946146, -122.8973966
46.3038303, -122.901516
46.3108212, -122.8986984
46.31851469999999, -122.8979237
46.3277733, -122.9015154
46.3381186, -122.8960574
46.34686, -122.8986606
46.3565049, -122.9059485
46.3664636, -122.9078953
46.37287500000001, -122.8988395
46.38394350000001, -122.8985342
46.3926949, -122.8993641
46.401003, -122.8973629
46.4109187, -122.8990218
46.417733, -122.899315
46.4298331, -122.9039791
46.4391641, -122.8985442
46.4445915, -122.9006525
46.455686, -122.8959996
46.466672, -122.8994363
46.4739872, -122.898683
46.4837613, -122.9015758
46.4930645, -122.8985584
46.50354429999999, -122.9019421
46.5107349, -122.892009
46.5179731, -122.8991453
46.532501, -122.8990925
46.5365089, -122.893689
46.5470041, -122.899128
46.5558984, -122.8963804
46.5617308, -122.8991617
46.57262799999999, -122.8991397
46.5835391, -122.8991361
46.5921424, -122.8967918
46.5990453, -122.9024227
46.6093638, -122.9033514
46.616859, -122.8993898
46.6272849, -122.898458
46.63485499999999, -122.8953953
46.643588, -122.903135
46.654082, -122.8977917
46.6655199, -122.8961769
46.6691967, -122.9026264
46.6809212, -122.8995019
46.6900787, -122.8992232
46.696014, -122.892464
46.7079361, -122.8991313
46.7163571, -122.8977964
46.7252479, -122.8998408
46.7364999, -122.909324
46.7445586, -122.9062473
46.754394, -122.8962887
46.7611727, -122.8984522
46.7740108, -122.8973252
46.7813859, -122.9014205
46.7897456, -122.9000403
46.797344, -122.8962288
46.79912969999999, -122.8936912
46.8135311, -122.8835177
46.8313943, -122.8925646
46.8351191, -122.8977433
46.844575, -122.8987155
46.8530369, -122.900159
46.86174279999999, -122.8992329
46.8700724, -122.8986711
46.8795985, -122.8991373
46.8847579, -122.9003473
46.8973443, -122.8990553
46.90338149999999, -122.9007723
46.9158015, -122.8993806
46.9237085, -122.8991395
46.9330727, -122.8990301
46.9418164, -122.8990794
46.951871, -122.8977769
46.9599182, -122.8991366
46.9729669, -122.8938335
46.9780235, -122.8992361
46.9867207, -122.8991335
46.9960792, -122.8991191
47.0061559, -122.8965917
47.0141792, -122.8985661
47.0245037, -122.9002343
47.0322582, -122.8991381
47.0408086, -122.8990966
47.0502304, -122.8991569
47.0575941, -122.899112
47.0669341, -122.8967083
47.0772489, -122.8991387
47.0860301, -122.8991344
47.0940301, -122.8960761
47.1051496, -122.8929039
47.1149065, -122.8926006
47.120324, -122.8946757
47.1306846, -122.8991571
47.1404969, -122.8988972
47.145595, -122.8963493
47.1456163, -122.8962903
47.1635221, -122.8783737
47.1894533, -122.8841174
47.1956822, -122.8864577
47.2049989, -122.8906142
47.2120039, -122.8992558
47.2214959, -122.895945
47.2281251, -122.8958147
47.2386505, -122.8991848
47.2467038, -122.8991554
47.2597444, -122.8991742
47.2687022, -122.9018048
47.2745377, -122.8981184
47.2841008, -122.8992103
47.2934305, -122.8992922
47.3010986, -122.9028588
47.3121156, -122.9013478
47.322353, -122.9010758
47.3249491, -122.8941859
47.3377468, -122.9109542
47.3453334, -122.9109592
47.358543, -122.9059241
47.3650675, -122.903725
47.374063, -122.8990327
47.3831502, -122.8990054
47.3921774, -122.8993807
47.39977469999999, -122.8967038
47.4041067, -122.8922443
47.4205779, -122.9036894
47.42686560000001, -122.8984741
47.4372561, -122.8986343
47.448502, -122.899002
47.4550914, -122.8992298
47.4616045, -122.8947485
47.4745408, -122.9008061
47.4835039, -122.8978106
47.4910795, -122.898832
47.4999389, -122.8987281
47.51041379999999, -122.8990021
47.5171886, -122.8977249
47.5273102, -122.9013935
47.5361115, -122.8997167
47.5450175, -122.8988316
47.5530719, -122.8981214
47.5641958, -122.8964295
47.5716046, -122.8999268
47.581076, -122.9005562
47.5852176, -122.8950078
47.5993654, -122.9028986
47.6084331, -122.8998136
47.6193927, -122.8967063
47.6231594, -122.9024842
47.626861, -122.890069
47.6472342, -122.9075054
47.650654, -122.903709
47.6636221, -122.9044746
47.673998, -122.902695
47.680079, -122.8991358
47.6890927, -122.8990449
47.6975953, -122.8989603
47.7059402, -122.8958271
47.7150087, -122.887819
47.7243071, -122.8901301
47.7345835, -122.9054389
47.7371043, -122.9069679
47.7541022, -122.8930062
47.7615074, -122.8965406
47.7695085, -122.900032
47.7824084, -122.9000824
47.78797280000001, -122.8973335
47.7953675, -122.9014883
47.811698, -122.9040836
47.8169634, -122.8973889
47.8303135, -122.9005186
47.8415464, -122.9015371
47.8523654, -122.8969124
47.8605814, -122.8976351
47.8689534, -122.8981609
47.8785877, -122.8991066
47.880529, -122.901782
47.896766, -122.8992181
47.9058178, -122.902736
47.9093411, -122.902336
47.9210043, -122.8907576
47.9262314, -122.8900801
47.94164929999999, -122.8876643
47.9485128, -122.8861761
47.964364, -122.895814
47.9689427, -122.8977413
47.9782727, -122.8991864
47.9866891, -122.8999099
47.9966079, -122.9016181
48.0051271, -122.9015335
48.0165774, -122.8977609
48.0222302, -122.8978885
48.0309918, -122.8992204
48.03567830000001, -122.8962729
48.0494707, -122.8991268
48.0530419, -122.9019324
48.0766727, -122.8911283
48.0768017, -122.8912591
48.0794954, -122.8890414
48.103419, -122.8847024
48.1141184, -122.867082
48.11881890000001, -122.8587008
48.423085, -122.8783054
48.4469004, -122.8994248
48.4537674, -122.9011968
48.4630728, -122.9017885
48.4720792, -122.8989553
48.4810788, -122.8990715
48.49007899999999, -122.8991139
48.4990791, -122.899042
48.5075872, -122.8962342
48.51707800000001, -122.8992673
48.525621, -122.9008953
48.5358776, -122.8991395
48.543103, -122.89913
48.5532899, -122.8999254
48.5657226, -122.9053487
48.5709572, -122.8989277
48.5813354, -122.8979663
48.5921059, -122.8989462
48.5980018, -122.8993993
48.60612159999999, -122.8997936
48.6162272, -122.8961637
48.6250316, -122.8973733
48.6354456, -122.8981907
48.6429556, -122.8996849
48.6504574, -122.9074075
48.6608521, -122.9133213
48.6700452, -122.9107817
48.6731425, -122.9124813
48.6917501, -122.9039449
48.6953154, -122.8983997
48.7052639, -122.902318
48.7143428, -122.8984858
