48.761835, -124.879059
48.7624493, -124.8776584
48.7683811, -124.8712635
48.7767561, -124.8677944
48.7857399, -124.86179
48.78631, -124.861048
48.810055, -124.866953
48.8126353, -124.8657525
48.8167832, -124.8616038
48.83515, -124.872874
48.8412078, -124.87343
48.850029, -124.8728837
48.8512506, -124.8679499
48.857181, -124.856272
48.87530599999999, -124.90442
48.898834, -124.887861
48.899266, -124.887291
48.9069209, -124.87965
48.9114931, -124.8701754
48.9156656, -124.8637259
48.93924699999999, -124.885589
48.9417574, -124.8837864
48.9502394, -124.8740982
48.762259, -124.877877
48.7661288, -124.8734624
48.770933, -124.868946
48.781182, -124.862152
48.7863582, -124.8591598
48.788857, -124.852034
48.8159867, -124.862627
48.8201527, -124.8556557
48.8329189, -124.8597102
48.8404186, -124.8601602
48.852734, -124.8617938
48.8599411, -124.8524347
48.862771, -124.847125
48.9102298, -124.8722703
48.9117032, -124.8500499
48.91403469999999, -124.8591267
48.9207827, -124.8566744
48.9296194, -124.8487536
48.9386761, -124.8489409
48.9501248, -124.8573686
48.7654295, -124.8742354
48.7702422, -124.8694463
48.781954, -124.860629
48.7902167, -124.8462122
48.79053039999999, -124.8435143
48.8159507, -124.8331412
48.816683, -124.834627
48.8242282, -124.846823
48.832171, -124.848384
48.8413365, -124.8444178
48.8498732, -124.8444393
48.8591037, -124.8468076
48.8644107, -124.8418708
48.865589, -124.839115
48.90947329999999, -124.8419119
48.9095774, -124.8424701
48.9132059, -124.8454079
48.9186006, -124.8466802
48.9305674, -124.8453262
48.94015419999999, -124.8449203
48.95174900000001, -124.850804
48.6415724, -124.7701085
48.6420049, -124.770323
48.6451453, -124.77072
48.64614479999999, -124.7707736
48.6586688, -124.7693253
48.65937750000001, -124.7691751
48.7640632, -124.8758048
48.7679945, -124.871641
48.7911283, -124.8396557
48.791325, -124.838386
48.79200609999999, -124.8355396
48.7938149, -124.8300651
48.815601, -124.8314
48.8233053, -124.8333259
48.830217, -124.832178
48.84437699999999, -124.827665
48.8500818, -124.8318022
48.854323, -124.834135
48.8664916, -124.8306669
48.86852260000001, -124.8242379
48.88987900000001, -124.811274
48.9087295, -124.8275156
48.909095, -124.8302185
48.9132419, -124.8318266
48.9205139, -124.8303437
48.9314352, -124.8320155
48.941168, -124.833397
48.9492819, -124.8307449
48.6399631, -124.7683275
48.6623893, -124.7680485
48.6658331, -124.7657847
48.6663575, -124.7653449
48.70665, -124.753509
48.70973499999999, -124.754119
48.711985, -124.754102
48.765954, -124.873633
48.77030500000001, -124.869385
48.791962, -124.835673
48.792009, -124.8355309
48.795056, -124.823299
48.7952917, -124.8222219
48.7961856, -124.8181357
48.7981625, -124.8124226
48.8177512, -124.8266406
48.822427, -124.821362
48.8282258, -124.8184587
48.84356700000001, -124.817467
48.8454237, -124.821124
48.85283399999999, -124.829909
48.87016879999999, -124.8199255
48.8755005, -124.8121685
48.887371, -124.810542
48.895831, -124.809811
48.9074745, -124.8178691
48.9120566, -124.819862
48.9196088, -124.825083
48.9321765, -124.8187955
48.9411176, -124.8181415
48.9488292, -124.8199441
48.6320861, -124.758178
48.6588414, -124.7693
48.72892299999999, -124.748354
48.729095, -124.748306
48.729386, -124.748057
48.7953126, -124.8221261
48.7962061, -124.8180421
48.796268, -124.817759
48.7978824, -124.8132117
48.800078, -124.8069027
48.8014074, -124.8020546
48.8259785, -124.8013392
48.82623299999999, -124.803583
48.827488, -124.807334
48.844048, -124.81773
48.867852, -124.801165
48.8686389, -124.8040184
48.87775999999999, -124.8024645
48.88539710000001, -124.8084731
48.894409, -124.809227
48.905254, -124.810656
48.9129927, -124.8046669
48.919539, -124.803282
48.9298002, -124.8052199
48.937101, -124.806239
48.9495152, -124.8047599
48.6313983, -124.7569656
48.6315872, -124.7573202
48.6446122, -124.7706267
48.6467969, -124.7704518
48.6588885, -124.7692931
48.6670094, -124.7642505
48.70924050000001, -124.7540212
48.713092, -124.753461
48.7321, -124.745309
48.7976053, -124.8139924
48.80062419999999, -124.8049111
48.8019529, -124.800065
48.80282090000001, -124.7969781
48.8053838, -124.7910261
48.811482, -124.785441
48.825173, -124.791936
48.82624999999999, -124.787464
48.830821, -124.781032
48.865901, -124.788386
48.8659825, -124.7894716
48.8688055, -124.7913413
48.87405099999999, -124.792509
48.878155, -124.80279
48.9023613, -124.7824788
48.906039, -124.7892433
48.9123589, -124.7907362
48.9203772, -124.789483
48.9330349, -124.7897365
48.941331, -124.785208
48.9493102, -124.7905087
48.3736319, -124.7225596
48.37369839999999, -124.7226101
48.3745123, -124.7227677
48.37501580000001, -124.7226659
48.37827129999999, -124.7208642
48.38605159999999, -124.7155663
48.62995890000001, -124.7537899
