47.5720791, -117.6075697
47.58107709999999, -117.607566
47.5900769, -117.6075155
47.5985354, -117.6082889
47.6080782, -117.6074669
47.6170678, -117.6040727
47.6283567, -117.6083266
47.6355411, -117.6083253
47.64292320000001, -117.608334
47.65373899999999, -117.6083219
47.6628469, -117.609349
47.6718775, -117.6083254
47.6791126, -117.6083267
47.6899666, -117.6145994
47.6976704, -117.6090376
47.70883389999999, -117.6040838
47.7154159, -117.6095413
47.72433789999999, -117.6085553
47.73386259999999, -117.6094427
47.7442795, -117.6083332
47.7558446, -117.6021017
47.7618422, -117.6054919
47.77009049999999, -117.6043528
47.78043400000001, -117.6083415
47.7836851, -117.5994307
47.797975, -117.6044985
47.80618, -117.6107104
47.8139593, -117.6058482
47.8240676, -117.6083225
47.8332741, -117.6075901
47.8419943, -117.6091425
47.8519414, -117.6084566
47.8600336, -117.6047488
47.869063, -117.6102296
47.8792175, -117.6109488
47.88568799999999, -117.6129137
47.8963758, -117.6075632
47.9018934, -117.6047238
47.9140729, -117.6083456
47.9231138, -117.6059202
47.9314346, -117.6083845
47.9411296, -117.6065482
47.9500959, -117.6069611
47.9590888, -117.6071706
47.9680182, -117.6084073
47.9755485, -117.6083673
47.9860202, -117.6044415
47.9932177, -117.609307
48.0043314, -117.6043673
48.0124388, -117.6015602
48.0220208, -117.6084114
48.0293255, -117.6104051
48.0397725, -117.6067704
48.0482271, -117.6103833
48.0552167, -117.6107451
48.0648324, -117.6070988
48.0702369, -117.6015117
48.0894619, -117.6032668
48.0941666, -117.6082055
48.1035962, -117.6074744
48.1114148, -117.6083416
48.11695530000001, -117.6086023
48.1265625, -117.6029997
48.1429918, -117.6123146
48.1480188, -117.6080479
48.15652009999999, -117.6043593
48.1666239, -117.6100694
48.173711, -117.6104115
48.1831462, -117.6125927
48.1956898, -117.6153877
48.2013189, -117.608571
48.2024885, -117.6140648
48.2269586, -117.5950992
48.2349227, -117.6072339
48.2354391, -117.608903
48.25119189999999, -117.6208751
48.25843889999999, -117.6183161
48.2653787, -117.6195681
48.274717, -117.6237357
48.291929, -117.6070927
48.2920046, -117.607124
48.30292439999999, -117.6080006
48.3061777, -117.6136449
48.3207796, -117.6171808
48.3309095, -117.6127557
48.3354408, -117.6140291
48.34485429999999, -117.6086407
48.3509015, -117.6065598
48.36531189999999, -117.623074
48.3788425, -117.5975788
48.3868736, -117.603518
48.3884493, -117.6081604
48.40443399999999, -117.6161556
48.413056, -117.6105822
48.41610730000001, -117.6132299
48.42697829999999, -117.6083194
48.42724330000001, -117.6113738
48.4711761, -117.5932795
48.47360030000001, -117.6007943
48.4746134, -117.6024281
48.4781726, -117.6099409
48.4793846, -117.6139342
48.4794108, -117.6140565
48.5151352, -117.6271707
48.5332544, -117.6143501
48.53501180000001, -117.6083348
48.544016, -117.6124855
48.5511957, -117.6119057
48.5632828, -117.606887
48.57102, -117.6112961
48.5799148, -117.6083608
48.588265, -117.6026239
48.6007374, -117.6105051
48.6075683, -117.6047616
48.6169467, -117.6087735
48.6234592, -117.6081051
48.6413836, -117.6047669
48.6430872, -117.6083268
48.65125219999999, -117.6092894
48.667229, -117.6175928
48.6725722, -117.6102964
48.6799738, -117.6050237
48.6875085, -117.6098385
48.69865040000001, -117.6077854
48.7039506, -117.6094656
48.7117693, -117.6091373
48.7259563, -117.6090743
48.731763, -117.6156104
48.74517660000001, -117.5966105
48.75293480000001, -117.6038744
48.7571865, -117.6071227
48.77535410000001, -117.6096784
48.7779736, -117.6060463
48.7859905, -117.607338
48.7889627, -117.6021702
48.8060208, -117.6116801
48.8108443, -117.6107088
48.8230655, -117.6083423
48.82687989999999, -117.6139522
48.8393823, -117.6091604
48.8508514, -117.6107889
48.8611759, -117.610668
48.8681069, -117.6068139
48.87601720000001, -117.6004469
48.8840449, -117.5955112
48.8931371, -117.5933414
48.9016301, -117.5930619
48.9196981, -117.5903768
48.9304164, -117.595899
48.9349325, -117.5924775
48.9509319, -117.594703
46.2134518, -117.5939654
46.2242396, -117.5934511
46.2298553, -117.5924985
46.2401207, -117.5856357
46.2466426, -117.5939041
46.25732989999999, -117.5903934
46.2690551, -117.5940998
46.2764458, -117.5921871
46.2853139, -117.595592
46.2934948, -117.5905044
46.2947242, -117.6013598
46.30716349999999, -117.5741927
46.325903, -117.5838229
46.330228, -117.5866046
46.3396093, -117.5876033
46.3459088, -117.5946176
46.35597019999999, -117.5900509
46.3675047, -117.5932894
46.3740876, -117.600173
46.3833718, -117.5987509
46.3964619, -117.6050684
46.3998323, -117.6071018
46.4174818, -117.5855502
46.420209, -117.5946239
46.4270934, -117.600494
46.4376966, -117.591702
46.4475276, -117.5884145
46.4561105, -117.5998526
46.46610920000001, -117.5888043
46.47401989999999, -117.5946204
46.4826463, -117.5909302
46.4920821, -117.5901875
46.49809, -117.5895279
46.5072075, -117.6000783
46.5241693, -117.5864558
46.5302034, -117.585639
46.5378672, -117.5916043
46.54729349999999, -117.599252
46.5561675, -117.6004575
46.5571581, -117.6003264
46.5716176, -117.5809316
46.5908124, -117.5895909
46.5921646, -117.5936743
46.59605939999999, -117.5996044
46.6090153, -117.6080887
46.6271412, -117.5992866
46.6282949, -117.5950267
46.6284049, -117.594098
46.6551807, -117.5901095
46.65598749999999, -117.5925701
46.658566, -117.5929168
46.65894180000001, -117.5910244
46.7067822, -117.583907
46.7112926, -117.5966763
46.7160896, -117.5898847
46.73038589999999, -117.5931439
46.7365928, -117.5984188
46.7433487, -117.5929584
46.7543196, -117.5981329
46.7617178, -117.5950789
46.7693295, -117.5935239
46.7723647, -117.5862153
46.7809903, -117.6123203
46.808894, -117.5916895
46.8133556, -117.5949171
46.817808, -117.5882807
46.83499310000001, -117.5902033
46.8351371, -117.5900065
46.8570944, -117.5963105
46.8576385, -117.5931664
46.8702031, -117.594518
46.8777487, -117.5861438
46.8912702, -117.5946023
46.8934753, -117.5897885
46.9067269, -117.591813
46.9240752, -117.5967248
46.9330636, -117.5968226
46.93975589999999, -117.5938728
46.9485704, -117.5972292
46.957842, -117.6016845
46.96879860000001, -117.5954584
46.975081, -117.5947403
46.98574929999999, -117.6063869
47.004526, -117.5918019
47.0052347, -117.5945306
47.0141111, -117.5947682
47.0221362, -117.5909974
47.0277587, -117.58574
47.0339605, -117.6078734
47.0552568, -117.6063062
47.05671299999999, -117.6064244
47.0692913, -117.5952366
47.07715100000001, -117.5896937
47.0869239, -117.5988757
47.09497959999999, -117.5946711
47.1038725, -117.5941912
47.113038, -117.5991153
47.1220519, -117.5993723
47.1311908, -117.5994989
47.1350656, -117.5997824
47.1542452, -117.6006508
47.1575265, -117.5998239
47.1690268, -117.5964902
47.1744147, -117.5893103
47.1804883, -117.5953925
47.1949877, -117.5998779
47.20354890000001, -117.6006655
47.2120556, -117.5946376
47.212091, -117.5949877
47.2351995, -117.590521
47.2391702, -117.5955893
47.2446524, -117.5932378
47.2583846, -117.6053215
47.2675687, -117.5968681
47.2715788, -117.5909805
47.2884029, -117.600717
47.2932315, -117.5948951
47.3016551, -117.5938701
47.3087476, -117.5843234
47.32243090000001, -117.606326
47.3308521, -117.5908147
47.3376443, -117.5954226
47.34613150000001, -117.5891892
47.356158, -117.5875437
47.3655177, -117.5949837
47.3729744, -117.587148
47.3808648, -117.5845126
47.39202909999999, -117.5946594
47.39826069999999, -117.5948662
47.4055177, -117.5931494
47.413795, -117.585894
47.44161219999999, -117.5750598
47.4510481, -117.5801443
47.4580464, -117.6079578
47.4661443, -117.6040618
47.4760892, -117.5973326
47.4818855, -117.5946497
47.4902362, -117.5889809
47.4999092, -117.5865491
47.5128748, -117.590284
47.5176019, -117.5953144
47.5248554, -117.6006414
47.53923959999999, -117.5898012
47.5449573, -117.5949042
47.554751, -117.5938851
47.56304129999999, -117.5940383
47.5687855, -117.5910138
47.5800997, -117.5946189
47.5946466, -117.5946808
47.5983993, -117.5942986
47.6138472, -117.5945944
47.6138472, -117.5946347
47.6283416, -117.5946123
47.6356426, -117.5946107
47.64385009999999, -117.5946128
47.65307809999999, -117.5949935
47.6613082, -117.5906692
47.67187999999999, -117.5946178
47.6774892, -117.595801
47.688722, -117.594818
47.6938506, -117.5976172
47.7055058, -117.5965884
47.71490439999999, -117.594956
47.725562, -117.5928245
47.7353727, -117.5943258
47.7443107, -117.5946262
47.7515199, -117.5961381
47.76175869999999, -117.6042951
47.7730858, -117.5946012
47.7819673, -117.5911693
47.7838728, -117.5949424
47.79555269999999, -117.596875
47.8058996, -117.5946486
47.81504839999999, -117.5955656
47.8240504, -117.5954462
47.83406900000001, -117.5962988
47.842073, -117.5942355
47.849259, -117.6005211
47.863535, -117.5951921
47.8690594, -117.5933781
47.8767218, -117.5901857
47.8864447, -117.5885346
47.898183, -117.5868473
47.9029259, -117.5945114
47.9146631, -117.5941243
47.9232555, -117.587393
47.9321153, -117.5946213
47.9390787, -117.5900307
47.9489864, -117.5906226
47.9590804, -117.5945569
47.9681058, -117.5878036
47.9754991, -117.5946358
47.9896385, -117.5945202
47.9969755, -117.5945475
48.0042365, -117.5946159
48.0115227, -117.5981901
48.0224259, -117.5946286
48.0298722, -117.5975256
48.0395646, -117.6053184
48.0469047, -117.6029943
48.0634123, -117.5958368
48.06728340000001, -117.5959129
48.07220450000001, -117.590513
48.0906516, -117.5969015
48.0908407, -117.5968323
48.1018905, -117.5925809
48.1123976, -117.6032562
48.1211102, -117.5946584
48.1273931, -117.5974346
48.1448535, -117.6087843
48.1510028, -117.5864883
48.1573225, -117.5954854
48.1673708, -117.5953468
48.17808470000001, -117.5940809
48.1837293, -117.5937877
48.1891455, -117.5915983
48.2013727, -117.594309
48.21686649999999, -117.5860458
48.2184381, -117.5864122
48.2283018, -117.5964606
48.2333982, -117.602055
48.239812, -117.582005
48.2585907, -117.6182479
48.275969, -117.5836804
48.2761384, -117.5838148
48.2853096, -117.5860994
48.2924636, -117.5943634
48.3031526, -117.5952362
48.30545129999999, -117.5889436
48.313514, -117.5855609
48.3310536, -117.6126268
48.3431627, -117.5860215
48.3486759, -117.5944475
48.3522341, -117.5955105
48.35224890000001, -117.595666
48.3773416, -117.5926638
48.3818195, -117.5946252
48.3873455, -117.5968099
48.4007227, -117.5869428
48.4032049, -117.586431
48.4194079, -117.5844506
48.42715570000001, -117.5951096
48.4283424, -117.5964657
48.4690879, -117.5867455
48.4691163, -117.5868635
48.4720786, -117.5946211
48.4764873, -117.6039433
48.4765959, -117.6041157
48.477794, -117.6079744
48.5345053, -117.6068173
48.5397832, -117.5938478
48.544695, -117.5955757
48.55286040000001, -117.5914913
48.5629705, -117.5933535
48.5711644, -117.5944734
48.5819793, -117.5936892
48.58786509999999, -117.5990942
48.6014743, -117.595533
48.6068976, -117.5934057
48.6161155, -117.5942593
48.6214072, -117.5950197
48.6345097, -117.5882351
48.6431596, -117.5943598
48.6462437, -117.5956547
48.6718777, -117.6013686
48.6719775, -117.6012854
48.6790041, -117.594612
48.6904006, -117.5962969
48.695083, -117.5992796
48.70724999999999, -117.5946398
48.7132313, -117.5940458
48.7243941, -117.5934388
48.7371972, -117.5902514
48.7419978, -117.5948718
48.7504854, -117.5964344
48.7580971, -117.5946689
48.7789794, -117.5913315
48.7870464, -117.5947053
48.7963744, -117.5917609
48.8049005, -117.5953821
48.8147767, -117.5932585
48.8194899, -117.6004132
48.8398596, -117.595568
48.84014149999999, -117.5947949
48.8450448, -117.5941326
48.8601846, -117.5990123
48.8671567, -117.6000684
48.87833, -117.599517
48.8861011, -117.5947762
48.8950504, -117.5929832
48.9034933, -117.5921
48.9094473, -117.5872224
48.9304425, -117.5945987
48.9388844, -117.5898579
46.213066, -117.5812806
46.222183, -117.5829335
46.2308176, -117.5818351
46.2402701, -117.58122
46.24819189999999, -117.5801936
46.25801209999999, -117.5787193
46.2668703, -117.5792195
46.2761011, -117.5808439
46.2849005, -117.5818233
46.2926468, -117.5818625
46.3053512, -117.5741654
46.30916510000001, -117.5729706
46.3228308, -117.5789071
46.3282528, -117.5858538
46.3383809, -117.5871881
46.347229, -117.5869863
46.3588661, -117.579823
46.3660749, -117.5793037
46.3750407, -117.579229
46.38318049999999, -117.5786782
46.3833941, -117.5783105
46.4125652, -117.5778699
46.4127975, -117.5787327
46.4200653, -117.5846533
46.4286435, -117.5731426
46.4440553, -117.5832421
46.4446193, -117.5807831
46.4571339, -117.5860553
46.4634696, -117.5870896
46.4740312, -117.5806941
46.48569149999999, -117.5808725
46.4920731, -117.5901875
46.5134315, -117.5728338
46.5195506, -117.5796647
46.5269172, -117.5829243
46.5342364, -117.5888215
46.5421421, -117.5726083
46.55258320000001, -117.5695984
46.5721003, -117.5799044
46.5833652, -117.5774408
46.5897619, -117.5813462
46.6022841, -117.5750548
46.60900179999999, -117.5756837
46.6254272, -117.5770781
46.6266454, -117.5809875
46.6277639, -117.5863346
46.6542911, -117.5805955
46.654322, -117.5807437
46.6551086, -117.5798407
46.7082698, -117.5837305
46.7169169, -117.5875612
46.7260838, -117.5809102
46.7278104, -117.5844837
46.7449897, -117.5909546
46.7527572, -117.5804537
46.75945189999999, -117.5753528
46.77062369999999, -117.5770013
46.7753326, -117.5792483
46.7823503, -117.5676585
46.8030553, -117.5715111
46.8085421, -117.5829536
46.8188144, -117.5854027
46.8250604, -117.5808222
46.8334683, -117.5819307
46.8417965, -117.5762811
46.8517078, -117.5767818
46.857079, -117.582926
46.8710131, -117.5881975
46.8794875, -117.5812874
46.8842138, -117.5755263
46.8965682, -117.5806076
46.9031796, -117.583502
46.9169707, -117.5681342
46.9182368, -117.5676677
46.9379195, -117.5758569
46.9396178, -117.5810257
46.9459685, -117.5864348
46.9653347, -117.5722193
46.9698843, -117.5769703
46.9738647, -117.5830372
46.9747942, -117.5874631
47.0043215, -117.5804236
47.0043947, -117.5811082
47.0131848, -117.5809409
47.0262146, -117.5873569
47.03217619999999, -117.5811133
47.0415161, -117.5772638
47.0494679, -117.5788202
47.05806870000001, -117.5780107
47.0646555, -117.5827266
47.0773505, -117.5815899
47.0860926, -117.581319
47.0926179, -117.581575
47.1072713, -117.5853675
47.1117978, -117.5788761
47.1164772, -117.5725044
47.131408, -117.5994882
47.1349802, -117.5996466
47.1552335, -117.5997052
47.1567196, -117.5621407
47.172612, -117.5906288
47.178124, -117.5867421
47.1839972, -117.5773067
47.1941855, -117.5810811
47.203142, -117.579331
47.2120984, -117.5795838
47.2182034, -117.5812659
47.2302324, -117.5805629
47.2397266, -117.5813214
47.2446045, -117.5908531
47.2446796, -117.5909691
47.2728671, -117.5882967
47.2756008, -117.5810897
47.2844736, -117.5826223
47.29291, -117.5844141
47.30101759999999, -117.5810064
47.3115235, -117.5829828
47.3200066, -117.5813624
47.3269275, -117.584252
47.33968369999999, -117.5772452
47.3448382, -117.5813572
47.35600549999999, -117.58754
47.3670546, -117.589762
47.37493389999999, -117.5865046
47.3836684, -117.5821485
47.391315, -117.577652
47.4025684, -117.582995
47.4097248, -117.5852803
47.4316842, -117.5676611
47.439871, -117.5738097
47.4459867, -117.5756327
47.4557786, -117.5781088
47.4640663, -117.5810108
47.4730813, -117.5810124
47.4819241, -117.5811828
47.4913775, -117.5795454
47.5000793, -117.5809926
47.50804979999999, -117.5789613
47.51890179999999, -117.5750752
47.5276872, -117.5792398
47.5347581, -117.5847617
47.5464812, -117.5809111
47.5552223, -117.5828132
47.5628106, -117.5822805
47.5724279, -117.5813612
47.5800912, -117.5809222
47.5946449, -117.5808839
47.5992318, -117.5745072
47.6138297, -117.5809025
47.6138297, -117.5809197
47.62831, -117.5809481
47.6355708, -117.5809203
47.6447599, -117.5809229
47.6530684, -117.5809137
47.657281, -117.5808831
47.6718432, -117.5809008
47.680079, -117.5850692
47.6863399, -117.5809334
47.7011048, -117.5809013
47.7070681, -117.5828471
47.7163005, -117.5827077
47.725089, -117.5825353
47.7335088, -117.5809285
47.7443963, -117.5818083
47.7461151, -117.5810695
47.7644213, -117.5720368
47.7730353, -117.5832249
47.7778152, -117.5823256
47.7871898, -117.5808723
47.7977199, -117.5833068
47.806313, -117.5816397
47.8145897, -117.5816905
47.8211065, -117.5841224
47.8330834, -117.5835874
47.8428763, -117.5829028
47.85125499999999, -117.5800215
47.86166739999999, -117.5796143
47.8691989, -117.5830587
47.8798567, -117.5871111
47.8885754, -117.5808321
47.8966917, -117.5832175
47.90708559999999, -117.5805542
47.9140563, -117.5789119
47.92227920000001, -117.5791347
47.9319768, -117.58092
47.9416802, -117.5822959
47.9499893, -117.5853308
47.960886, -117.5808976
47.9680523, -117.5878031
47.9796456, -117.5817995
47.9895688, -117.5809318
47.9969467, -117.5809657
48.00509839999999, -117.5778517
48.0126237, -117.5811463
48.02209819999999, -117.5878787
48.02712500000001, -117.581005
48.0328421, -117.5685791
48.07022509999999, -117.5811565
48.070249, -117.5804633
48.0907204, -117.5967518
48.0981493, -117.5801507
48.0994895, -117.5815401
48.1134537, -117.5758162
48.1211689, -117.581395
48.1281434, -117.5776921
48.1347833, -117.5685262
48.1570944, -117.5806293
48.1658742, -117.5809226
48.1746553, -117.5786913
48.18393630000001, -117.5810762
48.1927257, -117.5802196
48.2023069, -117.5813733
48.2127495, -117.5773192
48.2216602, -117.5841619
48.2269602, -117.583439
48.2378267, -117.5813627
48.26729049999999, -117.5683295
48.2680082, -117.5689987
48.27545680000001, -117.5813289
48.2826959, -117.5821326
48.2881917, -117.5866657
48.3030414, -117.5824187
48.3078464, -117.5808352
48.3140217, -117.5818828
48.3304333, -117.5705928
48.3418534, -117.5807317
48.348078, -117.5780526
48.3534841, -117.5782971
48.3602988, -117.5731416
48.3759682, -117.5807358
48.3846547, -117.5798496
48.3928193, -117.5808852
48.4006625, -117.581008
48.4102422, -117.577416
48.41751559999999, -117.5821793
48.4244954, -117.5875773
48.4279271, -117.5937535
48.4280147, -117.5939324
48.46377409999999, -117.5709598
48.46726839999999, -117.5748151
48.4709672, -117.5797121
48.47197500000001, -117.5768307
48.4721165, -117.5759257
48.5307313, -117.5596794
48.5344558, -117.5638471
48.5407318, -117.5896902
48.5445787, -117.5810229
48.5531215, -117.5783961
48.5611022, -117.5763288
48.5691103, -117.5883392
48.5799575, -117.5757064
48.5865736, -117.5793626
48.6019723, -117.5811503
48.607564, -117.5843122
48.6151677, -117.5825962
48.6278517, -117.5805989
48.6328496, -117.5873392
48.644507, -117.5773205
48.65122890000001, -117.5736577
48.65566159999999, -117.5753777
48.6760106, -117.578485
48.679388, -117.5802411
48.687067, -117.5866828
48.698763, -117.5841808
48.70639269999999, -117.581316
48.7142469, -117.5826869
48.7232522, -117.5813901
48.7326335, -117.5789965
48.741358, -117.5815495
48.7490631, -117.5805645
48.7600664, -117.580919
48.7607836, -117.58221
48.7840229, -117.5769034
48.7863336, -117.5816376
48.7985292, -117.5766469
48.8050127, -117.5802846
48.8137062, -117.5815192
48.8239913, -117.5691873
48.8321974, -117.5776305
48.8411044, -117.5811447
48.8476499, -117.5766279
48.8591597, -117.5808787
48.8681349, -117.5794615
48.8799161, -117.5796516
48.8843481, -117.584718
48.8947701, -117.581855
48.905174, -117.5803053
48.9131742, -117.5811344
48.9220735, -117.5809272
48.9254677, -117.5802664
48.9408401, -117.5887709
48.9493523, -117.5912334
46.2131294, -117.5664862
46.2216443, -117.5661567
46.23001410000001, -117.5663315
46.2401173, -117.5675427
46.248875, -117.5677099
46.2584824, -117.5668854
46.26588, -117.571041
46.2768989, -117.5684173
46.2833552, -117.5715794
46.295804, -117.5601194
46.3023549, -117.5685875
46.31305889999999, -117.5706251
46.3184872, -117.5730788
46.3217969, -117.5770145
46.344276, -117.5586884
46.3484875, -117.5617102
46.359881, -117.5701547
46.3658235, -117.566981
46.3749004, -117.5576809
46.3833299, -117.5685519
46.3931111, -117.5575744
46.4020708, -117.557605
46.4124201, -117.5672442
46.4201017, -117.5576972
46.4271852, -117.567068
46.438961, -117.5641791
46.4493336, -117.5633422
46.4560596, -117.5635156
46.4650503, -117.5587202
46.4747935, -117.5672073
46.4856665, -117.5672182
46.4912983, -117.5660896
46.5024964, -117.5640191
46.5100772, -117.567213
46.5186851, -117.5690242
46.52936889999999, -117.5688376
46.5395275, -117.5643779
46.5461166, -117.5674319
46.5550539, -117.5662989
46.5628278, -117.5623855
46.5736987, -117.5667242
46.5792979, -117.5738443
46.5907073, -117.5672178
46.6016658, -117.570994
46.6127632, -117.569743
46.6148939, -117.5636153
46.6253429, -117.5658948
46.6383968, -117.556127
46.6445911, -117.5571276
46.6551331, -117.5671984
46.6551333, -117.5672693
46.6636041, -117.5509712
46.7083371, -117.5668214
46.71042449999999, -117.5702404
46.72556429999999, -117.5661724
46.7275156, -117.5631069
46.7530483, -117.5800197
46.7578842, -117.5738965
46.7610416, -117.5670592
46.7729624, -117.5759943
46.7810564, -117.5690805
46.78682449999999, -117.5627931
46.8029316, -117.5678537
46.80526039999999, -117.5644978
46.8086157, -117.5746119
46.8301196, -117.5693642
46.8311201, -117.5653206
46.8435928, -117.5752007
46.8502587, -117.5681105
46.8547131, -117.577862
46.8799455, -117.5805357
46.8848675, -117.5704455
46.887368, -117.5661
46.9004272, -117.5670667
46.9004345, -117.5674427
46.9154345, -117.5666981
46.9243532, -117.5597322
46.9393564, -117.5669683
46.9393624, -117.5673099
46.956215, -117.569069
46.9587641, -117.5653456
46.96674729999999, -117.5620538
46.9724099, -117.5578964
46.9886913, -117.5548461
46.9972883, -117.5587271
47.0073835, -117.5673231
47.0129003, -117.5747759
47.0133656, -117.575217
47.03727070000001, -117.5626663
47.041289, -117.5660122
47.0450765, -117.5693102
47.06020669999999, -117.5759562
47.06989859999999, -117.5663406
47.0730765, -117.5718318
47.0892561, -117.5653618
47.0904945, -117.569909
47.1115937, -117.5791532
47.1165897, -117.5723382
47.1208944, -117.5653101
47.1303422, -117.5582457
47.1393293, -117.5584495
47.1549893, -117.5609511
47.1570651, -117.5620569
47.16428579999999, -117.5569333
47.1819062, -117.5789764
47.1876952, -117.5710406
47.1939922, -117.5670664
47.2041304, -117.5660479
47.2132765, -117.5617816
47.2206445, -117.5680295
47.227123, -117.5746551
47.2413475, -117.5694344
47.2480944, -117.5593003
47.2536736, -117.5592531
47.27606979999999, -117.57946
47.2854643, -117.5823808
47.2971396, -117.5763085
47.2980495, -117.5771133
47.3133557, -117.5822406
47.3188706, -117.5809638
47.3362073, -117.5725534
47.3373472, -117.5726941
47.34651969999999, -117.5639087
47.3562933, -117.5665357
47.3650773, -117.5619415
47.373522, -117.559768
47.3844831, -117.5590278
47.3913876, -117.5667868
47.4014951, -117.5710465
47.4102688, -117.5689627
47.4190481, -117.5669113
47.428345, -117.5657556
47.43589910000001, -117.5703578
47.4462623, -117.5756205
47.45452890000001, -117.5752614
47.4689553, -117.5701957
47.4707319, -117.5658701
47.48177, -117.5672382
47.4914667, -117.5679215
47.5001687, -117.5672026
47.5091209, -117.5669686
47.5175736, -117.5677152
47.527091, -117.5671664
47.5345776, -117.5705539
47.5503435, -117.5738225
47.5715837, -117.5646425
47.5720177, -117.5646199
47.58010059999999, -117.5668691
47.5900267, -117.5670987
47.5997847, -117.5672028
47.6091674, -117.567151
47.613817, -117.5672138
47.6283545, -117.5672163
47.6355914, -117.5672042
47.6429379, -117.567202
47.6542064, -117.5662872
47.6606698, -117.5659914
47.6718592, -117.5672332
47.6801193, -117.5610967
47.6863846, -117.5671245
47.6983938, -117.5707104
47.7070896, -117.5612536
47.7160769, -117.5609512
47.7240048, -117.5774147
47.73710819999999, -117.5717327
47.7416517, -117.5674949
47.7523499, -117.561261
47.76190889999999, -117.567946
47.7728479, -117.5663453
47.7821927, -117.5677215
47.7880555, -117.566971
47.7937727, -117.5671793
47.8060704, -117.5681933
47.8144547, -117.5677274
47.8204228, -117.5659641
47.8310873, -117.5667505
47.8453903, -117.5666875
47.8540609, -117.5650977
47.8614858, -117.566247
47.8697464, -117.562798
47.8777298, -117.5628957
47.888281, -117.5671582
47.8961702, -117.56239
47.9051197, -117.5672969
47.914124, -117.5629721
47.9231207, -117.563151
47.9320788, -117.5672114
47.9392453, -117.5651038
47.9500463, -117.5647051
47.9608699, -117.5672096
47.96807829999999, -117.5662751
47.9770848, -117.5662792
47.9860814, -117.5662889
47.9951485, -117.567207
48.0040835, -117.5663438
48.0119838, -117.5658381
48.0222208, -117.567381
48.032562, -117.566844
48.0356939, -117.56312
48.0405524, -117.5536294
48.0592171, -117.5555113
48.0692416, -117.566005
48.0702845, -117.5702327
48.0859111, -117.5629441
48.0944575, -117.5647368
48.1028476, -117.5674941
48.11249230000001, -117.5655289
48.1232141, -117.5693049
48.1292913, -117.5655398
48.1363907, -117.5642058
48.1535825, -117.5756464
48.1571405, -117.5693498
48.162842, -117.5744174
48.1748178, -117.5729189
48.1848566, -117.5685298
48.188446, -117.5628381
48.2061882, -117.5669364
48.2092428, -117.5711967
48.2267357, -117.5754781
48.2302679, -117.5672464
48.2347616, -117.5691439
48.2410973, -117.5549894
48.26128019999999, -117.5591778
48.2672247, -117.567659
48.2766375, -117.5677713
48.27978179999999, -117.5665383
48.2910254, -117.5607606
48.3025527, -117.5673085
48.3083162, -117.5659333
48.3167908, -117.5712119
48.32831789999999, -117.5679552
48.33701989999999, -117.5664871
48.3483187, -117.5683259
48.3549988, -117.5615092
48.3640543, -117.5673561
48.3728753, -117.5682541
48.3873973, -117.5682701
48.3913325, -117.5690001
48.3996633, -117.5686527
48.4062895, -117.5723233
48.41533399999999, -117.5803155
48.420556, -117.5841876
48.4345007, -117.5431676
48.4549327, -117.5550754
48.4587935, -117.559968
48.4634818, -117.5669187
48.4716033, -117.5744438
48.4720458, -117.575355
48.4720868, -117.5755299
48.5100236, -117.5399472
48.5359223, -117.5654882
48.5444109, -117.5673481
48.5517051, -117.5643989
48.5655577, -117.572229
48.5711358, -117.5726265
48.5821214, -117.5721136
48.5860549, -117.5702432
48.5965773, -117.5586624
48.60610519999999, -117.5711733
48.615624, -117.5672697
48.6240502, -117.5727331
48.6367109, -117.5665391
48.6426463, -117.565812
48.6520707, -117.5671458
48.6621225, -117.5608332
48.672095, -117.568031
48.6804084, -117.5668624
48.683428, -117.562588
48.6952823, -117.5607189
48.7114801, -117.5684067
48.7118848, -117.5670175
48.7266287, -117.5628279
48.7328582, -117.5673422
48.741407, -117.5700386
48.7505743, -117.5701578
48.7603555, -117.5670811
48.76472649999999, -117.5677094
48.7806143, -117.57064
48.7877205, -117.5656272
48.793556, -117.5693213
48.8068785, -117.5654137
48.814781, -117.5664034
48.8239566, -117.5665474
48.8331806, -117.566287
48.8410879, -117.5713589
48.84941500000001, -117.5668482
48.8550501, -117.5676551
48.87138040000001, -117.570681
48.8746526, -117.5687289
48.87953779999999, -117.577066
48.90207299999999, -117.5669111
48.9029661, -117.5679356
48.91176160000001, -117.5584328
48.9258444, -117.5741714
48.9318915, -117.5697284
48.939955, -117.5671472
48.9420049, -117.5651984
46.2118994, -117.5523386
46.2222205, -117.5542468
46.2316949, -117.5551831
46.2405349, -117.5544844
46.248514, -117.5518579
46.2605596, -117.5527957
46.2663258, -117.5538149
46.2753698, -117.5532558
46.2851803, -117.5519706
46.2943757, -117.5532347
46.3013907, -117.5508213
46.3092984, -117.564728
46.3246856, -117.5370237
46.3354302, -117.548841
46.3394363, -117.5527931
46.3449368, -117.5593133
46.35908939999999, -117.5528688
46.3656673, -117.5529424
46.3749055, -117.552882
46.3833993, -117.5535104
46.3930657, -117.5575741
46.4020827, -117.5576049
46.4128327, -117.5535937
46.4200692, -117.557697
46.4291239, -117.5571485
46.43898069999999, -117.5575442
46.4470561, -117.5580628
46.4570726, -117.5585769
46.465097, -117.5587198
46.4748144, -117.5533229
46.4856947, -117.553511
46.4856948, -117.5534732
46.4990453, -117.5617095
46.5070935, -117.5655628
46.5203336, -117.5593217
46.53013929999999, -117.5494053
46.5356575, -117.5580361
46.5460618, -117.5535233
46.55050420000001, -117.5577189
46.5689515, -117.5527313
46.5697875, -117.5550372
46.5906601, -117.5556387
46.5911118, -117.5535196
46.5967627, -117.5441472
46.6157893, -117.5617483
46.6183841, -117.5571298
46.62854429999999, -117.5576623
46.6359605, -117.5540601
46.64557910000001, -117.5567805
46.6549358, -117.5535206
46.66255, -117.5521236
46.6636526, -117.5508468
46.66366660000001, -117.5507207
46.7087078, -117.5612957
46.7090629, -117.5599161
46.7108372, -117.5537242
46.7181635, -117.5472503
46.7258022, -117.5543551
46.7275851, -117.5595667
46.7307068, -117.5407323
46.7617832, -117.5561991
46.7629508, -117.5547623
46.7662986, -117.5489586
46.7855241, -117.5642215
46.79038800000001, -117.5592366
46.798066, -117.5524362
46.8046662, -117.5526471
46.80574790000001, -117.547416
46.8328128, -117.5527783
46.8328959, -117.5537327
46.8468127, -117.5519326
46.8472674, -117.554831
46.8486018, -117.5612334
46.8676712, -117.5306362
46.885808, -117.5634732
46.8923421, -117.558126
46.89735580000001, -117.5547187
46.90607379999999, -117.5532566
46.9089778, -117.5500024
46.926255, -117.5585864
46.9330433, -117.554424
46.9420042, -117.5537678
46.9510332, -117.5540557
46.9592268, -117.5590704
46.9659895, -117.552406
46.976932, -117.5503543
46.9954924, -117.5555582
47.00158589999999, -117.5530645
47.0139024, -117.5535064
47.0209401, -117.5490984
47.03196699999999, -117.553945
47.0376808, -117.5566853
47.0440057, -117.5678664
47.0692642, -117.5547672
47.0693727, -117.5539146
47.0696035, -117.5526763
47.0864527, -117.5534113
47.0881514, -117.5586306
47.1005207, -117.5390118
47.1161598, -117.5510455
47.1181226, -117.5564658
47.1314381, -117.5580687
47.1424054, -117.5567422
47.1492779, -117.5545003
47.16023999999999, -117.5596407
47.1674948, -117.5548927
47.1750483, -117.5515166
47.1875641, -117.552067
47.19068799999999, -117.5550173
47.203519, -117.552005
47.21032049999999, -117.5571949
47.2209187, -117.5519846
47.2296443, -117.5484298
47.2390447, -117.5535811
47.248068, -117.5593001
47.25373219999999, -117.5587739
47.2673985, -117.5423491
47.2676442, -117.5423491
47.28058859999999, -117.5302106
47.3193845, -117.5363537
47.3210392, -117.537221
47.3285666, -117.5369261
47.3452514, -117.5648504
47.3528047, -117.5573089
47.3541555, -117.5527926
47.3643729, -117.5528841
47.3756732, -117.5561899
47.38507750000001, -117.5585107
47.3885557, -117.5557164
47.4020053, -117.5498515
47.410048, -117.5538198
47.41815769999999, -117.5549785
47.4242977, -117.5470226
47.4368512, -117.5481934
47.437669, -117.5472694
47.46029799999999, -117.5411077
47.4624348, -117.5410642
47.4730414, -117.5517916
47.48303610000001, -117.555993
47.4900522, -117.5508734
47.5020347, -117.5574935
47.5073836, -117.5535025
47.51805179999999, -117.5504977
47.5291226, -117.5534667
47.53604240000001, -117.5510422
47.5441774, -117.5468785
47.55190020000001, -117.5539266
47.5688959, -117.5481048
47.5720994, -117.5517799
47.5813823, -117.5534669
47.5870444, -117.553833
47.598475, -117.5529587
47.6084243, -117.5556936
47.6138463, -117.553985
47.625117, -117.5520796
47.6357893, -117.5557416
47.6430306, -117.5534719
47.64978910000001, -117.5563709
47.6665469, -117.5535386
47.6720198, -117.5535227
47.6800294, -117.5610954
47.6864547, -117.5535425
47.7007077, -117.553111
47.7070656, -117.5612535
47.7180887, -117.559079
47.7379109, -117.5440644
47.7449086, -117.556086
47.7538292, -117.5485715
47.75820479999999, -117.5598819
47.77206779999999, -117.5534936
47.7780573, -117.5532609
47.7862892, -117.5575654
47.7980082, -117.5558113
47.80602409999999, -117.5545894
47.8157599, -117.5585682
47.8244177, -117.5541062
47.8305486, -117.558167
47.8453202, -117.5534887
47.8507904, -117.5532165
47.86133239999999, -117.5588801
47.86860100000001, -117.5546271
47.8790982, -117.5465048
47.8882877, -117.5535332
47.8959114, -117.5623791
47.9027912, -117.5534408
47.91718969999999, -117.5535956
47.9223858, -117.5576347
47.9316044, -117.553491
47.9414802, -117.5507339
47.9460665, -117.5533368
47.96036669999999, -117.5545222
47.9681167, -117.5448463
47.9770865, -117.5448743
47.9853545, -117.5459175
47.9950644, -117.5515833
48.0044412, -117.555862
48.0114676, -117.5551488
48.0220576, -117.5534856
48.0302284, -117.5505986
48.040552, -117.5534971
48.0518755, -117.5418068
48.0593505, -117.5553005
48.067362, -117.551525
48.076406, -117.5522048
48.08497029999999, -117.549837
48.0951302, -117.5562068
48.1026876, -117.5541911
48.10995579999999, -117.5594049
48.12460280000001, -117.5560677
48.13203069999999, -117.5519872
48.138436, -117.5527286
48.1434801, -117.5546527
48.1548841, -117.5437097
48.1627991, -117.5362318
48.1806039, -117.558679
48.1843247, -117.5538289
48.1888969, -117.5570538
48.2101808, -117.5382346
48.21448609999999, -117.5371939
48.2333744, -117.559116
48.238007, -117.5534486
48.2475314, -117.5508247
48.2591018, -117.551825
48.26521779999999, -117.5534198
48.27197090000001, -117.5549398
48.28496879999999, -117.5543015
48.2912967, -117.5527502
48.2994701, -117.5531374
48.3062563, -117.5541619
48.3146119, -117.56511
48.33122179999999, -117.5634057
48.33744249999999, -117.5615082
48.34871039999999, -117.5517848
48.3546919, -117.5528897
48.3657281, -117.5633436
48.3755088, -117.5535108
48.38598529999999, -117.5518553
48.3927737, -117.5547644
48.3964097, -117.5552815
48.4091382, -117.5532531
48.4149555, -117.5490337
48.4261339, -117.5462434
48.4549013, -117.5549515
48.4549764, -117.554764
48.4611847, -117.5527461
48.4666977, -117.5524854
48.4807637, -117.539725
48.48672819999999, -117.5379637
48.4916771, -117.5355277
48.51583249999999, -117.5405764
48.5294156, -117.5519528
48.53101299999999, -117.5543397
48.542489, -117.5552641
48.5540032, -117.5550627
48.5623254, -117.5554193
48.5711357, -117.553989
48.5800542, -117.5531717
48.5888825, -117.5508932
48.5990771, -117.5526381
48.6076069, -117.554419
48.6151079, -117.5589734
48.6255171, -117.5536724
48.6338586, -117.5530271
48.6449986, -117.5580121
48.65335959999999, -117.5507022
48.6608257, -117.5519034
48.6672363, -117.5577837
48.6811957, -117.5519503
48.6896718, -117.5505753
48.6939261, -117.5550707
48.711474, -117.5646076
48.7292415, -117.5536368
48.7330638, -117.5534834
48.73803040000001, -117.5485042
48.7515808, -117.5521074
48.7607229, -117.5533678
48.766385, -117.5520411
48.7779508, -117.5534841
48.7935989, -117.5562504
48.7968583, -117.5553726
48.8038118, -117.555346
48.8151061, -117.5573327
48.82405050000001, -117.5503007
48.8306624, -117.5545971
48.8337213, -117.561217
48.8490906, -117.5609869
48.8527535, -117.5624618
48.87350559999999, -117.5658324
48.8738276, -117.565758
48.8850207, -117.5320994
48.9040943, -117.5479287
48.9058364, -117.5501759
48.9132431, -117.5535673
48.9161875, -117.5477513
48.9340239, -117.556603
48.9418058, -117.5558572
48.9490191, -117.5533344
46.2133591, -117.5411676
46.2239568, -117.5369511
46.2310457, -117.5383863
46.2385109, -117.5437334
46.2489533, -117.5397932
46.25662459999999, -117.5388689
46.2681158, -117.5407358
46.275766, -117.5401328
46.2852032, -117.5391117
46.2959484, -117.5392983
46.30305569999999, -117.538309
46.3116055, -117.5363734
46.3215578, -117.5360164
46.3304974, -117.5389949
46.3402273, -117.5380896
46.3479869, -117.541993
46.3569123, -117.5381333
46.362479, -117.5349241
46.3728842, -117.5512191
46.383398, -117.5397936
46.3974038, -117.5460953
46.3980162, -117.5458508
46.4110771, -117.5411739
46.4204206, -117.5412815
46.4310967, -117.5350576
46.4387437, -117.5378971
46.4466633, -117.5376938
46.4559815, -117.5364404
46.46483, -117.5406176
46.4736842, -117.5398901
46.48304539999999, -117.5370751
46.4857212, -117.5397681
46.5011281, -117.531069
46.5131581, -117.5332662
46.5199669, -117.538949
46.5320014, -117.5382919
46.5375063, -117.5364909
46.5439573, -117.5412848
46.5616348, -117.5335972
46.5650104, -117.5388251
46.5677029, -117.5446679
46.587623, -117.5317175
46.5917823, -117.5393606
46.6004735, -117.5404192
46.6040999, -117.5350349
46.6310443, -117.5356785
46.6337835, -117.5418488
46.645244, -117.540538
46.6547304, -117.539759
46.6634085, -117.5490978
46.7114379, -117.5436853
46.7114814, -117.5433307
46.7117401, -117.5387375
46.7165369, -117.5454588
46.7272877, -117.5443513
46.7410721, -117.5216475
46.7635877, -117.5350409
46.7646542, -117.5383409
46.7703676, -117.5377063
46.7719215, -117.5353074
46.7932651, -117.5390463
46.7984356, -117.5398471
46.8077595, -117.5402005
46.814728, -117.5342772
46.8280098, -117.5367318
46.8321123, -117.5414146
46.8452623, -117.5382361
46.8499738, -117.5373348
46.86239620000001, -117.5301368
46.8679077, -117.5305456
46.8773437, -117.525279
46.8838208, -117.5226885
46.8984147, -117.5542603
46.90950730000001, -117.5428774
46.9120859, -117.5357497
46.9204152, -117.5315469
46.9330732, -117.5397995
46.94154409999999, -117.5377482
46.9460814, -117.5324347
46.963026, -117.549272
46.9768234, -117.5386804
46.9776116, -117.5402208
46.98069599999999, -117.5464167
47.0018809, -117.5456615
47.0050528, -117.5397727
47.0144825, -117.5398773
47.023512, -117.5474854
47.0335601, -117.5456144
47.0389186, -117.5382708
47.0435336, -117.5295613
47.0629909, -117.5314014
47.07202299999999, -117.5436843
47.0774881, -117.5376292
47.0869457, -117.5410757
47.0950788, -117.5397819
47.1019625, -117.5377602
47.11179070000001, -117.5415826
47.1205868, -117.5378364
47.13024490000001, -117.534842
47.1391564, -117.5291143
47.1498619, -117.5543493
47.151819, -117.555239
47.169486, -117.5538725
47.1771631, -117.5496291
47.1838582, -117.5391096
47.1949811, -117.5393847
47.19999139999999, -117.5475428
47.2098752, -117.5368113
47.2227442, -117.5515023
47.2319828, -117.5453412
47.2376522, -117.5395119
47.2459747, -117.52883
47.2563536, -117.5278838
47.26630540000001, -117.5394004
47.2727183, -117.5348448
47.28167879999999, -117.5298109
47.28593000000001, -117.5275403
47.31638299999999, -117.5289638
47.3182182, -117.5337054
47.3203764, -117.5370964
47.3288629, -117.5369061
47.3399504, -117.5335526
47.347043, -117.5363424
47.3560747, -117.5399065
47.3650735, -117.5421317
47.3740907, -117.5403037
47.3830695, -117.5421673
47.3920056, -117.5423794
47.4003082, -117.5393712
47.4101127, -117.5403966
47.4197274, -117.5390593
47.42774199999999, -117.5378282
47.4375177, -117.5400282
47.4385136, -117.5369849
47.464086, -117.5400271
47.4743836, -117.5412257
47.47738409999999, -117.5388745
47.5010825, -117.5454294
47.5092808, -117.5400633
47.5145016, -117.5389285
47.5274524, -117.5399901
47.5392631, -117.5433069
47.5473247, -117.5374333
47.5500441, -117.5375896
47.5645842, -117.5397947
47.5720863, -117.5411183
47.5810634, -117.5397926
47.5900906, -117.5408549
47.5990926, -117.5405104
47.6080806, -117.540336
47.61379789999999, -117.5376058
47.62601, -117.5396914
47.6350786, -117.539817
47.6440789, -117.5396934
47.653079, -117.5396815
47.6620785, -117.5396452
47.6710764, -117.5395694
47.6814015, -117.5331983
47.6901859, -117.5397979
47.6986274, -117.5382423
47.7079449, -117.5362817
47.716079, -117.5398557
47.7250788, -117.5397681
47.7339997, -117.5416296
47.7427359, -117.5448397
47.7504502, -117.5412783
47.7625593, -117.5378916
47.77023430000001, -117.5403307
47.78037579999999, -117.5398174
47.7880782, -117.5400963
47.79541649999999, -117.5400932
47.8067826, -117.5424017
47.8170528, -117.5414423
47.824252, -117.5400984
47.8330596, -117.5352712
47.841537, -117.5367025
47.8506933, -117.5446727
47.8600679, -117.5397925
47.8682137, -117.5382307
47.8784505, -117.5397553
47.8871113, -117.5408375
47.8960636, -117.5410438
47.9045833, -117.5398009
47.91408209999999, -117.5411471
47.92307539999999, -117.5411346
47.9317275, -117.539795
47.94100539999999, -117.5415053
47.9500678, -117.5420922
47.9606322, -117.5397665
47.9680573, -117.5448457
47.97592239999999, -117.539481
47.987253, -117.5379572
47.9924705, -117.5423857
48.0042035, -117.5397888
48.0130418, -117.5451316
48.0202855, -117.5452624
48.033235, -117.5397566
48.0399624, -117.5382024
48.0490716, -117.5400459
48.0581071, -117.543928
48.0668435, -117.5383504
48.073353, -117.536464
48.0858094, -117.5495837
48.0957458, -117.5451074
48.10273919999999, -117.5391153
48.1058008, -117.534169
48.1213179, -117.5403984
48.1335223, -117.5408574
48.13941860000001, -117.5396849
48.14806069999999, -117.541316
48.1573339, -117.5372494
48.16363, -117.5354854
48.1657211, -117.5323338
48.186135, -117.5513523
48.1963736, -117.5354046
48.1992616, -117.5370801
48.2109282, -117.5381154
48.2194724, -117.5350314
48.2300511, -117.5286623
48.2391049, -117.544512
48.2488726, -117.5378645
48.2557276, -117.5397546
48.2643285, -117.5371132
48.2747491, -117.5393863
48.2826007, -117.5381396
48.2881587, -117.5424565
48.3005153, -117.5396267
48.30220019999999, -117.5449194
48.314829, -117.5193401
48.3344183, -117.5612636
48.3492335, -117.5471456
48.3497654, -117.5450939
48.3565696, -117.5407364
48.3680174, -117.5401442
48.3748009, -117.5376366
48.3837032, -117.5384572
48.3886784, -117.5388742
48.40170380000001, -117.540449
48.4116681, -117.5457064
48.41824829999999, -117.5393239
48.4282629, -117.5431019
48.43633990000001, -117.5411954
48.44438599999999, -117.5377001
48.4554953, -117.5371162
48.4639636, -117.5412787
48.4733712, -117.5424827
48.4809147, -117.5396135
48.4903468, -117.5355503
48.4918195, -117.5353068
48.509888, -117.5397597
48.51705510000001, -117.5397175
48.5262902, -117.539629
48.53801379999999, -117.5319573
48.5441047, -117.5397812
48.5526321, -117.5402272
48.5628756, -117.5413416
48.5713918, -117.5402784
48.5801308, -117.5399892
48.5927787, -117.5418338
48.5980885, -117.5397818
48.6073957, -117.5405203
48.6156891, -117.5371431
48.6246117, -117.5348733
48.63285459999999, -117.5388263
48.6430175, -117.5410794
48.6490605, -117.5452133
48.6612454, -117.5515016
48.6639596, -117.552262
48.68242129999999, -117.5380292
48.6870722, -117.5429092
48.6924065, -117.5491367
48.6925906, -117.5495554
48.7295449, -117.5375029
48.7296439, -117.5388347
48.73362059999999, -117.5392244
48.7429397, -117.5419117
48.7521856, -117.5407659
48.7595237, -117.5407034
48.7680504, -117.5465333
48.7794708, -117.5397673
48.7805514, -117.541488
48.7950367, -117.5504193
48.8087007, -117.5338865
48.81316899999999, -117.5417443
48.8225272, -117.545174
48.8293621, -117.5530962
48.830459, -117.5541397
48.8842896, -117.5320311
48.8851253, -117.532079
48.89711579999999, -117.534319
48.9036582, -117.5404025
48.9105001, -117.5390216
48.9219759, -117.5389113
48.9290826, -117.5360866
48.941204, -117.5472733
48.9502849, -117.5430176
46.2115373, -117.5256973
46.2218347, -117.5262545
46.2309941, -117.5260362
46.240096, -117.5260929
46.2502675, -117.527758
46.2564961, -117.5288767
46.2665652, -117.5217292
46.2760547, -117.5282527
46.2848294, -117.5281792
46.2939994, -117.5253595
46.3049332, -117.5284137
46.311652, -117.5280496
46.3206751, -117.5209471
46.330074, -117.5250656
46.3394062, -117.5255412
46.3452124, -117.5328713
46.35854579999999, -117.5375378
46.3668557, -117.5269274
46.3695476, -117.5211824
46.385478, -117.5340008
46.3940008, -117.5284083
46.4020815, -117.5256615
46.4110789, -117.5256758
46.4200803, -117.5257144
46.4290589, -117.5258372
46.4351315, -117.5276526
46.4492153, -117.5159734
46.4568161, -117.5363434
46.4684777, -117.5209966
46.4737228, -117.5254788
46.4830784, -117.5264785
46.492073, -117.5265627
46.5010858, -117.5273614
46.50975039999999, -117.5266955
46.5235147, -117.5210781
46.5284521, -117.5260336
46.53490780000001, -117.5194803
46.5425635, -117.5380892
46.5609236, -117.5256127
46.5650717, -117.5271007
46.5685693, -117.5225109
46.5829855, -117.5248007
46.58740299999999, -117.5313967
46.6049332, -117.5263885
46.6050687, -117.5251864
46.61248519999999, -117.5129892
46.6303986, -117.5250646
46.6305325, -117.526372
46.6470766, -117.5398314
46.65815689999999, -117.5312644
46.6616479, -117.5245801
46.66334070000001, -117.5209167
46.677933, -117.5049079
46.6786629, -117.5043911
46.7115448, -117.529599
46.71156310000001, -117.5294918
46.7149077, -117.5231051
46.7289365, -117.528284
46.7340732, -117.5230215
46.7422023, -117.5206916
46.7459074, -117.5157093
46.76476659999999, -117.5266232
46.7708485, -117.5260014
46.7800117, -117.5252455
46.7922035, -117.5253131
46.7997666, -117.5276186
46.8039906, -117.5196585
46.8178318, -117.5325946
46.8251419, -117.5261525
46.8302168, -117.5271443
46.84287810000001, -117.5264565
46.8542685, -117.5314437
46.86102169999999, -117.5298947
46.8713476, -117.5253114
46.87874559999999, -117.5248669
46.8854562, -117.5210969
46.8920016, -117.5138737
46.9130495, -117.5339557
46.9165676, -117.5316308
46.9239499, -117.5263933
46.9295615, -117.529714
46.94685279999999, -117.530687
46.9488334, -117.5256135
46.96251660000001, -117.5189995
46.9684302, -117.5192288
46.9765743, -117.5186221
46.97825, -117.517059
47.0034468, -117.5191071
47.00608010000001, -117.5255147
47.0126587, -117.5347994
47.0146264, -117.5378196
47.0407636, -117.5325218
47.0422492, -117.5297532
47.0477101, -117.5230745
47.0599336, -117.5226514
47.0666813, -117.5285732
47.0774962, -117.5267978
47.082469, -117.5182816
47.09458970000001, -117.5255555
47.1028163, -117.5281559
47.1182153, -117.5223023
47.1199723, -117.5275704
47.134531, -117.5319542
47.1408858, -117.5282525
47.14847719999999, -117.5246151
47.1586227, -117.5205946
47.1634497, -117.5189048
47.1811121, -117.5209445
47.1848677, -117.5268897
47.1933276, -117.5309351
47.2029943, -117.5259117
47.2121404, -117.5262097
47.2212173, -117.52483
47.2296384, -117.5247539
47.2393623, -117.5262207
47.2483437, -117.5279949
47.2572381, -117.5276909
47.2669331, -117.5260584
47.276548, -117.5320382
47.2836762, -117.5264549
47.2899504, -117.5209364
47.2947845, -117.5144243
47.3153794, -117.524287
47.32005270000001, -117.5289504
47.3330387, -117.5316929
47.3398141, -117.5260869
47.35086099999999, -117.5313416
47.355716, -117.5254017
47.36483339999999, -117.5208565
47.3763353, -117.5260839
47.3830893, -117.5206173
47.39187219999999, -117.5261704
47.4055117, -117.5267173
47.4139997, -117.5282535
47.41908970000001, -117.5261829
47.4280727, -117.5258083
47.4370547, -117.5259956
47.4460923, -117.5244773
47.4554177, -117.5248756
47.46091800000001, -117.524984
47.4775379, -117.5271656
47.4820807, -117.5242466
47.4826651, -117.5242478
47.50689269999999, -117.5257322
47.5084947, -117.5246139
47.5181808, -117.5264754
47.5290012, -117.5245594
47.5325406, -117.5283476
47.5453336, -117.5294181
47.55284349999999, -117.5263378
47.5631063, -117.5299869
47.5720138, -117.5260815
47.58133890000001, -117.5261011
47.5885104, -117.5233366
47.5991574, -117.5259362
47.6084207, -117.5263933
47.6182834, -117.5231177
47.6253121, -117.5220723
47.634801, -117.5260985
47.6431471, -117.5260991
47.6557867, -117.5291809
47.6649645, -117.527261
47.6720671, -117.5260727
47.6789532, -117.5251861
47.6890772, -117.5235626
47.6981017, -117.5236766
47.7061078, -117.5322621
47.7181331, -117.5249373
47.72263239999999, -117.5261198
47.7367013, -117.5208156
47.7432846, -117.5256823
47.74873789999999, -117.5297713
47.7592664, -117.5256564
47.7708996, -117.5274065
47.7811187, -117.5260269
47.787925, -117.5272721
47.79673409999999, -117.5271547
47.8076638, -117.5260969
47.8136913, -117.5247343
47.827223, -117.5264555
47.8375277, -117.5258616
47.8420277, -117.5297775
47.8510502, -117.5299397
47.8600086, -117.5260855
47.8691262, -117.5192859
47.8740944, -117.5260408
47.8873049, -117.5264953
47.8962151, -117.5200134
47.9066056, -117.526094
47.9174546, -117.5261179
47.921049, -117.5262426
47.93182059999999, -117.5260747
47.939778, -117.5259945
47.9471034, -117.5275169
47.9597179, -117.5250601
47.96807829999999, -117.5232199
47.9779723, -117.5239249
47.9860816, -117.523237
47.9951697, -117.5260813
48.0040327, -117.5260876
48.0130242, -117.5233476
48.0204266, -117.5261125
48.0310821, -117.5231922
48.0400955, -117.5232896
48.0492852, -117.5238117
48.0566831, -117.5276658
48.062344, -117.5309051
48.1001191, -117.5156501
48.1067264, -117.5291496
48.1093878, -117.5218359
48.1244283, -117.5277573
48.1343451, -117.5256222
48.13612819999999, -117.5267217
48.1500999, -117.5367834
48.1564765, -117.536878
48.1668976, -117.5273724
48.171337, -117.5216707
48.1809386, -117.5130688
48.1961498, -117.5229181
48.2024582, -117.526315
48.21268449999999, -117.5257467
48.2208085, -117.5276837
48.228914, -117.5282913
48.2381216, -117.5257549
48.2471543, -117.5263808
48.2565921, -117.5239732
48.265097, -117.5260892
48.2697784, -117.5262572
48.2847762, -117.5292669
48.2961775, -117.5230446
48.2982786, -117.5270915
48.3145132, -117.5194398
48.315161, -117.519096
48.3275735, -117.5107198
48.3480297, -117.513079
48.3535279, -117.5235014
48.3551028, -117.5261535
48.3670892, -117.5266542
48.3737387, -117.5260002
48.3825037, -117.5251734
48.3901501, -117.5300431
48.4015552, -117.5264917
48.4039464, -117.5236958
48.4191464, -117.5293502
48.4279119, -117.5289329
48.4354817, -117.5268259
48.4449787, -117.5260561
48.45247, -117.5251523
48.4633954, -117.5246273
48.4718038, -117.5255979
48.4777536, -117.5213415
48.49060189999999, -117.5266047
48.4934898, -117.5239978
48.5223852, -117.5195793
48.5262138, -117.5257715
48.5354974, -117.5223161
48.544088, -117.5226479
48.5553447, -117.5235368
48.558951, -117.527489
48.57123259999999, -117.5262876
48.5801825, -117.5256221
48.5901809, -117.5275817
48.5948911, -117.5308747
48.6117809, -117.5353326
48.6136085, -117.5338377
48.6280243, -117.5300596
48.6327857, -117.5233951
48.6401394, -117.5252217
48.6463954, -117.5152803
48.6769475, -117.5271783
48.6772033, -117.5263335
48.6813078, -117.5349366
48.6883029, -117.543722
48.7057223, -117.5008629
48.72981970000001, -117.5308916
48.7301151, -117.5295129
48.7325034, -117.5253283
48.74058609999999, -117.5241289
48.7514928, -117.5266071
48.7594004, -117.5256987
48.7737308, -117.5270914
48.77420720000001, -117.5253556
48.77752659999999, -117.5198752
48.8018584, -117.5220917
48.80569029999999, -117.5266056
48.80812419999999, -117.5259299
48.8191976, -117.5431626
48.8226264, -117.5452538
48.8299377, -117.5535588
48.88319749999999, -117.523277
48.88320419999999, -117.523326
48.8860512, -117.5262984
48.8940536, -117.5299335
48.9064044, -117.5220626
48.9089585, -117.5279834
48.9255539, -117.5196053
48.9317292, -117.5333394
48.9394608, -117.5256441
48.94977739999999, -117.5276361
46.2153931, -117.5132267
46.2239891, -117.5162696
46.2271448, -117.5154193
46.2393221, -117.5128115
46.24987429999999, -117.5129454
46.2575062, -117.5113253
46.26685819999999, -117.5120417
46.2760415, -117.5072948
46.2854071, -117.5132399
46.293647, -117.5159071
46.3042022, -117.5059985
46.3115614, -117.5060045
46.3221985, -117.5102228
46.3305753, -117.5158246
46.3345954, -117.5166152
46.3398119, -117.5260462
46.368722, -117.5231237
46.3712965, -117.5170234
46.3737216, -117.5112597
46.3796794, -117.5038879
46.3977739, -117.5256435
46.4020026, -117.5256606
46.4125746, -117.5123248
46.42037990000001, -117.5045963
46.4290704, -117.5153785
46.4380738, -117.5154235
46.44548469999999, -117.5138817
46.4570651, -117.514257
46.4640368, -117.5136913
46.46931619999999, -117.5143923
46.483202, -117.5123799
46.483202, -117.512365
46.500855, -117.498431
46.508896, -117.5255377
46.5206822, -117.5061489
46.527262, -117.5129028
46.5374679, -117.516714
46.5610357, -117.5233879
46.5717539, -117.5138982
46.5728073, -117.5120874
46.5798067, -117.5142225
46.5877832, -117.5113885
46.606386, -117.5177735
46.6097974, -117.5143187
46.6147018, -117.5096426
46.6285907, -117.5123412
46.6293346, -117.516992
46.6500303, -117.4993166
46.6569968, -117.5047936
46.66315549999999, -117.5124558
46.6718927, -117.5061487
46.6784262, -117.5046298
46.67919329999999, -117.5035285
46.7040486, -117.5055848
46.7067427, -117.5061759
46.7170077, -117.5122188
46.7228019, -117.50661
46.7352427, -117.5165545
46.746142, -117.515364
46.7492111, -117.5093948
46.766493, -117.5113751
46.7667525, -117.5125576
46.7849337, -117.5188922
46.7890451, -117.5141632
46.7974769, -117.5114837
46.8083019, -117.5134594
46.8097861, -117.5088766
46.8295745, -117.5170609
46.8322097, -117.511219
46.8401964, -117.5144389
46.8552992, -117.5111428
46.859503, -117.5086519
46.8650665, -117.5023911
46.8812705, -117.5232377
46.8899895, -117.5159305
46.89660079999999, -117.5104085
46.9067404, -117.5089855
46.915211, -117.512286
46.91999209999999, -117.5170721
46.9343613, -117.4985343
46.9425507, -117.4998019
46.9531547, -117.5044349
46.959134, -117.5123582
46.96970289999999, -117.5189701
46.9784183, -117.5123069
46.9786035, -117.5141601
47.0033783, -117.5169978
47.0047996, -117.5121955
47.006141, -117.5076897
47.0266369, -117.49575
47.0357054, -117.5060024
47.0410247, -117.5125244
47.0489797, -117.5168289
47.0562638, -117.5109251
47.06283390000001, -117.5024808
47.08167719999999, -117.5191358
47.0853603, -117.5115758
47.09278219999999, -117.51233
47.099993, -117.5253273
47.117407, -117.5133975
47.1176371, -117.5113078
47.1318148, -117.4968725
47.1421143, -117.5272107
47.1532657, -117.5189238
47.1598406, -117.5069834
47.1668244, -117.5122749
47.17570569999999, -117.5149327
47.1800394, -117.5187923
47.1958723, -117.5156831
47.2051461, -117.512292
47.20759779999999, -117.5058288
47.21868449999999, -117.5238199
47.2312544, -117.5239539
47.2394477, -117.5119518
47.2519253, -117.5147873
47.2542825, -117.5106174
47.2668371, -117.5123869
47.2668374, -117.5123014
47.289012, -117.51497
47.29455420000001, -117.5147376
47.3018829, -117.5085633
47.3109222, -117.5125362
47.3134727, -117.518326
47.3356684, -117.51742
47.3397387, -117.5123604
47.3397393, -117.512465
47.3602298, -117.5161583
47.3653354, -117.514612
47.3725958, -117.5106734
47.383064, -117.5206172
47.3923225, -117.5131225
47.4011343, -117.5123004
47.4117109, -117.519496
47.4196081, -117.5132012
47.42833719999999, -117.5091077
47.4357149, -117.5152098
47.440432, -117.5138915
47.45953280000001, -117.5108927
47.4598484, -117.5127463
47.4803305, -117.5150876
47.4816683, -117.5112941
47.4828133, -117.5101028
47.5100631, -117.5126935
47.510071, -117.5124499
47.5221506, -117.515228
47.5270045, -117.517219
47.5352507, -117.5096032
47.5455277, -117.5110078
47.5553496, -117.5094258
47.5635521, -117.5126211
47.5725314, -117.5123763
47.57967060000001, -117.5111006
47.58689769999999, -117.5166497
47.599113, -117.5127083
47.60810679999999, -117.5133197
47.6167993, -117.5118028
47.6260954, -117.5123789
47.6336357, -117.5148187
47.6440904, -117.5128322
47.6530777, -117.512947
47.6603301, -117.5121736
47.6708796, -117.512166
47.6826224, -117.5131011
47.6876465, -117.512385
47.6981319, -117.507575
47.706769, -117.5132719
47.7149868, -117.5180574
47.7251998, -117.5132521
47.7328762, -117.5125418
47.7433601, -117.5123804
47.7521589, -117.5124307
47.7577564, -117.5093274
47.7728859, -117.5124188
47.7728867, -117.5122935
47.789423, -117.5209508
47.7915284, -117.5213641
47.8107713, -117.5065172
47.8138264, -117.5121103
47.825444, -117.5151015
47.83240319999999, -117.5124092
47.8420895, -117.5188308
47.8553662, -117.5125307
47.8601265, -117.5123805
47.8736582, -117.5126873
47.8765103, -117.5085692
47.8886179, -117.5124101
47.89864430000001, -117.5096054
47.9032284, -117.5122701
47.9139662, -117.520677
47.9211746, -117.5123697
47.9320685, -117.5123795
47.9391244, -117.5133395
47.9536698, -117.5125069
47.9604332, -117.5123563
47.9674932, -117.5126193
47.9770785, -117.5124568
47.9860789, -117.5125021
47.99668690000001, -117.517702
48.00394319999999, -117.5123801
48.0146419, -117.5058195
48.0193989, -117.5124602
48.0330631, -117.5123618
48.04343490000001, -117.518545
48.0513881, -117.5106977
48.0545368, -117.5166197
48.0634968, -117.5017265
48.0997203, -117.514798
48.0997874, -117.5143652
48.1024717, -117.5150411
48.110482, -117.5131211
48.1208795, -117.5123501
48.1297361, -117.5162017
48.1399322, -117.513327
48.148348, -117.51348
48.1576642, -117.506832
48.16288, -117.5155096
48.1757648, -117.5147011
48.1848407, -117.5104651
48.195331, -117.5157801
48.2022172, -117.5123222
48.2112905, -117.5163923
48.21694249999999, -117.5127298
48.2349188, -117.5113041
48.2376426, -117.5133334
48.2455238, -117.5175856
48.2574952, -117.511334
48.2620338, -117.5130059
48.2722126, -117.5102646
48.2887936, -117.5060507
48.2925538, -117.5123006
48.2955093, -117.5189562
48.31426949999999, -117.5084237
48.3156263, -117.5136724
48.3277502, -117.5103551
48.34800310000001, -117.5124074
48.3536349, -117.5134314
48.3642049, -117.5133616
48.3691438, -117.5123908
48.378766, -117.517572
48.3952952, -117.5132846
48.3988299, -117.5104497
48.4087547, -117.513172
48.4179678, -117.5017561
48.4301478, -117.5079285
48.4336272, -117.5105226
48.445655, -117.5173459
48.46204669999999, -117.5219759
48.4730987, -117.5132561
48.4811816, -117.5140306
48.49151620000001, -117.5141775
48.4951819, -117.5075048
48.4999814, -117.5045631
48.5197669, -117.513492
48.527338, -117.513107
48.53515549999999, -117.512253
48.5460068, -117.5141246
48.5531405, -117.5120627
48.5558281, -117.5139437
48.5725044, -117.5238753
48.5778812, -117.5238549
48.5859313, -117.5266035
48.5935065, -117.5292372
48.6132173, -117.5337796
48.6134071, -117.5337581
48.6311459, -117.5248084
48.6375345, -117.5070812
48.64291, -117.5114997
48.6482853, -117.5105831
48.6517911, -117.5019221
48.6780142, -117.5078645
48.6792771, -117.5121387
48.6805727, -117.5175753
48.7068137, -117.4998144
48.7330773, -117.5148599
48.7336097, -117.5127051
48.742863, -117.5115442
48.7544185, -117.5047367
48.7622319, -117.5086258
48.7686433, -117.511167
48.7786264, -117.5124103
48.7786385, -117.5119083
48.80023079999999, -117.5150651
48.8082874, -117.5110457
48.811026, -117.5151597
48.8227286, -117.5453735
48.88344799999999, -117.5206381
48.8869811, -117.5166298
48.8902471, -117.5180166
48.9059632, -117.5207858
48.9081462, -117.5235212
48.92150789999999, -117.5168536
48.9311252, -117.5117837
48.9411946, -117.513449
48.9499533, -117.5224776
46.2156396, -117.4999723
46.2221026, -117.4963499
46.2309575, -117.4993536
46.2395802, -117.4982309
46.2491956, -117.498991
46.2609085, -117.498834
46.2689858, -117.4964707
46.2761424, -117.4988529
46.2827175, -117.5030102
46.2954136, -117.4951819
46.3016977, -117.5043847
46.3135363, -117.504579
46.3204371, -117.4980835
46.3287635, -117.4873885
46.3406376, -117.4888781
46.34885209999999, -117.4891257
46.3543991, -117.4891296
46.3746576, -117.5091629
46.3779003, -117.5054991
46.383532, -117.4979792
46.3874479, -117.4914897
46.41248179999999, -117.5052221
46.4127123, -117.5048877
46.4217537, -117.4994243
46.4252579, -117.4921573
46.4393854, -117.4948687
46.4455542, -117.503369
46.4545001, -117.5064537
46.4675142, -117.4978858
46.4677325, -117.4995744
46.4835502, -117.4987884
46.4906733, -117.4950853
46.5167471, -117.4968726
46.5173828, -117.4996022
46.5232901, -117.5046112
46.5381591, -117.4915684
46.5391668, -117.4915195
46.5699513, -117.4886522
46.571977, -117.4933247
46.5739397, -117.498146
46.5744018, -117.5002559
46.5920465, -117.5024298
46.6031115, -117.4908363
46.6151765, -117.4979869
46.6153104, -117.4991994
46.62966249999999, -117.4980324
46.630287, -117.5012598
46.6471129, -117.494836
46.6527362, -117.5012497
46.6630893, -117.5056643
46.6723487, -117.4975481
46.68080339999999, -117.4984465
46.6854916, -117.4915386
46.704676, -117.4931856
46.7077366, -117.499023
46.7151998, -117.500274
46.72616619999999, -117.4987907
46.7312445, -117.4944535
46.7508267, -117.4985474
46.7508282, -117.4987148
46.7609213, -117.5033301
46.7663819, -117.5069347
46.7833803, -117.4930033
46.7880222, -117.4996846
46.8014419, -117.5061486
46.8064031, -117.4975933
46.8175642, -117.4949928
46.8246355, -117.5000168
46.8339041, -117.4985191
46.8395247, -117.4916446
46.8643954, -117.50229
46.8708368, -117.4972645
46.8791154, -117.4990966
46.88715390000001, -117.4950135
46.89528, -117.4909411
46.9031492, -117.5065235
46.91815, -117.4991245
46.924302, -117.4965576
46.9333748, -117.4978895
46.94176849999999, -117.4992333
46.9508284, -117.4988937
46.95930980000001, -117.4978404
46.96425929999999, -117.4918821
46.9793154, -117.4989599
46.98428, -117.492848
46.9982397, -117.4916546
47.0077332, -117.5015689
47.01091100000001, -117.4958829
47.0238377, -117.4945944
47.0321733, -117.4983298
47.0410022, -117.4985427
47.04714509999999, -117.4912214
47.0597725, -117.5037257
47.063106, -117.4985723
47.0770116, -117.4927347
47.0853902, -117.4992137
47.0937493, -117.4939564
47.1031941, -117.4913122
47.1191508, -117.499606
47.12010890000001, -117.4958816
47.1312049, -117.4967846
47.1404913, -117.4953479
47.1488051, -117.4995283
47.1552158, -117.4970482
47.1637482, -117.5079894
47.1738436, -117.5143654
47.189507, -117.4928449
47.1940351, -117.4987366
47.2077852, -117.5055509
