46.942147, -122.347802
46.9507482, -122.3495897
46.958562, -122.352425
46.9693562, -122.3528627
46.9780801, -122.3507999
46.9871045, -122.3511935
46.9952326, -122.3507555
47.00518599999999, -122.342708
47.016226, -122.352582
47.0228091, -122.350888
47.0320921, -122.3515473
47.0418582, -122.3508573
47.04931, -122.352233
47.0589052, -122.3509133
47.0675514, -122.3508314
47.077036, -122.354032
47.0862596, -122.349962
47.0950773, -122.3520162
47.105387, -122.349047
47.1132699, -122.3508725
47.1213683, -122.3508374
47.131069, -122.35132
47.1400303, -122.3508624
47.148535, -122.3498279
47.1579229, -122.3508793
47.1670855, -122.3503013
47.1758366, -122.3508706
47.1850759, -122.3503607
47.1944418, -122.3514238
47.2020668, -122.3525973
47.20991799999999, -122.3508943
47.2210832, -122.3502256
47.2303776, -122.3509565
47.238948, -122.3508643
47.248073, -122.350417
47.2566546, -122.3530047
47.2660795, -122.3506238
47.2743218, -122.3520275
47.2840776, -122.3505623
47.2930771, -122.3507454
47.3020308, -122.3509688
47.3108069, -122.349791
47.3200783, -122.3512211
47.3291334, -122.3505457
47.3376331, -122.3503924
47.3385729, -122.347879
47.339653, -122.343033
47.364866, -122.3248004
47.3727347, -122.323863
47.384853, -122.326279
47.3967258, -122.3284361
47.4101575, -122.3372966
47.4144492, -122.3437047
47.4201631, -122.3494958
47.4283882, -122.3490302
47.4371186, -122.3502416
47.4457672, -122.3498543
47.455085, -122.3513064
47.4631719, -122.3497783
47.4730785, -122.3498984
47.481517, -122.3501387
47.4907035, -122.3512962
47.5001177, -122.3508675
47.5089789, -122.3500353
47.5180775, -122.3506428
47.5270793, -122.3505585
47.53607479999999, -122.3504802
47.54553689999999, -122.3502899
47.5554153, -122.3490415
47.56286859999999, -122.3522208
47.5717098, -122.3508967
47.581078, -122.3497679
47.58729460000001, -122.3503478
47.60206729999999, -122.3508037
47.6102707, -122.348633
47.61710180000001, -122.3508357
47.6263099, -122.3508682
47.6350784, -122.3507431
47.644088, -122.3506562
47.6530766, -122.3505553
47.6621428, -122.3508664
47.6710851, -122.3512225
47.6803244, -122.3508645
47.6891155, -122.3508654
47.6980791, -122.350525
47.7070796, -122.3507722
47.7159701, -122.3508666
47.7252126, -122.3526641
47.7341278, -122.3508654
47.7430221, -122.3507497
47.7520782, -122.3509482
47.7610755, -122.3511693
47.7700776, -122.3512718
47.7790603, -122.3505789
47.7882395, -122.3508652
47.7970751, -122.3506961
47.8060851, -122.3502146
47.815076, -122.3513276
47.8241078, -122.3510756
47.8330656, -122.3504784
47.8407552, -122.3498605
47.84662369999999, -122.3394116
47.8587131, -122.3338017
47.8648524, -122.332541
47.88007289999999, -122.3321965
47.88153579999999, -122.331699
47.8911733, -122.3275319
47.9072288, -122.3773237
47.9121497, -122.3760813
47.9375267, -122.359339
47.940422, -122.3577908
47.9519615, -122.353468
47.960411, -122.350087
47.96807769999999, -122.3510294
47.97607559999999, -122.3495405
47.9842287, -122.3541145
47.9870574, -122.359211
47.9938627, -122.3670771
48.0193722, -122.3337726
48.0564079, -122.3609612
48.0565365, -122.3606253
48.0584097, -122.3602827
48.0613239, -122.3618178
48.070485, -122.3703621
48.09883869999999, -122.3433458
48.1031485, -122.3435525
48.1130856, -122.3493678
48.1205531, -122.3520304
48.1318837, -122.3479937
48.1381811, -122.3505166
48.1481991, -122.354012
48.1560808, -122.3508458
48.1667835, -122.3508397
48.1759134, -122.3508688
48.1853314, -122.3517282
48.1902287, -122.3438954
48.2027846, -122.3523446
48.2104096, -122.3508782
48.217621, -122.3464136
48.229223, -122.350731
48.2392097, -122.3508642
48.2474145, -122.3496012
48.2565092, -122.3524627
48.2637565, -122.3520706
48.2736394, -122.3514408
48.2831416, -122.3498793
48.2913894, -122.3508247
48.3012095, -122.3515287
48.3098713, -122.349021
48.3184954, -122.3443751
48.32883169999999, -122.353616
48.3370579, -122.3514592
48.3463649, -122.3508581
48.3559357, -122.3508603
48.3647046, -122.3550684
48.3703499, -122.3508783
48.3848327, -122.3508626
48.3919965, -122.3509284
48.4000962, -122.3561866
48.4102198, -122.3508398
48.4174611, -122.3507867
48.4275175, -122.3513246
48.4361943, -122.345977
48.4431658, -122.3508955
48.454018, -122.3508672
48.4631062, -122.3487518
48.47207909999999, -122.3508377
48.4811758, -122.3570441
48.4934732, -122.3513084
48.4977113, -122.3530999
48.5079791, -122.3508699
48.515297, -122.3509074
48.52620659999999, -122.3503071
48.5350731, -122.3517844
48.544163, -122.3512431
48.5531052, -122.3506257
48.5618521, -122.348592
48.5710099, -122.3482109
48.5796941, -122.3466533
48.588034, -122.3506487
48.5982395, -122.3506786
48.6077895, -122.3480855
48.6153606, -122.3528274
48.62524519999999, -122.3457916
48.633877, -122.3514137
48.64223820000001, -122.3550028
48.6483972, -122.3556633
48.659838, -122.335893
48.6648878, -122.3352273
48.670417, -122.3293551
48.6995967, -122.356334
48.7001508, -122.3553587
48.7041986, -122.3492107
48.7158852, -122.3497504
48.7242363, -122.3506803
48.733085, -122.3508613
48.749408, -122.3499172
48.7501009, -122.3523491
48.75940910000001, -122.3491836
48.76981050000001, -122.3514685
48.77588249999999, -122.349586
48.7839888, -122.3466537
48.7944476, -122.3517069
48.8048758, -122.3502077
48.8141172, -122.3549175
48.8233738, -122.3509655
48.8327331, -122.3508302
48.8418763, -122.3508422
48.850096, -122.3538678
48.8600244, -122.34983
48.8680949, -122.3535923
48.87647490000001, -122.3508795
48.8854303, -122.350825
48.89479619999999, -122.3508723
48.9028405, -122.3505792
48.9144161, -122.3496786
48.9220378, -122.3509185
48.9310963, -122.3524874
48.940081, -122.3523785
48.9490657, -122.350865
46.2130754, -122.3382416
46.217776, -122.340598
46.2311898, -122.3368874
46.239755, -122.336816
46.24948860000001, -122.3367749
46.2569048, -122.3384059
46.26530469999999, -122.3415073
46.2934876, -122.3438368
46.2950822, -122.3412384
46.3032133, -122.3378412
46.3087932, -122.3366492
46.3299432, -122.3375614
46.32998260000001, -122.3371196
46.3451144, -122.3394632
46.3497845, -122.336632
46.3560019, -122.3379703
46.3664859, -122.3370501
46.374133, -122.3383027
46.3840106, -122.3371503
46.3937768, -122.3369164
46.40235999999999, -122.3385251
46.4101846, -122.3373234
46.420277, -122.336163
46.4288839, -122.3370668
46.437563, -122.338385
46.447751, -122.3350001
46.4539165, -122.3363863
46.4651472, -122.3372967
46.4743121, -122.338121
46.4813399, -122.342565
46.48403889999999, -122.346735
46.5107714, -122.3197525
46.511406, -122.3202211
46.5236234, -122.3294517
46.5296248, -122.3350364
46.53426229999999, -122.3388826
46.5455868, -122.3373773
46.5577104, -122.3412237
46.5622888, -122.3374758
46.5781393, -122.3334446
46.582183, -122.3369956
46.5896619, -122.3387111
46.6079659, -122.3378025
46.6087888, -122.33701
46.6201724, -122.3358315
46.6261948, -122.3343037
46.6350855, -122.3375026
46.6437039, -122.3363613
46.6526273, -122.3340829
46.6607651, -122.337922
46.67208309999999, -122.337472
46.6818974, -122.3383376
46.68685139999999, -122.3320343
46.7014143, -122.3364014
46.7042474, -122.3314805
46.72106669999999, -122.3468118
46.7278662, -122.3401321
46.7343007, -122.3324637
46.7418041, -122.3286797
46.755149, -122.3339919
46.7620163, -122.3373022
46.7715527, -122.3344664
46.7804551, -122.3380742
46.78919870000001, -122.3382245
46.7957573, -122.3383007
46.8099006, -122.334421
46.8128385, -122.3370165
46.82532699999999, -122.3351927
46.8322801, -122.3384096
46.850598, -122.3456915
46.85381640000001, -122.3418277
46.861157, -122.334853
46.8704124, -122.3376091
46.879123, -122.339187
46.88974, -122.3359816
46.8978553, -122.3385989
46.90545669999999, -122.3347428
46.92209159999999, -122.3370054
46.92447680000001, -122.3378059
46.9330848, -122.3352794
46.939391, -122.335584
46.94751549999999, -122.3371745
46.960571, -122.339477
46.9690761, -122.337326
46.9780866, -122.3362557
46.987573, -122.342621
46.9960818, -122.3371661
47.005236, -122.3371571
47.0142275, -122.3368804
47.022575, -122.3371328
47.03210439999999, -122.3382584
47.0411609, -122.3371546
47.0500845, -122.3375027
47.056005, -122.337362
47.0681972, -122.3356283
47.0770753, -122.3372602
47.085196, -122.3355
47.09511639999999, -122.3371583
47.104823, -122.338732
47.112789, -122.337087
47.122597, -122.336611
47.1310775, -122.3374693
47.14020499999999, -122.3371341
47.149078, -122.3360888
47.1580945, -122.3371599
47.1669056, -122.3377219
47.17571, -122.337691
47.1850806, -122.3363516
47.19304109999999, -122.3380995
47.20298810000001, -122.3372605
47.2122085, -122.3370189
47.2209739, -122.3373346
47.2300702, -122.3363796
47.2390248, -122.337158
47.2481118, -122.3371585
47.2571405, -122.3362234
47.266542, -122.3371701
47.2749877, -122.3369269
47.2840612, -122.3373129
47.29305950000001, -122.3367835
47.30243489999999, -122.335921
47.3109693, -122.337164
47.3200781, -122.3373385
47.32907789999999, -122.3372987
47.3377337, -122.3370326
47.34339139999999, -122.3327715
47.3573403, -122.3233442
47.3966881, -122.328409
47.4028318, -122.3298408
47.4100822, -122.337156
47.41907399999999, -122.3376737
47.4282287, -122.3371598
47.43704779999999, -122.3376936
47.4460942, -122.3366027
47.4552388, -122.3373196
47.4641804, -122.3371609
47.473045, -122.337177
47.4821517, -122.3368586
47.4910783, -122.337062
47.5003243, -122.3371906
47.5090744, -122.3368522
47.51728360000001, -122.3375459
47.5269705, -122.3353117
47.5360788, -122.337085
47.5448849, -122.3347703
47.5540482, -122.3372898
47.5631435, -122.3371612
47.5720817, -122.3366513
47.5810796, -122.3367101
47.5900635, -122.3370837
47.5990541, -122.3356101
47.6078846, -122.3376259
47.6170753, -122.3371525
47.6260659, -122.3371053
47.6340238, -122.3395749
47.645689, -122.3371992
47.6531508, -122.3371581
47.6621378, -122.3371589
47.6710866, -122.3371136
47.6820684, -122.3409393
47.688712, -122.3371624
47.6980756, -122.3376177
47.706874, -122.3371574
47.7159323, -122.3371575
47.7249801, -122.337157
47.7341339, -122.3371591
47.7430779, -122.3372338
47.75207930000001, -122.3374363
47.761076, -122.3376696
47.770551, -122.3371641
47.7790755, -122.3373571
47.7880809, -122.3374429
47.7966594, -122.3371549
47.8058611, -122.3377003
47.8148207, -122.3371556
47.8237198, -122.3371603
47.8331281, -122.3375235
47.84218449999999, -122.3371422
47.8506767, -122.3351415
47.8587778, -122.3337507
47.8651703, -122.3321245
47.8791672, -122.3317574
47.8864258, -122.3296284
47.89544679999999, -122.325511
47.9043438, -122.3232612
47.9114414, -122.3200822
47.91714469999999, -122.3170085
47.9385491, -122.3585397
47.9531648, -122.3509414
47.9641695, -122.3305019
47.967931, -122.3373396
47.97141509999999, -122.3442711
47.983484, -122.3535924
47.9845437, -122.3545258
48.0130412, -122.3264762
48.0151827, -122.3295542
48.0193903, -122.3337408
48.0199519, -122.332462
48.0566864, -122.3604559
48.0586066, -122.3602672
48.0595553, -122.360492
48.0816068, -122.3213692
48.0916185, -122.3249533
48.09732409999999, -122.3333348
48.1028404, -122.3369235
48.1095734, -122.3366688
48.12141889999999, -122.3364687
48.1278718, -122.3366642
48.1370987, -122.3376785
48.148089, -122.3385045
48.1570802, -122.3370296
48.16522579999999, -122.3385931
48.1724227, -122.3384869
48.1847727, -122.3360143
48.1936071, -122.3404147
48.2022503, -122.3369441
48.2110391, -122.3365085
48.2202508, -122.3349022
48.2276442, -122.3382092
48.2380404, -122.3369018
48.2467006, -122.3371587
48.2562773, -122.3366542
48.263787, -122.3375172
48.274083, -122.3363713
48.2830811, -122.3364658
48.2916246, -122.3371541
48.3012066, -122.3371576
48.3085172, -122.3371563
48.3190925, -122.3375295
48.329166, -122.3325762
48.3373133, -122.3349601
48.34607560000001, -122.3366838
48.3550766, -122.3365592
48.364071, -122.3364153
48.3730694, -122.3362353
48.3821991, -122.3353989
48.3910729, -122.3357173
48.4000816, -122.335515
48.4090761, -122.336782
48.4181282, -122.337415
48.4270793, -122.3371392
48.4360705, -122.337093
48.44596989999999, -122.3373644
48.4535576, -122.3371471
48.4630459, -122.3371582
48.47176779999999, -122.3371639
48.4817136, -122.3371607
48.49006199999999, -122.3356974
48.4991817, -122.3356913
48.5080912, -122.3370041
48.5169673, -122.3385998
48.5260774, -122.337162
48.53511289999999, -122.337708
48.5441606, -122.3386121
48.5526613, -122.33505
48.56197909999999, -122.337133
48.57077930000001, -122.3374137
48.5803065, -122.337165
48.58540929999999, -122.3335741
48.59543679999999, -122.3358411
48.6070376, -122.3347328
48.6160247, -122.3373375
48.62159219999999, -122.3365475
48.6353453, -122.329242
48.6440359, -122.3349878
48.6530785, -122.3352881
48.6615961, -122.3355551
48.666481, -122.333334
48.670492, -122.3292756
48.7023704, -122.3318655
48.703059, -122.3352615
48.70627320000001, -122.337144
48.71514699999999, -122.3366238
48.7241337, -122.3371432
48.72869619999999, -122.3414471
48.7454996, -122.3351333
48.7501319, -122.335174
48.7597623, -122.3364765
48.7700907, -122.3387644
48.7784433, -122.3362828
48.7894164, -122.337157
48.7983031, -122.3370221
48.8035422, -122.3388287
48.81513529999999, -122.3374887
48.82275010000001, -122.3362072
48.832012, -122.3368618
48.8404734, -122.3396556
48.8498423, -122.3397367
48.859086, -122.3373376
48.8675468, -122.3389645
48.8758615, -122.3427993
48.88383289999999, -122.32772
48.894761, -122.347521
48.9058309, -122.3346124
48.9130556, -122.339044
48.920798, -122.338522
48.9310895, -122.342374
48.940088, -122.3422492
48.9492438, -122.3371636
46.2133447, -122.3232339
46.2222444, -122.3225722
46.2310889, -122.3238275
46.2397679, -122.3251052
46.24946, -122.3234769
46.25670789999999, -122.3286418
46.26015899999999, -122.3301373
46.2945494, -122.3414832
46.303667, -122.3209429
46.3040956, -122.3221168
46.3115313, -122.3236174
46.3287247, -122.319684
46.3307434, -122.3225015
46.3418131, -122.3232467
46.34937, -122.321408
46.3567939, -122.3229809
46.3664345, -122.3244943
46.376441, -122.3223323
46.3845468, -122.3225652
46.3949082, -122.3239658
46.402289, -122.3237393
46.4108238, -122.3235862
46.4207601, -122.3234025
46.4291851, -122.3227784
46.4385527, -122.3239969
46.4466684, -122.3284044
46.4588218, -122.3231447
46.4647584, -122.3239233
46.4713599, -122.3294777
46.4737831, -122.3322376
46.492596, -122.308642
46.503923, -122.314576
46.5110524, -122.3200593
46.5239753, -122.327152
46.5298512, -122.3215568
46.5406732, -122.325044
46.5460802, -122.3234529
46.5485051, -122.3176261
46.5678321, -122.3178103
46.5737636, -122.3229228
46.5828578, -122.3258851
46.5879469, -122.3222073
46.6046209, -122.3117747
46.6105035, -122.3297621
46.6186918, -122.3255453
46.6275097, -122.3240408
46.6362049, -122.3234315
46.643959, -122.3217944
46.6506271, -122.3252385
46.6612112, -122.3219083
46.6723146, -122.3219118
46.6818009, -122.3227519
46.69184, -122.3264757
46.6988358, -122.3228727
46.7061576, -122.3193767
46.7177162, -122.3124252
46.7283984, -122.3299117
46.7340896, -122.3163529
46.74574459999999, -122.3257422
46.7535246, -122.3298065
46.76332499999999, -122.3252224
46.7690948, -122.323724
46.780252, -122.3257943
46.7888822, -122.3237659
46.8015761, -122.3295155
46.8079241, -122.3233377
46.818574, -122.3139666
46.8266319, -122.3205404
46.83374269999999, -122.3199395
46.8418039, -122.3187778
46.8495837, -122.3142443
46.864552, -122.32274
46.8700785, -122.3237306
46.8774178, -122.3233822
46.8876958, -122.3234648
46.89862919999999, -122.3236309
46.9056069, -122.3242298
46.9153233, -122.3234516
46.9245621, -122.3237715
46.9338728, -122.3210576
46.9422803, -122.3200046
46.9519331, -122.3209373
46.96012289999999, -122.3239184
46.9690747, -122.3239592
46.98027769999999, -122.3234676
46.983664, -122.32238
46.9957121, -122.3286648
47.0054639, -122.3224362
47.0152311, -122.3234186
47.021966, -122.322042
47.031612, -122.32511
47.0411272, -122.323451
47.0504959, -122.3244882
47.0590444, -122.3212426
47.0681877, -122.3234508
47.07678139999999, -122.3234625
47.086019, -122.3234508
47.0950745, -122.3232285
47.1041035, -122.3224569
47.113494, -122.323122
47.121676, -122.3234507
47.13114119999999, -122.3234514
47.1400786, -122.3235027
47.1490729, -122.322822
47.1582985, -122.3234673
47.165598, -122.325497
47.177215, -122.32349
47.1851368, -122.3234287
47.1942899, -122.3231236
47.202602, -122.3234346
47.2116802, -122.323428
47.22154159999999, -122.3229907
47.2306415, -122.3226871
47.2390745, -122.3234523
47.2480759, -122.3238501
47.2570116, -122.3235075
47.2659503, -122.3235945
47.2753113, -122.3234419
47.2835544, -122.321525
47.2932339, -122.3234507
47.3020183, -122.3234598
47.3109034, -122.3234079
47.3200786, -122.3233664
47.3290769, -122.3239778
47.337786, -122.32338
47.3472825, -122.3236731
47.35592889999999, -122.322894
47.36509969999999, -122.3234532
47.3739011, -122.3229867
47.3830703, -122.3234509
47.3922086, -122.323458
47.40108, -122.3237832
47.4088994, -122.3222021
47.4190835, -122.3229762
47.427702, -122.3234889
47.436457, -122.3234426
47.44519200000001, -122.3234514
47.4562287, -122.3234371
47.464079, -122.3234399
47.473079, -122.3234446
47.4820785, -122.3233661
47.4910783, -122.3232953
47.500077, -122.3231946
47.5090825, -122.3232596
47.5180782, -122.3232702
47.526892, -122.3234567
47.53608699999999, -122.3225537
47.5450555, -122.3228047
47.553706, -122.3240867
47.5630572, -122.3234524
47.572138, -122.3235435
47.58107870000001, -122.3234899
47.5903593, -122.3226787
47.5991533, -122.3234496
47.6080757, -122.323449
47.6170791, -122.3234274
47.62607939999999, -122.323551
47.6350908, -122.3235553
47.64407809999999, -122.3233473
47.6536739, -122.3235462
47.662079, -122.3234492
47.6708258, -122.3234568
47.6800248, -122.3234283
47.6890772, -122.3236486
47.6980808, -122.3230781
47.7070787, -122.3234876
47.7160786, -122.323497
47.7250792, -122.3235656
47.73405899999999, -122.3234526
47.7430746, -122.3237759
47.7522251, -122.3234492
47.7608633, -122.3234442
47.7703397, -122.3234398
47.7790844, -122.3234665
47.7881144, -122.3231911
47.7970815, -122.3239231
47.8060838, -122.3232277
47.8147714, -122.3224884
47.8243543, -122.3234463
47.8332105, -122.3234495
47.8418661, -122.3230037
47.8508952, -122.3234709
47.8624933, -122.323328
47.8690812, -122.3234199
47.8769084, -122.3234847
47.8870307, -122.3226368
47.8963067, -122.3229851
47.9049968, -122.3231031
47.9131414, -122.3194471
47.93463999999999, -122.3077616
47.9380241, -122.3083231
47.95571229999999, -122.3160837
47.9596199, -122.3227444
47.963527, -122.3294062
47.9667094, -122.3349094
48.0072809, -122.3131484
48.0095069, -122.3201105
48.01284750000001, -122.3235176
48.0206419, -122.3240049
48.0206509, -122.3240961
48.0539552, -122.2894865
48.0652892, -122.2964286
48.08090439999999, -122.3195412
48.0809789, -122.3197676
48.0849362, -122.3214103
48.093306, -122.3238916
48.102327, -122.3259271
48.109804, -122.3249803
48.1233365, -122.3234358
48.13007349999999, -122.3224149
48.1388492, -122.323446
48.14829779999999, -122.3228651
48.15696459999999, -122.323046
48.16656210000001, -122.32262
48.1723176, -122.3287702
48.1859228, -122.3243956
48.1940271, -122.3234292
48.2016283, -122.3234662
48.211834, -122.3219099
48.2195895, -122.323437
48.230163, -122.3225556
48.23785280000001, -122.3235985
48.2481096, -122.3234609
48.2560847, -122.3250025
48.2655379, -122.3234693
48.2737695, -122.3234026
48.28310370000001, -122.3255644
48.2921236, -122.3250432
48.3010993, -122.3245984
48.310987, -122.321526
48.3186607, -122.3248916
48.3281955, -122.3234445
48.3372885, -122.3234222
48.3421522, -122.3205656
48.3558554, -122.3234517
48.364075, -122.3236991
48.3730622, -122.3240257
48.382043, -122.3246238
48.39097049999999, -122.3240653
48.40043319999999, -122.3237496
48.4090754, -122.3230173
48.4183495, -122.3234624
48.4270798, -122.3230092
48.4357252, -122.323461
48.443752, -122.3225372
48.4538755, -122.3225569
48.463102, -122.3228363
48.47207969999999, -122.3232993
48.48101339999999, -122.3232759
48.48945630000001, -122.3246072
48.4929976, -122.3237348
48.5075068, -122.3234636
48.5150443, -122.3235163
48.5266587, -122.324042
48.5348899, -122.324182
48.54842170000001, -122.3145786
48.5556482, -122.3154219
48.5606806, -122.3235833
48.5710785, -122.3252307
48.58087310000001, -122.325578
48.5890907, -122.3232782
48.5977919, -122.3249787
48.6061434, -122.3197245
48.616707, -122.327452
48.6249799, -122.3232548
48.6361958, -122.3240094
48.64344269999999, -122.3221512
48.6520774, -122.3232122
48.66059449999999, -122.3233906
48.6700668, -122.3233743
48.6770984, -122.3186865
48.6889724, -122.314475
48.6992506, -122.3168212
48.7061442, -122.3230001
48.7150006, -122.3226444
48.7213535, -122.3251306
48.7358954, -122.3198172
48.74118499999999, -122.3247219
48.7508582, -122.3313232
48.7647005, -122.3266591
48.7658703, -122.3220311
48.7739595, -122.3249545
48.7902376, -122.325072
48.7976182, -122.3264209
48.8042969, -122.3204218
48.8157467, -122.3220903
48.8216865, -122.3214351
48.8326016, -122.3234614
48.8387185, -122.3235211
48.85086399999999, -122.326019
48.861476, -122.325529
48.8727956, -122.3210876
48.873192, -122.3218858
48.8860661, -122.3205977
48.8947702, -122.3234574
48.9056143, -122.3234302
48.9130709, -122.3207205
48.9220798, -122.3231721
48.9310775, -122.3231857
48.94002990000001, -122.3216119
48.9493, -122.3234536
46.2144039, -122.3129764
46.2224705, -122.3099882
46.2292297, -122.308058
46.2404713, -122.3101321
46.24450299999999, -122.3090544
46.26002159999999, -122.3005642
46.297129, -122.3035099
46.2975801, -122.3045641
46.3030559, -122.3096505
46.3117707, -122.3101778
46.3206339, -122.3085486
46.32685739999999, -122.312099
46.3372059, -122.3142548
46.34750289999999, -122.3106769
46.358079, -122.3093702
46.3662326, -122.3097206
46.3746443, -122.3106468
46.385886, -122.309594
46.39321530000001, -122.3093723
46.401991, -122.3084801
46.4109457, -122.3094518
46.4192836, -122.3105297
46.4299349, -122.3111797
46.4380997, -122.3085988
46.448364, -122.3058983
46.4551345, -122.3141506
46.464861, -122.3202027
46.4687534, -122.3229848
46.5010033, -122.3071544
46.5106063, -122.3093422
46.5132259, -122.306134
46.5282396, -122.3094975
46.5289732, -122.3104673
46.5467452, -122.3113531
46.55349589999999, -122.30965
46.5646625, -122.3086702
46.5728472, -122.3104704
46.5861668, -122.3110648
46.5865836, -122.3086359
46.6034949, -122.3084598
46.60523509999999, -122.3122126
46.6170543, -122.3101345
46.6285572, -122.3091568
46.6355045, -122.3078561
46.6453721, -122.3084144
46.6518702, -122.3079029
46.6617767, -122.3085052
46.6714677, -122.3095862
46.6812955, -122.3112135
46.6899723, -122.3103305
46.692407, -122.3069891
46.7104028, -122.3132884
46.7169367, -122.3116893
46.7247469, -122.311848
46.7364676, -122.3137946
46.74506909999999, -122.3106488
46.75178820000001, -122.3066758
46.762825, -122.3085909
46.7726266, -122.3099997
46.7769703, -122.3072414
46.7889037, -122.3182883
46.7996546, -122.3076367
46.8057346, -122.3056601
46.8162799, -122.3100439
46.8242708, -122.3109371
46.8342053, -122.3095633
46.8430937, -122.3098847
46.8527999, -122.3123821
46.8609945, -122.3099589
46.8734566, -122.3067534
46.8798402, -122.3092836
46.89012040000001, -122.3131728
46.897425, -122.3097388
46.9043968, -122.3171066
46.9127282, -122.3108111
46.92447629999999, -122.3100463
46.9323579, -122.3099212
46.9421885, -122.3113165
46.9507127, -122.3087288
46.9620572, -122.3098244
46.9690304, -122.3099279
46.9800903, -122.3096666
46.9856272, -122.3098577
46.995037, -122.309813
47.005164, -122.308105
47.0140743, -122.3095635
47.0224085, -122.3097638
47.0323871, -122.3097382
47.0409434, -122.3061674
47.0500812, -122.3095936
47.05826500000001, -122.310182
47.06773039999999, -122.3097575
47.0770717, -122.3094213
47.0860101, -122.3098057
47.09508599999999, -122.3095548
47.1041143, -122.309468
47.1129767, -122.3096104
47.122937, -122.308541
47.131614, -122.308835
47.14028649999999, -122.3097433
47.1491409, -122.3096756
47.1583763, -122.3096472
47.1670808, -122.3095101
47.1759492, -122.3103978
47.1853358, -122.3104845
47.1940797, -122.3096055
47.202821, -122.3098903
47.21347189999999, -122.3070797
47.2210659, -122.3097278
47.230081, -122.3100587
47.2392224, -122.3097432
47.2480758, -122.3095769
47.2573036, -122.3101417
47.2664571, -122.3097585
47.2753573, -122.3105682
47.28410419999999, -122.3098539
47.293232, -122.3097446
47.3021938, -122.310353
47.31088889999999, -122.3097408
47.3200595, -122.3091895
47.3296387, -122.3097431
47.338283, -122.3097441
47.3470697, -122.309948
47.3560453, -122.3097453
47.3647032, -122.3098061
47.3734996, -122.3100581
47.3827366, -122.3097544
47.39191719999999, -122.310247
47.4010738, -122.3098033
47.4083068, -122.3097764
47.4190724, -122.310526
47.4274062, -122.3079941
47.43467099999999, -122.3095921
47.44377619999999, -122.3017114
47.4551355, -122.3039703
47.4667392, -122.3097274
47.4723531, -122.3097336
47.4813919, -122.3097224
47.49108, -122.3094171
47.4993497, -122.3093312
47.5090808, -122.3098596
47.5177934, -122.3096611
47.5263341, -122.3115547
47.5344932, -122.3118074
47.5445388, -122.3107422
47.5540794, -122.3098705
47.5630861, -122.3097618
47.572077, -122.3096362
47.5810059, -122.3097456
47.5900834, -122.3097412
47.5992338, -122.3097469
47.60802750000001, -122.3097456
47.6170784, -122.3095027
47.6260802, -122.3099796
47.6350945, -122.3090071
47.6432855, -122.3095438
47.65284279999999, -122.3101718
47.6620785, -122.3097093
47.6710782, -122.3096219
47.6800785, -122.3098592
47.6890809, -122.3097917
47.6980813, -122.3094536
47.70707729999999, -122.3099479
47.71607729999999, -122.3098681
47.7250774, -122.3090819
47.7339199, -122.3097509
47.7431749, -122.3096901
47.75205800000001, -122.3097456
47.7608438, -122.3101566
47.7697179, -122.3100809
47.7790812, -122.3097396
47.7880875, -122.309902
47.7970802, -122.3094145
47.8066592, -122.3095031
47.8147556, -122.309748
47.8240773, -122.3096122
47.83321369999999, -122.3099436
47.84228239999999, -122.3096468
47.8503524, -122.3110068
47.8596813, -122.3097118
47.8688887, -122.3097572
47.8783067, -122.311729
47.887086, -122.3097337
47.8961154, -122.3096811
47.9040458, -122.3089179
47.9140666, -122.3095726
47.92228979999999, -122.3114648
47.9326423, -122.3061815
47.9413697, -122.3070648
47.9514078, -122.3083425
47.9550705, -122.3149897
47.9589788, -122.3216516
47.9628868, -122.3283146
48.0063245, -122.3082928
48.0120595, -122.3130977
48.0152228, -122.3177916
48.020598, -122.3239017
48.0523025, -122.2884632
48.0638094, -122.2951091
48.0700948, -122.2992302
48.08175689999999, -122.3162335
48.0851699, -122.3095965
48.0916439, -122.3130792
48.1026259, -122.3137222
48.1163225, -122.3081974
48.12094399999999, -122.3105671
48.1305772, -122.3097387
48.1390969, -122.3088568
48.1479602, -122.3096943
48.1570669, -122.3097863
48.1647739, -122.3115192
48.1749155, -122.3024109
48.184566, -122.3090581
48.1913846, -122.3102017
48.2020861, -122.3097584
48.2109483, -122.3093826
48.2175456, -122.3052958
48.2290185, -122.309716
48.2372693, -122.3097657
48.2476336, -122.3097456
48.2552582, -122.3105473
48.2685794, -122.3095454
48.2740217, -122.3097822
48.28350589999999, -122.3108652
48.2914181, -122.3096401
48.3013783, -122.3091687
48.3084748, -122.3097177
48.3200763, -122.3053691
48.32616710000001, -122.3111826
48.3371485, -122.3128802
48.3460936, -122.3088856
48.3560685, -122.3114576
48.3651202, -122.3077815
48.3729667, -122.3088777
48.3822196, -122.3068633
48.39106590000001, -122.3132323
48.39782959999999, -122.308676
48.40928580000001, -122.3105443
48.4177034, -122.309752
48.4269452, -122.3097468
48.4356021, -122.3097478
48.445089, -122.3097408
48.4572533, -122.3097667
48.463577, -122.3132851
48.47208089999999, -122.3095439
48.4803506, -122.309901
48.490049, -122.3080537
48.4990426, -122.3075905
48.5074298, -122.3097274
48.514793, -122.3096981
48.5256594, -122.3095404
48.5351626, -122.3094659
48.5442323, -122.3122152
48.5502893, -122.3083626
48.5609683, -122.3106646
48.5711638, -122.3094724
48.5821009, -122.3162288
48.5895428, -122.3113696
48.598046, -122.3044168
48.6081936, -122.3181756
48.6163632, -122.3178977
48.6275419, -122.3137267
48.6333571, -122.3109402
48.6450711, -122.3107852
48.6487833, -122.3052729
48.6627225, -122.3136125
48.6701016, -122.3075024
48.6789847, -122.3096396
48.6903473, -122.3122509
48.6969857, -122.3140042
48.70794309999999, -122.3143188
48.7150802, -122.3153393
48.7276585, -122.3095337
48.7326184, -122.3100485
48.7387204, -122.3221525
48.7655581, -122.3104182
48.7686717, -122.3106922
48.7884891, -122.301967
48.7901695, -122.3003968
48.8074209, -122.3140605
48.8112732, -122.3072654
48.8228137, -122.3091915
48.8323691, -122.3097335
48.841068, -122.3109976
48.8495102, -122.3118548
48.8627912, -122.3044137
48.8680785, -122.3097107
48.8770785, -122.3095613
48.8837212, -122.3097639
48.89461, -122.309602
48.9041753, -122.3114155
48.91314269999999, -122.3041962
48.9202007, -122.3097277
48.9309878, -122.3094106
48.9402094, -122.3097866
48.94893260000001, -122.3093209
46.2217663, -122.2982791
46.2226228, -122.2970516
46.23040719999999, -122.2947353
46.2419594, -122.293769
46.2499182, -122.2975289
46.2578501, -122.296012
46.25987629999999, -122.2999939
46.2969763, -122.2994246
46.30344119999999, -122.2952971
46.31204, -122.2975406
46.3210241, -122.2946289
46.3302504, -122.2950939
46.3388569, -122.2946106
46.348057, -122.2952375
46.356099, -122.293718
46.3661802, -122.2956541
46.3740349, -122.2956008
46.3848946, -122.2965245
46.3935264, -122.2947369
46.4035727, -122.2968387
46.4109208, -122.2963274
46.4196559, -122.2932939
46.429311, -122.298445
46.4375317, -122.2977064
46.4465429, -122.2955385
46.4567608, -122.3015807
46.4587721, -122.3018322
46.4898613, -122.2950343
46.4919455, -122.2961071
46.4968267, -122.2957531
46.51954870000001, -122.2955495
46.52626069999999, -122.298186
46.5275484, -122.3016893
46.5516359, -122.30176
46.55449040000001, -122.2960624
46.5642138, -122.2960419
46.5675983, -122.2965913
46.5847252, -122.2964208
46.588382, -122.2912162
46.6001276, -122.2961147
46.6135565, -122.2947962
46.6158195, -122.2978329
46.6247529, -122.2964708
46.6381838, -122.2987157
46.6447897, -122.2974501
46.6551912, -122.2924791
46.6632905, -122.296983
46.6720643, -122.2960219
46.68116879999999, -122.2967178
46.6899771, -122.2995165
46.69273460000001, -122.3053114
46.7107679, -122.3130656
46.7193091, -122.3109595
46.7242697, -122.3113208
46.743043, -122.290605
46.74476800000001, -122.2957277
46.75313060000001, -122.2958775
46.7581384, -122.3021369
46.7721542, -122.2915601
46.7757162, -122.2983404
46.791968, -122.296228
46.79929, -122.2960587
46.8076981, -122.2954395
46.81548919999999, -122.2952154
46.8233225, -122.2952134
46.8339791, -122.2963173
46.840677, -122.293794
46.85209, -122.2960448
46.860456, -122.298748
46.8722327, -122.2964451
46.8781092, -122.2944434
46.8893003, -122.2966281
46.8970723, -122.297738
46.90608650000001, -122.2977917
46.914743, -122.295145
46.92407679999999, -122.2952749
46.932121, -122.294497
46.939041, -122.295517
46.9512227, -122.2957885
46.96004929999999, -122.2975464
46.9692173, -122.2977813
46.9780643, -122.2979219
46.9873453, -122.2960578
46.9960973, -122.2955926
47.0050738, -122.2962657
47.0140809, -122.2963877
47.0230808, -122.2961958
47.0320777, -122.2959472
47.0410683, -122.2954737
47.0500464, -122.2949203
47.058515, -122.2961314
47.0680444, -122.2946609
47.0774543, -122.2963581
47.0863851, -122.296037
47.0950597, -122.2935818
47.1040807, -122.2963002
47.112668, -122.2959353
47.12153319999999, -122.2960396
47.1325032, -122.296121
47.1402447, -122.2960355
47.1493269, -122.2960359
47.1585362, -122.295626
47.16704980000001, -122.2963701
47.1760789, -122.2966897
47.1850768, -122.2962952
47.1941078, -122.2960268
47.203514, -122.2952685
47.2122654, -122.2960368
47.2211274, -122.2960759
47.2300856, -122.2966571
47.2390689, -122.2939419
47.2480762, -122.2954737
47.2570365, -122.2971606
47.2660804, -122.2967052
47.27529089999999, -122.294959
47.2842073, -122.296097
47.2931804, -122.2960291
47.3020577, -122.2961823
47.3110754, -122.2959885
47.3200337, -122.2957895
47.3291646, -122.295443
47.3381407, -122.2961194
47.3470787, -122.2959484
47.3560776, -122.2963424
47.3649552, -122.2949556
47.374084, -122.2956134
47.3829, -122.2960365
47.3921599, -122.2960342
47.4009408, -122.2960447
47.4100741, -122.2965561
47.419083, -122.2960385
47.428066, -122.2957629
47.43708729999999, -122.2957768
47.446072, -122.2962301
47.455079, -122.2960415
47.4639235, -122.2961091
47.4730845, -122.295691
47.4824264, -122.2960428
47.4911229, -122.2958714
47.4999473, -122.2961291
47.5092949, -122.2956942
47.51816669999999, -122.2958079
47.5272686, -122.2951764
47.5360473, -122.2961135
47.54507710000001, -122.2958118
47.5541331, -122.2956037
47.5630479, -122.2961584
47.5721181, -122.2959238
47.58099410000001, -122.2960413
47.5901226, -122.2960378
47.5992159, -122.2960352
47.6079997, -122.2960402
47.6170795, -122.2961346
47.625893, -122.2960398
47.6345791, -122.2980142
47.64509959999999, -122.2962558
47.6520787, -122.29865
47.6620883, -122.2956619
47.6710785, -122.2962036
47.680081, -122.2957906
47.6890794, -122.2960017
47.6980792, -122.2960268
47.7070865, -122.2961608
47.7160776, -122.2959588
47.7250968, -122.2960385
47.73378109999999, -122.2960427
47.7428134, -122.2960404
47.7520961, -122.2959037
47.7611072, -122.2960303
47.7700967, -122.2960379
47.7788163, -122.2959739
47.788079, -122.296011
47.7968918, -122.2960181
47.8064682, -122.2960323
47.8150796, -122.296067
47.8237792, -122.2960568
47.8331726, -122.2960376
47.842366, -122.2967981
47.8510563, -122.2963795
47.8600789, -122.2960878
47.869069, -122.296047
47.8781166, -122.2961666
47.88707549999999, -122.2960588
47.8960833, -122.2960406
47.9051826, -122.2960683
47.9140502, -122.2960914
47.9230875, -122.2953596
47.9320607, -122.2960403
47.94093729999999, -122.2960342
47.9504129, -122.2962381
47.9518894, -122.2912366
47.9521044, -122.2903328
47.9583401, -122.3205627
48.0089432, -122.3091257
48.01209160000001, -122.3131202
48.0191466, -122.3223138
48.0625252, -122.2938279
48.0671746, -122.2960359
48.0757422, -122.2974628
48.0823043, -122.301293
48.0917442, -122.2803093
48.1101783, -122.2899687
48.112075, -122.2919329
48.1210842, -122.2931128
48.1296658, -122.2983007
48.1409779, -122.2929004
48.147185, -122.3002044
48.1558061, -122.2960695
48.1666085, -122.2960246
48.1738065, -122.2960685
48.1834857, -122.293512
48.1930758, -122.2989878
48.2020829, -122.2962596
48.2114972, -122.2969707
48.2200812, -122.2971597
48.2290818, -122.2970851
48.2391485, -122.2960069
48.246457, -122.2976839
48.2566043, -122.2959337
48.26522689999999, -122.295421
48.2738254, -122.2947253
48.2857428, -122.2908722
48.2917744, -122.2966208
48.3010779, -122.2919924
48.3085465, -122.2960447
48.3193333, -122.2960454
48.3322545, -122.2915943
48.3371416, -122.2959953
48.3447806, -122.2955659
48.3479296, -122.2915084
48.367099, -122.3012073
48.3733195, -122.2945432
48.38070889999999, -122.2949885
48.3941392, -122.3013395
48.3982221, -122.2962821
48.4089178, -122.2962999
48.4182954, -122.2961377
48.42697219999999, -122.2960408
48.43607739999999, -122.2959867
48.4442333, -122.2965296
48.4537262, -122.2960264
48.4630751, -122.2973939
48.4681581, -122.2959924
48.4824486, -122.2960641
48.49054030000001, -122.2960188
48.4964635, -122.2958502
48.5074506, -122.2960341
48.5183753, -122.296013
48.5293341, -122.2961438
48.53478, -122.2960519
48.5422873, -122.2942693
48.5529841, -122.2954382
48.5635112, -122.2941442
48.5717651, -122.2949562
48.5792602, -122.2948786
48.5897187, -122.2950734
48.5996539, -122.2967848
48.6069245, -122.2964142
48.6157308, -122.2955887
48.6207814, -122.2886234
48.63715999999999, -122.3088046
48.6457595, -122.3012052
48.6528848, -122.2966022
48.6608874, -122.2915648
48.6690621, -122.2959454
48.6783122, -122.2968194
48.68699400000001, -122.285265
48.69622100000001, -122.3138903
48.708577, -122.3139154
48.72457730000001, -122.2913244
48.7254951, -122.2922945
48.7302075, -122.2986489
48.7302234, -122.298775
48.7544581, -122.2769307
48.7659247, -122.3097889
48.766542, -122.3098401
48.7756765, -122.2856977
48.7882048, -122.2981725
48.7954072, -122.2944267
48.8050668, -122.296052
48.8126559, -122.2977884
48.823989, -122.300956
48.8322671, -122.2960421
48.8408251, -122.2955856
48.848696, -122.294102
48.85834999999999, -122.2960559
48.8680378, -122.2934045
48.8770575, -122.2931444
48.8836773, -122.2960739
48.894765, -122.293844
48.9055362, -122.2960354
48.9092704, -122.290739
48.9202953, -122.2961394
48.9316379, -122.2966902
48.9420039, -122.2960425
48.9492887, -122.2960375
46.2220491, -122.297638
46.2248174, -122.2943219
46.2343023, -122.2864821
46.2376821, -122.286747
46.2502568, -122.2973049
46.25799629999999, -122.2949623
46.2581346, -122.2950498
46.286849, -122.2697955
46.2886575, -122.2721652
46.2946227, -122.2756234
46.30344890000001, -122.2797783
46.311826, -122.282317
46.321436, -122.2815463
46.3300533, -122.2793469
46.3389774, -122.2812583
46.3481832, -122.2822402
46.3572535, -122.2822749
46.3654851, -122.2842769
46.3734164, -122.283175
46.3847854, -122.2820307
46.3938555, -122.2863471
46.4023038, -122.2810442
46.4123035, -122.2822034
46.4193139, -122.2823199
46.4299445, -122.2823014
46.43803560000001, -122.282444
46.4471526, -122.2804412
46.4498931, -122.2797064
46.4585273, -122.3014948
46.4860528, -122.2708447
46.4887728, -122.2765298
46.492205, -122.2810049
46.4991699, -122.2842005
46.5104969, -122.2761375
46.51193989999999, -122.276171
46.5238167, -122.2945627
46.5484934, -122.2677036
46.552895, -122.2822213
46.554671, -122.2823752
46.56373, -122.283478
46.5718114, -122.2811245
46.5854238, -122.2813649
46.590902, -122.2823024
46.6027343, -122.2815438
46.60819799999999, -122.2784296
46.6213436, -122.2842817
46.6268052, -122.282681
46.636221, -122.2833261
46.6453145, -122.2820927
46.6543936, -122.2832267
46.6622244, -122.2816329
46.6721118, -122.2825308
46.6812926, -122.2806583
46.6813319, -122.280669
46.6991446, -122.2651328
46.7081443, -122.2652044
46.724446, -122.270547
46.726112, -122.271944
46.7408881, -122.2832643
46.743322, -122.284721
46.7505161, -122.2836012
46.7582013, -122.2849671
46.768994, -122.2832723
46.7801413, -122.2821862
46.7890915, -122.2823089
46.8002921, -122.2832393
46.810107, -122.281072
46.813633, -122.282476
46.8267496, -122.2814977
46.8337113, -122.2814188
46.8410391, -122.2802155
46.8529735, -122.2825871
46.8620208, -122.2807657
46.8686601, -122.2810637
46.87918150000001, -122.2826123
46.8877516, -122.282142
46.89722640000001, -122.2839579
46.90582879999999, -122.2819323
46.913981, -122.28174
46.9244133, -122.2828697
46.9330831, -122.2823142
46.9421877, -122.2821185
46.95153490000001, -122.2762164
46.9619016, -122.2823035
46.96935, -122.2820471
46.9804775, -122.2848046
46.9870764, -122.2822962
46.9947399, -122.2824616
47.0053144, -122.2817573
47.0141073, -122.2857779
47.02209269999999, -122.2834964
47.0309923, -122.2823751
47.0401529, -122.2823665
47.050124, -122.281975
47.059191, -122.281865
47.0680932, -122.2826788
47.077144, -122.281259
47.0876932, -122.2791798
47.095088, -122.283151
47.1040817, -122.2827217
47.1130809, -122.2826016
47.1220791, -122.2824999
47.1310808, -122.2817098
47.1401062, -122.2823306
47.14907909999999, -122.2823491
47.1580818, -122.2821126
47.1670771, -122.282312
47.1758861, -122.2823277
47.1850962, -122.2829165
47.1940812, -122.2823998
47.20311969999999, -122.2823193
47.2121058, -122.2822199
47.2216227, -122.2823182
47.2301206, -122.2831962
47.2390743, -122.2822263
47.24775409999999, -122.282021
47.2570843, -122.2821765
47.2660622, -122.2832395
47.2737089, -122.2808556
47.2840797, -122.2816773
47.2929092, -122.2822028
47.3021061, -122.2824712
47.3110188, -122.2826663
47.3209207, -122.2834494
47.3287972, -122.2823603
47.3380888, -122.2823348
47.347029, -122.281836
47.3560949, -122.2812272
47.3654219, -122.2823604
47.3739287, -122.2824064
47.382425, -122.280686
47.39126479999999, -122.2823932
47.400814, -122.2822927
47.41007889999999, -122.2814035
47.4187143, -122.2811728
47.4294284, -122.2843277
47.4370727, -122.2816068
47.44617849999999, -122.2823302
47.4552947, -122.2819904
47.46441, -122.282471
47.47328359999999, -122.2827858
47.4816625, -122.2831771
47.4911152, -122.281861
47.5005396, -122.2822542
47.5090717, -122.2823529
47.5180926, -122.2822186
47.5269324, -122.2823876
47.5360906, -122.2824038
47.5452998, -122.2823247
47.5539901, -122.2823318
47.5628506, -122.2823291
47.57207409999999, -122.2824016
47.5804798, -122.2844921
47.59015540000001, -122.2823276
47.59910439999999, -122.2860047
47.6081446, -122.2830097
47.617081, -122.2825567
47.6262888, -122.2825668
47.6350776, -122.2819998
47.6443283, -122.2822945
47.6538433, -122.2806729
47.6612865, -122.2823313
47.6710799, -122.2821582
47.6800716, -122.2828674
47.6890788, -122.2823445
47.6980723, -122.2827088
47.7071336, -122.2820745
47.716223, -122.2819936
47.7251126, -122.2825429
47.7330993, -122.2839459
47.7432971, -122.2844424
47.7518351, -122.2823453
47.760324, -122.282836
47.77033960000001, -122.2822744
47.7798007, -122.2822567
47.7880896, -122.2821115
47.7970666, -122.2824664
47.8071329, -122.2822424
47.815169, -122.2823306
47.8237719, -122.282318
47.8330826, -122.282331
47.8421621, -122.2823334
47.8509621, -122.2823235
47.8608053, -122.2826393
47.8703026, -122.280927
47.8779699, -122.2820418
47.88687669999999, -122.2821901
47.8965136, -122.2825563
47.90577380000001, -122.2776144
47.914274, -122.2768771
47.9236358, -122.2814955
47.9320756, -122.2828969
47.9410791, -122.2823209
47.9505117, -122.2821952
47.9546299, -122.2797095
47.9551143, -122.2778175
47.95548549999999, -122.2752817
48.00640629999999, -122.3082647
48.0089171, -122.3091146
48.00896969999999, -122.3091474
48.0484605, -122.2744347
48.0488104, -122.2756749
48.0508137, -122.2797917
48.0592379, -122.276389
48.0670783, -122.2812567
48.0733206, -122.282596
48.0885171, -122.277305
48.0926795, -122.2794726
48.110137, -122.2824878
48.1101389, -122.2822887
48.12098410000001, -122.2820008
48.1312335, -122.2804284
48.1390581, -122.2815093
48.148092, -122.2822796
48.15708189999999, -122.2824714
48.1665435, -122.2823319
48.1738095, -122.2861477
48.1846161, -122.2823257
48.1916658, -122.2823416
48.2020762, -122.2826668
48.2110802, -122.2811442
48.2200794, -122.2807957
48.2292675, -122.2821623
48.2389896, -122.2823183
48.247602, -122.2823069
48.2561087, -122.2821735
48.2662614, -122.2811807
48.2736986, -122.282342
48.2830856, -122.2809386
48.2910815, -122.2816693
48.3008967, -122.2824606
48.3084453, -122.2823468
48.3192539, -122.2823246
48.3315154, -122.2852377
48.3373267, -122.2818635
48.3457146, -122.2863015
48.3635189, -122.2800244
48.3642676, -122.2822376
48.37307209999999, -122.2845132
48.3788675, -122.2835069
48.3911247, -122.2810466
48.3968997, -122.2849585
48.40892059999999, -122.2819351
48.4180222, -122.2823875
48.4264774, -122.2825044
48.4352853, -122.2826565
48.4428424, -122.286182
48.4541088, -122.2838912
48.4654639, -122.2837651
48.46799679999999, -122.2824203
48.4784213, -122.2801075
48.49008560000001, -122.2830839
48.498, -122.2826998
48.5074657, -122.2823325
48.5170624, -122.2801829
48.5260507, -122.2800213
48.53648099999999, -122.2792926
48.5413402, -122.2921958
48.5533465, -122.2814652
48.5613191, -122.2909822
48.5714147, -122.2869829
48.5832072, -122.2816474
48.5849179, -122.2831645
48.6003161, -122.2865168
48.60277749999999, -122.2900634
48.6189903, -122.2888707
48.625054, -122.2835825
48.6335569, -122.2814727
48.6430912, -122.2800209
48.6583524, -122.2834302
48.6592539, -122.2846031
48.6702082, -122.281676
48.6812179, -122.2771414
48.6866298, -122.2841453
48.7089857, -122.2732718
48.7143759, -122.2718262
48.72312059999999, -122.2823495
48.7258276, -122.2896037
48.75434689999999, -122.2766204
48.7568687, -122.2763019
48.7720858, -122.2747742
48.7754322, -122.2831386
48.7874332, -122.2777431
48.7966582, -122.2766463
48.8086273, -122.2822209
48.81001089999999, -122.2804486
48.8264331, -122.2788472
48.832263, -122.2823166
48.8435644, -122.2822874
48.8500486, -122.2829674
48.8570579, -122.2794964
48.8729479, -122.286345
48.8792586, -122.2816876
48.88608019999999, -122.2824523
48.8944649, -122.28233
48.9022448, -122.2832785
48.9155719, -122.2814602
48.9202337, -122.2823116
48.9311243, -122.2877246
48.9400767, -122.2819649
48.94928849999999, -122.2823304
46.2244416, -122.2946111
46.2320259, -122.2887873
46.2349664, -122.2861374
46.2368846, -122.2858172
46.2376926, -122.2867589
46.2830683, -122.2595811
46.283335, -122.2602564
46.2864738, -122.2684285
46.2921661, -122.2661671
46.30177579999999, -122.26744
46.3120053, -122.2688311
46.32315089999999, -122.262136
46.3309829, -122.259443
46.3411499, -122.2605673
46.3489646, -122.2696982
46.3567317, -122.2697594
46.36762, -122.2686159
46.3767236, -122.269856
46.3849212, -122.2694941
46.3937252, -122.2692471
46.4021371, -122.2686768
46.411274, -122.2697708
46.4191862, -122.265892
46.4295538, -122.2699766
46.437244, -122.2667224
46.4467532, -122.264808
46.4854637, -122.2687553
46.49340919999999, -122.2677786
46.5021274, -122.2674152
46.5068737, -122.2718966
46.537342, -122.2508481
46.5427078, -122.2606905
46.5477419, -122.2664691
46.5550062, -122.2710945
46.56437709999999, -122.2688891
46.5712874, -122.2656029
46.5816855, -122.2690864
46.5903451, -122.2730178
46.5990577, -122.2744902
46.6089799, -122.2684478
46.6157387, -122.2667938
46.6244433, -122.2688581
46.6353811, -122.2690692
46.64665859999999, -122.2683074
46.6529059, -122.2711452
46.663565, -122.2726279
46.67465989999999, -122.267933
46.6791356, -122.2642845
46.6922125, -122.2617303
46.6990921, -122.2651324
46.7080918, -122.265204
46.7170916, -122.2652756
46.7266541, -122.2690417
46.7350004, -122.2682616
46.7394124, -122.2722341
46.7541084, -122.2607829
46.76326880000001, -122.2686525
46.772609, -122.266873
46.779441, -122.266403
46.7887029, -122.2705545
46.7980207, -122.2684624
46.806811, -122.2665998
46.8157086, -122.2684931
46.827578, -122.266338
46.8462615, -122.2652633
46.8520309, -122.2685492
46.86081, -122.266748
46.8704019, -122.2686205
46.8799925, -122.2686148
46.8888397, -122.2690795
46.8923055, -122.2681083
46.905401, -122.267971
46.914431, -122.276541
46.9256948, -122.2686806
46.9338303, -122.2686504
46.9408153, -122.2701178
46.950985, -122.270936
46.9601291, -122.2686252
46.9693326, -122.2699397
46.978117, -122.264639
46.9891514, -122.2715243
46.9960596, -122.269361
47.0050755, -122.2698319
47.0141239, -122.2697702
47.023634, -122.269701
47.0320897, -122.2693301
47.04108590000001, -122.2689968
47.051299, -122.271008
47.0591138, -122.2686264
47.068875, -122.268759
47.0770901, -122.2679163
47.0868303, -122.2729857
47.0939209, -122.269666
47.1036663, -122.268645
47.11301049999999, -122.2686293
47.1219331, -122.2686272
47.1310708, -122.2665266
47.140395, -122.26831
47.149088, -122.2686249
47.1581211, -122.2683658
47.1669636, -122.2686235
47.1760856, -122.2668951
47.1852373, -122.2685186
47.1939991, -122.2691252
47.203177, -122.26984
47.2120803, -122.2685486
47.2217423, -122.2686596
47.23019370000001, -122.2686236
47.2384408, -122.2686289
47.2480775, -122.2685825
47.257284, -122.2686802
47.265158, -122.2686871
47.2753032, -122.2686229
47.2836959, -122.2680706
47.293076, -122.2685745
47.3022939, -122.270539
47.31151089999999, -122.268707
47.3200776, -122.2683643
47.32886620000001, -122.2686183
47.3392038, -122.2694329
47.346864, -122.2686221
47.35606869999999, -122.268672
47.3650796, -122.2688992
47.3756052, -122.2678345
47.3817737, -122.2701426
47.391748, -122.26848
47.4007944, -122.2683951
47.4102348, -122.2687924
47.41939010000001, -122.2686327
47.4282014, -122.2689023
47.4371321, -122.269121
47.445958, -122.2676597
47.4542338, -122.2686333
47.4641155, -122.2686238
47.4730357, -122.2689499
47.4820253, -122.2686903
47.4908977, -122.2690656
47.499876, -122.2687344
47.5087981, -122.2686173
47.5181218, -122.2684532
47.5270703, -122.268613
47.5369803, -122.268621
47.5452197, -122.2679493
47.5541096, -122.2686251
47.563106, -122.2685629
47.5677846, -122.270137
47.5895266, -122.268206
47.5899633, -122.2686304
47.5899727, -122.2690614
47.6082419, -122.2829925
47.6164504, -122.2803804
47.6286322, -122.2791812
47.6368975, -122.2762651
47.6423785, -122.2691893
47.6558877, -122.2720882
47.6620787, -122.2687573
47.6710775, -122.2688391
47.6800767, -122.2689467
47.6890219, -122.2689451
47.6988985, -122.2731367
47.7070879, -122.2752703
47.7145574, -122.2776165
47.7261939, -122.261792
47.737057, -122.2652774
47.7422727, -122.2631797
47.7551308, -122.2725799
47.7610782, -122.2686524
47.7702441, -122.2686238
47.7793624, -122.2686305
47.7881016, -122.2686545
47.7964585, -122.268648
47.8066483, -122.2699849
47.81494130000001, -122.2688431
47.8240731, -122.2690332
47.8330724, -122.2686911
47.841921, -122.2683681
47.8518216, -122.2686153
47.8602502, -122.2686086
47.8690803, -122.2685532
47.8781855, -122.268878
47.8870117, -122.2686241
47.8958543, -122.2682631
47.9047695, -122.268631
47.9133868, -122.2687141
47.9226572, -122.268613
47.9320779, -122.2686991
47.9404653, -122.2672942
47.9495435, -122.2686231
47.9556558, -122.2679785
47.9567188, -122.2618251
47.9844344, -122.2285329
48.0350857, -122.2467569
48.0363786, -122.2491627
48.0397414, -122.2539699
48.0467734, -122.268131
48.0489907, -122.26928
48.0586197, -122.26762
48.0670745, -122.2677045
48.0760116, -122.268403
48.08416709999999, -122.2724878
48.0940307, -122.2779899
48.1101407, -122.2705814
48.1130624, -122.2698225
48.121306, -122.2678488
48.1300843, -122.2679059
48.1391904, -122.2687784
48.14792449999999, -122.2681903
48.15709, -122.2686246
48.1664852, -122.2686213
48.1737618, -122.268637
48.1839916, -122.2641062
48.1929649, -122.2689406
48.1993058, -122.268563
48.2110869, -122.2699362
48.2200826, -122.2698329
48.2284094, -122.268657
48.2380806, -122.2697869
48.24641339999999, -122.2686442
48.2554125, -122.2686771
48.2651121, -122.2685525
48.272614, -122.2720555
48.2836445, -122.2718747
48.2903467, -122.2690812
48.3009908, -122.2756172
48.3109713, -122.2704787
48.3193045, -122.2753776
48.3295485, -122.2683709
48.3375693, -122.2654996
48.3427003, -122.2717958
48.3591794, -122.265243
48.36474980000001, -122.2684796
48.3724988, -122.2663958
48.3817067, -122.2689078
48.3935301, -122.2680218
48.4009765, -122.2712857
48.409065, -122.2670909
48.4180552, -122.2669178
48.426966, -122.2685948
48.4361551, -122.2644063
48.4495875, -122.2642196
48.4536243, -122.2686476
48.4643674, -122.2685956
48.4679081, -122.2735611
48.4808516, -122.2746863
48.4900723, -122.2749207
48.4990731, -122.269235
48.5074532, -122.2686138
48.517079, -122.2692738
48.5260855, -122.2691663
48.5349996, -122.2707917
48.5487447, -122.2655388
48.554562, -122.2684842
48.55847319999999, -122.2681987
48.5684629, -122.2594358
48.5828455, -122.268589
48.58826060000001, -122.2604702
48.5934548, -122.2581962
48.6153425, -122.265655
48.6166133, -122.2669901
48.6239535, -122.2682878
48.63585279999999, -122.2696544
48.64263080000001, -122.2673401
48.64457549999999, -122.2657494
48.6684888, -122.2745687
48.6708949, -122.2695416
48.6779836, -122.2711869
48.68363129999999, -122.2781482
48.7012841, -122.2575485
48.7067751, -122.2674831
48.7152576, -122.2715867
48.7203063, -122.2733141
48.722803, -122.2762091
48.74471279999999, -122.2581968
48.7508564, -122.2641734
48.7600152, -122.2691557
48.76862, -122.270096
48.7765997, -122.2664009
48.7870819, -122.2685674
48.7945202, -122.2668761
48.8057728, -122.2683527
48.8109741, -122.2696196
48.8243549, -122.2671636
48.832612, -122.269764
48.8407804, -122.2694072
48.848836, -122.269767
48.8573254, -122.2748618
48.89442, -122.270117
48.9010926, -122.2754676
48.91333359999999, -122.2767103
48.92187939999999, -122.268651
48.9291118, -122.2641458
48.9400527, -122.271036
48.94953599999999, -122.269183
46.2343555, -122.2864367
46.2351348, -122.2860738
46.2367651, -122.2857708
46.2370484, -122.2859304
46.2829743, -122.2585413
46.2829802, -122.2584716
46.2830488, -122.2580409
46.2849046, -122.2547728
46.2906537, -122.2652122
46.3040477, -122.2626428
46.3130282, -122.2547232
46.3211715, -122.2510381
46.3299654, -122.2547845
46.339198, -122.2547637
46.3473743, -122.2574672
46.3582939, -122.2531171
46.3655939, -122.2544847
46.3763259, -122.254796
46.3821558, -122.2534281
46.393063, -122.254872
46.4013843, -122.255203
46.4109016, -122.254357
46.4178804, -122.2562899
46.4294164, -122.2539713
46.4385124, -122.2560055
46.4486111, -122.2567169
46.44923439999999, -122.2546319
46.45797169999999, -122.2348742
46.4810409, -122.2466634
46.4852492, -122.2565112
46.4936549, -122.2493951
46.4981915, -122.257688
46.50065, -122.2630905
46.531939, -122.2435064
46.5334308, -122.2464924
46.5385223, -122.2521475
46.5415375, -122.2572469
46.55469249999999, -122.2575694
46.5684749, -122.2644701
46.57502909999999, -122.255692
46.58248769999999, -122.2596104
46.5873049, -122.2513124
46.5964591, -122.240116
46.6122309, -122.2519941
46.617984, -122.2537771
46.6266162, -122.25847
46.6352807, -122.2625009
46.64408539999999, -122.2550981
46.6537995, -122.2563285
46.6628264, -122.2545797
46.6734567, -122.2509156
46.6811557, -122.2554591
46.6896712, -122.2569538
46.6990564, -122.2549258
46.70804099999999, -122.2652035
46.7170407, -122.2652751
46.7313284, -122.2466582
46.7359366, -122.2508811
46.7451273, -122.2523664
46.7513756, -122.2582583
46.7601463, -122.2555781
46.773717, -122.258131
46.778081, -122.255117
46.7871434, -122.2572477
46.796385, -122.255099
46.8065192, -122.2549131
46.8170337, -122.2536979
46.8252674, -122.2551732
46.8339006, -122.2512804
46.8461592, -122.2577781
46.852135, -122.25503
46.8599457, -122.2528435
46.8700024, -122.2545532
46.8816919, -122.2550787
46.8841177, -122.2527924
46.892921, -122.261226
46.9116533, -122.2606798
46.9152044, -122.2578611
46.9264939, -122.254382
46.9298797, -122.252638
46.9424317, -122.2561972
46.9531679, -122.2577217
46.96048829999999, -122.2551106
46.9679353, -122.2556034
46.9780649, -122.2559131
46.988381, -122.257354
46.9960578, -122.2564112
47.0050704, -122.2566285
47.0163814, -122.2549172
47.0198834, -122.2539558
47.0323047, -122.2532582
47.040391, -122.2558048
47.05037900000001, -122.254961
47.0590681, -122.2525254
47.06808179999999, -122.2549836
47.0770673, -122.2541076
47.08622949999999, -122.2566121
47.09779289999999, -122.2540619
47.1030739, -122.2549379
47.112372, -122.255145
47.1227112, -122.2549144
47.1327453, -122.2597149
47.1400662, -122.2553693
47.1490774, -122.2552003
47.1579774, -122.2544668
47.1669594, -122.2549198
47.1760651, -122.2549748
47.1852349, -122.2548648
47.1939929, -122.2547576
47.2030853, -122.254922
47.2120752, -122.2552248
47.22109409999999, -122.2548115
47.2300538, -122.2547557
47.2391318, -122.2546895
47.2479515, -122.256318
47.2573811, -122.2549224
47.2660729, -122.2543979
47.2751885, -122.2548451
47.2838878, -122.2549124
47.2930787, -122.255061
47.3022091, -122.2548984
47.3110863, -122.254935
47.3201433, -122.2562243
47.3292626, -122.2563677
47.337854, -122.2537317
47.3448925, -122.2549143
47.356907, -122.253512
47.3664879, -122.25301
47.373807, -122.255076
47.3829639, -122.2549186
47.3920799, -122.2547604
47.401077, -122.2547097
47.4100869, -122.2549154
47.4192761, -122.2549261
47.4280775, -122.2547086
47.4372297, -122.2555391
47.4460752, -122.2544887
47.4550798, -122.2549867
47.464295, -122.2546771
47.4730839, -122.2549027
47.4820624, -122.2546561
47.4910739, -122.2543936
47.4999618, -122.2541858
47.5090781, -122.254714
47.5178232, -122.2553142
47.5266069, -122.2611994
47.5369478, -122.2624506
47.5449297, -122.2576127
47.5522765, -122.255258
47.5607696, -122.2644368
47.5790094, -122.2473779
47.5819138, -122.2514657
47.5897472, -122.2549168
47.5956441, -122.2463557
47.6152242, -122.2389145
47.6208087, -122.2419342
47.6258042, -122.2426155
47.6398404, -122.2532976
47.6404112, -122.2561364
47.65756700000001, -122.26977
47.6674353, -122.2617941
47.6705858, -122.2550312
47.6820709, -122.2572053
47.686706, -122.2568505
47.7017237, -122.2436245
47.7086003, -122.250224
47.7162679, -122.2542071
47.72511919999999, -122.254718
47.7333807, -122.254741
47.7431052, -122.2563069
47.752443, -122.2550322
47.7616121, -122.2550193
47.77022729999999, -122.2545947
47.7790718, -122.254895
47.7876127, -122.2538242
47.7972066, -122.2549425
47.8068469, -122.2549785
47.8150795, -122.2557491
47.8240955, -122.2550934
47.8328621, -122.2550218
47.84217, -122.2557813
47.8510473, -122.2545199
47.8604396, -122.254523
47.8690972, -122.2552438
47.8780831, -122.2549264
47.887032, -122.2548057
47.896428, -122.2549192
47.90516400000001, -122.2547878
47.91337590000001, -122.2553
47.9230301, -122.2549117
47.9320823, -122.2542428
47.9410949, -122.2549286
47.9505309, -122.256033
47.9573835, -122.2542278
47.9595154, -122.2483934
47.96403129999999, -122.2390842
47.98505480000001, -122.2280276
47.9994671, -122.2227234
48.03114249999999, -122.2384042
48.0320985, -122.240121
48.0400717, -122.2544421
48.0486527, -122.256037
48.0557024, -122.2573131
48.0670836, -122.2543219
48.0756418, -122.2549169
48.0846374, -122.2549298
48.0862057, -122.2495203
48.110052, -122.2539532
48.1123628, -122.2549062
48.1231592, -122.2548834
48.1300776, -122.2547386
48.1392718, -122.2549173
48.14864840000001, -122.2579706
48.1556643, -122.2553749
48.166498, -122.2549049
48.1737021, -122.2603118
48.183383, -122.2572061
48.1937921, -122.2564995
48.20231279999999, -122.2549166
48.21336059999999, -122.2565286
48.222031, -122.2537719
48.2305989, -122.2533436
48.2379707, -122.2548914
48.246158, -122.2549499
48.2563372, -122.2551427
48.2651027, -122.2530228
48.27366050000001, -122.2557148
48.2823191, -122.2549812
48.2925787, -122.254295
48.299951, -122.252425
48.3225911, -122.2507973
48.3266503, -122.2571038
48.3361308, -122.2562117
48.346236, -122.2533899
48.3555117, -122.2553781
48.3600498, -122.2593504
48.3723093, -122.2552396
48.3810701, -122.2548918
48.390489, -122.2557305
48.4002712, -122.2506853
48.4090958, -122.2560143
48.4185557, -122.2538255
48.427386, -122.2558091
48.4360284, -122.2552812
48.4455807, -122.2554126
48.45458, -122.2556292
48.4646881, -122.2580416
48.4692117, -122.2589858
48.47860480000001, -122.2526306
48.4853731, -122.2562103
48.49910389999999, -122.2524771
48.5080721, -122.2544097
48.5170756, -122.2556891
48.5257577, -122.2552262
48.5317005, -122.2543505
48.5430298, -122.2550357
48.5531087, -122.2554244
48.5620911, -122.2572825
48.5735606, -122.2523059
48.5801386, -122.2537555
48.5891147, -122.2538717
48.6067334, -122.2527548
48.6183929, -122.254338
48.6267475, -122.255948
48.6320715, -122.2530044
48.6409786, -122.2635176
48.6445279, -122.2653857
48.6711163, -122.2514382
48.6734488, -122.2558035
48.6889093, -122.2396323
48.7006941, -122.2547869
48.7038136, -122.259114
48.705027, -122.2614508
48.7202742, -122.2732548
48.7430223, -122.2569353
48.7516785, -122.2567046
48.75987749999999, -122.2547086
48.7715207, -122.2530161
48.7785314, -122.2541667
48.7859056, -122.2548628
48.7955311, -122.2551401
48.8004038, -122.2572155
48.8227196, -122.2562403
48.8228145, -122.2548602
48.8325873, -122.2531096
48.8410792, -122.2555403
48.8468023, -122.2620162
48.8523603, -122.2406192
48.8622507, -122.2332738
48.9007872, -122.2752475
48.9205749, -122.2656399
48.92475229999999, -122.2608096
48.9316389, -122.2550097
48.93903290000001, -122.2586998
48.9489161, -122.2541623
46.2363589, -122.285792
46.2366395, -122.2857487
46.27717, -122.2294182
46.2772763, -122.2296981
46.27770839999999, -122.2300694
46.2871861, -122.2419124
46.2876657, -122.2390272
46.3136689, -122.2515399
46.3159688, -122.2485479
46.3222526, -122.2431468
46.32937889999999, -122.240819
46.3384248, -122.239296
46.34816199999999, -122.2415885
46.3565031, -122.2401017
46.3664955, -122.2414024
46.3729299, -122.240432
46.3836731, -122.2407471
46.39206739999999, -122.2411073
46.402149, -122.2400509
46.4122235, -122.2428243
46.4202392, -122.240837
46.42919680000001, -122.2400966
46.4387002, -122.2461035
46.4466532, -122.2482468
46.4585564, -122.2341441
46.4799085, -122.2428385
46.48231209999999, -122.2396245
46.4921467, -122.2419298
46.49723590000001, -122.2356911
46.4978577, -122.2475789
46.5269285, -122.2344529
46.529552, -122.2390113
46.53395889999999, -122.247125
46.5465865, -122.240677
46.5517161, -122.2473489
46.5767829, -122.2514095
