46.6704867, -120.6263593
46.6810628, -120.6257374
46.6904645, -120.6247999
46.7006056, -120.6180826
46.70849579999999, -120.6222646
46.7171972, -120.6239741
46.7259445, -120.6221179
46.7356225, -120.6220129
46.7450838, -120.6218067
46.7566679, -120.6207394
46.7644306, -120.6167285
46.7716328, -120.6225881
46.7781449, -120.6285049
46.78514269999999, -120.633103
46.799739, -120.6190441
46.805997, -120.6241068
46.8180279, -120.6268444
46.8242379, -120.6202648
46.8365617, -120.6181419
46.84354949999999, -120.6225802
46.8508502, -120.6278499
46.8603301, -120.6242829
46.8621223, -120.6284469
46.8649247, -120.6361255
46.8996361, -120.6430715
46.8997912, -120.6429293
46.9120173, -120.6200626
46.9126404, -120.6239517
46.9240779, -120.623929
46.9330793, -120.6240505
46.9420431, -120.6240426
46.9509748, -120.6247914
46.9655847, -120.6257953
46.96908089999999, -120.6239006
46.9774869, -120.6238033
46.9871383, -120.6256191
46.999627, -120.6237913
46.9996272, -120.6238486
47.0141189, -120.6238115
47.0217541, -120.6274191
47.0322043, -120.6235353
47.0410783, -120.6242368
47.0491244, -120.6242643
47.05907269999999, -120.6240982
47.06779239999999, -120.6247379
47.0784621, -120.6288002
47.08611519999999, -120.6243635
47.0950786, -120.624376
47.1049876, -120.6238453
47.1056217, -120.6200356
47.121075, -120.615981
47.1309726, -120.6137696
47.1403972, -120.6136677
47.1491833, -120.6236822
47.15721449999999, -120.6271747
47.16799839999999, -120.6275427
47.1763979, -120.6242794
47.1826139, -120.6263222
47.1965115, -120.6318775
47.2064333, -120.6148467
47.2130064, -120.6238613
47.2148855, -120.6183763
47.2315627, -120.62127
47.2396581, -120.6165953
47.255709, -120.6223656
47.2562855, -120.6240747
47.2700132, -120.6234069
47.2701106, -120.6246556
47.28708049999999, -120.628566
47.2911583, -120.6244011
47.3005012, -120.6206615
47.3090621, -120.6219358
47.31588259999999, -120.6212866
47.334006, -120.6204769
47.3348291, -120.6247233
47.3439413, -120.6231413
47.3572753, -120.6206393
47.36054559999999, -120.6269064
47.3743592, -120.627555
47.37484389999999, -120.627663
47.39566, -120.6264123
47.3969745, -120.6223182
47.4136049, -120.6197877
47.4193986, -120.6222195
47.4281189, -120.6237734
47.4339121, -120.6286283
47.44019489999999, -120.612185
47.4420845, -120.6391436
47.4739573, -120.6361196
47.4782631, -120.622187
47.4824682, -120.6231274
47.4917049, -120.6267231
47.4994027, -120.6320283
47.51118229999999, -120.6310236
47.5185669, -120.6267189
47.5270465, -120.6236206
47.5360177, -120.6260904
47.5470293, -120.6213338
47.5495211, -120.6251589
47.55984730000001, -120.6161882
47.574461, -120.6194132
47.582477, -120.6239265
47.5897842, -120.6243933
47.5990785, -120.624022
47.6051514, -120.6279157
47.6173802, -120.6282176
47.619688, -120.6287913
47.6360382, -120.624539
47.6423588, -120.6216518
47.6568735, -120.6164542
47.6611391, -120.6170068
47.6766472, -120.6192383
47.6797978, -120.6241456
47.6809685, -120.6272065
47.6983389, -120.638254
47.7077573, -120.6369388
47.7178555, -120.6238788
47.7178584, -120.6237023
47.733065, -120.6354054
47.74967909999999, -120.6303279
47.7529086, -120.6247919
47.7572669, -120.6190388
47.7764235, -120.630339
47.7785614, -120.6266992
47.7887192, -120.6286063
47.79752879999999, -120.6243937
47.8066397, -120.6158355
47.816789, -120.6181348
47.823843, -120.6233888
47.8325286, -120.6262049
47.8433535, -120.6191052
47.8514366, -120.6224187
47.8586606, -120.6267739
47.8665414, -120.6289232
47.8711719, -120.634647
47.8805039, -120.6421064
47.8878426, -120.6455806
47.8880827, -120.6458869
47.8963459, -120.6555863
47.8970897, -120.6566705
47.9362645, -120.5739016
47.9363755, -120.5738672
47.99386029999999, -120.5933278
47.9963446, -120.5969165
47.9963908, -120.5969755
48.00513489999999, -120.60372
48.0099141, -120.6099554
48.0158491, -120.6191161
48.0179122, -120.625161
48.02073739999999, -120.6330958
48.02078359999999, -120.6332712
48.0207983, -120.6333607
48.0242557, -120.6477339
48.19056519999999, -120.6289554
48.1907179, -120.6261692
48.1908043, -120.6252731
48.1909207, -120.623605
48.1934576, -120.6155548
48.1936855, -120.6148387
48.201724, -120.599021
48.3074526, -120.6549332
48.30749530000001, -120.6548666
48.3076052, -120.6548597
48.3110042, -120.6556926
48.3135963, -120.658106
48.3150239, -120.6601009
48.3155142, -120.6608324
48.4614951, -120.5780855
48.5143254, -120.6432907
48.5143813, -120.6430811
48.5144798, -120.6428319
48.51477879999999, -120.6424561
48.5153443, -120.642273
48.53181619999999, -120.6406907
48.5387685, -120.63618
48.5453523, -120.6320958
48.5531891, -120.6312361
48.5605326, -120.6330197
48.5722578, -120.6312782
48.581097, -120.6254504
48.587189, -120.6176045
48.5899512, -120.6149902
48.5945227, -120.6045262
48.5966041, -120.6012432
48.6417718, -120.6171446
48.6420574, -120.6183602
48.6440302, -120.6237056
48.64405800000001, -120.6242644
48.67317320000001, -120.6086757
48.6764327, -120.6134911
48.6810618, -120.6208311
48.6872569, -120.6278019
48.6945797, -120.6325867
48.697118, -120.6340723
48.7076943, -120.6480283
48.7094951, -120.6496995
48.7266614, -120.663572
48.7274873, -120.6641521
48.732329, -120.6683868
48.7902061, -120.6344746
48.7994093, -120.6310453
48.80575349999999, -120.6258821
48.8139394, -120.6228951
48.823079, -120.6230548
48.8320845, -120.6216246
48.8400395, -120.6197526
48.8501979, -120.6229556
48.8589439, -120.6252502
48.8686218, -120.6263831
48.8772023, -120.6250037
48.8865597, -120.6265523
48.8932261, -120.6281229
48.90394089999999, -120.6300092
48.9129425, -120.6240606
48.9218103, -120.6301446
46.2142134, -120.6075715
46.2205615, -120.6130502
46.22295889999999, -120.6152197
46.2503128, -120.613997
46.2507578, -120.6135132
46.2582476, -120.6078991
46.2661962, -120.6099552
46.2720318, -120.6179868
46.3025252, -120.6277093
46.3029477, -120.6277162
46.31713389999999, -120.6101296
46.317134, -120.6100895
46.3356837, -120.6222887
46.3462276, -120.6101104
46.3462276, -120.6101062
46.357014, -120.608268
46.3684782, -120.6122802
46.375429, -120.6101141
46.3840934, -120.6071867
46.3930709, -120.607232
46.4035507, -120.6095466
46.409656, -120.6091044
46.4189194, -120.6101168
46.4290824, -120.6072716
46.4380821, -120.6072981
46.4479097, -120.6101061
46.4560217, -120.6095829
46.4650704, -120.607407
46.473333, -120.6119071
46.4857176, -120.6109276
46.4859613, -120.6093633
46.5105495, -120.6144784
46.5112941, -120.6105253
46.5129702, -120.6048636
46.5355713, -120.6102442
46.5355727, -120.6100795
46.5461215, -120.6104017
46.5556262, -120.6103233
46.5640787, -120.6101767
46.5730405, -120.6102066
46.5823549, -120.610244
46.5912205, -120.6094983
46.60026250000001, -120.6101023
46.608655, -120.6102824
46.61770060000001, -120.6095104
46.6273968, -120.6092468
46.6376026, -120.6092009
46.6466378, -120.6090753
46.65408679999999, -120.6096075
46.6629069, -120.6122957
46.6701965, -120.6124132
46.6837198, -120.6101212
46.6903675, -120.6092642
46.6989106, -120.6154368
46.7042036, -120.6186128
46.7175987, -120.6173271
46.7257474, -120.6147539
46.7355737, -120.6089714
46.74397949999999, -120.6052362
46.7531817, -120.6099339
46.7620793, -120.6099701
46.76777320000001, -120.6097458
46.781501, -120.6016891
46.7879469, -120.6017193
46.7964869, -120.6100996
46.8086875, -120.6016928
46.8129028, -120.6027651
46.8265328, -120.6172113
46.83324959999999, -120.6157718
46.8405235, -120.6207856
46.8563008, -120.605077
46.8585402, -120.6107982
46.8593777, -120.614747
46.8593881, -120.6148163
46.9099146, -120.6123735
46.9100286, -120.6117205
46.9107481, -120.608174
46.9234626, -120.609735
46.93309900000001, -120.6240505
46.9414096, -120.6236678
46.95383899999999, -120.6121011
46.964368, -120.6090264
46.9690696, -120.6124928
46.9780788, -120.6090775
46.9877834, -120.6105102
46.998985, -120.604694
47.0032109, -120.6101439
47.0156807, -120.6110775
47.0222348, -120.6116867
47.0330754, -120.6086315
47.0404639, -120.6112913
47.0497835, -120.6107675
47.0575841, -120.6101098
47.0680482, -120.6031476
47.0770604, -120.6030858
47.0860636, -120.6030332
47.0954592, -120.6165984
47.1038612, -120.6101082
47.1145924, -120.6092109
47.1220959, -120.6140189
47.131118, -120.6137662
47.1405336, -120.6083286
47.14718630000001, -120.6100973
47.1580794, -120.6135111
47.1620729, -120.6070046
47.1799895, -120.6065397
47.183083, -120.6093766
47.1900564, -120.6070166
47.2062709, -120.613823
47.211953, -120.6093142
47.2214606, -120.6093883
47.2266033, -120.6145286
47.24209949999999, -120.6116108
47.2478557, -120.6106914
47.2566346, -120.6100276
47.2651348, -120.6088395
47.2742152, -120.608915
47.288278, -120.621025
47.2952301, -120.6150352
47.30188, -120.607829
47.3108149, -120.6114384
47.3150482, -120.611717
47.3308072, -120.6095717
47.3412796, -120.604366
47.3439822, -120.610415
47.3543709, -120.6112318
47.3583158, -120.6211852
47.3871495, -120.6021596
47.3929906, -120.6087112
47.3955843, -120.6135151
47.4110875, -120.6081947
47.41948499999999, -120.610013
47.4280093, -120.6093726
47.4370827, -120.6102138
47.4541526, -120.5896778
47.4739202, -120.6045054
47.4748769, -120.6093077
47.484278, -120.6055796
47.487786, -120.6074674
47.5146212, -120.6287956
47.520688, -120.625949
47.5292026, -120.6228488
47.5376522, -120.6197721
47.5468194, -120.6129797
47.5517959, -120.607261
47.5605767, -120.6100964
47.5719842, -120.6101782
47.5810577, -120.6101862
47.5906205, -120.6110206
47.59950449999999, -120.613507
47.6076971, -120.6121799
47.6237338, -120.6006813
47.62523849999999, -120.6028353
47.63711680000001, -120.6102712
47.6423612, -120.6055794
47.6532743, -120.6133442
47.6615759, -120.6128004
47.67241869999999, -120.6102942
47.6757612, -120.6155371
47.69267019999999, -120.5933207
47.708374, -120.6003014
47.70994460000001, -120.6028403
47.7160188, -120.6101504
47.7232366, -120.6071012
47.7311597, -120.6013738
47.7425585, -120.5970502
47.7580493, -120.6175091
47.7612787, -120.6142181
47.7680534, -120.6056041
47.7758703, -120.6043772
47.789932, -120.6156016
47.7987079, -120.6137809
47.8062912, -120.6099214
47.8167299, -120.6109167
47.824929, -120.6059293
47.8336405, -120.6111694
47.8395799, -120.6056467
47.8507314, -120.6216229
47.8552585, -120.6220533
47.86420769999999, -120.6271842
47.8684238, -120.631049
47.887997, -120.6457434
47.9361621, -120.5738374
47.936446, -120.5737906
47.9882023, -120.5815369
47.9963231, -120.5968812
47.9990839, -120.5989242
48.0056004, -120.6040569
48.0124503, -120.6116841
48.016746, -120.6197469
48.0176928, -120.6212398
48.0674066, -120.556242
48.06867140000001, -120.5565076
48.19097540000001, -120.622334
48.1918248, -120.6190539
48.1922666, -120.6175665
48.1945695, -120.6113475
48.1982085, -120.6025664
48.5145581, -120.6426914
48.5146342, -120.6425945
48.5149163, -120.6423688
48.5346565, -120.6386011
48.5418048, -120.6342516
48.5467266, -120.6316418
48.5533937, -120.6312292
48.5585911, -120.6323087
48.5728384, -120.6310871
48.5847538, -120.6193712
48.5909223, -120.6108346
48.5968252, -120.6007534
48.5971205, -120.5998031
48.6405629, -120.6069603
48.64058379999999, -120.6070961
48.64159040000001, -120.609717
48.643832, -120.6039459
48.6683, -120.6004833
48.6730189, -120.6083416
48.6770978, -120.6141899
48.6800139, -120.618206
48.68929180000001, -120.6286619
48.6970003, -120.6339392
48.7087465, -120.6487847
48.7128283, -120.6537165
48.7270607, -120.663821
48.7909513, -120.6341876
48.8010491, -120.6293931
48.8082156, -120.6234434
48.817057, -120.6213397
48.8205773, -120.6220499
48.8320507, -120.6216244
48.8412879, -120.6192896
48.8463496, -120.6209511
48.8576145, -120.6246866
48.87181520000001, -120.6248188
48.87770039999999, -120.6248844
48.8841019, -120.6251387
48.89809090000001, -120.6055357
48.9032736, -120.6130482
48.9070301, -120.6175868
48.9129687, -120.6240942
46.2129266, -120.5963013
46.2146531, -120.5911069
46.255133, -120.6065334
46.2601777, -120.5968979
46.2602261, -120.5964208
46.27890559999999, -120.5779138
46.3107876, -120.5856664
46.3171262, -120.5964353
46.3171264, -120.5963729
46.3244029, -120.5931765
46.34623180000001, -120.5964425
46.3462319, -120.5963894
46.3607467, -120.5962254
46.3679832, -120.5963352
46.3752667, -120.5963944
46.3817818, -120.591388
46.3936749, -120.5967008
46.4044788, -120.5964178
46.4110782, -120.5967651
46.4189436, -120.5963797
46.4334246, -120.5964052
46.4406961, -120.596401
46.4479056, -120.5964015
46.4550444, -120.5969776
46.46164, -120.5956487
46.4762709, -120.5950136
46.4857218, -120.5942235
46.4920787, -120.5919986
46.49220890000001, -120.591828
46.5146445, -120.5989018
46.5185263, -120.5954342
46.53559, -120.596416
46.53559, -120.5963972
46.54682200000001, -120.5920087
46.5565446, -120.5963896
46.5641849, -120.5964077
46.5729877, -120.5963767
46.5835962, -120.5963523
46.5911051, -120.5977991
46.6001278, -120.5963986
46.60908000000001, -120.5965328
46.61815439999999, -120.5965462
46.6271791, -120.5978479
46.6361567, -120.5937675
46.6451919, -120.595067
46.6541181, -120.5938816
46.66234009999999, -120.59841
46.6727707, -120.598483
46.6810762, -120.5968571
46.68836839999999, -120.5958223
46.69908350000001, -120.5963971
46.70031179999999, -120.5990573
46.7207857, -120.5883023
46.72713479999999, -120.5949116
46.7372331, -120.5917705
46.7440837, -120.5947548
46.7530546, -120.5947276
46.7620618, -120.594522
46.76757930000001, -120.5968133
46.7900332, -120.6006685
46.79940180000001, -120.6002929
46.8069972, -120.5993264
46.8162449, -120.5986866
46.8252839, -120.5937456
46.8326398, -120.5905953
46.8443514, -120.5884374
46.8519999, -120.5964972
46.8548857, -120.6015179
46.8581449, -120.6085679
46.8779779, -120.5732137
46.8853927, -120.5707838
46.9116923, -120.6032327
46.911965, -120.6023228
46.9149821, -120.5963575
46.9235491, -120.5971254
46.92357459999999, -120.5972904
46.94009399999999, -120.57764
46.9565241, -120.5911871
46.9604843, -120.5974762
46.970828, -120.5962917
46.9780764, -120.6016502
46.9870895, -120.5961913
46.9973871, -120.5970975
47.0050284, -120.5963136
47.01403029999999, -120.5942885
47.0238728, -120.5952284
47.0304164, -120.599181
47.0430028, -120.596349
47.05013539999999, -120.5929568
47.057654, -120.5963737
47.06810919999999, -120.6031471
47.0770971, -120.6030856
47.0860938, -120.6030331
47.0950172, -120.6031475
47.1052455, -120.5963494
47.1173399, -120.5965496
47.1211028, -120.5970276
47.1211397, -120.5971915
47.1471668, -120.6098609
47.1637612, -120.6011449
47.1672581, -120.5967144
47.17580359999999, -120.596422
47.1850327, -120.597122
47.195555, -120.5933505
47.2044035, -120.5994429
47.2079843, -120.6004827
47.2192705, -120.6043983
47.228029, -120.584812
47.2432944, -120.6086383
47.2504005, -120.6070276
47.25616960000001, -120.6059755
47.2672128, -120.604397
47.2767213, -120.5869058
47.2837286, -120.5911795
47.2894061, -120.5890977
47.3043609, -120.5951055
47.3117302, -120.5941719
47.3180145, -120.5942807
47.3282835, -120.5971817
47.3399325, -120.5955134
47.3480685, -120.5933079
47.351716, -120.599288
47.3611218, -120.5932702
47.375371, -120.587723
47.3831172, -120.5963428
47.3887256, -120.5900129
47.4045583, -120.6017166
47.40836760000001, -120.6008104
47.4200193, -120.5961017
47.4275577, -120.5961297
47.4376878, -120.5954969
47.4419309, -120.5921096
47.454775, -120.5895815
47.47244260000001, -120.593552
47.4730114, -120.5964175
47.48275109999999, -120.5953229
47.4834285, -120.596966
47.49940729999999, -120.583936
47.5098182, -120.5882283
47.52397149999999, -120.5935889
47.546344, -120.59214
47.5557143, -120.5976573
47.5642134, -120.5963939
47.5721048, -120.5983426
47.5777519, -120.595602
47.5902322, -120.5969149
47.5966639, -120.5938193
47.6047849, -120.5924486
47.6191347, -120.593131
47.6263932, -120.5960705
47.6371449, -120.5972754
47.6440163, -120.5967111
47.6522662, -120.5951467
47.658139, -120.591664
47.6730412, -120.5987763
47.6774689, -120.5926092
47.6896048, -120.590922
47.7074943, -120.5963283
47.7118828, -120.6040004
47.7267286, -120.6028054
47.7344832, -120.5980563
47.7627558, -120.5908693
47.7694903, -120.597362
47.780418, -120.5972773
47.7878329, -120.5993266
47.7964557, -120.6011856
47.8077736, -120.5944328
47.8141111, -120.5970518
47.82354120000001, -120.5977159
47.8325808, -120.5980467
47.844318, -120.602727
47.8686836, -120.6313498
47.9360734, -120.5736973
47.9842238, -120.57409
47.9934814, -120.5917293
47.9957797, -120.5953557
48.0026509, -120.6004587
48.00805, -120.6055546
48.0126571, -120.6119043
48.0126858, -120.6119576
48.0176678, -120.6211771
48.0636429, -120.5529403
48.1919736, -120.6184275
48.19454990000001, -120.6053243
48.1974635, -120.5997293
48.2011135, -120.5967325
48.20264599999999, -120.5926956
48.3075364, -120.6548564
48.3075503, -120.6548529
48.44869449999999, -120.5499155
48.4580858, -120.5693246
48.4597232, -120.573841
48.5151201, -120.6422847
48.5356901, -120.6379411
48.5445886, -120.6324967
48.5487919, -120.6310412
48.55359989999999, -120.6312223
48.5569082, -120.6317461
48.584579, -120.6195838
48.5914712, -120.6090818
48.5943742, -120.6047417
48.5976728, -120.5962468
48.5981235, -120.5933553
48.5986189, -120.5901881
48.639969, -120.5902617
48.64081909999999, -120.5958262
48.64153049999999, -120.5973534
48.64384320000001, -120.6034796
48.6664176, -120.5928577
48.6679177, -120.5974864
48.6716583, -120.6034459
48.67532449999999, -120.6109258
48.6969399, -120.6339013
48.69706499999999, -120.6340095
48.8064418, -120.6248771
48.8196665, -120.6216888
48.834497, -120.6213263
48.8446124, -120.6197988
48.88666389999999, -120.5815013
48.8924426, -120.5946596
48.89452929999999, -120.5983524
48.89962209999999, -120.6064568
48.9006111, -120.6076475
48.9123804, -120.6234559
46.2134517, -120.5831974
46.2167486, -120.5800708
46.2189919, -120.5740902
46.2363294, -120.558799
46.2600077, -120.5820492
46.26003739999999, -120.5827884
46.2600397, -120.5826903
46.312082, -120.5856637
46.3210857, -120.5856966
46.3300558, -120.5857662
46.3390835, -120.5857624
46.3462668, -120.5827153
46.3570577, -120.5860374
46.3660845, -120.5859925
46.3751143, -120.5826928
46.3840674, -120.5809873
46.3902641, -120.5838396
46.40448869999999, -120.5827127
46.4116576, -120.5826882
46.4189752, -120.5826892
46.4290769, -120.5863456
46.4389153, -120.5828289
46.4479231, -120.5827008
46.4560857, -120.5863286
46.4650256, -120.5820353
46.47408249999999, -120.5864506
46.48117269999999, -120.5828403
46.4921285, -120.5826928
46.4921295, -120.5828327
46.5187187, -120.5921686
46.5212098, -120.5858399
46.526538, -120.5801061
46.5427706, -120.5826341
46.54608280000001, -120.5810001
46.5581634, -120.5826442
46.5645805, -120.5845638
46.57101670000001, -120.5827092
46.58548, -120.5825529
46.59107059999999, -120.5831199
46.5999895, -120.5826941
46.609336, -120.5824442
46.6177083, -120.5828241
46.6270776, -120.5826927
46.6340458, -120.5817013
46.645008, -120.5824746
46.65396200000001, -120.5829033
46.6654825, -120.5802918
46.6727995, -120.5834368
46.6809626, -120.5864129
46.69003259999999, -120.5826994
46.6984067, -120.5826972
46.7107906, -120.5789275
46.7170934, -120.5827895
46.72342889999999, -120.5879264
46.735344, -120.5835513
46.7440736, -120.584169
46.75322569999999, -120.5824979
46.7612444, -120.5826634
46.76670619999999, -120.5794272
46.7904717, -120.5778532
46.7910622, -120.5787372
46.7983742, -120.5789399
46.8074998, -120.5800109
46.8163133, -120.5819747
46.8241414, -120.5868066
46.8347704, -120.5892541
46.8427343, -120.5880494
46.8499965, -120.5819634
46.8599942, -120.5802408
46.8689015, -120.5714393
46.8854349, -120.5707647
46.8912796, -120.5683792
46.9107399, -120.5668908
46.9201788, -120.5856928
46.9232563, -120.5825141
46.93473969999999, -120.5757191
46.9406733, -120.5774101
46.956785, -120.581981
46.9597154, -120.5834211
46.9703799, -120.5826015
46.9795486, -120.5827251
46.985476, -120.5835918
46.9973067, -120.5805208
47.0034614, -120.5835802
47.0146524, -120.5818462
47.0227003, -120.5829373
47.0287133, -120.5858876
47.04292969999999, -120.5826936
47.0498833, -120.5797168
47.0575763, -120.5854206
47.0712909, -120.5807015
47.0810193, -120.5802942
47.0860798, -120.581812
47.094946, -120.5830771
47.1040749, -120.5817669
47.1130775, -120.5817035
47.12211629999999, -120.5816726
47.1310844, -120.5816925
47.140077, -120.5816327
47.1490782, -120.5816798
47.158262, -120.5812255
47.1694048, -120.5866684
47.1761513, -120.5829955
47.1865615, -120.5865469
47.1936837, -120.5852956
47.2036448, -120.5829365
47.206771, -120.5792364
47.2211047, -120.5764176
47.2294489, -120.5821606
47.2299322, -120.5797921
47.2508683, -120.583729
47.2599303, -120.5781079
47.2659552, -120.5813878
47.2741756, -120.5848813
47.2803455, -120.5884614
47.2932746, -120.5839431
47.3013973, -120.582728
47.3121902, -120.584954
47.32004449999999, -120.5829398
47.3283016, -120.578528
47.33800859999999, -120.5841681
47.34320169999999, -120.5872491
47.3525976, -120.5740483
47.3656076, -120.5845402
47.37351, -120.5859314
47.3842753, -120.58193
47.39270699999999, -120.576542
47.4158687, -120.5846164
47.4196916, -120.5833221
47.4276569, -120.5822139
47.4345033, -120.5812646
47.4455809, -120.5846091
47.4583081, -120.5863234
47.4634814, -120.5805934
47.4736035, -120.5844268
47.4818153, -120.5855985
47.4968983, -120.5765388
47.500236, -120.5827777
47.5089841, -120.5823565
47.5188326, -120.585362
47.5259186, -120.5800783
47.5335488, -120.5760848
47.5449539, -120.5823236
47.5540843, -120.5824275
47.563078, -120.5823848
47.5720758, -120.5860556
47.5806719, -120.5819785
47.5888281, -120.578204
47.59907459999999, -120.5828221
47.6082866, -120.5811646
47.6163705, -120.5860212
47.6279114, -120.5812763
47.63324069999999, -120.5758384
47.6435912, -120.5819734
47.6577089, -120.57878
47.6620257, -120.5826551
47.6695611, -120.5763044
47.679886, -120.585825
47.6888543, -120.5829929
47.698831, -120.585368
47.7100455, -120.5877614
47.7144106, -120.5808225
47.72828089999999, -120.5705405
47.738035, -120.581172
47.7430543, -120.5826726
47.7578819, -120.5801943
47.7588352, -120.5831332
47.7722327, -120.5784955
47.7771692, -120.5855927
47.7875846, -120.5816656
47.79636559999999, -120.5847479
47.80656889999999, -120.5788798
47.8147989, -120.5835682
47.8223273, -120.5876634
47.8278602, -120.5927508
47.936022, -120.5734885
47.936524, -120.5736165
47.96395099999999, -120.5511486
47.9788534, -120.5668806
47.9880229, -120.5812135
47.9929087, -120.5844021
48.0041203, -120.576338
48.00972489999999, -120.5740771
48.0111909, -120.5720895
48.0227228, -120.5610461
48.0229114, -120.5608259
48.194734, -120.6048922
48.1998739, -120.5888469
48.4326249, -120.5285981
48.4435164, -120.5412914
48.4579363, -120.5689123
48.46062480000001, -120.575901
48.4615163, -120.5778468
48.5262402, -120.5520887
48.5284791, -120.5495901
48.5538077, -120.6312152
48.556553, -120.6316273
48.5983435, -120.5825346
48.59834379999999, -120.5826017
48.5983453, -120.582682
48.5984162, -120.5840232
48.5987099, -120.5782068
48.6399955, -120.5845458
48.6400131, -120.5844064
48.6409811, -120.5818074
48.6554888, -120.5777585
48.66097389999999, -120.582823
48.6643678, -120.5882794
48.6663141, -120.5915442
48.6710207, -120.601991
48.8077391, -120.6237248
48.819148, -120.6215273
48.8538486, -120.5629718
48.8547476, -120.5636391
48.862916, -120.5651085
48.8688406, -120.5660266
48.8823979, -120.5752376
48.8896374, -120.5861109
48.8922709, -120.5914949
48.90057299999999, -120.6075894
46.2137237, -120.5698125
46.2205614, -120.5681561
46.2304075, -120.5622438
46.2605691, -120.5730819
46.261073, -120.569433
46.2665585, -120.5673915
46.2742678, -120.5721664
46.2782302, -120.5759989
46.2932993, -120.5560624
46.29866819999999, -120.5562555
46.3171749, -120.5690173
46.317175, -120.5689634
46.3363962, -120.5701004
46.3390874, -120.5700563
46.3461174, -120.5690241
46.3571044, -120.5652649
46.3660967, -120.5653561
46.3749846, -120.568988
46.38236819999999, -120.5699903
46.3946947, -120.5717454
46.4012544, -120.5677839
46.4116048, -120.5664349
46.4190005, -120.568981
46.4299143, -120.5680312
46.4380793, -120.5654168
46.4479852, -120.5689946
46.4561321, -120.568022
46.46327609999999, -120.5705393
46.4740781, -120.5654911
46.4835185, -120.5692975
46.4919907, -120.5689887
46.499848, -120.565724
46.5281459, -120.5743944
46.5295234, -120.5705015
46.5391063, -120.5619087
46.5463466, -120.568978
46.55693770000001, -120.5668532
46.5612641, -120.5690278
46.5709501, -120.5690086
46.5820568, -120.5688328
46.5908852, -120.5689972
46.5998639, -120.5689908
46.6087254, -120.5693441
46.61806079999999, -120.5712587
46.6285759, -120.5710016
46.6362148, -120.5689853
46.6454514, -120.567398
46.654074, -120.5674205
46.6631179, -120.5674923
46.6717551, -120.5689902
46.68109, -120.5678101
46.6900846, -120.5681056
46.6986571, -120.5683517
46.7100706, -120.5669077
46.71707749999999, -120.5689065
46.7266304, -120.5686259
46.7351581, -120.5735779
46.7440846, -120.5679855
46.7516323, -120.5734481
46.7599804, -120.5656233
46.7715946, -120.5621236
46.7779698, -120.5649504
46.787938, -120.5710619
46.797446, -120.5787842
46.8060773, -120.5796838
46.813036, -120.5794536
46.82894169999999, -120.5561286
46.8370899, -120.562339
46.8435011, -120.5664086
46.85066639999999, -120.5716698
46.8651785, -120.5730849
46.8702623, -120.5691535
46.87935530000001, -120.5679203
46.8881912, -120.5694594
46.8971367, -120.5649728
46.908193, -120.5652044
46.9151008, -120.568878
46.92489639999999, -120.5710623
46.931477, -120.5711439
46.9429039, -120.5678419
46.9510806, -120.5700273
46.9600805, -120.570006
46.9690637, -120.5701299
46.97737900000001, -120.5680131
46.9869152, -120.5694564
46.9962037, -120.565681
47.0059484, -120.5679902
47.0140803, -120.5714901
47.023079, -120.5716324
47.0313745, -120.5691459
47.04190759999999, -120.5698952
47.0500781, -120.5717268
47.0590769, -120.5717447
47.0680717, -120.5717796
47.0778256, -120.5705559
47.0861549, -120.571348
47.0960964, -120.5647012
47.1043758, -120.5697247
47.1129844, -120.5606142
47.1220722, -120.5606614
47.1355892, -120.5691113
47.1355924, -120.568863
47.1486295, -120.5627634
47.1571424, -120.5690879
47.1669735, -120.568611
47.1799824, -120.5689769
47.1849378, -120.5691285
47.1957055, -120.5675118
47.2027243, -120.5686222
47.2124883, -120.5723526
47.2195148, -120.5750613
47.23023209999999, -120.5697228
47.2365224, -120.564926
47.24904309999999, -120.5676364
47.2568772, -120.5691162
47.2660859, -120.568967
47.2726123, -120.5653926
47.2854691, -120.5630937
47.293445, -120.5673843
47.304125, -120.5699901
47.30772959999999, -120.565518
47.32260669999999, -120.5771764
47.3282518, -120.5691873
47.33815, -120.5690283
47.3475738, -120.5687427
47.3538821, -120.5666928
47.3619812, -120.57045
47.3801176, -120.5755755
47.38308, -120.572067
47.3905882, -120.5750779
47.4167602, -120.5832409
47.4222657, -120.5787216
47.427525, -120.5773337
47.4360809, -120.57811
47.4564383, -120.5664104
47.4637938, -120.5700667
47.4730906, -120.568977
47.4857758, -120.5661366
47.4956196, -120.5705569
47.4967607, -120.5666851
47.5058032, -120.577381
47.5230486, -120.5620757
47.5272388, -120.5660881
47.5366603, -120.5693233
47.5447934, -120.5690178
47.5531882, -120.5689836
47.5616247, -120.5655121
47.5655624, -120.5759817
47.58260689999999, -120.580174
47.5906181, -120.5774057
47.6021356, -120.5701455
47.6080568, -120.5670285
47.6147441, -120.5740853
47.6275731, -120.5767372
47.63455949999999, -120.5689754
47.6474092, -120.5741725
47.6530082, -120.5688021
47.66357989999999, -120.571715
47.6702279, -120.571276
47.6805651, -120.5657313
47.6888358, -120.5708768
47.69449119999999, -120.5726431
47.7136322, -120.5673543
47.7143118, -120.5697556
47.7250119, -120.5691612
47.7327556, -120.5732843
47.7426896, -120.5693279
47.7527777, -120.5668663
47.7617967, -120.5679278
47.7680056, -120.5738312
47.7818244, -120.5775712
47.7884763, -120.5685533
47.7981585, -120.5675771
47.8042285, -120.5762029
47.8104291, -120.5802602
47.8190843, -120.5842502
47.823232, -120.5884949
47.8303149, -120.5952778
47.9318556, -120.5510857
47.93230459999999, -120.5530609
47.9325254, -120.5537622
47.9364852, -120.5703367
47.9375603, -120.5679054
47.9377713, -120.5659378
47.9636935, -120.5510344
47.9740206, -120.5566253
47.98577119999999, -120.5721085
47.9941311, -120.5701337
48.0036073, -120.5623995
48.02227000000001, -120.5613776
48.02333369999999, -120.559803
48.0633983, -120.552522
48.0685548, -120.5564768
48.1946835, -120.6050108
48.4324752, -120.5284101
48.4336001, -120.5294671
48.45287020000001, -120.5556628
48.4578407, -120.568422
48.4592319, -120.571922
48.46123240000001, -120.5767812
48.5266637, -120.5516565
48.529308, -120.5486745
48.5349277, -120.5401222
48.5406781, -120.5323218
48.5989222, -120.5761267
48.5990396, -120.5751149
48.5992513, -120.5737318
48.6001114, -120.5686982
48.6001982, -120.570001
48.6410271, -120.5808498
48.6423466, -120.5771111
48.6445886, -120.5744959
48.6554353, -120.5699153
48.65820979999999, -120.5641179
48.6607632, -120.5615893
48.66093739999999, -120.5610483
48.6663003, -120.5915121
48.8581722, -120.5641243
48.8685103, -120.5659193
48.8768659, -120.5694531
48.8817969, -120.5734215
48.886399, -120.5803356
48.88908110000001, -120.5845599
46.2172812, -120.5583022
46.2220683, -120.5552927
46.2319593, -120.5549717
46.2444762, -120.5503784
46.2611895, -120.5572348
46.2638151, -120.5503353
46.2747788, -120.5549565
46.2873554, -120.5530781
46.2939441, -120.5558039
46.3030007, -120.5542294
46.31207879999999, -120.5552623
46.3205703, -120.5541773
46.3300704, -120.5540155
46.3391346, -120.5560199
46.3461496, -120.5552634
46.3512458, -120.5576127
46.3683324, -120.5524019
46.3750648, -120.5552797
46.3822114, -120.5553096
46.3930765, -120.5547159
46.4020761, -120.5546311
46.4118459, -120.5552811
46.4190382, -120.5552787
46.4279139, -120.5530743
46.4334953, -120.5552772
46.4480267, -120.5552853
46.4521409, -120.5497493
46.46672479999999, -120.5550644
46.4740761, -120.5549734
46.482848, -120.5545865
46.4919577, -120.5552805
46.5066156, -120.5444786
46.5303028, -120.560825
46.5318427, -120.554697
46.5384707, -120.5540271
46.546261, -120.5552787
46.55507370000001, -120.5546343
46.5640879, -120.5569187
46.5741334, -120.5549799
46.5824048, -120.5552728
46.5910791, -120.5553106
46.59992889999999, -120.5552794
46.6093421, -120.5555711
46.6179433, -120.5552795
46.624089, -120.5555385
46.6380254, -120.5570547
46.645214, -120.5553202
46.6543419, -120.5548695
46.6615902, -120.555301
46.6740162, -120.5556683
46.68108240000001, -120.5545212
46.6893121, -120.5552931
46.69843350000001, -120.5521763
46.7078973, -120.5544434
46.7133927, -120.5573728
46.7260999, -120.5520357
46.7350754, -120.5549739
46.74545029999999, -120.5553201
46.7530745, -120.5518713
46.7629524, -120.5536552
46.7705676, -120.5619949
46.7805701, -120.555758
46.789329, -120.5580193
46.7980791, -120.5508474
46.8076459, -120.5517978
46.81610310000001, -120.5534811
46.82528509999999, -120.5541985
46.8329327, -120.5587941
46.8468841, -120.5521117
46.8483651, -120.5559961
46.8673893, -120.5694374
46.8699082, -120.5676383
46.8785524, -120.5671448
46.8924116, -120.5673814
46.8985551, -120.5640346
46.9053657, -120.5633443
46.9137882, -120.567776
46.922412, -120.5701
46.9423993, -120.5613039
46.9459619, -120.5565499
46.9517114, -120.5553012
46.960761, -120.5539974
46.9682793, -120.5592498
46.97761430000001, -120.5559206
46.9871774, -120.5555652
46.9961209, -120.5551536
47.00468739999999, -120.5552605
47.0139044, -120.5552786
47.022021, -120.555619
47.0286309, -120.5553042
47.0410385, -120.556624
47.0500492, -120.5610635
47.0551286, -120.5611202
47.06803679999999, -120.5717794
47.0800701, -120.567222
47.0889287, -120.5609235
47.0953613, -120.5553014
47.102804, -120.5552662
47.1131396, -120.5606104
47.1220837, -120.5606613
47.13195760000001, -120.5552459
47.1395821, -120.5540103
47.1502273, -120.553567
47.1587372, -120.552317
47.1673735, -120.5540822
47.1747582, -120.5553877
47.18676869999999, -120.5524311
47.1924502, -120.557498
47.2002304, -120.5594664
47.2074536, -120.5694869
47.2241523, -120.5552855
47.2267425, -120.5577898
47.23970629999999, -120.5626199
47.2522751, -120.5560022
47.2532106, -120.5578016
47.2645251, -120.5541123
47.27156979999999, -120.5607791
47.2833475, -120.5593735
47.2922202, -120.5562039
47.3006731, -120.5535021
47.3075275, -120.5645217
47.3266088, -120.5529579
47.3283432, -120.5570008
47.3362098, -120.5575754
47.3482888, -120.5543632
47.355436, -120.554408
47.3600101, -120.564127
47.38883509999999, -120.5738789
47.3922604, -120.5757265
47.4233317, -120.5782007
47.4620994, -120.5692209
47.4719921, -120.5664993
47.4873752, -120.5590786
47.4910284, -120.5549709
47.5001517, -120.5563804
47.5086784, -120.5555654
47.5190949, -120.553568
47.5270731, -120.5558903
47.5365282, -120.5548555
47.5454103, -120.554951
47.5540795, -120.5555197
47.5639379, -120.5527559
47.5723935, -120.5541602
47.5806342, -120.5513884
47.5835521, -120.5490349
47.6049243, -120.5568563
47.6056677, -120.5545143
47.6131283, -120.5425099
47.6333815, -120.553823
47.6351119, -120.5549429
47.6440591, -120.5552412
47.6552714, -120.553898
47.6555739, -120.5553742
47.6724962, -120.5531771
47.6775791, -120.5558596
47.689121, -120.558929
47.69673, -120.5563895
47.7066269, -120.5568541
47.7122599, -120.559709
47.7243809, -120.556515
47.73864810000001, -120.5535912
47.740287, -120.5573731
47.748714, -120.5603174
47.7589034, -120.5617801
47.7745775, -120.5422164
47.7822199, -120.5567831
47.78803749999999, -120.5553145
47.7950321, -120.5635766
47.7980253, -120.5673511
47.8101652, -120.5800923
47.8186381, -120.5840483
47.8276058, -120.5925166
47.9307945, -120.5446305
47.9310542, -120.5469131
47.9310856, -120.5471692
47.9312797, -120.5484842
47.9318287, -120.5509659
47.9328515, -120.5545771
47.9418017, -120.5539321
47.9426602, -120.5524699
47.9616601, -120.549055
47.9697798, -120.5519394
47.9756124, -120.5583321
47.9871669, -120.5510297
47.9976938, -120.5546359
48.00472269999999, -120.5620762
48.01351349999999, -120.5578978
48.0218275, -120.555358
48.023399, -120.5586103
48.0631514, -120.5514142
48.0632498, -120.5519983
48.0668914, -120.5556391
48.4283761, -120.5203989
48.42944259999999, -120.5225148
48.4338284, -120.5296537
48.4436349, -120.5414384
48.45383959999999, -120.5563364
48.4600132, -120.5593304
48.4602067, -120.5597809
48.4602156, -120.5598688
48.5294489, -120.5484318
48.5443902, -120.5267018
48.5994956, -120.5462755
48.5996687, -120.5474237
48.6002713, -120.5509334
48.6008285, -120.5541724
48.60107559999999, -120.5561532
48.6011106, -120.5568329
48.6430109, -120.575563
48.6475182, -120.5681262
48.6496935, -120.5644521
48.6524535, -120.5555862
48.6614911, -120.5555965
48.66331779999999, -120.5507129
48.6674325, -120.5427946
48.8593486, -120.5636323
48.8669214, -120.5650136
48.8732281, -120.5671549
48.88045650000001, -120.5715426
48.8862918, -120.5801459
48.88900899999999, -120.5844084
48.8915602, -120.5900588
46.2116709, -120.5410367
46.22266459999999, -120.5417849
46.2320147, -120.5425703
46.2388445, -120.5396111
46.2477587, -120.541023
46.2575598, -120.5430751
46.2662235, -120.5411155
46.2762845, -120.5411794
46.282151, -120.5474317
46.2922319, -120.554604
46.3032581, -120.5541892
46.3139185, -120.5381713
46.3170144, -120.541573
46.3297938, -120.5423221
46.3390269, -120.5438649
46.3480734, -120.5439107
46.3570733, -120.5439563
46.36735789999999, -120.5422088
46.37520869999999, -120.5415729
46.3840539, -120.544093
46.3938154, -120.5415776
46.4028186, -120.5415573
46.4110788, -120.5416236
46.4190578, -120.5415643
46.4290919, -120.5440215
46.4382917, -120.5419278
46.4480945, -120.5416037
46.45599250000001, -120.5439798
46.4641252, -120.5414632
46.474109, -120.5445639
46.4827208, -120.5428084
46.4919514, -120.541572
46.5010652, -120.5444215
46.5271858, -120.5346629
46.5291815, -120.5401849
46.5309401, -120.5439457
46.5460795, -120.5414022
46.5538469, -120.542954
46.5618738, -120.5431563
46.5730772, -120.5409173
46.5820804, -120.5416662
46.5910805, -120.5421746
46.5998577, -120.5415744
46.6089189, -120.5415796
46.6179662, -120.5415747
46.6308854, -120.5395795
46.633509, -120.5430248
46.64645609999999, -120.5415277
46.654167, -120.5415648
46.6628492, -120.54128
46.6720845, -120.5411126
46.6810835, -120.5411236
46.6900826, -120.5413064
46.6988813, -120.5423332
46.7080755, -120.5418314
46.7201635, -120.5408117
46.7260849, -120.5421333
46.7364404, -120.5418629
46.7451448, -120.5415669
46.7530932, -120.5518712
46.7637535, -120.5346489
46.77217050000001, -120.5394441
46.7802028, -120.5421508
46.7876777, -120.5395966
46.7978025, -120.550836
46.8062518, -120.5512768
46.8158122, -120.5534702
46.8242224, -120.5540046
46.84028259999999, -120.5331099
46.8458336, -120.5413328
46.8468066, -120.5440864
46.8469184, -120.5446059
46.8948952, -120.5653672
46.89969, -120.5635818
46.9051249, -120.5633082
46.907038, -120.5639083
46.9334979, -120.522172
46.9483246, -120.5477102
46.9572016, -120.5493316
46.9692734, -120.5397127
46.9770453, -120.5420257
46.98707900000001, -120.5414428
46.99607229999999, -120.5418313
47.005781, -120.5415905
47.0139718, -120.5415711
47.0233377, -120.5415713
47.028642, -120.5416067
47.04307, -120.5415935
47.0500572, -120.5398226
47.0574392, -120.539116
47.0578294, -120.5381283
47.06988519999999, -120.5247136
47.09523850000001, -120.5524325
47.1041298, -120.5499174
47.10974969999999, -120.5493587
47.1284232, -120.5423821
47.1286036, -120.5430512
47.14372669999999, -120.5504195
47.1495358, -120.5414221
47.1589017, -120.5328148
47.1669737, -120.541847
47.1766731, -120.5412295
47.185523, -120.5418966
47.1960168, -120.5510731
47.2214998, -120.5439978
47.2220465, -120.5414146
47.2303296, -120.5399796
47.23825799999999, -120.5387407
47.2524865, -120.552263
47.26443709999999, -120.5510951
47.2758505, -120.5418404
47.28165329999999, -120.5482474
47.2888971, -120.551335
47.3043778, -120.5441462
47.308541, -120.5367028
47.3158946, -120.5311152
47.3310878, -120.5489176
47.3483619, -120.554013
47.40859529999999, -120.5094893
47.4126718, -120.5103098
47.4315021, -120.5287099
47.4315384, -120.5287716
47.4316708, -120.5287352
47.4400059, -120.5243733
47.4772885, -120.529643
47.4808108, -120.5287455
47.492946, -120.5453506
47.5003047, -120.5408847
47.5100653, -120.5401319
47.5183462, -120.5414587
47.5270792, -120.5416395
47.53601279999999, -120.5417252
47.5455432, -120.5420964
47.552947, -120.5467928
47.5608785, -120.5509562
47.5714508, -120.5530618
47.5849481, -120.5414278
47.589998, -120.5410799
47.5990416, -120.5407781
47.6074803, -120.5409174
47.6163623, -120.5406406
47.6258486, -120.5402791
47.6339798, -120.5521424
47.6455536, -120.5435714
47.6530809, -120.5415715
47.662025, -120.5413829
47.6710433, -120.5404292
47.6740118, -120.5477768
47.693533, -120.5504353
47.6974746, -120.5516254
47.7038986, -120.5555461
47.7261989, -120.540744
47.7346381, -120.5404613
47.7393584, -120.5444359
47.754186, -120.5323827
47.76355179999999, -120.5365986
47.7717348, -120.5388256
47.7777988, -120.5448791
47.7854098, -120.5508703
47.78733649999999, -120.5535099
47.7951479, -120.5636596
47.8331856, -120.5112062
47.8335666, -120.5113314
47.8338048, -120.511227
47.8352313, -120.5101677
47.8353216, -120.5100196
47.866371, -120.4799009
47.9174728, -120.5027004
47.9179621, -120.5034178
47.9307747, -120.5440498
47.9307891, -120.5437682
47.9308008, -120.5436274
47.93105010000001, -120.5412933
47.9378922, -120.5448702
47.9536934, -120.5373595
47.957385, -120.543849
47.9634499, -120.5451059
47.977846, -120.5408945
47.98572710000001, -120.5405769
47.9953805, -120.5430844
47.9987436, -120.5453436
48.0199408, -120.5519958
48.02054649999999, -120.5516795
48.0305005, -120.5283747
48.0369182, -120.5294762
48.0514813, -120.5315574
48.0589248, -120.5356943
48.06432789999999, -120.5428897
48.06445369999999, -120.5435486
48.4055633, -120.4897306
48.426205, -120.5155657
48.43234899999999, -120.5281457
48.4409644, -120.5351708
48.44492109999999, -120.5421313
48.4474703, -120.5470215
48.4579612, -120.5579492
48.4601717, -120.5596508
48.53056549999999, -120.5450214
48.5346236, -120.5403889
48.5405077, -120.5324879
48.5468454, -120.5221289
48.5494075, -120.5167855
48.5987026, -120.5386998
48.5987511, -120.5392172
48.598977, -120.5413608
48.5992031, -120.5435056
48.5997817, -120.5480563
48.6003566, -120.5514232
48.6528476, -120.5534462
48.6535467, -120.5516068
48.655439, -120.5489363
48.66110339999999, -120.5416067
48.6674247, -120.5426455
48.8649131, -120.564465
48.8730395, -120.5670317
48.8766389, -120.5691776
46.2109333, -120.5268828
46.2249124, -120.5288504
46.2340467, -120.5294988
46.2424103, -120.531156
46.24810120000001, -120.5263152
46.266704, -120.5285823
46.2667402, -120.5278893
46.2752159, -120.5277886
46.28531359999999, -120.5283044
46.2897572, -120.5211492
46.31219919999999, -120.5227074
46.3211301, -120.5227603
46.3301025, -120.5228776
46.3390826, -120.522909
46.3461355, -120.5278498
46.3571101, -120.5230196
46.3678369, -120.527875
46.3752088, -120.5278669
46.3840991, -120.5232149
46.390154, -120.5278586
46.40358029999999, -120.5279518
46.4110544, -120.5231197
46.41914500000001, -120.5278551
46.430274, -120.528323
46.43809599999999, -120.523087
46.4482849, -120.5279027
46.45527509999999, -120.5311679
46.4630558, -120.5289209
46.4742439, -120.5280441
46.4831109, -120.5236891
46.4920181, -120.5278659
46.4971937, -120.5249448
46.5261965, -120.5286614
46.5265618, -120.5268952
46.5410368, -120.5264201
46.5460491, -120.5229788
46.5550806, -120.5282802
46.56364139999999, -120.526937
46.573079, -120.5278458
46.582079, -120.5276586
46.5910789, -120.5276924
46.5997646, -120.5278647
46.6091135, -120.5277856
46.6179239, -120.5278661
46.62559359999999, -120.5270395
46.6364577, -120.5273469
46.6445516, -120.5298696
46.6540279, -120.527866
46.6625605, -120.5289805
46.6724264, -120.5278637
46.68238160000001, -120.5278633
46.6896597, -120.5278889
46.6989651, -120.5254582
46.7080713, -120.5283583
46.7170795, -120.5283719
46.7260718, -120.5273755
46.7381983, -120.5277798
46.7456602, -120.5235994
46.7530861, -120.5278457
46.7602434, -120.5319273
46.7681778, -120.5369535
46.779336, -120.5238786
46.7880685, -120.5307035
46.7967485, -120.5258209
46.80238929999999, -120.5205142
46.8025197, -120.5201956
46.8351492, -120.5134552
46.8393582, -120.5279952
46.8406723, -120.530125
46.84446029999999, -120.5365894
46.8454841, -120.53912
46.8767314, -120.4952286
46.8771711, -120.4953013
46.8966878, -120.5035719
46.8977897, -120.5042046
46.9071824, -120.5054245
46.916068, -120.5080071
46.9285878, -120.516836
46.9460044, -120.5283625
46.9510746, -120.5283767
46.9601172, -120.5283209
46.9690702, -120.5286032
46.9780797, -120.5286418
46.9876066, -120.5278943
46.996042, -120.5278391
47.00482510000001, -120.5270878
47.0140646, -120.5278664
47.0230882, -120.5304094
47.0289151, -120.5276843
47.0433076, -120.5280357
47.0469862, -120.5317262
47.0583439, -120.5277879
47.0680596, -120.5247666
47.0699863, -120.5246023
47.1042147, -120.5499163
47.14611559999999, -120.5306437
47.1476709, -120.5283047
47.1562152, -120.530368
47.166949, -120.525016
47.1738942, -120.5306046
47.1877046, -120.5365575
47.1880706, -120.536517
47.2117683, -120.5180679
47.2120445, -120.5182777
47.2241282, -120.5303446
47.23140950000001, -120.5273194
47.23565989999999, -120.527309
47.2468631, -120.5211107
47.2637967, -120.5252106
47.2655565, -120.5281216
47.2753781, -120.5233337
47.2836284, -120.5187276
47.2897863, -120.5190999
47.3074123, -120.5203336
47.3119319, -120.5318897
47.32009290000001, -120.5273601
47.322781, -120.5268842
47.3882848, -120.4963022
47.38864969999999, -120.4965894
47.3970534, -120.5009504
47.4071902, -120.5085905
47.4163594, -120.5106189
47.438671, -120.5233458
47.4816416, -120.5276881
47.491436, -120.5332801
47.5025375, -120.5236083
47.5066785, -120.5316209
47.51869110000001, -120.5282383
47.5300883, -120.5281568
47.5351031, -120.5276672
47.5443485, -120.5267438
47.5542952, -120.5248895
47.5632828, -120.5296257
47.5706688, -120.5283896
47.5856866, -120.5322097
47.5873475, -120.526667
47.5988582, -120.5275584
47.60879689999999, -120.5280862
47.62020949999999, -120.5344307
47.62765150000001, -120.5357236
47.64402, -120.527165
47.6441714, -120.5277879
47.6527117, -120.5272991
47.65830620000001, -120.5290666
47.6741368, -120.526196
47.6787055, -120.5262578
47.6905842, -120.5185401
47.6978522, -120.5249568
47.7038269, -120.5257481
47.72822559999999, -120.5354142
47.7297788, -120.5343873
47.7431217, -120.5271626
47.7520522, -120.5286423
47.760559, -120.5303532
47.7688858, -120.5343066
47.7721755, -120.5394092
47.78057279999999, -120.5471113
47.78562789999999, -120.5510287
47.8257707, -120.5056846
47.8305464, -120.5090402
47.8350821, -120.510318
47.8388331, -120.5027651
47.8663179, -120.479909
47.9173201, -120.5023747
47.9203219, -120.5062471
47.9308033, -120.5321263
47.9326474, -120.5284536
47.9419431, -120.5249052
47.9501281, -120.5275813
47.959122, -120.5241275
47.967613, -120.5291881
47.9787671, -120.5230161
47.9853348, -120.529783
47.99924590000001, -120.5192863
48.004735, -120.5222503
48.0130411, -120.5221135
48.0225395, -120.5260323
48.0311058, -120.5279397
48.0406008, -120.5248307
48.0491004, -120.527906
48.058079, -120.535255
48.0624766, -120.5361033
48.0633494, -120.537399
48.0641112, -120.5397208
48.4171403, -120.4990045
48.42281029999999, -120.5088332
48.4282938, -120.5201937
48.43008020000001, -120.5236818
48.4359956, -120.5298735
48.4401988, -120.5331442
48.4452359, -120.5424166
48.4466276, -120.5447088
48.4599363, -120.5592535
48.46008759999999, -120.5594675
48.52698239999999, -120.5507154
48.5327993, -120.5418477
48.5388046, -120.5337566
48.5439702, -120.5268934
48.5468525, -120.5221113
48.5497738, -120.515981
48.5532654, -120.5086231
48.59152479999999, -120.5129091
48.5949667, -120.5205218
48.5981384, -120.5278329
48.5992365, -120.5322207
48.5993164, -120.5326389
48.6456916, -120.5085766
48.6462855, -120.509666
48.6470339, -120.5101203
48.6572235, -120.5242054
48.6594552, -120.5291487
48.6673745, -120.5425768
48.8708209, -120.5659741
48.87512479999999, -120.5682091
46.2142854, -120.5154123
46.2177699, -120.5109704
46.2276375, -120.5138647
46.2395177, -120.5135663
46.2675635, -120.5190349
46.2685663, -120.5166514
46.2776018, -120.5148897
46.2897101, -120.5198137
46.2949448, -120.5145805
46.2976553, -120.510447
