48.9228185, -119.664485
48.9321144, -119.6552737
48.9400393, -119.6643687
48.9484199, -119.6655389
46.2028241, -119.63229
46.2336153, -119.6597273
46.235645, -119.6542755
46.2416509, -119.6507686
46.24835119999999, -119.6506157
46.2593242, -119.6511999
46.267157, -119.6525567
46.2761116, -119.6519144
46.2843916, -119.6493884
46.2947476, -119.6508264
46.3025443, -119.6506442
46.3171192, -119.6505579
46.3185614, -119.6495628
46.3316967, -119.6506069
46.33781949999999, -119.6586261
46.353572, -119.650634
46.3660873, -119.6604474
46.3754056, -119.6506409
46.3857319, -119.6478278
46.3904538, -119.6518752
46.4021069, -119.6601036
46.40393539999999, -119.6603182
46.4216214, -119.6538247
46.4220082, -119.6534846
46.4543449, -119.6465267
46.456853, -119.6500979
46.46547469999999, -119.6534187
46.4741012, -119.6526438
46.4825413, -119.6536956
46.4913957, -119.6566742
46.5008858, -119.657929
46.5090686, -119.650922
46.518339, -119.6511209
46.5277454, -119.6599237
46.5367209, -119.6606055
46.5448648, -119.6506275
46.5593145, -119.6429202
46.5686594, -119.6505732
46.5772565, -119.6506851
46.57734259999999, -119.6505548
46.5911161, -119.6638879
46.60013379999999, -119.6638185
46.6090975, -119.6637625
46.62183479999999, -119.6505992
46.6269642, -119.6504718
46.63662679999999, -119.6510043
46.6491883, -119.6517215
46.6495588, -119.64911
46.6617503, -119.6507266
46.6617709, -119.6513525
46.6992002, -119.6498844
46.6993584, -119.6501849
46.699629, -119.6507974
46.7206216, -119.6560085
46.725293, -119.6494416
46.7371342, -119.6506917
46.73941199999999, -119.652757
46.753105, -119.6427657
46.7639062, -119.6521717
46.7663394, -119.6506025
46.7799964, -119.6425377
46.780878, -119.6425185
46.8103077, -119.6576864
46.8114027, -119.6545311
46.8134654, -119.6505844
46.83713059999999, -119.6546073
46.8388764, -119.6513655
46.8420598, -119.6590484
46.8840991, -119.6718939
46.8901781, -119.6576314
46.8913607, -119.6559824
46.8990907, -119.6506417
46.8990908, -119.6506072
46.9138812, -119.650634
46.9283456, -119.6506036
46.9283458, -119.6506678
46.9469793, -119.6517258
46.9509436, -119.6506182
46.9601937, -119.6528386
46.9683777, -119.6533706
46.9771659, -119.6507624
46.9772417, -119.6519543
46.99650570000001, -119.6423065
47.0050804, -119.6420405
47.0140875, -119.6420526
47.02307, -119.6420477
47.0302709, -119.6506726
47.0302728, -119.6508649
47.0302747, -119.6510572
47.0591199, -119.6845394
47.0680245, -119.6845716
47.0967935, -119.6620527
47.1038917, -119.6506331
47.11093839999999, -119.6618612
47.1327286, -119.6602576
47.1402118, -119.6614743
47.149065, -119.6613283
47.1624932, -119.6506704
47.1671019, -119.6560589
47.1709351, -119.6568244
47.1915444, -119.6507417
47.1915455, -119.6505918
47.2052444, -119.6484789
47.21441309999999, -119.6537773
47.2210808, -119.6500069
47.2351185, -119.6506974
47.2351191, -119.6505842
47.249691, -119.6506704
47.255328, -119.653756
47.2683821, -119.6513261
47.2698913, -119.6467976
47.27417130000001, -119.6619138
47.3223147, -119.651423
47.3223424, -119.6511189
47.3305288, -119.6493785
47.3334591, -119.6545888
47.3540935, -119.649733
47.35439119999999, -119.6515649
47.3677078, -119.6506869
47.3677095, -119.6505058
47.37283, -119.6384725
47.3987278, -119.6478262
47.39989449999999, -119.6517692
47.4019109, -119.656074
47.41984, -119.6411696
47.4259941, -119.6505729
47.44051959999999, -119.6507098
47.4405216, -119.6505116
47.4550638, -119.6408153
47.4640284, -119.6407637
47.4729594, -119.64085
47.4821603, -119.6407442
47.491075, -119.6406862
47.4984395, -119.6506203
47.5091051, -119.6407606
47.5180737, -119.6407747
47.5270743, -119.6407675
47.5414123, -119.6506548
47.5414124, -119.6506197
47.5594103, -119.6507042
47.559411, -119.6505857
47.57025729999999, -119.6407971
47.5848431, -119.6451967
47.6067957, -119.6503039
47.6074742, -119.6507032
47.6133421, -119.6614489
47.6134713, -119.6616213
47.63475870000001, -119.6792728
47.6557131, -119.660357
47.6581514, -119.6543204
47.6597856, -119.6492078
47.6705166, -119.6581784
47.6848982, -119.6505343
47.6848999, -119.6507204
47.698048, -119.6422293
47.7060328, -119.6428716
47.7139209, -119.6506287
47.72822799999999, -119.6505393
47.7339599, -119.6424822
47.74305529999999, -119.642397
47.7520282, -119.6435766
47.7613321, -119.6479594
47.77169259999999, -119.6506327
47.7745246, -119.6532111
47.7862927, -119.6506395
47.8009497, -119.6537632
47.8047714, -119.6486016
47.8156371, -119.650633
47.824759, -119.6502276
47.8300063, -119.6506378
47.84437940000001, -119.6506133
47.85107, -119.6417969
47.85890999999999, -119.6506372
47.8691059, -119.6419194
47.878097, -119.6419057
47.8838902, -119.6444701
47.8981621, -119.6468544
47.9096024, -119.6502051
47.91026919999999, -119.6529563
47.9177901, -119.6588467
47.9425774, -119.6663995
47.94470949999999, -119.6649299
47.9549393, -119.6417485
47.96020670000001, -119.6478301
47.96790559999999, -119.6515583
47.9774182, -119.6520536
47.9862232, -119.6484852
47.9955582, -119.6499697
48.0035146, -119.6511121
48.0110068, -119.6514002
48.027466, -119.6404969
48.032189, -119.643514
48.0370591, -119.6441215
48.048914, -119.6360851
48.0571212, -119.6359883
48.0735215, -119.6566542
48.07618009999999, -119.6505016
48.0858348, -119.6602856
48.0957563, -119.6413502
48.1064104, -119.6528181
48.11207719999999, -119.6494685
48.1213656, -119.6506336
48.1331867, -119.6407577
48.1348105, -119.6618137
48.14978439999999, -119.6649076
48.1618843, -119.6587331
48.1677977, -119.6535361
48.1749815, -119.64826
48.1848869, -119.6489427
48.1929956, -119.6475424
48.2013465, -119.6450979
48.2113114, -119.647007
48.220079, -119.6502577
48.2292317, -119.6492604
48.2374516, -119.6475386
48.2462953, -119.6498576
48.2559938, -119.6502861
48.2613253, -119.6547042
48.27670089999999, -119.6507808
48.283107, -119.6506119
48.2879629, -119.6541015
48.2999529, -119.649601
48.3089029, -119.6484979
48.3188841, -119.6506431
48.3277584, -119.6504169
48.3341348, -119.6396239
48.3460617, -119.6379287
48.3583408, -119.6466039
48.3633185, -119.6472281
48.3743338, -119.6386833
48.3833595, -119.6432056
48.3908395, -119.6436037
48.3986994, -119.6454842
48.4086207, -119.650892
48.4100872, -119.655504
48.43064340000001, -119.6459522
48.4349341, -119.6532188
48.4411604, -119.658464
48.4458227, -119.6639346
48.4657989, -119.657487
48.4703548, -119.6594055
48.4761562, -119.6627862
48.4995538, -119.6481024
48.4999951, -119.649639
48.5045667, -119.6532337
48.515296, -119.6549988
48.5247337, -119.6372542
48.5359823, -119.6407313
48.5415582, -119.6385811
48.54827040000001, -119.6323081
48.5513199, -119.6293008
48.5583363, -119.6213718
48.5972939, -119.6360766
48.6055098, -119.6503408
48.6061819, -119.6505531
48.613788, -119.6526517
48.62682419999999, -119.6540197
48.6348554, -119.6505461
48.6380335, -119.6541749
48.6571004, -119.6500366
48.6608077, -119.6543595
48.6711977, -119.6421448
48.6761445, -119.6408511
48.6894129, -119.6427017
48.6992207, -119.6440925
48.7014019, -119.6454552
48.7157462, -119.6483942
48.71638790000001, -119.648679
48.7344473, -119.664639
48.7461825, -119.6598991
48.75457960000001, -119.6540364
48.76083389999999, -119.6576741
48.7693158, -119.6528734
48.7780926, -119.6493029
48.7878754, -119.6510497
48.7966802, -119.6502409
48.8049342, -119.6489426
48.820699, -119.6464168
48.8234705, -119.6476271
48.8332186, -119.6509713
48.8408279, -119.6460341
48.8512121, -119.6493537
48.8599423, -119.6560923
48.8680979, -119.6498171
48.8782341, -119.6589507
48.8831239, -119.65918
48.9157634, -119.6390302
48.9162833, -119.639636
48.9225016, -119.6498361
48.9301165, -119.6496942
48.9408559, -119.6556574
48.9492684, -119.6513423
46.2033351, -119.6316644
46.2388901, -119.6444844
46.239255, -119.6435418
46.2414011, -119.6379969
46.248436, -119.6347897
46.2584109, -119.636057
46.2690324, -119.6333618
46.2762556, -119.6413272
46.2842495, -119.6376296
46.2941303, -119.640126
46.30243489999999, -119.6369389
46.316989, -119.6368394
46.3206024, -119.6369305
46.3318829, -119.6399759
46.3390791, -119.6397075
46.3480791, -119.6397073
46.3570838, -119.6396026
46.3659832, -119.6368217
46.3754202, -119.6368942
46.3810628, -119.642049
46.3923509, -119.6361181
46.4013193, -119.6384284
46.4407214, -119.6270483
46.4514529, -119.6364534
46.45259120000001, -119.6396412
46.4659112, -119.6532973
46.4741972, -119.6526416
46.4813117, -119.6532185
46.4884376, -119.6553923
46.506955, -119.6352505
46.5072851, -119.6377154
46.5148108, -119.6397313
46.534046, -119.6303438
46.5388829, -119.6368924
46.5460865, -119.638377
46.5550922, -119.6382427
46.5640839, -119.6381114
46.5730838, -119.6380304
46.5774566, -119.6368484
46.5774579, -119.6366947
46.6001923, -119.663818
46.6217067, -119.6379748
46.62172109999999, -119.637659
46.6270809, -119.6369273
46.6360786, -119.6368653
46.6398704, -119.6366914
46.65204629999999, -119.6360243
46.6627483, -119.6367405
46.6631379, -119.6344122
46.6633618, -119.632561
46.7009402, -119.6388978
46.7010753, -119.637264
46.703659, -119.6298582
46.725312, -119.6494149
46.7299661, -119.6428592
46.7371797, -119.6369479
46.7426215, -119.6368777
46.7530601, -119.6427654
46.7590965, -119.6359749
46.7711386, -119.6427311
46.7801365, -119.6425347
46.8393976, -119.6369225
46.8393976, -119.6369255
46.8393976, -119.6369285
46.8393976, -119.6369316
46.8393976, -119.6369346
46.8807695, -119.6188132
46.8898859, -119.6292786
46.8978606, -119.6365585
46.90688249999999, -119.6341947
46.913868, -119.6369346
46.924122, -119.643057
46.93307739999999, -119.6429623
46.9400769, -119.6369156
46.9513425, -119.6369507
46.9541835, -119.6356394
46.97620740000001, -119.635923
46.9762889, -119.6371754
47.0050785, -119.6420405
47.0140742, -119.6420526
47.0230847, -119.6420476
47.0302864, -119.6368206
47.0303012, -119.636286
47.0303057, -119.636123
47.0680054, -119.6845716
47.1033728, -119.6369938
47.1033729, -119.6369592
47.1039229, -119.6369266
47.1043197, -119.6368866
47.1187401, -119.6200509
47.1349423, -119.6320734
47.1402965, -119.6362945
47.1417086, -119.6393561
47.1625003, -119.6369446
47.16709059999999, -119.6399019
47.17710779999999, -119.6369406
47.1848254, -119.6367187
47.1941125, -119.6398592
47.2031099, -119.6396368
47.2047746, -119.6398917
47.2206977, -119.6369202
47.2272525, -119.6331133
47.2352377, -119.6368334
47.2498328, -119.6369664
47.254198, -119.6356593
47.2655525, -119.6369075
47.2722513, -119.634722
47.27363709999999, -119.6307857
47.2872355, -119.6175661
47.3237347, -119.6451834
47.3261036, -119.6395068
47.32987, -119.6365435
47.3300029, -119.637643
47.3493376, -119.6336827
47.353143, -119.64129
47.3678233, -119.6369695
47.3737716, -119.6365559
47.3746659, -119.6349419
47.396083, -119.633664
47.3973903, -119.6377459
47.4116234, -119.6335207
47.4182242, -119.6407147
47.42846900000001, -119.6406568
47.4370612, -119.6406845
47.4460547, -119.6408134
47.4550853, -119.6408153
47.4640989, -119.6407629
47.4731271, -119.6408455
47.4820479, -119.6407422
47.4910807, -119.6406862
47.5000665, -119.6406753
47.5090691, -119.6407604
47.5180813, -119.6407747
47.5269327, -119.6369236
47.5360816, -119.6407547
47.5450615, -119.6407281
47.55407169999999, -119.640688
47.5630653, -119.64074
47.570405, -119.6368962
47.5848015, -119.6369568
47.5848018, -119.6368855
47.6047583, -119.6342605
47.60557780000001, -119.6381001
47.6069368, -119.6428298
47.6070827, -119.6434268
47.6580781, -119.6384408
47.6580957, -119.6378497
47.6581134, -119.6372586
47.6600085, -119.6333926
47.67182649999999, -119.630762
47.6761326, -119.6298602
47.6890991, -119.6423028
47.6969971, -119.6382415
47.7070514, -119.6422438
47.7160438, -119.6423946
47.7280439, -119.6369635
47.7341604, -119.6424757
47.7430951, -119.6423967
47.7499309, -119.6424553
47.7607244, -119.6369255
47.7700863, -119.6422979
47.7790335, -119.6424281
47.7861187, -119.6377872
47.7971079, -119.642432
47.8060232, -119.6315752
47.8151575, -119.6367829
47.8240946, -119.6421364
47.8300066, -119.6369203
47.8421265, -119.6418378
47.8510842, -119.6417968
47.8600456, -119.641796
47.8690639, -119.6419191
47.878069, -119.6419056
47.8869328, -119.6414103
47.894302, -119.642856
47.905288, -119.6374449
47.90938939999999, -119.6426481
47.9095563, -119.6431336
47.9510314, -119.6307302
47.9514412, -119.6334763
47.9518542, -119.636249
47.9558616, -119.642826
47.9723191, -119.6281335
47.9776114, -119.6333614
47.9877192, -119.6364875
47.99519300000001, -119.6377429
48.0049824, -119.6359485
48.0138147, -119.637449
48.01796, -119.6361671
48.03061599999999, -119.6377323
48.0385842, -119.6346259
48.0490323, -119.6360707
48.0579103, -119.6357945
48.0673003, -119.6331183
48.0749564, -119.6335799
48.0853353, -119.6353149
48.0934949, -119.6383255
48.1031009, -119.6440104
48.1066121, -119.6441348
48.1213577, -119.6369102
48.1300724, -119.6364193
48.1332163, -119.6404924
48.1388989, -119.6231596
48.1693514, -119.6486125
48.1695175, -119.648335
48.175543, -119.6482081
48.18343540000001, -119.6454027
48.1933653, -119.64752
48.203519, -119.6438774
48.2132341, -119.6409485
48.2266635, -119.6477599
48.24074239999999, -119.6456763
48.24877739999999, -119.6387067
48.253977, -119.6330477
48.2617903, -119.6267287
48.2772936, -119.6490674
48.2835293, -119.6487791
48.3022403, -119.6348712
48.3100967, -119.6372026
48.3198614, -119.6370997
48.3303164, -119.6420586
48.3372846, -119.6377371
48.3464085, -119.6375082
48.3555459, -119.632296
48.364451, -119.6354874
48.37292249999999, -119.6383226
48.3824993, -119.6376765
48.3919216, -119.6427806
48.4003749, -119.632757
48.405651, -119.63234
48.4205489, -119.6315522
48.42733130000001, -119.6351714
48.4328674, -119.6324423
48.4451945, -119.6284196
48.456326, -119.6311062
48.4595973, -119.6301591
48.4624264, -119.6270111
48.4758195, -119.662567
48.4998562, -119.6451704
48.5020316, -119.6385848
48.5071014, -119.6417649
48.51874350000001, -119.6309629
48.5261268, -119.6364307
48.535094, -119.6402494
48.5432783, -119.6359211
48.5512142, -119.629385
48.555615, -119.6242136
48.5584037, -119.6212621
48.5978719, -119.6361773
48.6051, -119.6390457
48.62144540000001, -119.6284085
48.6261827, -119.6290876
48.63290250000001, -119.6374514
48.6431145, -119.637852
48.6520835, -119.6394356
48.6592564, -119.6356572
48.6678819, -119.6381492
48.678896, -119.6394326
48.6877557, -119.6418676
48.69799980000001, -119.6367078
48.705521, -119.6292569
48.715092, -119.6348362
48.7196359, -119.6377719
48.7340075, -119.6267875
48.742764, -119.6248549
48.7562191, -119.6300824
48.7599691, -119.630538
48.7675472, -119.635766
48.782136, -119.630137
48.7859562, -119.6446092
48.79552200000001, -119.631954
48.8063414, -119.639402
48.8129664, -119.637248
48.8230753, -119.6369383
48.8313053, -119.6400625
48.84232739999999, -119.6455772
48.8523096, -119.6411914
48.8589013, -119.6364071
48.8648768, -119.6422897
48.8712003, -119.6258976
48.8955165, -119.6082605
48.9154998, -119.6359545
48.91552979999999, -119.6363114
48.9190704, -119.6413857
48.9308522, -119.6367194
48.9400691, -119.6330028
48.9529807, -119.6483418
46.214078, -119.6008537
46.2430779, -119.6304829
46.2440168, -119.6279599
46.2478902, -119.6222939
46.2586126, -119.6234095
46.2670032, -119.6191874
46.27667719999999, -119.6232643
46.2851745, -119.6234457
46.2933575, -119.6235589
46.3030648, -119.618946
46.3120462, -119.6188138
46.3210551, -119.618694
46.3300414, -119.6185599
46.3396759, -119.6195472
46.3480687, -119.6186642
46.3570528, -119.6186328
46.3665069, -119.6247899
46.3745252, -119.6207424
46.3842188, -119.6216926
46.391384, -119.6197375
46.4405981, -119.6267437
46.4407947, -119.6244254
46.4408328, -119.6241995
46.4469617, -119.6266599
46.4498779, -119.6280926
46.45081520000001, -119.630902
46.4869289, -119.6088614
46.48896329999999, -119.6108718
46.49502810000001, -119.6168653
46.5000653, -119.6183569
46.5109187, -119.6229911
46.5193615, -119.6155959
46.5283235, -119.6163032
46.538242, -119.6269139
46.5459972, -119.6229783
46.5550718, -119.6218817
46.5684315, -119.623075
46.5774856, -119.6232918
46.5775644, -119.6231751
46.5775648, -119.6230847
46.61815250000001, -119.6147257
46.6189107, -119.617731
46.6200027, -119.6221668
46.6252807, -119.6239411
46.6351237, -119.6223413
46.6414439, -119.6199107
46.6554187, -119.624031
46.6630872, -119.6217163
46.664894, -119.6222898
46.66495099999999, -119.6213557
46.7014246, -119.6328157
46.7035336, -119.6211884
46.7044694, -119.6242167
46.70647100000001, -119.614593
46.7348762, -119.6291376
46.7364386, -119.6241234
46.7453447, -119.6305273
46.75919520000001, -119.6244921
46.75940019999999, -119.6225925
46.7710297, -119.6192732
46.7739532, -119.6191953
46.8393939, -119.6245777
46.83943379999999, -119.6239654
46.8395145, -119.6227246
46.8464026, -119.6070092
46.8649421, -119.6017538
46.888027, -119.6186366
46.8984178, -119.6231488
46.9063537, -119.6219275
46.9143467, -119.6219157
46.928312, -119.623286
46.933069, -119.621757
46.942755, -119.6232016
46.9507018, -119.6230404
46.9560659, -119.6222938
46.97403569999999, -119.6201878
46.9753205, -119.6247302
46.9755739, -119.626089
47.0013607, -119.6232226
47.0013607, -119.623219
47.0013607, -119.6232154
47.0303446, -119.623145
47.0303451, -119.6232385
47.0306159, -119.6198022
47.03062449999999, -119.6196995
47.0306832, -119.6190015
47.1025655, -119.6230333
47.1025656, -119.6230821
47.1025657, -119.623131
47.1025658, -119.6231799
47.1039544, -119.6232189
47.13333979999999, -119.6232321
47.1400552, -119.6188789
47.1490547, -119.6187722
47.1552735, -119.6232166
47.16706079999999, -119.6184892
47.1771876, -119.6232307
47.1850768, -119.6183961
47.1917588, -119.6231862
47.2063492, -119.623879
47.21210900000001, -119.6181419
47.2208423, -119.623215
47.231888, -119.6256532
47.2365181, -119.6200828
47.2499704, -119.62326
47.2591338, -119.6260722
47.2657544, -119.6232097
47.2753996, -119.6232742
47.2840206, -119.6188584
47.3091412, -119.6020349
47.328475, -119.621362
47.3288203, -119.6233257
47.3405504, -119.6193527
47.3446949, -119.6258783
47.35609669999999, -119.6184517
47.3679447, -119.6232575
47.3740823, -119.6185562
47.38308730000001, -119.6185341
47.3912394, -119.6239562
47.4011061, -119.6187176
47.4066084, -119.6270138
47.418618, -119.6261274
47.4238836, -119.6236786
47.4369974, -119.6406838
47.4459702, -119.6408123
47.4551084, -119.6408152
47.46417109999999, -119.6407621
47.47709039999999, -119.6233563
47.4808663, -119.6194937
47.5000217, -119.640675
47.513509, -119.6194132
47.5181686, -119.6192876
47.5270589, -119.6232204
47.53608500000001, -119.6192938
47.5418763, -119.6230987
47.5541225, -119.6193323
47.5630901, -119.6195131
47.5705135, -119.6231924
47.5810813, -119.6195131
47.5900566, -119.6194503
47.5990996, -119.6194532
47.60292099999999, -119.6256391
47.6037387, -119.6294758
47.6045563, -119.6333126
47.6582138, -119.6364577
47.661573, -119.6229695
47.6616074, -119.6233219
47.6732405, -119.6291968
47.68384959999999, -119.6181014
47.7009937, -119.6233686
47.7062704, -119.6251399
47.7188238, -119.6198097
47.7250721, -119.6211722
47.7340751, -119.6211252
47.7426587, -119.6232249
47.7520718, -119.6210245
47.76072300000001, -119.6232019
47.7702026, -119.6209485
47.7785939, -119.6221232
47.7876638, -119.6215906
47.79706179999999, -119.6209041
47.8060742, -119.6208181
47.8154304, -119.6232183
47.8240666, -119.6205734
47.8330616, -119.6204925
47.8419898, -119.6202418
47.844302, -119.620088
47.85995279999999, -119.6417946
47.8690236, -119.6419189
47.87804260000001, -119.6419055
47.8867189, -119.6413948
47.8999988, -119.6207742
47.9028352, -119.6256188
47.9137192, -119.62061
47.9313082, -119.5994023
47.9487671, -119.6191156
47.94978769999999, -119.623376
47.96198510000001, -119.6201096
47.9680889, -119.6238079
47.9735761, -119.6291695
47.988192, -119.6294889
47.99192679999999, -119.6223521
48.0043825, -119.6236769
48.0176433, -119.6253341
48.02243319999999, -119.6231324
48.0297669, -119.6307808
48.05609, -119.617355
48.0580317, -119.61732
48.0710823, -119.6239079
48.0759998, -119.6229577
48.0846555, -119.633951
48.0898491, -119.6358127
48.0992386, -119.6427328
48.1198331, -119.6238002
48.1202002, -119.6223019
48.1322576, -119.6296384
48.13893119999999, -119.6230821
48.147169, -119.6153674
48.1522253, -119.6132379
48.1595362, -119.6067466
48.1802656, -119.6454966
48.1832238, -119.6453843
48.1977939, -119.64618
48.20451370000001, -119.6435728
48.2266195, -119.6477499
48.2493959, -119.6368761
48.2559945, -119.6244907
48.2563391, -119.623496
48.2644107, -119.6228449
48.272653, -119.6152444
48.2789608, -119.6113825
48.2891023, -119.6052017
48.30425839999999, -119.6139169
48.310083, -119.6232273
48.3188739, -119.6227723
48.3268199, -119.620498
48.33794109999999, -119.6229148
48.3460038, -119.6298424
48.3549034, -119.6244961
48.3659208, -119.6288505
48.3733107, -119.6248
48.3833869, -119.6229779
48.38849020000001, -119.6277073
48.4010906, -119.6287983
48.4092755, -119.6236409
48.4168116, -119.6249228
48.4245044, -119.6332302
48.4366971, -119.6278108
48.4464974, -119.627538
48.4528544, -119.6266972
48.4636056, -119.6237422
48.4651777, -119.6212683
48.4651988, -119.621061
48.4967258, -119.607291
48.5047816, -119.6204949
48.5080043, -119.6232529
48.5167946, -119.6293944
48.5205514, -119.6313435
48.5423189, -119.621378
48.5441711, -119.623535
48.5533201, -119.6246339
48.5588467, -119.6204564
48.5655152, -119.6109815
48.5692556, -119.6061666
48.5962193, -119.6195381
48.5978052, -119.6253474
48.6070894, -119.6233309
48.6159989, -119.6239644
48.6239396, -119.6281826
48.6323605, -119.6315877
48.6509426, -119.6290724
48.65281969999999, -119.6238056
48.664447, -119.6228206
48.6656968, -119.6197357
48.68175489999999, -119.62718
48.68796890000001, -119.6233778
48.6992534, -119.6247381
48.70871469999999, -119.6213027
48.7141384, -119.6195311
48.72401259999999, -119.6252611
48.7329097, -119.6265551
48.7419585, -119.6232472
48.7562757, -119.628827
48.7600317, -119.6231941
48.7681806, -119.618019
48.7809, -119.622084
48.7869058, -119.6226585
48.7955629, -119.624971
48.8059694, -119.6206727
48.8089859, -119.6247161
48.8220059, -119.6259452
48.8339162, -119.6229725
48.8371356, -119.6281637
48.8448691, -119.608372
48.86187899999999, -119.63202
48.8685832, -119.6275083
48.87328919999999, -119.6210316
48.8883405, -119.6080732
48.9099018, -119.6139446
48.9145044, -119.6211758
48.9160104, -119.6246476
48.9315918, -119.6340507
48.9409299, -119.6236719
48.946869, -119.6226159
46.21308699999999, -119.6008519
46.2458902, -119.6214336
46.2462615, -119.6206709
46.251334, -119.6109831
46.2596448, -119.6079897
46.26660200000001, -119.6095189
46.2712248, -119.610681
46.2865851, -119.6112446
46.2942636, -119.608544
46.2978919, -119.6114782
46.314918, -119.6108952
46.3167566, -119.6095846
46.3301525, -119.618558
46.343033, -119.6053035
46.345988, -119.6095526
46.3593451, -119.6023938
46.3695447, -119.603597
46.3750395, -119.609444
46.3831478, -119.6146219
46.3919451, -119.6185944
46.3970555, -119.599216
46.4319311, -119.5921137
46.437364, -119.6027713
46.4396639, -119.6087993
46.4414054, -119.6125598
46.4494035, -119.6272135
46.4496294, -119.6275253
46.4906567, -119.6125527
46.4996729, -119.6109133
46.5101443, -119.6097935
46.5190449, -119.6079745
46.5280785, -119.6079094
46.5370646, -119.607697
46.54607379999999, -119.6086207
46.5550712, -119.6084704
46.5640746, -119.608364
46.573064, -119.6072368
46.5776518, -119.6094425
46.5776529, -119.6092978
46.6148078, -119.601474
46.6159173, -119.605781
46.6170991, -119.6102375
46.6228045, -119.6113167
46.63598380000001, -119.609185
46.645656, -119.6100354
46.6496948, -119.6077737
46.66452049999999, -119.6096127
46.66459589999999, -119.6088045
46.6870852, -119.5900136
46.6987324, -119.6005552
46.7011531, -119.6041934
46.7056444, -119.6106622
46.7064992, -119.614319
46.7378734, -119.6096052
46.73787369999999, -119.6095354
46.7441155, -119.6012744
46.7530887, -119.60137
46.7593883, -119.6095136
46.7669144, -119.6101582
46.77482089999999, -119.601385
46.7859127, -119.5964554
46.8399864, -119.6106378
46.8399957, -119.6102151
46.840005, -119.6097923
46.8400143, -119.6093696
46.8515598, -119.6018898
46.8627269, -119.600934
46.8681364, -119.6018063
46.8807747, -119.6099554
46.8845237, -119.608891
46.8970869, -119.6095136
46.9061131, -119.6020623
46.91371210000001, -119.6095369
46.9247251, -119.6112477
46.9283025, -119.6095775
46.9420306, -119.6006069
46.9494285, -119.6107252
46.9558577, -119.6078745
46.9720953, -119.609484
46.9720957, -119.6095726
46.9977876, -119.610343
47.0008621, -119.6129317
47.0013468, -119.6145096
47.0307186, -119.6095412
47.0307186, -119.6095088
47.0307187, -119.6094763
47.0307187, -119.6094439
47.0307188, -119.6094114
47.1026249, -119.6187425
47.1034118, -119.6096204
47.103412, -119.609565
47.10396919999999, -119.6095131
47.1187098, -119.6094324
47.1210787, -119.613987
47.1333709, -119.6095198
47.14013079999999, -119.618878
47.14913019999999, -119.6187713
47.162556, -119.6095428
47.1625562, -119.6094843
47.1772577, -119.6018119
47.1850835, -119.6183961
47.19196220000001, -119.6094265
47.2064568, -119.6061038
47.21307729999999, -119.6125944
47.220973, -119.6095117
47.2294943, -119.6070602
47.2390704, -119.6087751
47.2480828, -119.6097302
47.2551028, -119.6076837
47.2647704, -119.6084277
47.2782128, -119.6108037
47.2845324, -119.6108075
47.2862667, -119.6109173
47.3055167, -119.6006709
47.3091775, -119.6020215
47.3285551, -119.6139249
47.32936549999999, -119.6095432
47.3360604, -119.6121438
47.3471798, -119.6093309
47.3524323, -119.6032584
47.3680475, -119.6095651
47.3680488, -119.6094094
47.38306360000001, -119.618534
47.3907053, -119.6021224
47.4046886, -119.6095418
47.4046888, -119.6094717
47.420897, -119.600702
47.428211, -119.5977719
47.4372178, -119.5979941
47.446127, -119.5981131
47.45509010000001, -119.5982248
47.46416019999999, -119.5983296
47.47308719999999, -119.5982794
47.4910929, -119.5982755
47.50008709999999, -119.5982979
47.50905359999999, -119.598274
47.5180585, -119.6192821
47.5272559, -119.6095203
47.5419812, -119.6097257
47.5419835, -119.6094737
47.5505664, -119.6161603
47.5630496, -119.6195129
47.570944, -119.6095728
47.58497970000001, -119.6095709
47.5849805, -119.609439
47.5995782, -119.6093828
47.608054, -119.5983016
47.61018199999999, -119.598291
47.6250781, -119.5772539
47.6617925, -119.6191475
47.66309829999999, -119.6104426
47.66315489999999, -119.6097617
47.669744, -119.6015455
47.6839396, -119.6138126
47.6888207, -119.6048816
47.6979871, -119.610024
47.7094807, -119.6140029
47.716031, -119.609469
47.72121120000001, -119.6020196
47.7341012, -119.6211251
47.743112, -119.621092
47.7521176, -119.6210242
47.7682136, -119.6094585
47.7682139, -119.6095281
47.7790124, -119.5993539
47.7872992, -119.6112471
47.7971295, -119.5992541
47.80604169999999, -119.5993414
47.8154211, -119.6095135
47.8299616, -119.6094567
47.82996199999999, -119.6095439
47.8442848, -119.6094941
47.8442851, -119.6095742
47.8601064, -119.5990147
47.8691191, -119.5989773
47.8781554, -119.5990777
47.88701469999999, -119.5990253
47.8961543, -119.5991043
47.9069404, -119.6112363
47.9082431, -119.607641
47.9236821, -119.5998379
47.9463939, -119.6082213
47.9468662, -119.611004
47.9609148, -119.6096766
47.9681088, -119.6038425
47.97695520000001, -119.6095476
47.9918635, -119.6061049
47.9943024, -119.6079463
48.0022041, -119.6052843
48.0130822, -119.6094099
48.0232862, -119.6121326
48.0279323, -119.6050685
48.0320382, -119.5984325
48.058142, -119.6173181
48.067773, -119.6109609
48.0760883, -119.6098215
48.0810904, -119.6050052
48.0813619, -119.6041064
48.10680989999999, -119.593027
48.1210386, -119.610514
48.1212732, -119.6096289
48.1261509, -119.6146299
48.1412992, -119.6174148
48.1489219, -119.6143146
48.1565866, -119.6078738
48.1606304, -119.6052773
48.1654967, -119.5964848
48.1667101, -119.5944741
48.1981309, -119.6460509
48.2265512, -119.6477345
48.25612049999999, -119.6239614
48.25641470000001, -119.623335
48.2575858, -119.621929
48.2679607, -119.6175394
48.2754438, -119.6136006
48.28282859999999, -119.6063519
48.28966980000001, -119.6047753
48.30417809999999, -119.6101853
48.3108314, -119.6118328
48.3184829, -119.6080793
48.3280146, -119.6093871
48.3372363, -119.6109596
48.346077, -119.6094963
48.3556463, -119.6081054
48.3644076, -119.60967
48.3716809, -119.6145311
48.3816923, -119.6202259
48.39258479999999, -119.6044513
48.39872889999999, -119.6129432
48.4113903, -119.6215261
48.4143882, -119.6224834
48.4166033, -119.6245708
48.436989, -119.6277309
48.4532164, -119.6095936
48.4540701, -119.6088102
48.4638392, -119.6096775
48.4650902, -119.6054886
48.4837838, -119.5986401
48.4918808, -119.6030898
48.498875, -119.6098452
48.5037598, -119.6166134
48.5128526, -119.6247887
48.5353507, -119.6016572
48.5371312, -119.6082293
48.5444434, -119.6099599
48.5583647, -119.6118479
48.5616479, -119.6117256
48.5702137, -119.6040738
48.5949402, -119.613873
48.5981029, -119.6096533
48.6022165, -119.6192317
48.6146477, -119.6236707
48.6234457, -119.5957143
48.6335955, -119.592998
48.6505259, -119.5991256
48.6537309, -119.6017635
48.661093, -119.6128489
48.6699174, -119.6085683
48.6799658, -119.607579
48.6851205, -119.614395
48.701125, -119.617298
48.7115987, -119.6033223
48.7146335, -119.6098824
48.71687559999999, -119.6148642
48.7393586, -119.6229699
48.7414075, -119.6210279
48.7436754, -119.6220739
48.7612087, -119.619233
48.7663069, -119.616963
48.7823859, -119.620599
48.787071, -119.6202601
48.8021927, -119.6026423
48.8055656, -119.6092969
48.8158436, -119.6091911
48.817099, -119.6142387
48.8321767, -119.6094959
48.8441445, -119.6080298
48.8472837, -119.6056633
48.8613448, -119.6105295
48.8621854, -119.6112828
48.8771111, -119.6095745
48.8868616, -119.6071809
48.89512329999999, -119.6082267
48.9041617, -119.6092368
48.9133945, -119.6151123
48.9303744, -119.5994341
48.9422481, -119.6150618
48.949227, -119.6102405
46.2140676, -119.5958025
46.21406770000001, -119.5958434
46.2268844, -119.5800629
46.2533752, -119.6031077
46.2544919, -119.5991802
46.25667800000001, -119.5945465
46.2662906, -119.5954495
46.2710805, -119.5956951
46.28713579999999, -119.5995862
46.2944822, -119.5957975
46.3003693, -119.598971
46.3122148, -119.591381
46.3210305, -119.5974029
46.3301802, -119.5952108
46.3381363, -119.5970396
46.3483339, -119.5913994
46.3570648, -119.5956691
46.3638273, -119.5996263
46.37760129999999, -119.6037553
46.3863961, -119.5875004
46.3938205, -119.595255
46.4285942, -119.5864993
46.4318604, -119.5920049
46.43548029999999, -119.5978174
46.4374878, -119.6030916
46.441094, -119.611802
46.4838063, -119.5771469
46.4866939, -119.5832793
46.4895382, -119.5893423
46.492419, -119.5954709
46.5037113, -119.5939996
46.5053488, -119.5990457
46.5240242, -119.5876577
46.5371739, -119.6076951
46.5529113, -119.5949098
46.5529841, -119.5960821
46.56307229999999, -119.5951232
46.57758200000001, -119.5957607
46.57766669999999, -119.5958719
46.5909747, -119.588584
46.59211690000001, -119.588549
46.6128211, -119.5937634
46.6196788, -119.5951322
46.6203758, -119.5986346
46.63562109999999, -119.5958122
46.6447017, -119.5968925
46.6535871, -119.5889773
46.6650145, -119.5979414
46.669024, -119.591479
46.6849808, -119.588305
46.6902857, -119.590266
46.6973424, -119.5976297
46.7044088, -119.6058454
46.7046852, -119.6061884
46.7379192, -119.595851
46.7379192, -119.5958175
46.7440551, -119.6012738
46.7530727, -119.60137
46.7620824, -119.6012709
46.7711096, -119.5905665
46.7800398, -119.5905386
46.785919, -119.5957469
46.7859206, -119.5955756
46.7859221, -119.5954043
46.8394385, -119.5944563
46.8394712, -119.5948493
46.839796, -119.5962751
46.8543435, -119.5988772
46.8603534, -119.5987498
46.8715104, -119.5998237
46.8770945, -119.5996861
46.8886002, -119.5955664
46.8970411, -119.6020249
46.9060508, -119.6020617
46.9136375, -119.595829
46.9240757, -119.6006307
46.9330966, -119.6006029
46.9413522, -119.5953321
46.9517748, -119.5943018
46.9548078, -119.5991751
46.9702244, -119.5949437
46.9717377, -119.5992719
46.99943589999999, -119.6109515
47.0307182, -119.5956938
47.0307184, -119.595755
47.0307185, -119.5958163
47.0307187, -119.5958775
47.0307189, -119.5959387
47.0587005, -119.5563005
47.0679826, -119.5562384
47.1034739, -119.5959059
47.103474, -119.5958722
47.103474, -119.5958384
47.1039868, -119.5958068
47.1131001, -119.5982918
47.1220807, -119.59826
47.131097, -119.5981934
47.1401128, -119.5979481
47.1480542, -119.5958178
47.15809609999999, -119.5981243
47.1671243, -119.5978608
47.1761148, -119.5974324
47.1850516, -119.5976935
47.1941453, -119.5977747
47.2031232, -119.5971199
47.2120806, -119.5968523
47.22109649999999, -119.5958074
47.2300916, -119.5965698
47.2390846, -119.5963137
47.2480826, -119.5960419
47.25707389999999, -119.596194
47.2660713, -119.596436
47.2732393, -119.5906542
47.284039, -119.5979141
47.2883829, -119.5928628
47.3048847, -119.599191
47.31188280000001, -119.5969038
47.3153373, -119.5915988
47.3278648, -119.5971473
47.33709880000001, -119.6023304
47.3492859, -119.5995271
47.35830379999999, -119.595372
47.3650658, -119.5975433
47.3741023, -119.5974049
47.383094, -119.5973515
47.3920713, -119.5973806
47.401064, -119.5975399
47.41007750000001, -119.5976193
47.4190775, -119.597636
47.4267945, -119.5957698
47.4370528, -119.5979898
47.4460694, -119.5981126
47.4550768, -119.5982248
47.4640608, -119.5983281
47.4730773, -119.5982794
47.4828665, -119.5976243
47.4910761, -119.5982755
47.5000773, -119.5982979
47.5090847, -119.5982739
47.5180619, -119.5982451
47.5275639, -119.5958165
47.5361017, -119.5982006
47.5420705, -119.5957528
47.5589254, -119.5943975
47.5635118, -119.5981642
47.572073, -119.5984415
47.5811041, -119.5984565
47.590081, -119.5983658
47.5993274, -119.5958079
47.6080847, -119.5983015
47.6246125, -119.5774806
47.6251837, -119.5771383
47.6636885, -119.6069939
47.6643933, -119.6048581
47.66558180000001, -119.6017548
47.6716267, -119.6000964
47.6800635, -119.5994195
47.6864753, -119.5967113
47.69349159999999, -119.6048017
47.7111928, -119.612316
47.7200188, -119.6027841
47.7216861, -119.5999292
47.7430434, -119.5728976
47.7596272, -119.5842746
47.7626444, -119.5867725
47.7683765, -119.5948109
47.7791025, -119.5993526
47.7863615, -119.5958076
47.7970622, -119.5992534
47.80609219999999, -119.599341
47.815417, -119.5958063
47.8240989, -119.5990958
47.8330832, -119.5990087
47.8420832, -119.5989827
47.8510616, -119.5990566
47.8587394, -119.5957933
47.8690671, -119.5989769
47.8780505, -119.5990757
47.8870989, -119.5990242
47.8960553, -119.5991028
47.90505470000001, -119.5963854
47.9141538, -119.5970444
47.9226648, -119.5995933
47.9314701, -119.5964674
47.9450595, -119.5945247
47.9454565, -119.5972853
47.9609155, -119.5958638
47.9680372, -119.6038417
47.9756402, -119.5957495
47.9978326, -119.601277
48.00318610000001, -119.5946088
48.0128181, -119.5953929
48.01759260000001, -119.5898851
48.03247270000001, -119.5977272
48.0400904, -119.5901821
48.04841099999999, -119.5905694
48.0594388, -119.5945865
48.0666246, -119.5958733
48.07777859999999, -119.5967204
48.08080169999999, -119.6008774
48.0940605, -119.5793802
48.1250276, -119.6035527
48.1305321, -119.5962411
48.1321911, -119.594745
48.1541165, -119.5844196
48.1591207, -119.5988466
48.1659818, -119.5956728
48.1672088, -119.5917463
48.1675222, -119.5905148
48.195083, -119.5577342
48.1970987, -119.5580155
48.2304099, -119.5642578
48.2691493, -119.5850538
48.2692136, -119.5851504
48.2748146, -119.5899066
48.2803484, -119.5987148
48.29265540000001, -119.6016934
48.29926510000001, -119.6025506
48.310723, -119.6017914
48.31677819999999, -119.5932674
48.328502, -119.6034461
48.33745829999999, -119.6023439
48.34599499999999, -119.595663
48.3550984, -119.5957242
48.3642051, -119.5963784
48.373311, -119.5964145
48.3826802, -119.5948092
48.39045369999999, -119.5953751
48.3941021, -119.6049853
48.41805850000001, -119.5841596
48.41900949999999, -119.5845206
48.42283339999999, -119.5860845
48.4229911, -119.5857794
48.4535714, -119.6089593
48.4570103, -119.5850795
48.466772, -119.5981302
48.4714433, -119.5946627
48.4809676, -119.5960409
48.4886868, -119.6010911
48.49498080000001, -119.6056334
48.4991782, -119.6102704
48.5311489, -119.5851992
48.5322118, -119.5886151
48.5355688, -119.5958023
48.538942, -119.591928
48.5472597, -119.6092372
48.5700756, -119.6029903
48.5703262, -119.6028579
48.5944402, -119.5935069
48.5960316, -119.5971098
48.6122144, -119.5901017
48.6160929, -119.5939034
48.6248583, -119.5948099
48.6439185, -119.5927188
48.6500414, -119.5975054
48.6569252, -119.5926155
48.67280239999999, -119.6051369
48.68084040000001, -119.5944405
48.6815996, -119.5966242
48.7035875, -119.585732
48.7074558, -119.5930276
48.71110470000001, -119.5998615
48.713371, -119.6048371
48.7387153, -119.5720598
48.74628, -119.5752764
48.7571859, -119.5821201
48.7649076, -119.5854678
48.7693163, -119.5889032
48.7786853, -119.5913946
48.7886044, -119.5913712
48.7973366, -119.5932123
48.8010321, -119.6002614
48.8160316, -119.5960213
48.8160756, -119.5950965
48.83022279999999, -119.5958147
48.8418845, -119.5952738
48.8482084, -119.5964474
48.8590032, -119.5950208
48.8622425, -119.5967063
48.8805179, -119.6064161
48.8845749, -119.6056057
48.8945978, -119.6081638
48.9025268, -119.608045
48.9091976, -119.6097793
48.931643, -119.5966936
48.9398028, -119.5975635
48.94916389999999, -119.5979173
46.2140236, -119.582092
46.2220563, -119.5795643
46.2284631, -119.5791943
46.2557564, -119.5843491
46.2584825, -119.5815798
46.2668902, -119.5826206
46.274589, -119.5836371
46.2828527, -119.573494
46.2942915, -119.5820953
46.30308, -119.5822968
46.3146159, -119.581238
46.3213303, -119.5769847
46.32966010000001, -119.5825451
46.3397887, -119.5781076
46.3474351, -119.5814191
46.3540617, -119.5905358
46.3654106, -119.5818374
46.38110289999999, -119.5790849
46.3841382, -119.5819619
46.3904924, -119.5874396
46.3929804, -119.5920066
46.420983, -119.5740492
46.423832, -119.5787702
46.4274915, -119.5842219
46.4304351, -119.5891653
46.4348796, -119.5966439
46.4360386, -119.5991638
46.47939849999999, -119.5677706
46.4822853, -119.5739111
46.4851647, -119.5800242
46.4880288, -119.5861267
46.5000437, -119.5828229
46.5017317, -119.5879271
46.5277952, -119.5817259
46.5319621, -119.5751588
46.5520418, -119.5813057
46.5521167, -119.5824949
46.5666693, -119.5838872
46.5774881, -119.5820325
46.58205239999999, -119.5782028
46.58968, -119.5821192
46.604476, -119.578583
46.6097238, -119.5817479
46.6171953, -119.5825708
46.6355557, -119.5820237
46.635556, -119.5821049
46.64703040000001, -119.5901566
46.6528862, -119.588088
46.6693529, -119.5909859
46.6734404, -119.584525
46.67978249999999, -119.5791711
46.6880134, -119.5784848
46.69427169999999, -119.5923271
46.69605259999999, -119.5949541
46.7263273, -119.557983
46.7379521, -119.582081
46.7379521, -119.5820955
46.7379521, -119.5821101
46.7530583, -119.6013699
46.7666193, -119.5836429
46.771077, -119.5800369
46.780076, -119.580012
46.78853609999999, -119.5800325
46.8068989, -119.5565676
46.8392079, -119.5823485
46.8392092, -119.5821904
46.8392105, -119.5820322
46.8557688, -119.5969911
46.8575566, -119.5973286
46.8739885, -119.5978633
46.8828924, -119.5819936
46.8861472, -119.5830067
46.8971793, -119.5819824
46.9057089, -119.5806467
46.91355919999999, -119.5820971
46.924064, -119.579295
46.9282072, -119.5821053
46.9413941, -119.5799139
46.9511524, -119.5789903
46.96005659999999, -119.5789223
46.9664341, -119.5840904
46.9683345, -119.589516
46.987276, -119.5573014
46.9962823, -119.5574544
47.004606, -119.5573923
47.0306706, -119.5818901
47.03067129999999, -119.5820041
47.030672, -119.582118
47.0306726, -119.582232
47.0498771, -119.5564694
47.0588302, -119.5562978
47.0680145, -119.5562383
47.0768357, -119.5561532
47.1034969, -119.582161
47.103497, -119.5821296
47.1040065, -119.5821001
47.1113765, -119.5872652
47.1220909, -119.59826
47.1332653, -119.582074
47.1400449, -119.576741
47.1479862, -119.582112
47.1580507, -119.5766154
47.16264959999999, -119.5820631
47.1773592, -119.5821046
47.1920653, -119.5819898
47.19206639999999, -119.582132
47.2029739, -119.5755217
47.2120018, -119.5752352
47.22120719999999, -119.5821022
47.2299197, -119.5747497
47.23120189999999, -119.5746893
47.2482935, -119.5960348
47.260628, -119.5902501
47.2670332, -119.5842727
47.2744901, -119.5820491
47.284068, -119.5800643
47.29396149999999, -119.584259
47.3045524, -119.5744534
47.3150361, -119.5850411
47.3182996, -119.58086
47.328914, -119.5845848
47.33796400000001, -119.5847698
47.3456171, -119.5867515
47.35391629999999, -119.5877375
47.3577349, -119.5912093
47.3743031, -119.5973985
47.3832281, -119.5973486
47.3960532, -119.5807919
47.40053839999999, -119.5848108
47.4044116, -119.5885334
47.4190668, -119.597636
47.42681, -119.594597
47.4412001, -119.582128
47.4412003, -119.5820673
47.4654445, -119.5809832
47.46550999999999, -119.5814267
47.4664681, -119.5855238
47.48444749999999, -119.5821147
47.4844476, -119.5820596
47.5000692, -119.5982979
47.5130414, -119.5821037
47.5181767, -119.5765063
47.5276077, -119.5821022
47.5360933, -119.5764836
47.54226999999999, -119.581766
47.5540461, -119.5765985
47.5632506, -119.5822361
47.5720925, -119.5764921
47.5810974, -119.5765534
47.59009090000001, -119.5766659
47.599351, -119.5821012
47.6080379, -119.5765491
47.6170957, -119.5773777
47.6248629, -119.5773907
47.62546529999999, -119.5765967
47.6256041, -119.5759978
47.6655813, -119.6017555
47.6657366, -119.6016095
47.6725884, -119.5998353
47.6849694, -119.5821762
47.6849704, -119.5820364
47.69942, -119.578219
47.7216459, -119.5999558
47.7570079, -119.5800791
47.7596421, -119.5842962
47.7663778, -119.5866367
47.78637020000001, -119.5824796
47.7863802, -119.5820528
47.8009137, -119.5820538
47.8009143, -119.5821628
47.815411, -119.5820998
47.8240597, -119.5774591
47.8330851, -119.577414
47.84426999999999, -119.5821272
47.85107499999999, -119.5774326
47.85880179999999, -119.5820874
47.869069, -119.5772785
47.8780928, -119.5772896
47.8875474, -119.5784248
47.8960832, -119.5773674
47.9024484, -119.5820737
47.9169503, -119.5821244
47.9228007, -119.5776363
47.9230864, -119.5773962
47.9438425, -119.5817338
47.94391299999999, -119.5829178
47.960021, -119.589691
47.975618, -119.582292
47.9770708, -119.5820239
47.9848067, -119.5805881
47.993481, -119.5743101
48.007313, -119.5817322
48.0130169, -119.5849517
48.0216345, -119.5810018
48.0317636, -119.5799828
48.0411223, -119.5834727
48.0483189, -119.5794359
48.0578248, -119.5919733
48.0705779, -119.582414
48.0760733, -119.5794414
48.0850809, -119.5793968
48.0940758, -119.5793802
48.1031109, -119.5793731
48.1122383, -119.579441
48.1210783, -119.579587
48.1294034, -119.5840603
48.1391545, -119.5793698
48.148079, -119.5793934
48.1576043, -119.5843814
48.1651616, -119.5876488
48.1675003, -119.5904163
48.1824349, -119.5577964
48.2520487, -119.5630385
48.2610518, -119.5711613
48.265643, -119.577706
48.2727144, -119.577113
48.27757980000001, -119.5911857
48.2842904, -119.5697188
48.2985102, -119.6022861
48.3169887, -119.5926078
48.3217075, -119.585066
48.325919, -119.5788808
48.330051, -119.5738761
48.34923920000001, -119.5898553
48.355596, -119.582987
48.36407750000001, -119.5820974
48.372718, -119.5814671
48.382143, -119.5795073
48.3915567, -119.5823502
48.4027859, -119.5774797
48.40798640000001, -119.573571
48.4242869, -119.5816455
48.4360597, -119.5708554
48.4499625, -119.5772198
48.4547626, -119.5798519
48.4630973, -119.5815007
48.472398, -119.5817965
48.4763063, -119.5900201
48.4869124, -119.6001224
48.4930151, -119.6037663
48.5143354, -119.5710121
48.5201441, -119.5723557
48.5341879, -119.5827498
48.5436309, -119.5835841
48.54985869999999, -119.5774601
48.5609242, -119.5748216
48.5700489, -119.5819512
48.5733961, -119.5714824
48.5939625, -119.5806522
48.59643699999999, -119.5838954
48.6073315, -119.5819794
48.6115552, -119.5874301
48.6273685, -119.5935473
48.6363844, -119.581052
48.63927169999999, -119.582802
48.650506, -119.5770082
48.6583854, -119.5822506
48.6751274, -119.5793961
48.6772347, -119.5841
48.6933445, -119.5733091
48.6997997, -119.578699
48.7071448, -119.5845345
48.7106053, -119.5824962
48.72309689999999, -119.5679189
48.7383921, -119.5717185
48.7420316, -119.5732933
48.7523232, -119.578246
48.7600741, -119.5826746
48.76653599999999, -119.5871695
48.7777024, -119.5889614
48.7902044, -119.5763148
48.7967187, -119.584316
48.8050797, -119.582908
48.8128751, -119.5822102
48.82343119999999, -119.5819704
48.83278000000001, -119.5794722
48.840539, -119.5841903
48.8449126, -119.586575
48.8605534, -119.5820302
48.8661355, -119.5784232
48.8755728, -119.5729948
48.87569190000001, -119.5728777
48.8998529, -119.5596493
48.9271956, -119.5721139
48.9276668, -119.5734613
48.93544929999999, -119.5833135
48.94113300000001, -119.5806949
48.9508066, -119.579719
46.2131558, -119.5796489
46.2284207, -119.5683411
46.228421, -119.5684155
46.2284213, -119.5684898
46.256228, -119.5825478
46.262297, -119.5725944
46.2658874, -119.5676766
46.2760775, -119.5683928
46.28539079999999, -119.5628345
46.2939996, -119.5683983
46.3019622, -119.5684141
46.31149569999999, -119.5694646
46.3215802, -119.5657329
46.3296673, -119.5687922
46.339102, -119.5703932
46.348154, -119.5689917
46.3570874, -119.5691009
46.3660583, -119.5684099
46.3759328, -119.5669924
46.3786853, -119.5712252
46.3854686, -119.5829279
46.4094432, -119.5586758
46.4130623, -119.5625661
46.4191516, -119.5695582
46.4221897, -119.5754179
46.4266343, -119.5828463
46.4296522, -119.587568
46.472201, -119.5524548
46.475061, -119.5585381
46.4778968, -119.5645742
46.4807716, -119.5706833
46.4945937, -119.5665753
46.4963515, -119.5717253
46.5163299, -119.5558729
46.51922560000001, -119.5558782
46.5324611, -119.5743815
46.5366146, -119.5678461
46.5511691, -119.5676698
46.5512654, -119.5690047
46.5652832, -119.5663694
46.57316220000001, -119.5728727
46.5821374, -119.572308
46.5895829, -119.5684025
46.60008910000001, -119.5721514
46.6091311, -119.5719881
46.61843409999999, -119.5694189
46.6257958, -119.5639341
46.6354969, -119.5683989
46.6354973, -119.5684824
46.6518789, -119.5518903
46.6705687, -119.5698205
46.67107660000001, -119.5680028
46.6839763, -119.5716229
46.6888909, -119.5703264
46.6894606, -119.5715054
46.7176773, -119.5488413
46.72362709999999, -119.5550539
46.7282625, -119.5588214
46.7379948, -119.5684281
46.7379954, -119.5683213
46.7665881, -119.5673343
46.766614, -119.5680379
46.7666399, -119.5687416
46.7810218, -119.5683742
46.83639669999999, -119.5602049
46.8382035, -119.5651743
46.8391578, -119.5688022
46.8391582, -119.5688111
46.8567217, -119.5969158
46.8817427, -119.5629121
46.8825846, -119.566746
46.8834242, -119.5705746
46.8970133, -119.5683934
46.90608770000001, -119.5598419
46.9134833, -119.5684162
46.9281144, -119.5683207
46.92811580000001, -119.568483
46.9430045, -119.568247
46.9453615, -119.5718042
46.9634978, -119.5676686
46.9636761, -119.5695068
46.9780502, -119.5573886
46.9871665, -119.5572996
46.9961686, -119.5574524
47.004867, -119.5573815
47.0138554, -119.5569961
47.03058559999999, -119.5682897
47.0305864, -119.5684141
47.0409637, -119.5566441
47.0499843, -119.5564676
47.0589616, -119.5562951
47.0680479, -119.5562381
47.0769635, -119.5561506
47.0859618, -119.5559665
47.1035183, -119.5684208
47.10402269999999, -119.568393
47.1130478, -119.5557425
47.1220187, -119.5556822
47.1330335, -119.5682928
47.1401327, -119.5767398
47.14794209999999, -119.5683986
47.1626375, -119.5683543
47.1626378, -119.5684317
47.1773542, -119.5704153
47.1920365, -119.5684251
47.19203659999999, -119.5683842
47.2031932, -119.5755141
47.2121563, -119.5752315
47.2213517, -119.5684009
47.23021680000001, -119.5747357
47.2484958, -119.5568211
47.2550591, -119.5553089
47.2668602, -119.5675476
47.2750235, -119.5708799
47.2870354, -119.570993
47.2932054, -119.5687685
47.3019073, -119.5674685
47.3098379, -119.564052
47.3196963, -119.5684019
47.3292863, -119.5679694
47.3333652, -119.5668023
47.34403200000001, -119.5856413
47.3535312, -119.5875025
47.3564652, -119.5897442
47.3844539, -119.563447
47.38497659999999, -119.5644508
47.3919851, -119.5692936
47.39523639999999, -119.5726946
47.40198669999999, -119.5860274
47.4387117, -119.5685873
47.4412417, -119.5683621
47.4623986, -119.5656344
47.4655564, -119.5660718
47.4725214, -119.5634898
47.4788691, -119.5676531
47.484458, -119.578334
47.5130876, -119.5765533
47.5179379, -119.5764972
47.527569, -119.5683884
47.5360588, -119.5764834
47.5421236, -119.5684145
47.5541285, -119.5765974
47.5630879, -119.576552
47.5707362, -119.5683945
47.5851397, -119.5684072
47.5851397, -119.5683768
47.5993741, -119.5683946
47.6081398, -119.5765475
47.6170479, -119.5773773
47.626143, -119.5683791
47.6262028, -119.5692356
47.6730902, -119.5539425
47.6747533, -119.5548429
47.684985, -119.5687609
47.6855164, -119.5710195
47.6995107, -119.5683562
47.6995134, -119.5685907
47.7170403, -119.556463
47.72486689999999, -119.5566523
47.7328526, -119.5577071
47.7430003, -119.5683921
47.7580316, -119.5738675
47.7612404, -119.5684781
47.7718905, -119.5683672
47.7718914, -119.568498
47.78721590000001, -119.5682625
47.8009561, -119.5684535
47.800957, -119.5683142
47.81544160000001, -119.5683969
47.8299135, -119.5684059
47.8299136, -119.5683868
47.8442866, -119.5683883
47.85108719999999, -119.5774326
47.8588624, -119.5684209
47.8733301, -119.5684358
47.87333049999999, -119.5683462
47.887891, -119.5684025
47.8960716, -119.5773674
47.902448, -119.5683783
47.9170568, -119.5684514
47.9230844, -119.5750168
47.9430473, -119.5681364
47.9489925, -119.5681088
47.9612456, -119.5632039
47.9756107, -119.5684285
47.97561080000001, -119.5683867
47.9860863, -119.5605733
47.9948075, -119.5711006
48.004592, -119.5681999
48.0109806, -119.5603612
48.0253655, -119.5702573
48.0282646, -119.5648484
48.0398084, -119.5793347
48.04845719999999, -119.5679254
48.0525993, -119.5594149
48.0725348, -119.5801341
48.0761032, -119.5794412
48.0923628, -119.5687372
48.0936156, -119.5665313
48.1029512, -119.5793689
48.1123424, -119.5690177
48.1141496, -119.5680309
48.1358313, -119.5683741
48.1358313, -119.5684045
48.1429862, -119.562701
48.1573691, -119.5578393
48.1655288, -119.5582176
48.17378979999999, -119.5592443
48.1825932, -119.5577566
48.1948968, -119.5576823
48.2301206, -119.5633151
48.2419647, -119.559432
48.2500882, -119.5610979
48.2560409, -119.5659799
48.26464379999999, -119.569909
48.2722203, -119.5671491
48.2839452, -119.5684716
48.2892307, -119.5591807
48.3069581, -119.5548572
48.3126718, -119.5571146
48.31851229999999, -119.563095
48.3296769, -119.5740312
48.3432722, -119.5493844
48.3595917, -119.5717475
48.3647714, -119.5692912
48.3736749, -119.5695917
48.3820889, -119.5712331
48.3917825, -119.5684006
48.4000877, -119.5712986
48.4098921, -119.5683877
48.4170618, -119.568411
48.427089, -119.5709001
48.4360834, -119.5708553
48.4450867, -119.570805
48.453853, -119.5708079
48.4588781, -119.574985
48.4711696, -119.5678727
48.4811068, -119.5626179
48.4821287, -119.5620019
48.5047618, -119.5571322
48.511046, -119.5658792
48.5168032, -119.567672
48.52601019999999, -119.5659168
48.5349223, -119.5706313
48.5443237, -119.5708937
48.55097259999999, -119.5687519
48.5618561, -119.5670666
48.5705748, -119.5718016
48.57392, -119.5699499
48.5897234, -119.5626636
48.598805, -119.5669499
48.6053036, -119.5728535
48.6056849, -119.573668
48.6315187, -119.5546356
48.637901, -119.5680075
48.6425692, -119.5694824
48.6527868, -119.5758742
48.6604216, -119.5657494
48.6701013, -119.5684742
48.677609, -119.5650844
48.6899438, -119.5656915
48.6950533, -119.5709481
48.7088672, -119.5596442
48.7151213, -119.5645004
48.7237597, -119.5674285
48.7331468, -119.5681132
48.7411297, -119.5728819
48.7490765, -119.5758991
48.7558915, -119.5807623
48.77385880000001, -119.5538875
48.7819437, -119.5619612
48.7872829, -119.5682293
48.7969689, -119.5643245
48.8031309, -119.5677205
48.8139844, -119.5685017
48.824844, -119.5689061
48.8330691, -119.5626382
48.8406982, -119.5685148
48.8500865, -119.5683499
48.85813719999999, -119.5713939
48.8671993, -119.5722996
48.9266197, -119.5694066
48.93439650000001, -119.5681675
48.9403015, -119.5707388
48.94947270000001, -119.568741
46.212716, -119.5375417
46.2283684, -119.5546429
46.2283686, -119.5547056
46.2283688, -119.5547682
46.2483665, -119.5365617
46.2669167, -119.5548142
46.2669176, -119.5546844
46.2775209, -119.5532105
46.2858169, -119.5546929
46.2918607, -119.5529902
46.3031166, -119.5561941
46.3122543, -119.5546802
46.3209588, -119.5607557
46.3296555, -119.554152
46.3399886, -119.5512046
46.3481114, -119.5545802
46.35708109999999, -119.5546922
46.3667164, -119.5539163
46.3719951, -119.5575165
46.3772876, -119.5658159
46.4002481, -119.544105
46.4050563, -119.5510054
46.40873329999999, -119.5574293
46.4162477, -119.5647534
46.4181539, -119.5678322
46.4206808, -119.5721594
46.46491, -119.5369601
46.4678064, -119.5431157
46.4706664, -119.5491922
46.4735161, -119.555249
46.4891742, -119.5503831
46.4908847, -119.5555116
46.4926541, -119.5607694
46.5190439, -119.5546855
46.5280849, -119.5559575
46.5336049, -119.5546989
46.5460727, -119.5537477
46.5550696, -119.5532533
46.5640678, -119.5531351
46.5730948, -119.5573691
46.5820967, -119.5572543
46.5911015, -119.5571177
46.6000859, -119.5569982
46.6090615, -119.5546558
46.6180968, -119.5567559
46.6270952, -119.5566106
46.635469, -119.5546816
46.6449684, -119.553833
46.6536395, -119.5513918
46.6633942, -119.5540823
46.67235429999999, -119.5576344
46.6797563, -119.560853
46.6900195, -119.5497081
46.6944274, -119.5472163
46.7132138, -119.5441881
46.7191786, -119.5504087
46.7258276, -119.5546747
46.7380336, -119.5547077
46.7380338, -119.5546437
46.765992, -119.5586211
46.76644899999999, -119.5546673
46.7711234, -119.5584905
46.7801208, -119.5582671
46.78465689999999, -119.5583025
46.805858, -119.5511065
46.80711520000001, -119.5546918
46.8071302, -119.5544656
46.8349245, -119.5523678
46.8351604, -119.5544327
46.8362114, -119.5596575
46.8382332, -119.5652557
46.8711886, -119.5410229
46.8790247, -119.5504929
46.8798635, -119.5543153
46.8880669, -119.5597408
46.8970175, -119.5546873
46.9060741, -119.5598419
46.9133905, -119.5547121
46.924093, -119.5579481
46.9330794, -119.5579122
46.9416707, -119.5545763
46.951105, -119.5577858
46.9600967, -119.5576648
46.9691036, -119.5574997
46.9780862, -119.5573884
46.98707479999999, -119.5572982
46.99605649999999, -119.5574505
47.0051308, -119.5573706
47.0141242, -119.5569847
47.0230824, -119.5568901
47.0321002, -119.5568323
47.04109829999999, -119.5566412
47.04888390000001, -119.55469
47.0590947, -119.5562923
47.0680831, -119.5562379
47.0770929, -119.556148
47.0860911, -119.5559638
47.0950836, -119.5558577
47.1040426, -119.5546866
47.1130817, -119.5557424
47.1220838, -119.5556815
47.1310823, -119.5556049
47.14008339999999, -119.5555084
47.149086, -119.5553919
47.1580841, -119.5551997
47.16708329999999, -119.5549384
47.17607839999999, -119.5546401
47.1850781, -119.5544741
47.1940765, -119.55439
47.20307570000001, -119.5542284
47.2120766, -119.5541135
47.2215377, -119.5547032
47.23006549999999, -119.5537532
47.2391731, -119.5536346
47.246739, -119.5545977
47.2570712, -119.5546357
47.266077, -119.5549747
47.2750761, -119.5550862
47.2840824, -119.5551477
47.29307800000001, -119.5550441
47.3020796, -119.5549888
47.311079, -119.5549527
47.3203513, -119.5544837
47.3289908, -119.5545952
47.3371371, -119.5514484
47.3453753, -119.5459617
47.3489458, -119.5440207
47.3770061, -119.5427277
47.3799164, -119.5490423
47.3817669, -119.5549565
47.3875453, -119.5666133
47.3937018, -119.5698653
47.4098906, -119.5331398
47.4292942, -119.5416766
47.4321553, -119.5449084
47.437122, -119.5546471
47.44124799999999, -119.559961
47.4605172, -119.5528653
47.461441, -119.5562259
47.47321789999999, -119.5633164
47.4761862, -119.5646754
47.5228687, -119.5463797
47.5275519, -119.5546849
47.5421424, -119.5547054
47.5421424, -119.5546776
47.5421425, -119.5546498
47.5673858, -119.5544943
47.5707269, -119.5550546
47.5851416, -119.5551069
47.585162, -119.554775
47.5994448, -119.5546966
47.59944790000001, -119.5544524
47.62531190000001, -119.5568204
47.6257441, -119.5546144
47.6269329, -119.5495791
47.6270003, -119.549217
47.67088990000001, -119.5464531
47.6713616, -119.5482892
47.6730492, -119.5538141
47.6801726, -119.557025
47.6889651, -119.5564821
47.6980926, -119.5565822
47.7070522, -119.5565005
47.71603229999999, -119.5559532
47.7251121, -119.5565515
47.7343924, -119.55722
47.74303399999999, -119.5546874
47.75207349999999, -119.5565542
47.761115, -119.5565388
47.76922889999999, -119.5541373
47.7790803, -119.5562031
47.78801259999999, -119.5560616
47.7970781, -119.5561216
47.8061051, -119.5561802
47.8154946, -119.5546896
47.8241403, -119.5558719
47.8330773, -119.555781
47.8420772, -119.5558123
47.851084, -119.55575
47.8600814, -119.5556623
47.8690813, -119.5556129
47.8780773, -119.5556385
47.8870802, -119.5556309
47.896076, -119.5556835
47.905075, -119.5557486
47.91407479999999, -119.5558235
47.91712949999999, -119.5546755
47.9433737, -119.5573512
47.9435898, -119.5552613
47.9520658, -119.5578093
47.9581881, -119.554291
47.97563539999999, -119.554711
47.9756355, -119.5546821
47.9860739, -119.5605732
47.9951691, -119.5548397
48.0040215, -119.5548853
48.0107997, -119.5569627
48.0265068, -119.5608452
48.0323858, -119.5572713
48.0394476, -119.5493158
48.050889, -119.5514007
48.0580997, -119.5546517
48.0634618, -119.5512062
48.094313, -119.562539
48.1068861, -119.5495143
48.1140584, -119.5548878
48.1141991, -119.5536777
48.1306732, -119.5482199
48.1397966, -119.5535712
48.1481083, -119.5578047
48.1569308, -119.5577555
48.1661271, -119.5580285
48.1751541, -119.5586017
48.1843438, -119.5566784
48.192936, -119.5570292
48.2300391, -119.5579781
48.2301206, -119.557812
48.2369158, -119.5535269
48.2467316, -119.5586658
48.2555473, -119.5603356
48.26408259999999, -119.5527426
48.27638770000001, -119.5551086
48.2822095, -119.557981
48.2927743, -119.5545993
48.2996118, -119.5507422
48.3097815, -119.5550084
48.31895540000001, -119.5565931
48.3280457, -119.5546115
48.3373447, -119.5498178
48.3458518, -119.548263
48.3536464, -119.5439852
48.36813799999999, -119.5552885
48.3730719, -119.5546642
48.382684, -119.5558986
48.38933189999999, -119.552481
48.400082, -119.5550453
48.4090803, -119.5548803
48.4170279, -119.554683
48.4242365, -119.5546916
48.4360839, -119.54918
48.4451017, -119.552581
48.4533011, -119.5546983
48.4630595, -119.5488747
48.4722759, -119.5548598
48.4812091, -119.5534054
48.4852426, -119.5471688
48.5001465, -119.5531879
48.5080258, -119.5570436
48.5191724, -119.5482966
48.5243664, -119.5558047
48.5314028, -119.5505806
48.5421874, -119.5551876
48.5528668, -119.5465969
