47.1155661, -119.1161614
47.1300171, -119.1160708
47.1447101, -119.1160325
47.1447104, -119.1161062
47.15805109999999, -119.1078305
47.16707, -119.1075791
47.1737256, -119.1293573
47.1885163, -119.1160567
47.1885164, -119.1160926
47.2031116, -119.11607
47.2176828, -119.1160972
47.2176829, -119.1160542
47.2301212, -119.108179
47.2323372, -119.1082046
47.2481126, -119.1292377
47.2620734, -119.1159118
47.2620776, -119.1161975
47.2750911, -119.1068042
47.2837512, -119.1067507
47.2872948, -119.1065858
47.2873441, -119.1064786
47.32021719999999, -119.1160035
47.3202175, -119.1160694
47.3347402, -119.1160476
47.3347402, -119.1160838
47.3347403, -119.11612
47.3567769, -119.0861098
47.365601, -119.0865194
47.3733932, -119.0864699
47.3934017, -119.0978204
47.3986798, -119.1045327
47.40442300000001, -119.1133064
47.4082259, -119.1197004
47.41998359999999, -119.1149964
47.426296, -119.1178625
47.4355463, -119.1253828
47.44601189999999, -119.1280466
47.45516809999999, -119.1279897
47.4639611, -119.1280632
47.474188, -119.106794
47.48208270000001, -119.1068543
47.4910808, -119.1068591
47.5000797, -119.1068547
47.5091221, -119.1068697
47.523903, -119.1159558
47.52390459999999, -119.1161329
47.5384277, -119.1160308
47.5450485, -119.1066371
47.5530102, -119.1160621
47.567524, -119.1159885
47.5675254, -119.1161543
47.58105339999999, -119.1063562
47.5965911, -119.1158872
47.5965943, -119.1161403
47.6121805, -119.1160499
47.61218059999999, -119.1160949
47.6266962, -119.1160752
47.635034, -119.106164
47.6440045, -119.1060722
47.655786, -119.1161056
47.6557866, -119.1159885
47.6702966, -119.1160701
47.6847698, -119.1160595
47.6903306, -119.1133638
47.69915049999999, -119.1160792
47.7136571, -119.1161923
47.7136585, -119.1160256
47.72815749999999, -119.1161395
47.7281596, -119.1159376
47.7427359, -119.1160672
47.7572897, -119.116207
47.7572925, -119.1159712
47.7718233, -119.1161133
47.7791021, -119.1264718
47.78650080000001, -119.1160563
47.8009463, -119.1160837
47.8009463, -119.1160527
47.8160098, -119.1065482
47.83721070000001, -119.1273074
47.8444015, -119.1209968
47.8500352, -119.1142867
47.8638066, -119.1186614
47.8688067, -119.116128
47.8697005, -119.1138955
47.8798221, -119.0932402
47.9006821, -119.0936116
47.908345, -119.0958188
47.912213, -119.095678
47.94207, -119.086823
47.9732353, -119.1169551
47.973251, -119.1163936
47.97333450000001, -119.1153801
47.99016700000001, -119.118193
47.990717, -119.1161776
48.00407200000001, -119.1258012
48.0123462, -119.1263141
48.02707669999999, -119.1160727
48.0299996, -119.1189223
48.0450738, -119.1073547
48.059852, -119.121128
48.0670478, -119.1209927
48.0779055, -119.1160748
48.083507, -119.122692
48.097577, -119.128267
48.1050165, -119.119475
48.10858899999999, -119.112169
48.123834, -119.131936
48.1446128, -119.1073709
48.1488288, -119.1152943
48.155629, -119.1148418
48.1635654, -119.1199011
48.171541, -119.1192584
48.1928107, -119.1062599
48.1940281, -119.1069034
48.20283269999999, -119.1154342
48.2116667, -119.1169521
48.2194533, -119.1166849
48.22813, -119.1181599
48.2382253, -119.1158508
48.2472703, -119.1160292
48.2548804, -119.1089714
48.2658496, -119.1045623
48.27612629999999, -119.1154966
48.2825922, -119.1166713
48.2833713, -119.1189382
48.3019533, -119.114862
48.3107008, -119.1070177
48.3140617, -119.1075562
48.3333611, -119.1287721
48.3402863, -119.1160944
48.3445384, -119.1138751
48.3446168, -119.1135847
48.3806529, -119.1098112
48.3838923, -119.1143229
48.3912896, -119.1155995
48.4001239, -119.1158471
48.4071928, -119.116118
48.41805970000001, -119.1104736
48.4293684, -119.116642
48.4341167, -119.1161476
48.4432103, -119.1270332
48.44967159999999, -119.1296736
48.4671604, -119.1113234
48.4737476, -119.1161399
48.48225799999999, -119.1159902
48.48381639999999, -119.1184222
48.484241, -119.1105734
48.523909, -119.1173753
48.525469, -119.1182684
48.5341487, -119.11597
48.5466547, -119.1191851
48.5525808, -119.1159922
48.5597415, -119.1138277
48.5708218, -119.1248907
48.5836309, -119.1172988
48.5937376, -119.1126098
48.59858819999999, -119.1170501
48.6071847, -119.1158011
48.6121372, -119.1159115
48.6255515, -119.1190468
48.6341215, -119.1163527
48.6444811, -119.1100053
48.651745, -119.104989
48.683736, -119.1201751
48.683977, -119.1184595
48.6889177, -119.1160344
48.6978211, -119.1204003
48.7055582, -119.1167487
48.7095483, -119.1238649
48.72327, -119.1231048
48.7353556, -119.1089184
48.74432609999999, -119.1164621
48.74974779999999, -119.1143227
48.76402479999999, -119.0944126
48.7676694, -119.0923184
48.7677597, -119.0921992
48.8121236, -119.1158894
48.813542, -119.1171615
48.8218802, -119.1181931
48.8312337, -119.1230743
48.8430495, -119.116196
48.8553067, -119.1182612
48.8590792, -119.1158898
48.8680891, -119.1213583
48.8760431, -119.123694
48.8808756, -119.1255352
48.8974092, -119.1103218
48.9041886, -119.1162934
48.9128384, -119.1149626
48.9216284, -119.1104235
48.9322424, -119.1162528
48.9330957, -119.1201511
48.9509483, -119.1009465
46.2120127, -119.1023907
46.2221306, -119.1025076
46.2309954, -119.1027361
46.2400819, -119.1025119
46.2486032, -119.1023688
46.2580675, -119.1021266
46.2670831, -119.1023464
46.2759607, -119.1026465
46.2842776, -119.1026262
46.2940165, -119.0937459
46.3030076, -119.0935836
46.3146168, -119.1022548
46.3219141, -119.1023388
46.3292347, -119.1024202
46.34079370000001, -119.1067841
46.3469266, -119.1002189
46.3580786, -119.1023231
46.36609410000001, -119.0998057
46.3722866, -119.0994092
46.3874503, -119.10235
46.3874504, -119.1023865
46.4019102, -119.1023621
46.4163837, -119.1023663
46.4163837, -119.1023619
46.42908, -119.1028142
46.4382718, -119.1124781
46.44531569999999, -119.1024038
46.4578587, -119.1025561
46.4598172, -119.1023753
46.47542180000001, -119.1022852
46.4830615, -119.110927
46.4964296, -119.1022695
46.4964316, -119.1024643
46.510056, -119.1110102
46.5180259, -119.1023781
46.5282534, -119.1005046
46.5326593, -119.1024337
46.5472003, -119.1023514
46.5550647, -119.111198
46.56211589999999, -119.1024021
46.576773, -119.1023554
46.576773, -119.1023757
46.5914108, -119.1023607
46.5999389, -119.0914343
46.6048169, -119.0913938
46.6277866, -119.1243726
46.6440496, -119.1063157
46.6459497, -119.1044348
46.6541118, -119.1018994
46.66309709999999, -119.1022468
46.6709653, -119.1000801
46.6724457, -119.0988874
46.7084573, -119.0818581
46.723299, -119.0873786
46.7285106, -119.0906799
46.7353996, -119.1022195
46.7442244, -119.1022704
46.7526703, -119.1023697
46.7600808, -119.1069094
46.76783409999999, -119.1015165
46.78012320000001, -119.1126799
46.7891229, -119.1125985
46.7965934, -119.1024809
46.8073699, -119.1022744
46.8111977, -119.1027718
46.8261881, -119.1023599
46.84046319999999, -119.101976
46.8404787, -119.1025216
46.85490799999999, -119.1022147
46.8549196, -119.1026882
46.8699277, -119.1013375
46.88350579999999, -119.1021048
46.8835202, -119.1026303
46.8971592, -119.1109478
46.911945, -119.1022747
46.9164975, -119.10523
46.91748579999999, -119.1042493
46.9331184, -119.1104649
46.9409984, -119.1068945
46.9517505, -119.103454
46.9602234, -119.1016588
46.9701173, -119.1023515
46.9764636, -119.1023697
46.9845988, -119.1023548
46.99938359999999, -119.1010146
47.0063028, -119.0977245
47.01413489999999, -119.1090847
47.02310730000001, -119.1089913
47.0320604, -119.0984133
47.0392776, -119.1052639
47.0502451, -119.1031571
47.0572886, -119.1023878
47.0663218, -119.0987281
47.0769555, -119.1070792
47.08645449999999, -119.1023451
47.0961637, -119.1036126
47.0972293, -119.1012462
47.1154758, -119.1023296
47.1154767, -119.1024576
47.1300244, -119.1023598
47.1447242, -119.1024461
47.1490981, -119.1078967
47.1580978, -119.1078302
47.1670848, -119.107579
47.1841905, -119.0974599
47.1850593, -119.0974523
47.188483, -119.1024036
47.203002, -119.1023699
47.2177209, -119.1024081
47.2177212, -119.1023372
47.2300482, -119.1081782
47.24786539999999, -119.0867037
47.26190769999999, -119.1022895
47.2660735, -119.1067794
47.2750735, -119.1068041
47.28427929999999, -119.1066977
47.28729389999999, -119.1025989
47.2978922, -119.0918554
47.3201513, -119.102269
47.3201517, -119.1023629
47.33465169999999, -119.1022907
47.3346524, -119.1024086
47.3470767, -119.0857144
47.356457, -119.0860936
47.36535809999999, -119.0865101
47.3737094, -119.0864538
47.3896507, -119.0912412
47.39413589999999, -119.0987263
47.4027241, -119.1024605
47.4131153, -119.1028761
47.4132329, -119.1013621
47.4285205, -119.1061236
47.4370555, -119.1021069
47.4461779, -119.0998964
47.4564588, -119.1006464
47.4642638, -119.1033046
47.4726526, -119.1061596
47.48008, -119.102356
47.4910784, -119.1068591
47.5000789, -119.1068547
47.509304, -119.1023687
47.5181242, -119.1068278
47.5270796, -119.1066969
47.5383757, -119.1023942
47.5450931, -119.1066368
47.5541023, -119.1065664
47.5630912, -119.106462
47.5720895, -119.1064074
47.5819756, -119.1023674
47.5900902, -119.1063004
47.5965075, -119.1023065
47.6081119, -119.1060313
47.6170933, -119.1063543
47.6267128, -119.102354
47.6350965, -119.1061634
47.6441069, -119.1060705
47.6530919, -119.1059608
47.6620985, -119.1058662
47.67027059999999, -119.102382
47.6800998, -119.1056763
47.6891955, -119.1040712
47.6991467, -119.1023496
47.7070843, -119.1054933
47.71608459999999, -119.10546
47.7250929, -119.1053932
47.73409849999999, -119.1052734
47.7430793, -119.1051784
47.7520958, -119.105069
47.7610867, -119.1049707
47.770084, -119.1049173
47.7783183, -119.1022966
47.786531, -119.1023551
47.797069, -119.1049166
47.8060825, -119.1048998
47.8155014, -119.1023655
47.815981, -119.1063041
47.8414452, -119.1237844
47.8491544, -119.1153787
47.8550485, -119.1070982
47.8585806, -119.1005613
47.8710339, -119.098497
47.87795269999999, -119.0937799
47.8828207, -119.090723
47.9048459, -119.0945249
47.9170563, -119.0892336
47.965691, -119.084407
47.97431100000001, -119.1035988
47.9744667, -119.101846
47.9907964, -119.1023122
47.99079690000001, -119.1024105
48.00414929999999, -119.098554
48.0134321, -119.1017933
48.02229430000001, -119.1046352
48.0310759, -119.104484
48.0400648, -119.104539
48.0490639, -119.1046562
48.058062, -119.1047963
48.0670724, -119.1049014
48.0776246, -119.1026439
48.0856916, -119.1039258
48.0865848, -119.1028551
48.1090651, -119.1097028
48.112674, -119.1026681
48.114116, -119.0995655
48.1425466, -119.1006802
48.1426126, -119.1017624
48.1518715, -119.1024537
48.1569784, -119.1029447
48.1650701, -119.1024349
48.1749049, -119.0956363
48.1803882, -119.0939368
48.1919064, -119.1042653
48.2017628, -119.1003718
48.2111092, -119.1010429
48.2195959, -119.1035625
48.2298068, -119.1055456
48.2374569, -119.1020861
48.2454966, -119.0987839
48.2578421, -119.1050155
48.2648423, -119.1037728
48.27398580000001, -119.102345
48.2832259, -119.1012062
48.2880994, -119.100544
48.3052416, -119.1064336
48.3096301, -119.1064917
48.3195486, -119.0997589
48.320961, -119.0976505
48.34059449999999, -119.1035267
48.3437304, -119.1025739
48.3447547, -119.099044
48.3611935, -119.0783282
48.385669, -119.1027069
48.39130480000001, -119.1012221
48.4012633, -119.101864
48.4083226, -119.1005728
48.4181075, -119.1104732
48.4277799, -119.1098379
48.4340886, -119.102895
48.4430851, -119.0985816
48.4469327, -119.0941239
48.4655418, -119.1026142
48.4719566, -119.1013246
48.4804279, -119.1017337
48.4836769, -119.1092446
48.519239, -119.0927942
48.5194869, -119.0929739
48.5314003, -119.1061581
48.5354453, -119.1042427
48.5409473, -119.098809
48.553697, -119.1123344
48.5627874, -119.1035384
48.5670508, -119.0994898
48.5871526, -119.1008582
48.5890614, -119.1023787
48.59856629999999, -119.1018277
48.60658249999999, -119.0980997
48.61466069999999, -119.0956417
48.6268737, -119.0931344
48.6354242, -119.0958916
48.6432005, -119.1012153
48.6516666, -119.1049605
48.6865969, -119.1025015
48.68659719999999, -119.1024264
48.6865975, -119.1023513
48.6903592, -119.1021229
48.7074386, -119.1031375
48.7119312, -119.0977662
48.7320124, -119.09915
48.7325903, -119.1024193
48.74091230000001, -119.100542
48.74725660000001, -119.1013836
48.7603479, -119.0941599
48.7674847, -119.092444
48.7843858, -119.0764894
48.82176519999999, -119.1181094
48.8367465, -119.1010775
48.8395416, -119.1048083
48.845971, -119.1000007
48.86397460000001, -119.1027503
48.8679207, -119.099439
48.8750459, -119.095626
48.8802209, -119.0929337
48.8967196, -119.1081545
48.9006194, -119.1077968
48.9111121, -119.1031061
48.9227071, -119.102355
48.9300104, -119.1019287
48.9390828, -119.097713
48.9495102, -119.1002234
46.2090092, -119.0906065
46.2210133, -119.0893668
46.2311043, -119.0885537
46.2395891, -119.0907279
46.2490807, -119.0887525
46.2583124, -119.0878822
46.2670396, -119.0886761
46.2758167, -119.0902619
46.2851591, -119.0886566
46.2941137, -119.0933507
46.3031161, -119.0931857
46.3121161, -119.0930277
46.32178529999999, -119.0886528
46.3301162, -119.0927104
46.3391184, -119.0925446
46.3482539, -119.0896551
46.3571234, -119.0887399
46.36492519999999, -119.0838538
46.3723669, -119.0886772
46.3874813, -119.0886755
46.3946778, -119.088651
46.4019355, -119.0886566
46.4111291, -119.0840665
46.4163754, -119.08868
46.4291122, -119.102814
46.4453369, -119.0886737
46.4453369, -119.0886529
46.4598165, -119.0886707
46.4650983, -119.0922357
46.4751227, -119.0886458
46.4831234, -119.0919425
46.4920964, -119.0917268
46.4961552, -119.0925883
46.5155444, -119.0901368
46.5166151, -119.0866986
46.5297008, -119.0901914
46.53258710000001, -119.0886739
46.5471404, -119.088656
46.5550975, -119.0909661
46.5621065, -119.0886576
46.573097, -119.0917139
46.5820921, -119.091647
46.5913622, -119.0886557
46.6001147, -119.0914295
46.64408479999999, -119.1062074
46.6441378, -119.1061389
46.652431, -119.090616
46.6541957, -119.0886896
46.6630538, -119.0863145
46.6708059, -119.0971989
46.6723372, -119.0983564
46.6901091, -119.0697345
46.7069282, -119.0796815
46.7195429, -119.0827997
46.7260727, -119.0886718
46.7351207, -119.0887944
46.7441013, -119.0911844
46.75308769999999, -119.0909539
46.7620475, -119.0909296
46.7671228, -119.0870834
46.7790421, -119.0902709
46.7943776, -119.090881
46.7980811, -119.090908
46.8070758, -119.0909133
46.8160615, -119.0910086
46.8259616, -119.0886111
46.8341246, -119.0906252
46.8430523, -119.0904227
46.8521235, -119.0901486
46.8545565, -119.0888991
46.8700806, -119.0895171
46.8790836, -119.0894033
46.8880809, -119.0892671
46.8970807, -119.0892066
46.9062819, -119.0882735
46.9165095, -119.0914491
46.9233717, -119.0858776
46.9320562, -119.0859091
46.942077, -119.0889232
46.9510791, -119.0887077
46.960078, -119.0885478
46.9690789, -119.088528
46.9780784, -119.0884708
46.9870751, -119.0883568
46.9960758, -119.088206
47.0050731, -119.0880661
47.0140761, -119.0879302
47.0230758, -119.087853
47.0320729, -119.0877517
47.0412024, -119.088738
47.0506026, -119.0928064
47.0590771, -119.0875403
47.068077, -119.0875067
47.0770864, -119.0887094
47.0861565, -119.0886529
47.0950897, -119.0871029
47.1040746, -119.0872106
47.11306640000001, -119.0870989
47.1220826, -119.0870366
47.1300646, -119.0886509
47.1400856, -119.086778
47.1490702, -119.0867698
47.1580698, -119.0866793
47.1670823, -119.0866739
47.176088, -119.0867203
47.185077, -119.0867481
47.19408480000001, -119.0867783
47.2031577, -119.0886577
47.2120918, -119.086983
47.2210842, -119.0871007
47.23007699999999, -119.0871624
47.2390637, -119.0870234
47.2480522, -119.0866981
47.2573199, -119.0865711
47.2618654, -119.0889124
47.2754479, -119.106796
47.2877901, -119.0958402
47.2928921, -119.0921039
47.3011996, -119.086759
47.3110629, -119.0857964
47.3200258, -119.0886591
47.32908200000001, -119.0857556
47.3380619, -119.0857371
47.3470784, -119.0857144
47.3561388, -119.0860775
47.3651168, -119.0865009
47.37402729999999, -119.0864376
47.38305279999999, -119.0862757
47.3927954, -119.088682
47.4045194, -119.0898611
47.41423529999999, -119.0896872
47.4143662, -119.087901
47.4288436, -119.106071
47.4383174, -119.1018417
47.4494119, -119.0915201
47.4552041, -119.0878703
47.46086349999999, -119.0825871
47.480147, -119.0887407
47.4801476, -119.088634
47.4948844, -119.0887371
47.4948862, -119.0885474
47.5094418, -119.0886648
47.5180836, -119.0857761
47.5270847, -119.0857829
47.5360752, -119.0857838
47.53845399999999, -119.0885373
47.55296, -119.0748208
47.5674234, -119.0886454
47.5674234, -119.0886692
47.5820008, -119.0886605
47.5965943, -119.0887422
47.596595, -119.0886244
47.61206, -119.0886074
47.6120606, -119.0887193
47.6266171, -119.0886486
47.6406044, -119.0842033
47.6440746, -119.0847356
47.65560139999999, -119.088582
47.6620442, -119.084549
47.6701188, -119.0886914
47.6800655, -119.0843632
47.6890242, -119.0842107
47.6990873, -119.0886509
47.7070592, -119.0839155
47.71608519999999, -119.0838198
47.7281525, -119.0886146
47.73406019999999, -119.0838301
47.7430599, -119.0837523
47.7520566, -119.0837045
47.7610168, -119.0835526
47.7719216, -119.0886572
47.779076, -119.0832538
47.7865404, -119.0886979
47.7971342, -119.0831979
47.8009892, -119.0886695
47.8155294, -119.0886596
47.8155296, -119.0886059
47.842624, -119.0716234
47.8441836, -119.0724187
47.8595263, -119.0988148
47.8622178, -119.0959883
47.8694516, -119.0883496
47.8783865, -119.0937442
47.8854485, -119.0872262
47.8935082, -119.0850129
47.9050184, -119.0884995
47.9140773, -119.0898607
47.9208541, -119.0828298
47.9419787, -119.0865851
47.9435283, -119.0826097
47.9756194, -119.0883735
47.9860243, -119.0827445
47.9942155, -119.0907146
48.0005843, -119.0959311
48.0110754, -119.0990144
48.0227418, -119.1045977
48.0310566, -119.1044839
48.0443772, -119.1025321
48.06309, -119.085815
48.0635256, -119.0886119
48.0780736, -119.0885607
48.08173799999999, -119.085964
48.085989, -119.076205
48.1116864, -119.085355
48.1123303, -119.0886431
48.1147377, -119.0922345
48.126598, -119.072024
48.1423149, -119.0890388
48.146192, -119.0923487
48.1577344, -119.0989604
48.166736, -119.0982789
48.1754692, -119.0890975
48.1843279, -119.0894886
48.19120359999999, -119.0846583
48.2034444, -119.0997803
48.213292, -119.0986995
48.2245186, -119.0953279
48.23622710000001, -119.0885684
48.2481789, -119.0859153
48.2560145, -119.08802
48.2639896, -119.0836155
48.2744234, -119.1012209
48.28812809999999, -119.0968989
48.2943225, -119.0910596
48.3003998, -119.0879104
48.3106551, -119.0889737
48.31882299999999, -119.0895095
48.3227471, -119.0907369
48.3442197, -119.0930035
48.3462687, -119.0887788
48.354764, -119.0770708
48.3613307, -119.0782799
48.3802096, -119.0824243
48.3829028, -119.0868749
48.3934236, -119.0871821
48.40007259999999, -119.088441
48.4077157, -119.0865547
48.4233278, -119.0798747
48.428961, -119.083231
48.4357733, -119.0887321
48.4479872, -119.0895294
48.4500239, -119.0852298
48.46452379999999, -119.0866836
48.4727602, -119.0868336
48.4767697, -119.090682
48.489526, -119.081037
48.49560289999999, -119.078428
48.5191775, -119.0924842
48.5202539, -119.0889571
48.525945, -119.0901327
48.541421, -119.0886235
48.5420963, -119.0867688
48.544671, -119.0811477
48.5659346, -119.0871066
48.5709507, -119.0885792
48.5834962, -119.0835036
48.5890753, -119.0880701
48.5954529, -119.0856958
48.6069161, -119.0902979
48.6162262, -119.0897687
48.6236344, -119.088226
48.6329696, -119.0943201
48.6481798, -119.0937208
48.651226, -119.0908365
48.6715092, -119.0713094
48.6861703, -119.0880936
48.686195, -119.0888065
48.6909042, -119.0897587
48.7108667, -119.0949642
48.714431, -119.0882876
48.72217209999999, -119.0890092
48.7329496, -119.0879668
48.741947, -119.0897617
48.7512851, -119.0943439
48.7598326, -119.0941062
48.7683713, -119.0889163
48.7769633, -119.0777534
48.7846214, -119.0764032
48.7920744, -119.0736597
48.7993211, -119.0692116
48.8190852, -119.062821
48.837969, -119.0842956
48.8381423, -119.0852278
48.8408757, -119.0893419
48.8499875, -119.0910442
48.8590897, -119.0893899
48.8664548, -119.0854263
48.8780176, -119.0890675
48.8859216, -119.0864076
48.8954238, -119.0878885
48.9100239, -119.0956905
48.912069, -119.0936017
48.92365179999999, -119.0973661
48.933131, -119.0892907
48.9380748, -119.0890429
48.9473038, -119.0981047
46.2136109, -119.074616
46.2229639, -119.0771507
46.2306857, -119.0749551
46.2400734, -119.0744684
46.249078, -119.0743662
46.2578725, -119.0756882
46.2664605, -119.0808763
46.27660729999999, -119.08498
46.2851366, -119.07495
46.2851366, -119.07498
46.3115398, -119.0714397
46.3126274, -119.074941
46.3218093, -119.0749517
46.3288163, -119.0716499
46.3435026, -119.074997
46.3435031, -119.0749018
46.3570297, -119.0749985
46.3659, -119.0692205
46.3753584, -119.0757215
46.3825308, -119.0706875
46.3930728, -119.071584
46.4019381, -119.0749506
46.4110665, -119.0714804
46.4163702, -119.074937
46.4163703, -119.0749049
46.44534059999999, -119.0749384
46.44534059999999, -119.074953
46.4560798, -119.0713687
46.4650667, -119.0713223
46.4750627, -119.0749433
46.48319799999999, -119.0756598
46.4892167, -119.0749671
46.506111, -119.060054
46.517936, -119.0749155
46.5179361, -119.0749552
46.5281055, -119.078938
46.538241, -119.0777236
46.54713779999999, -119.0749503
46.5567157, -119.067115
46.5621112, -119.07491
46.57674919999999, -119.0749425
46.5861459, -119.070211
46.591334, -119.0749491
46.6000423, -119.0699414
46.60571119999999, -119.0695713
46.6104844, -119.0604821
46.6204989, -119.0513519
46.6505846, -119.0788225
46.6539762, -119.0747696
46.66456789999999, -119.0749265
46.6720541, -119.0698944
46.6810471, -119.069795
46.690087, -119.0697344
46.6990781, -119.0697331
46.7084114, -119.0749558
46.714932, -119.0762333
46.7230309, -119.0751134
46.7358397, -119.0744614
46.7376529, -119.0751019
46.7521304, -119.069765
46.7620726, -119.0760912
46.7741689, -119.0748841
46.7814319, -119.0748968
46.7893353, -119.0694109
46.7959887, -119.0749916
46.8105807, -119.0748636
46.8161624, -119.0694462
46.8256281, -119.0749216
46.8339515, -119.0691851
46.8439977, -119.0754219
46.8542678, -119.0748172
46.8585893, -119.0793848
46.8715444, -119.0656984
46.8830035, -119.0747318
46.8886076, -119.0715768
46.895626, -119.0765766
46.9038277, -119.0780786
46.9117689, -119.0749693
46.9264862, -119.0749268
46.9341958, -119.0760102
46.9430524, -119.0720919
46.95103460000001, -119.0748075
46.96040989999999, -119.0729628
46.96995709999999, -119.074938
46.97633920000001, -119.0708951
46.98452460000001, -119.0749884
46.9957116, -119.0739237
47.0046502, -119.0825875
47.0135579, -119.0784655
47.0260146, -119.0808382
47.0336043, -119.0719117
47.0410882, -119.0770523
47.0498473, -119.074485
47.0571592, -119.0649373
47.0716322, -119.0749352
47.0771056, -119.0767262
47.0860211, -119.0749525
47.0948935, -119.0740281
47.0959292, -119.0726826
47.115474, -119.0749841
47.1220548, -119.0658492
47.130101, -119.0749461
47.14472259999999, -119.074921
47.1447228, -119.0749776
47.1593498, -119.074958
47.17396189999999, -119.0749768
47.173962, -119.074942
47.18847230000001, -119.0749569
47.18847230000001, -119.0749392
47.2031403, -119.0749503
47.2178209, -119.0749924
47.2178212, -119.0749263
47.2300777, -119.0658194
47.2398283, -119.0763943
47.24717769999999, -119.0749437
47.2618796, -119.0750561
47.2618817, -119.0748576
47.2618837, -119.0746592
47.2905132, -119.0933201
47.2994749, -119.0880218
47.3020526, -119.0858572
47.3111408, -119.0857955
47.3200256, -119.0749513
47.3290686, -119.0857556
47.3381428, -119.0857361
47.3470681, -119.0642717
47.3561316, -119.0645448
47.3636828, -119.0749428
47.3743468, -119.0864214
47.3831373, -119.0862748
47.3930882, -119.086253
47.4066548, -119.0761991
47.4083984, -119.0739892
47.41814, -119.0753403
47.4247222, -119.0709419
47.4276521, -119.0651135
47.4536712, -119.0874849
47.4575859, -119.0850883
47.4641397, -119.074998
47.4802204, -119.075033
47.480221, -119.0749287
47.4908843, -119.0640767
47.4999647, -119.0638772
47.509327, -119.0749429
47.5239237, -119.074944
47.5239237, -119.0749536
47.5384898, -119.0749567
47.53848989999999, -119.0749324
47.56748289999999, -119.0750484
47.567485, -119.0748478
47.5820668, -119.0749635
47.5900123, -119.0638482
47.5965971, -119.0850022
47.6119816, -119.0749006
47.6119823, -119.075015
47.6265252, -119.0749436
47.63509519999999, -119.0633877
47.6440905, -119.0847356
47.6554428, -119.0749632
47.6621609, -119.0845469
47.6700056, -119.0749611
47.684553, -119.0748905
47.6845537, -119.0750106
47.699019, -119.0749333
47.7071169, -119.083915
47.7135618, -119.0749833
47.7281112, -119.0749299
47.7341141, -119.0838297
47.7431138, -119.0837518
47.7521192, -119.0837039
47.7611842, -119.083548
47.7719218, -119.0749531
47.7790841, -119.0832538
47.7865538, -119.0749428
47.7969961, -119.0831948
47.800967, -119.0833593
47.815557, -119.0749526
47.8155571, -119.0749077
47.8328632, -119.0615997
47.8427489, -119.0716802
47.8445034, -119.072161
47.867356, -119.0783426
47.8685929, -119.0748232
47.87191, -119.0704352
47.8891733, -119.0747133
47.8960796, -119.0749921
47.9047571, -119.0745353
47.9147337, -119.0649944
47.92333989999999, -119.0752072
47.9260993, -119.0680095
47.9447005, -119.0768398
47.9458706, -119.0729232
47.9663452, -119.0831074
47.96783, -119.0822319
47.9767775, -119.0748927
47.9861516, -119.0827419
47.9959148, -119.0813863
47.9967817, -119.0817488
48.0239242, -119.0573112
48.0450437, -119.0679532
48.06318599999999, -119.077861
48.0670301, -119.0779091
48.0760246, -119.0782423
48.085544, -119.076455
48.0948713, -119.0703604
48.1095829, -119.0759521
48.1106659, -119.0735718
48.1208794, -119.0736481
48.1300366, -119.0697557
48.1422294, -119.0746914
48.1422561, -119.0754259
48.1450041, -119.0869717
48.174864, -119.082091
48.1763431, -119.0808413
48.1839451, -119.0758807
48.1928834, -119.0749776
48.2004361, -119.0667616
48.21364639999999, -119.0637491
48.21505, -119.0639559
48.2318201, -119.074505
48.23496129999999, -119.0806048
48.24751149999999, -119.0758374
48.2578508, -119.0843827
48.2662443, -119.0815213
48.2668648, -119.0812617
48.2798847, -119.0595368
48.29551780000001, -119.0890563
48.30431400000001, -119.0704949
48.3050985, -119.0705878
48.3215843, -119.0716927
48.3276857, -119.0702421
48.3313338, -119.0665737
48.34717930000001, -119.0734107
48.35439359999999, -119.0751475
48.3640736, -119.0749704
48.3677277, -119.066764
48.3830672, -119.0796409
48.39072110000001, -119.0743226
48.39960869999999, -119.0748514
48.4090284, -119.0749298
48.4178678, -119.0736438
48.4272938, -119.0749869
48.4323421, -119.0844463
48.4502688, -119.0747975
48.4536722, -119.0771135
48.4625521, -119.0779555
48.4688898, -119.0828351
48.484181, -119.070038
48.4900544, -119.0764095
48.495955, -119.0768908
48.5104593, -119.0637704
48.51775689999999, -119.0630178
48.52729919999999, -119.0760483
48.5353716, -119.0745733
48.5443887, -119.0746928
48.5454332, -119.0783988
48.5648338, -119.0714905
48.57286389999999, -119.0748831
48.5831806, -119.0772432
48.5923531, -119.0783493
48.5995542, -119.0752616
48.6074432, -119.0729399
48.61627559999999, -119.0692859
48.6226739, -119.0763961
48.6310295, -119.0637749
48.6713813, -119.0711734
48.6789918, -119.0696264
48.6911217, -119.0837058
48.70210789999999, -119.076387
48.7054123, -119.0733019
48.7154943, -119.075165
48.72563599999999, -119.0759981
48.7334053, -119.075973
48.7432294, -119.0734236
48.7503505, -119.0721661
48.760041, -119.069678
48.7712042, -119.0812197
48.7786093, -119.0772557
48.7870844, -119.0750209
48.7951975, -119.0718441
48.80011620000001, -119.068479
48.8129223, -119.0614924
48.821877, -119.0629317
48.84025090000001, -119.079955
48.8487549, -119.0833507
48.8611655, -119.0773916
48.8691696, -119.0770455
48.8816529, -119.0771098
48.8832028, -119.0742076
48.8962961, -119.0775222
48.9041896, -119.0739975
48.9123552, -119.0718943
48.9220879, -119.0722026
48.9304776, -119.0760542
48.9400942, -119.0749837
48.9484872, -119.0763652
46.2132924, -119.0611031
46.22643009999999, -119.0611766
46.2310921, -119.0612001
46.2400757, -119.0612662
46.2467853, -119.0645663
46.2579058, -119.0544839
46.2615837, -119.0542865
46.28520930000001, -119.0613613
46.28521, -119.0612451
46.2852107, -119.0611289
46.3115613, -119.0613034
46.3120795, -119.0610543
46.3218373, -119.0612471
46.3291086, -119.0612424
46.3435242, -119.061258
46.3435242, -119.0612284
46.35796209999999, -119.0612365
46.3648864, -119.0595461
46.37751040000001, -119.0646658
46.3836541, -119.0616017
46.39328140000001, -119.061843
46.4005304, -119.0569707
46.4111164, -119.07148
46.4162306, -119.0714739
46.4400096, -119.0569771
46.4402472, -119.0575623
46.445359, -119.061242
46.4599132, -119.0612949
46.4599139, -119.061174
46.4744351, -119.0608491
46.48212179999999, -119.0612462
46.4921328, -119.0498887
46.5100692, -119.0599889
46.5179665, -119.0612333
46.5325419, -119.0612568
46.5325419, -119.0612298
46.547142, -119.0612471
46.5540946, -119.0659574
46.5621103, -119.0612466
46.5730789, -119.0612387
46.581464, -119.0604868
46.5913303, -119.0612438
46.606009, -119.0613189
46.60907419999999, -119.0605969
46.6152447, -119.0542668
46.6205779, -119.051267
46.6206323, -119.0511334
46.6532657, -119.0756276
46.6576075, -119.0703496
46.664928, -119.0628984
46.6676489, -119.0586279
46.6790965, -119.0612788
46.6933075, -119.0542348
46.6991598, -119.0612325
46.708093, -119.0697294
46.72277039999999, -119.0610618
46.7260614, -119.062129
46.73549740000001, -119.063406
46.7374011, -119.0654684
46.7520033, -119.0612778
46.7593858, -119.0613858
46.7739236, -119.0611629
46.7800815, -119.0694745
46.7885168, -119.0612625
46.8012864, -119.0602506
46.8103916, -119.0611309
46.8159553, -119.0694395
46.8252806, -119.0612323
46.833985, -119.0543187
46.8395859, -119.0614153
46.8539968, -119.0611819
46.8540011, -119.0614705
46.8684811, -119.0612811
46.8783564, -119.0626519
46.8857898, -119.0653818
46.894591, -119.0721953
46.9116344, -119.0610834
46.9116379, -119.0613425
46.9263696, -119.0611825
46.9263725, -119.0614217
46.9406934, -119.0573154
46.947928, -119.055277
46.9586698, -119.0715252
46.9698326, -119.0612289
46.9773535, -119.0578662
46.9857465, -119.0673672
46.9989735, -119.0612291
47.0064222, -119.056068
47.0121839, -119.0623604
47.0280352, -119.0612399
47.0280352, -119.0612462
47.0425975, -119.0612382
47.0461292, -119.0559854
47.0571565, -119.0612465
47.0715957, -119.0612191
47.0715959, -119.0612813
47.0860087, -119.0612467
47.0950747, -119.0627496
47.1018159, -119.0587036
47.1155134, -119.061221
47.1220915, -119.065849
47.1301492, -119.0612327
47.14001349999999, -119.0659653
47.1447796, -119.0612038
47.1593636, -119.0612405
47.1739918, -119.0612909
47.173992, -119.0612291
47.1850554, -119.0652721
47.1940316, -119.0652686
47.2031161, -119.0612427
47.2178597, -119.0612205
47.221046, -119.0657812
47.2325039, -119.0612363
47.2391611, -119.0654967
47.2471687, -119.0612631
47.2618355, -119.0609854
47.2618592, -119.0616152
47.2763092, -119.0521346
47.3031082, -119.0857693
47.3199763, -119.0609665
47.3199803, -119.0612465
47.3199826, -119.0614082
47.34330569999999, -119.0642804
47.3470823, -119.0642717
47.3560625, -119.0645441
47.3637072, -119.0612438
47.3637072, -119.0612465
47.3887267, -119.046915
47.39540969999999, -119.0522685
47.402642, -119.058897
47.4082509, -119.0619467
47.4166609, -119.0609348
47.4290268, -119.0621731
47.432038, -119.0557919
47.43659659999999, -119.048733
47.4650678, -119.0674837
47.4665792, -119.0650021
47.470095, -119.060138
47.4806231, -119.0604449
47.49112969999999, -119.064067
47.50010630000001, -119.063874
47.5091328, -119.0612418
47.5180515, -119.0639027
47.5270755, -119.0640334
47.5360706, -119.0640705
47.54508209999999, -119.0640706
47.5529977, -119.061246
47.563084, -119.0639908
47.57208139999999, -119.0639727
47.5821276, -119.0612661
47.5900948, -119.0638471
47.5991059, -119.0637326
47.6081036, -119.0635186
47.617099, -119.063318
47.626439, -119.0612374
47.6350761, -119.0633877
47.6440805, -119.063343
47.6530849, -119.0632915
47.6621003, -119.0630994
47.6699249, -119.0612825
47.68447159999999, -119.061191
47.68447219999999, -119.0613039
47.6990005, -119.0612314
47.7134941, -119.0612332
47.716078, -119.0620857
47.7250757, -119.0621772
47.73407419999999, -119.0622632
47.742348, -119.0629925
47.7425639, -119.063192
47.770232, -119.0595685
47.7703094, -119.0597095
47.7790806, -119.0616106
47.788078, -119.0615382
47.7970799, -119.0615736
47.80607879999999, -119.0615579
47.8150792, -119.0615604
47.8232273, -119.0596832
47.8330913, -119.0615813
47.8407746, -119.0612425
47.8706509, -119.0678162
47.87165170000001, -119.0636961
47.8734481, -119.0615198
47.89297130000001, -119.0685369
47.8974446, -119.0667585
47.9060997, -119.0639894
47.9140172, -119.0611262
47.9226758, -119.0618089
47.9281265, -119.0561337
47.9467125, -119.0677112
47.9491556, -119.061376
47.9493928, -119.0627805
47.9777876, -119.0631274
47.9779335, -119.0614046
47.9788991, -119.0637023
47.9963393, -119.0813223
47.9964963, -119.081365
48.02343980000001, -119.0554357
48.0437235, -119.0597368
48.044146, -119.0630878
48.0636761, -119.0613025
48.0636766, -119.0612075
48.0757992, -119.078234
48.088963, -119.072488
48.098169, -119.062083
48.1030591, -119.0606954
48.110892, -119.064174
48.124595, -119.068838
48.129629, -119.069707
48.14174999999999, -119.0610183
48.1417783, -119.0617744
48.1418011, -119.0624264
48.1706509, -119.044641
48.1930456, -119.0636198
48.1935179, -119.06125
48.2019013, -119.0651715
48.21116440000001, -119.0617801
48.2203198, -119.0609849
48.228222, -119.062264
48.2409627, -119.0590691
48.2467352, -119.062236
48.256277, -119.0604451
48.2609259, -119.0594417
48.2796515, -119.0583799
48.2910857, -119.059115
48.3031231, -119.0605466
48.3084164, -119.0590532
48.3194852, -119.0595073
48.3269873, -119.0591836
48.3369499, -119.0560129
48.3475326, -119.0601302
48.3498734, -119.0640446
48.3664256, -119.0643495
48.3712246, -119.0600963
48.3858393, -119.0742033
48.39421979999999, -119.0682787
48.3978039, -119.0618856
48.4108844, -119.0622385
48.4181964, -119.0628729
48.42473090000001, -119.0611749
48.4279455, -119.0701733
48.45141650000001, -119.0658616
48.4531661, -119.0605345
48.4549809, -119.0551969
48.4794632, -119.0566234
48.482126, -119.061551
48.49077519999999, -119.0637649
48.4964557, -119.0600063
48.508964, -119.059691
48.516984, -119.0629178
48.5261192, -119.0617352
48.5379149, -119.0613748
48.5434419, -119.0580954
48.5517465, -119.0530435
48.5631624, -119.0606448
48.5711236, -119.0612158
48.5768721, -119.0651923
48.5965466, -119.0669756
48.5974912, -119.0612417
48.6068614, -119.0605245
48.6148602, -119.0654691
48.6251152, -119.0608734
48.63296, -119.0609249
48.6481749, -119.048115
48.6694483, -119.0596844
48.67018460000001, -119.0609518
48.6802326, -119.0613418
48.6868499, -119.0570449
48.698601, -119.0618371
48.7056465, -119.064776
48.71836080000001, -119.0627065
48.7210632, -119.0589932
48.7352292, -119.0629464
48.7420578, -119.056212
48.751512, -119.0562434
48.7595724, -119.0672568
48.7696789, -119.0627118
48.7775763, -119.059067
48.7865242, -119.0564743
48.7964593, -119.0627424
48.80524750000001, -119.0622309
48.81407859999999, -119.061229
48.8230449, -119.0627539
48.832126, -119.0604948
48.8410853, -119.0602252
48.85048219999999, -119.0614059
48.8596642, -119.0589878
48.8675416, -119.0652754
48.8781417, -119.0591786
48.8862096, -119.0601698
48.8949626, -119.0623651
48.90361660000001, -119.0597412
48.91186870000001, -119.0557536
48.9268321, -119.0591633
48.92982, -119.0567903
48.9414005, -119.0608408
48.94910309999999, -119.0595963
46.2124039, -119.0489789
46.2220618, -119.0447436
46.2317667, -119.0465625
46.2411969, -119.0473511
46.2491657, -119.0549596
46.258257, -119.054465
46.2852342, -119.0473414
46.2852361, -119.0475332
46.2852381, -119.0477251
46.3117078, -119.0514545
46.3121909, -119.0510121
46.3211175, -119.0509779
46.3300218, -119.0508704
46.3390158, -119.0512027
46.34817, -119.0511198
46.35716439999999, -119.0506183
46.3642779, -119.0475864
46.3717782, -119.0390134
46.3869824, -119.0530966
46.3928186, -119.0471164
46.4042941, -119.0536768
46.4113514, -119.048291
46.4181444, -119.0434512
46.43823039999999, -119.0476839
46.4382315, -119.0475391
46.4453878, -119.0474958
46.4562857, -119.0438832
46.4633969, -119.0484052
46.47476229999999, -119.0437047
46.4831946, -119.0469063
46.492068, -119.0498881
46.5011105, -119.0496455
46.5100864, -119.0495455
46.5191076, -119.0494164
46.52744999999999, -119.0474687
46.5370919, -119.049192
46.5460927, -119.0490053
46.5534634, -119.0516925
46.5651473, -119.0496155
46.5733521, -119.0466324
46.5820929, -119.0491142
46.5913321, -119.0475337
46.59788409999999, -119.0496114
46.6060037, -119.0465439
46.6177515, -119.05076
46.6206337, -119.047641
46.63215599999999, -119.031043
46.6649144, -119.0437527
46.66548600000001, -119.0460873
46.66853990000001, -119.0510402
46.68197989999999, -119.0516186
46.6900807, -119.0475187
46.7010073, -119.0496764
46.7076937, -119.0468913
46.7160624, -119.0460298
46.7284716, -119.0459824
46.7350587, -119.0488609
46.7441044, -119.0486097
46.7530857, -119.0481681
46.7620721, -119.0476497
46.7710818, -119.0481646
46.78007820000001, -119.0481307
46.7890776, -119.048158
46.79808, -119.048174
46.80708, -119.0481209
46.816077, -119.0481503
46.8250951, -119.0475361
46.83408319999999, -119.0477971
46.8430791, -119.0475635
46.85207219999999, -119.0472521
46.86107459999999, -119.0470259
46.8700739, -119.0468713
46.87907320000001, -119.0467534
46.8880786, -119.0466493
46.8970715, -119.0466581
46.9060717, -119.0465203
46.9150764, -119.0467853
46.924074, -119.0466834
46.93307069999999, -119.0465599
46.9420806, -119.0476835
46.9510718, -119.0462716
46.9600822, -119.0477639
46.9687196, -119.0475533
46.9780748, -119.0458805
46.9870679, -119.0457911
46.9960898, -119.0457825
47.0047237, -119.0475439
47.0140685, -119.0456226
47.0230682, -119.045527
47.032068, -119.0454309
47.0410662, -119.0453187
47.05006359999999, -119.0452033
47.0590754, -119.0451117
47.06807209999999, -119.0450983
47.077047, -119.044947
47.0860177, -119.0475197
47.0950816, -119.0447264
47.10407910000001, -119.0447533
47.1130629, -119.04468
47.1220633, -119.0445843
47.1301817, -119.0475258
47.14009189999999, -119.044636
47.1490829, -119.0446575
47.1593555, -119.0475434
47.1671117, -119.0440384
47.1740246, -119.0475508
47.185087, -119.0440045
47.19408989999999, -119.0440586
47.2030726, -119.0475366
47.2121612, -119.0440754
47.2210569, -119.0442412
47.2300706, -119.044171
47.2324847, -119.0475575
47.2470477, -119.0475514
47.2614229, -119.0472643
47.2614392, -119.0478275
47.2761665, -119.0474644
47.27618469999999, -119.048061
47.276203, -119.0486575
47.3197689, -119.0469931
47.3197728, -119.0472695
47.3197767, -119.0475459
47.3344175, -119.0430108
47.3380832, -119.0430181
47.3491726, -119.0474916
47.35605409999999, -119.0429506
47.3637045, -119.0475374
47.3740685, -119.0429133
47.38311969999999, -119.0429616
47.3914932, -119.0491364
47.3984572, -119.0547099
47.4080571, -119.0484349
47.4159849, -119.0575186
47.43316790000001, -119.0536376
47.4371509, -119.0475738
47.4376422, -119.0454578
47.47004279999999, -119.057213
47.4700941, -119.0570667
47.4757797, -119.0538198
47.4805879, -119.046974
47.4866727, -119.0401737
47.5091157, -119.047918
47.509123, -119.0475385
47.5240881, -119.0475977
47.5240886, -119.0475062
47.5385944, -119.0475824
47.538597, -119.0473458
47.553088, -119.0475114
47.5676979, -119.0475412
47.5720772, -119.0423724
47.5822373, -119.0475511
47.5900508, -119.0422905
47.5968346, -119.0474273
47.6079796, -119.0420222
47.617075, -119.0418499
47.6263341, -119.0475323
47.6408862, -119.0474969
47.6408863, -119.0475584
47.655536, -119.052128
47.65674600000001, -119.052046
47.6698647, -119.0475369
47.6800617, -119.0412248
47.688987, -119.041055
47.6989917, -119.0475361
47.70703349999999, -119.0406361
47.7134717, -119.0475623
47.7281883, -119.0474897
47.7340552, -119.0407424
47.7435075, -119.0468003
47.7520037, -119.0405759
47.7610013, -119.0403598
47.7718996, -119.0475388
47.7790526, -119.04006
47.7866054, -119.0475363
47.7970891, -119.0400073
47.808582, -119.0430935
47.8156075, -119.0475386
47.82409939999999, -119.056225
47.82998629999999, -119.0518321
47.8411538, -119.0472601
47.8443701, -119.0475865
47.8739637, -119.0556478
47.8743457, -119.0545892
47.8746244, -119.0543087
47.9100603, -119.0492024
47.9141103, -119.0475628
47.9237867, -119.0494511
47.9325385, -119.0470835
47.93522129999999, -119.0461585
47.9478164, -119.0488042
47.94960349999999, -119.053486
47.974758, -119.0411867
47.9775526, -119.0450125
47.9813549, -119.0443553
47.9813771, -119.0442687
48.0139283, -119.0327911
48.0190831, -119.0403655
48.0217596, -119.0477786
48.0229546, -119.0528519
48.0439904, -119.047702
48.0454882, -119.0462513
48.05810289999999, -119.0400895
48.065786, -119.0482636
48.06644050000001, -119.0505696
48.099325, -119.058117
48.099466, -119.057859
48.105748, -119.057164
48.106153, -119.057372
48.1247772, -119.027409
48.1346097, -119.0395508
48.1401382, -119.0466754
48.1412612, -119.0502494
48.1598271, -119.0356396
48.1680265, -119.0414135
48.1922971, -119.0514225
48.1928587, -119.0473472
48.2042991, -119.0494101
48.2138397, -119.0527824
48.2192366, -119.0475561
48.22508, -119.0474351
48.24400300000001, -119.0533574
48.2465849, -119.0478352
48.2553014, -119.048712
48.26944289999999, -119.0396267
48.2747396, -119.0461441
48.2842728, -119.0458508
48.2897437, -119.0495739
48.3007008, -119.0455816
48.3099666, -119.0477433
48.319179, -119.0471252
48.3281559, -119.0475668
48.3331774, -119.0495418
48.34663860000001, -119.0504129
48.3563071, -119.0418681
48.3690817, -119.0573136
48.3704111, -119.057518
48.3943195, -119.0484424
48.394326, -119.048386
48.4008542, -119.0493344
48.4086404, -119.0487696
48.412334, -119.045524
48.42379589999999, -119.0589722
48.4245429, -119.0603653
48.4550521, -119.05498
48.456831, -119.0495545
48.45983649999999, -119.0434898
48.4748186, -119.048207
48.4798415, -119.0519866
48.4900804, -119.0480762
48.498875, -119.0484419
48.5076012, -119.0528005
48.5208212, -119.0432744
48.5348742, -119.0558037
48.54524809999999, -119.0478963
48.5539624, -119.0478239
48.5600483, -119.0518214
48.5686019, -119.0482918
48.5815774, -119.0483257
48.5836298, -119.0456676
48.5990106, -119.0472849
48.6071833, -119.0470814
48.6160346, -119.0476385
48.6191312, -119.050153
48.63305400000001, -119.060169
48.6491181, -119.0454706
48.6624353, -119.0373071
48.6708916, -119.0536862
48.6833625, -119.058781
48.6902066, -119.0544815
48.7010391, -119.047654
48.7096058, -119.0473577
48.7101801, -119.044963
48.721507, -119.0463921
48.7330093, -119.055842
48.7424437, -119.055878
48.7509925, -119.0560513
48.7607006, -119.0527364
48.7695437, -119.0475477
48.7735281, -119.0448461
48.7874721, -119.0562327
48.7959907, -119.0476364
48.8039413, -119.0449469
48.8184482, -119.0426388
48.822739, -119.0468406
48.83215819999999, -119.0440738
48.8411125, -119.0474154
48.8501224, -119.0479316
48.8588227, -119.0471437
48.8669111, -119.0545802
48.8730862, -119.0396473
48.8853403, -119.040121
48.895242, -119.0504338
48.90677549999999, -119.0394844
48.9133758, -119.0473413
48.9224626, -119.0526964
48.92957149999999, -119.0489009
48.94005019999999, -119.0459094
48.9479499, -119.0469713
46.2138954, -119.0348793
46.2227152, -119.0329119
46.2274099, -119.0391316
46.2415385, -119.0315359
46.2470646, -119.0319711
46.2496915, -119.0260415
46.2622661, -119.012996
46.2851729, -119.033954
46.2851737, -119.0338312
46.2939502, -119.0308804
46.3001569, -119.0301331
46.3235644, -119.0352495
46.3336139, -119.0345234
46.3435715, -119.0338449
46.3435716, -119.0338148
46.3579944, -119.0356527
46.3692163, -119.0407391
46.3756964, -119.0351174
46.3794942, -119.0307416
46.3947961, -119.0331635
46.3981183, -119.0380194
46.415274, -119.0453082
46.4218543, -119.0354594
46.42629520000001, -119.0275781
46.4389702, -119.040218
46.445563, -119.0337842
46.4565515, -119.0360829
46.4640279, -119.0395921
46.4749336, -119.0356415
46.4830255, -119.0291695
46.4928391, -119.0335357
46.5011045, -119.0391867
46.5024768, -119.0398041
46.5193174, -119.0494097
46.5320604, -119.0338195
46.5370309, -119.0281186
46.547134, -119.0338281
46.555045, -119.0278685
46.5679568, -119.046776
46.5766176, -119.0337948
46.5819598, -119.0276866
46.5912477, -119.0338277
46.600089, -119.0274694
46.6059217, -119.0338739
46.6205208, -119.0337877
46.6271363, -119.027661
46.6656183, -119.0393874
46.6664039, -119.0360423
46.6676203, -119.0326217
46.68566, -119.0488819
46.693118, -119.040233
46.7071069, -119.0381622
46.7207111, -119.0389902
46.7249513, -119.0345667
46.73736220000001, -119.0337879
46.7439372, -119.0272974
46.7517874, -119.0338482
46.7663489, -119.0336902
46.77355670000001, -119.0337604
46.7810526, -119.0269677
46.7890761, -119.0270135
46.7974812, -119.034015
46.8050208, -119.0269077
46.8248508, -119.0334544
46.8248585, -119.0338393
46.8334428, -119.0354777
46.8414748, -119.0410595
46.8536648, -119.0338043
46.8611228, -119.0364257
46.8638728, -119.0380673
46.8825185, -119.0340167
46.8825309, -119.0335286
46.8971887, -119.0466559
46.9113598, -119.0338307
46.9113598, -119.0338294
46.9260068, -119.0338018
46.9330474, -119.0251569
46.9406355, -119.0338251
46.9551615, -119.0405334
46.9607026, -119.0358256
46.968655, -119.033836
46.9769567, -119.0401073
46.9841983, -119.0350607
46.9989048, -119.0338185
47.0031589, -119.0300322
47.0138738, -119.0340811
47.0281049, -119.0339003
47.0340858, -119.0338668
47.0427329, -119.033787
47.0467412, -119.0403849
47.05713540000001, -119.0338331
47.07165029999999, -119.0339085
47.0716524, -119.0337105
47.0857546, -119.0338445
47.0937096, -119.0340605
47.1010149, -119.0338209
47.1155371, -119.0338087
47.11553740000001, -119.0338863
47.1302214, -119.033825
47.1448062, -119.0338172
47.145836, -119.0338178
47.15936929999999, -119.0338363
47.17395930000001, -119.0338609
47.17395930000001, -119.0338204
47.1885313, -119.0338539
47.1885315, -119.0337914
47.2031078, -119.0440929
47.21776010000001, -119.0338024
47.2177602, -119.033846
47.2301054, -119.0441708
47.23894629999999, -119.0223324
47.2470305, -119.0338234
47.2611419, -119.0336565
47.26114940000001, -119.0340403
47.2756965, -119.0338124
47.2840178, -119.0218851
47.2931132, -119.0218244
47.2978948, -119.0218249
47.3198071, -119.0336544
47.3198087, -119.0338353
47.338071, -119.043018
47.3491357, -119.033857
47.3549213, -119.031449
47.3638139, -119.0337967
47.3741001, -119.0429132
47.3829895, -119.0338909
47.384504, -119.0387728
47.4062515, -119.036525
47.4075569, -119.0335524
47.4380964, -119.0413653
47.4397786, -119.0372124
47.4425651, -119.0316767
47.4702858, -119.0568903
47.4810869, -119.0368989
47.4892474, -119.0344088
47.5063696, -119.0288996
47.5093216, -119.0338349
47.5150167, -119.0257008
47.5240562, -119.0434382
47.5386585, -119.0427516
47.54677359999999, -119.0298143
47.5532741, -119.0338179
47.5677124, -119.0338571
47.56771260000001, -119.0338043
47.5822418, -119.0338398
47.590125, -119.0422896
47.5968819, -119.0338711
47.6118707, -119.0338346
47.6118707, -119.0338234
47.6263364, -119.033833
47.640834, -119.03383
47.640834, -119.0338298
47.6623593, -119.0297401
47.662767, -119.0305263
47.6698715, -119.0338243
47.6844383, -119.0338441
47.6889769, -119.0275091
47.698987, -119.0338278
47.7071243, -119.0406347
47.7160245, -119.0405852
47.7281843, -119.0338535
47.7341036, -119.040742
47.7431561, -119.0407157
47.7521524, -119.0405723
47.76115, -119.0403562
47.7718645, -119.0338055
47.77911270000001, -119.0400594
47.7865578, -119.0338368
47.8011372, -119.0338745
47.8060129, -119.0399958
47.81562419999999, -119.0338312
47.8300931, -119.0337912
47.83009329999999, -119.0338491
47.8422898, -119.0341797
47.8509344, -119.0298801
47.8927831, -119.0228815
47.9124108, -119.0431099
47.915714, -119.0352548
47.9256519, -119.0336754
47.9321947, -119.0336802
47.945111, -119.031689
47.947209, -119.0349538
47.9654084, -119.0259861
47.9689761, -119.0327886
47.9776158, -119.0333613
47.9786885, -119.0374916
48.004129, -119.02563
48.004356, -119.02607
48.0183225, -119.0386656
48.03667470000001, -119.0261144
48.0413196, -119.0311486
48.04793369999999, -119.0354805
48.0600141, -119.0388726
48.06357930000001, -119.0407908
48.0643836, -119.0425841
48.0650307, -119.045207
48.124621, -119.0272442
48.13024189999999, -119.03122
48.136396, -119.0377148
48.1479943, -119.033646
48.1571418, -119.0336004
48.1653624, -119.0341299
48.1711639, -119.0343243
48.1886496, -119.0299918
48.1922893, -119.0374558
48.1958126, -119.04001
48.21408779999999, -119.0335717
48.2195438, -119.0398437
48.2253133, -119.0336055
48.2405548, -119.0270833
48.2460864, -119.0277409
48.2559785, -119.0345448
48.2664078, -119.0302777
48.2765589, -119.0338299
48.2839372, -119.0315585
48.2924667, -119.0332698
48.3017836, -119.0314267
48.3130464, -119.0334357
48.3189174, -119.0346365
48.3294389, -119.0341407
48.32973759999999, -119.0329124
48.34828539999999, -119.0337465
48.3553441, -119.0333999
48.36559279999999, -119.0335791
48.3656124, -119.0334283
48.3930249, -119.026469
48.39490139999999, -119.0324434
48.3974603, -119.0391758
48.4084334, -119.0437009
48.4216946, -119.0572551
48.4239227, -119.0590815
48.459213, -119.0276146
48.45943339999999, -119.0284142
48.46478949999999, -119.0337641
48.47188740000001, -119.0330078
48.481081, -119.0339187
48.4921819, -119.0352306
48.49666449999999, -119.0304233
48.5083143, -119.0286183
48.5171948, -119.038753
48.5257712, -119.0249501
48.5411566, -119.0329201
48.5421631, -119.0356504
48.549842, -119.0349735
48.56180759999999, -119.0336656
48.57499920000001, -119.0385823
48.5777378, -119.0342492
48.5852114, -119.0219604
48.6002845, -119.0376293
48.6072578, -119.0339861
48.61752310000001, -119.0365454
48.6247254, -119.029817
48.6345979, -119.028221
48.6428693, -119.0297666
48.6527602, -119.035387
48.6607359, -119.036858
48.6715584, -119.0369211
48.67926569999999, -119.0331561
48.6856198, -119.0323194
48.6963804, -119.0260305
48.705465, -119.0359233
48.715079, -119.0338356
48.7240791, -119.0338283
48.72498299999999, -119.0345732
48.7404514, -119.0173257
48.7549664, -119.0286263
48.7576445, -119.0263916
48.7696762, -119.0448766
48.7794387, -119.024038
48.7846859, -119.0249999
48.7956101, -119.0333392
48.8078965, -119.0334204
48.8141762, -119.0336297
48.82318069999999, -119.0360165
48.8303963, -119.0349462
48.83938999999999, -119.0368608
48.8528831, -119.0344603
48.8619906, -119.0388467
48.8667971, -119.0361788
48.8763824, -119.0319397
48.885631, -119.0343674
48.8957649, -119.0331002
48.9045502, -119.031859
48.91310480000001, -119.0350298
48.91847620000001, -119.0302238
48.927613, -119.042055
48.9466082, -119.0385714
48.9491041, -119.0375109
46.21347129999999, -119.0195825
46.2221285, -119.0201805
46.23350869999999, -119.0185592
46.2369375, -119.0243573
46.2513733, -119.0222529
46.2558257, -119.0155271
46.2674844, -119.0113501
46.2758118, -119.0110295
46.2852668, -119.0201263
46.3002298, -119.0202315
46.3002311, -119.0200729
46.3118743, -119.0092213
46.3346634, -119.0211756
46.3360339, -119.0168096
46.3472332, -119.0194903
46.3563708, -119.0183123
46.36587979999999, -119.0130428
46.3797319, -119.0201716
46.3797323, -119.0200778
46.3947404, -119.0201278
46.3947404, -119.0201025
46.4107733, -119.0088652
46.4251531, -119.0283679
46.4311377, -119.020104
46.4383919, -119.0217002
46.4467912, -119.0186259
46.45616159999999, -119.0193505
46.4601072, -119.0203693
46.4735823, -119.0116726
46.4815224, -119.0227512
46.4929593, -119.0142544
46.5007733, -119.0152329
46.5097724, -119.0141118
46.5193497, -119.0142981
46.5283099, -119.0151661
46.5357753, -119.0142692
46.5471179, -119.0201199
46.5750123, -119.0207916
46.5839794, -119.0132038
46.5911407, -119.0201219
46.6000679, -119.0274694
46.6090999, -119.0274691
46.62042, -119.020091
46.6270095, -119.0276585
46.6321918, -119.0277655
46.6451212, -119.0063861
46.6539994, -119.0064061
46.6655042, -119.0189148
46.6674267, -119.0232939
46.6810047, -119.0060671
46.6900041, -119.0059648
46.7009441, -119.0189154
46.7183456, -119.0183353
46.7226284, -119.0191626
46.7371414, -119.0200268
46.7442349, -119.0272837
46.7530339, -119.0269673
46.766176, -119.0200429
46.7661776, -119.020219
46.7890823, -119.0270135
46.7983226, -119.0194817
46.8055213, -119.0197646
46.8159945, -119.0148346
46.8246028, -119.0201404
46.83418409999999, -119.0194188
46.8428569, -119.0207165
46.8535339, -119.0200774
46.8535381, -119.02036
46.87002469999999, -119.0043579
46.8825843, -119.0199412
46.8825945, -119.0203819
46.8971211, -119.0038929
46.9113599, -119.0201225
46.9113599, -119.0201235
46.92606139999999, -119.025342
46.93342210000001, -119.020122
46.9406561, -119.0201187
46.9406562, -119.0200908
46.9677118, -119.0272492
46.96966440000001, -119.0201329
46.9791343, -119.0197298
46.9834947, -119.0206926
46.99890689999999, -119.020126
47.0041196, -119.0272841
47.0135276, -119.0201206
47.0231264, -119.0242771
47.0321018, -119.024126
47.0426355, -119.020148
47.0500924, -119.0134313
47.0590783, -119.0239757
47.0680783, -119.0239794
47.0782095, -119.0198248
47.08603979999999, -119.0202554
47.0950333, -119.0235069
47.1040917, -119.0235213
47.11309139999999, -119.0234489
47.12209379999999, -119.023365
47.13027599999999, -119.0201148
47.1400787, -119.023486
47.1448547, -119.0200947
47.1577857, -119.0204442
47.1740304, -119.0201746
47.176084, -119.0229382
47.1851087, -119.0228658
47.19408600000001, -119.0227466
47.2030788, -119.0227232
47.21208009999999, -119.0227151
47.221084, -119.022696
47.2301022, -119.0225447
47.2391046, -119.0223284
47.2470394, -119.0201205
47.257065, -119.0223
47.26609149999999, -119.0221051
47.275883, -119.0201918
47.2840881, -119.0218843
47.2930742, -119.0218241
47.318631, -119.0243255
47.3198792, -119.0201223
47.3290744, -119.0216788
47.334522, -119.0217137
47.3491948, -119.020111
47.3576704, -119.0228479
47.3638486, -119.0201566
47.3779248, -119.0175282
47.3794791, -119.0225521
47.3810422, -119.0275938
47.4055459, -119.0230576
47.40833749999999, -119.0191735
47.4087566, -119.0167088
47.4413195, -119.0338052
47.452068, -119.0130094
47.4524966, -119.0129764
47.4567183, -119.0073547
47.4673185, -119.0016409
47.4891926, -119.0340913
47.50664829999999, -119.0190819
47.5090357, -119.0201118
47.5184338, -119.0123315
47.5439844, -119.0206925
47.54444849999999, -119.0194266
47.5527396, -119.0169455
47.5677521, -119.020206
47.5677533, -119.0200463
47.5823234, -119.020147
47.59008069999999, -119.0206675
47.59908249999999, -119.0205836
47.6080814, -119.0204316
47.6170791, -119.0203247
47.626078, -119.020366
47.6350797, -119.0202166
47.6409448, -119.0205561
47.6710749, -119.0195653
47.6800738, -119.0194191
47.6843999, -119.020161
47.6989825, -119.0201238
47.6989825, -119.0201165
47.72554299999999, -119.014848
47.7281697, -119.020098
47.7340764, -119.0190414
47.7430745, -119.0189739
47.75207930000001, -119.018971
47.7610851, -119.0186511
47.7700542, -119.0184878
47.7790786, -119.0184452
47.7880748, -119.018342
47.79708, -119.0183241
47.8060918, -119.0184061
47.8156378, -119.0201243
47.8240621, -119.0183827
47.8332161, -119.0200537
47.8420889, -119.0183492
47.844808, -119.0204923
47.8687379, -118.9962809
47.8960954, -119.019598
47.9035588, -119.017408
47.9123767, -119.0123765
47.92950099999999, -119.0187459
47.9319883, -119.0200941
47.9408779, -119.0173476
47.9460762, -119.0205197
47.9629734, -119.0181415
47.965463, -119.0214737
47.97341609999999, -119.0202192
47.9749527, -119.0256979
48.0033991, -119.0220347
48.0035708, -119.0201349
48.01243580000001, -119.02008
48.0183128, -119.0138484
48.0317679, -119.0188117
48.0356672, -119.0224704
48.04592599999999, -119.0339158
48.0606873, -119.0383198
48.0609772, -119.038361
48.0636833, -119.0409285
48.0987891, -118.989394
48.1123389, -118.9973336
48.13167199999999, -119.0202717
48.1434489, -119.0169294
48.1443259, -119.0202068
48.1567014, -119.0199218
48.1670026, -119.0203695
48.1744645, -119.0171028
48.1821622, -119.0209987
48.188433, -119.0220402
48.2036143, -119.0137564
48.2116607, -119.0195711
48.222503, -119.0212349
48.2271061, -119.0181156
48.2384201, -119.0209134
48.2432516, -119.0185878
48.2525089, -119.0250637
48.2667423, -119.0145956
48.2745794, -119.0202066
48.2826613, -119.0215094
48.292575, -119.0284935
48.30104129999999, -119.019384
48.31101719999999, -119.017648
48.3222043, -119.0220427
48.3250199, -119.0239277
48.3376368, -119.0201476
48.3475995, -119.0247364
48.3553856, -119.0234774
48.365342, -119.0221506
48.3698948, -119.019784
48.3916585, -119.019627
48.39167, -119.0200896
48.39771349999999, -119.0191761
48.3983954, -119.0172917
48.452416, -119.006671
48.4535672, -119.0091968
48.4565187, -119.0186572
48.4635292, -119.0170655
48.4724465, -119.0212994
48.4800459, -119.0162205
48.4910492, -119.0205896
48.49929789999999, -119.0198233
48.50855319999999, -119.01862
48.51711, -119.0194608
48.5261313, -119.0172566
48.5351264, -119.0223114
48.5421176, -119.0230859
48.5525384, -119.0203715
48.56277499999999, -119.0190194
48.5711484, -119.0232698
48.5800908, -119.0247086
48.5853259, -119.0218751
48.6021703, -119.0109698
48.60852879999999, -119.0180969
48.6138597, -119.0193258
48.6253837, -119.0235685
48.6338301, -119.016918
48.6430496, -119.0120674
48.65237279999999, -119.0099984
48.6581585, -119.0085844
48.6706019, -119.005818
48.6825316, -119.0170676
48.6882372, -119.0195064
48.6979053, -119.0254918
48.7051721, -119.0199411
48.7201177, -119.0142618
48.7248153, -119.0201693
48.7296243, -119.0155813
48.7519055, -119.0179288
48.758667, -119.0227326
48.77695689999999, -119.0193652
48.7770091, -119.0202658
48.78677829999999, -119.0154883
48.7960893, -119.0202447
48.8059006, -119.0193128
48.8137356, -119.0199352
48.82443749999999, -119.0183792
48.8328555, -119.023295
48.840971, -119.0199767
48.8506688, -119.0271386
48.8568834, -119.0122332
48.8686866, -119.011891
48.8757756, -119.0118991
48.888984, -119.0160243
48.8963091, -119.0242326
48.90403509999999, -119.0201218
48.9131826, -119.0254343
48.92071809999999, -119.0070046
48.9554136, -119.009285
46.2130986, -119.0078359
46.22038089999999, -119.0049823
46.2332583, -119.0135972
46.2561461, -119.0066856
46.2583128, -119.0066331
46.2668541, -119.0112892
46.2762141, -119.0110047
46.2854011, -119.006424
46.2942256, -119.0097193
46.30310069999999, -119.0092712
46.336258, -119.003821
46.3390753, -119.0064248
46.3488961, -119.0038944
46.3571541, -119.0092264
46.3653626, -119.0064143
46.3750714, -119.0088795
46.3840669, -119.0089532
46.39308390000001, -119.0089644
46.40212529999999, -119.0088965
46.4111033, -119.0088514
46.4200797, -119.0088082
46.42907899999999, -119.0087488
46.4380687, -119.0087169
46.4448763, -119.0089298
46.4602273, -119.0037683
46.4654236, -119.0122769
46.4743587, -119.0111749
46.4826908, -119.0106231
46.4910414, -119.0132327
46.5015657, -119.0147358
46.5112621, -119.0122505
46.5180297, -119.0122374
46.530895, -119.0064109
46.5371, -119.007132
46.5461055, -119.0064979
46.5550167, -119.0051363
46.5664537, -119.0002468
46.5732343, -119.0060312
46.582035, -119.006093
46.5910532, -119.0065514
46.6000788, -119.0062982
46.60907820000001, -119.0062124
46.61807839999999, -119.0061825
46.62708, -119.0062383
46.6360793, -119.0063295
46.6450791, -119.0063858
46.65407889999999, -119.0064051
46.6630783, -119.0062985
46.6720775, -119.006185
46.6810771, -119.0060662
46.6900766, -119.0059639
46.6990737, -119.0058741
46.7074311, -119.0064356
46.7219399, -119.0062599
46.7268744, -119.0055932
46.7350795, -119.0060347
46.7440731, -119.0058719
46.75135239999999, -119.0052208
