48.697079, -120.41821249
48.706079, -120.41821249
48.715079, -120.41821249
48.724079, -120.41821249
48.733079, -120.41821249
48.742079, -120.41821249
48.751079, -120.41821249
48.760079, -120.41821249
48.769079, -120.41821249
48.778079, -120.41821249
48.787079, -120.41821249
48.796079, -120.41821249
48.805079, -120.41821249
48.814079, -120.41821249
48.823079, -120.41821249
48.832079, -120.41821249
48.841079, -120.41821249
48.850079, -120.41821249
48.859079, -120.41821249
48.868079, -120.41821249
48.877079, -120.41821249
48.886079, -120.41821249
48.895079, -120.41821249
48.904079, -120.41821249
48.913079, -120.41821249
48.922079, -120.41821249
48.931079, -120.41821249
48.940079, -120.41821249
48.949079, -120.41821249
46.213079, -120.404505732
46.222079, -120.404505732
46.231079, -120.404505732
46.240079, -120.404505732
46.249079, -120.404505732
46.258079, -120.404505732
46.267079, -120.404505732
46.276079, -120.404505732
46.285079, -120.404505732
46.294079, -120.404505732
46.303079, -120.404505732
46.312079, -120.404505732
46.321079, -120.404505732
46.330079, -120.404505732
46.339079, -120.404505732
46.348079, -120.404505732
46.357079, -120.404505732
46.366079, -120.404505732
46.375079, -120.404505732
46.384079, -120.404505732
46.393079, -120.404505732
46.402079, -120.404505732
46.411079, -120.404505732
46.420079, -120.404505732
46.429079, -120.404505732
46.438079, -120.404505732
46.447079, -120.404505732
46.456079, -120.404505732
46.465079, -120.404505732
46.474079, -120.404505732
46.483079, -120.404505732
46.492079, -120.404505732
46.501079, -120.404505732
46.510079, -120.404505732
46.519079, -120.404505732
46.528079, -120.404505732
46.537079, -120.404505732
46.546079, -120.404505732
46.555079, -120.404505732
46.564079, -120.404505732
46.573079, -120.404505732
46.582079, -120.404505732
46.591079, -120.404505732
46.600079, -120.404505732
46.609079, -120.404505732
46.618079, -120.404505732
46.627079, -120.404505732
46.636079, -120.404505732
46.645079, -120.404505732
46.654079, -120.404505732
46.663079, -120.404505732
46.672079, -120.404505732
46.681079, -120.404505732
46.690079, -120.404505732
46.699079, -120.404505732
46.708079, -120.404505732
46.717079, -120.404505732
46.726079, -120.404505732
46.735079, -120.404505732
46.744079, -120.404505732
46.753079, -120.404505732
46.762079, -120.404505732
46.771079, -120.404505732
46.780079, -120.404505732
46.789079, -120.404505732
46.798079, -120.404505732
46.807079, -120.404505732
46.816079, -120.404505732
46.825079, -120.404505732
46.834079, -120.404505732
46.843079, -120.404505732
46.852079, -120.404505732
46.861079, -120.404505732
46.870079, -120.404505732
46.879079, -120.404505732
46.888079, -120.404505732
46.897079, -120.404505732
46.906079, -120.404505732
46.915079, -120.404505732
46.924079, -120.404505732
46.933079, -120.404505732
46.942079, -120.404505732
46.951079, -120.404505732
46.960079, -120.404505732
46.969079, -120.404505732
46.978079, -120.404505732
46.987079, -120.404505732
46.996079, -120.404505732
47.005079, -120.404505732
47.014079, -120.404505732
47.023079, -120.404505732
47.032079, -120.404505732
47.041079, -120.404505732
47.050079, -120.404505732
47.059079, -120.404505732
47.068079, -120.404505732
47.077079, -120.404505732
47.086079, -120.404505732
47.095079, -120.404505732
47.104079, -120.404505732
47.113079, -120.404505732
47.122079, -120.404505732
47.131079, -120.404505732
47.140079, -120.404505732
47.149079, -120.404505732
47.158079, -120.404505732
47.167079, -120.404505732
47.176079, -120.404505732
47.185079, -120.404505732
47.194079, -120.404505732
47.203079, -120.404505732
47.212079, -120.404505732
47.221079, -120.404505732
47.230079, -120.404505732
47.239079, -120.404505732
47.248079, -120.404505732
47.257079, -120.404505732
47.266079, -120.404505732
47.275079, -120.404505732
47.284079, -120.404505732
47.293079, -120.404505732
47.302079, -120.404505732
47.311079, -120.404505732
47.320079, -120.404505732
47.329079, -120.404505732
47.338079, -120.404505732
47.347079, -120.404505732
47.356079, -120.404505732
47.365079, -120.404505732
47.374079, -120.404505732
47.383079, -120.404505732
47.392079, -120.404505732
47.401079, -120.404505732
47.410079, -120.404505732
47.419079, -120.404505732
47.428079, -120.404505732
47.437079, -120.404505732
47.446079, -120.404505732
47.455079, -120.404505732
47.464079, -120.404505732
47.473079, -120.404505732
47.482079, -120.404505732
47.491079, -120.404505732
47.500079, -120.404505732
47.509079, -120.404505732
47.518079, -120.404505732
47.527079, -120.404505732
47.536079, -120.404505732
47.545079, -120.404505732
47.554079, -120.404505732
47.563079, -120.404505732
47.572079, -120.404505732
47.581079, -120.404505732
47.590079, -120.404505732
47.599079, -120.404505732
47.608079, -120.404505732
47.617079, -120.404505732
47.626079, -120.404505732
47.635079, -120.404505732
47.644079, -120.404505732
47.653079, -120.404505732
47.662079, -120.404505732
47.671079, -120.404505732
47.680079, -120.404505732
47.689079, -120.404505732
47.698079, -120.404505732
47.707079, -120.404505732
47.716079, -120.404505732
47.725079, -120.404505732
47.734079, -120.404505732
47.743079, -120.404505732
47.752079, -120.404505732
47.761079, -120.404505732
47.770079, -120.404505732
47.779079, -120.404505732
47.788079, -120.404505732
47.797079, -120.404505732
47.806079, -120.404505732
47.815079, -120.404505732
47.824079, -120.404505732
47.833079, -120.404505732
47.842079, -120.404505732
47.851079, -120.404505732
47.860079, -120.404505732
47.869079, -120.404505732
47.878079, -120.404505732
47.887079, -120.404505732
47.896079, -120.404505732
47.905079, -120.404505732
47.914079, -120.404505732
47.923079, -120.404505732
47.932079, -120.404505732
47.941079, -120.404505732
47.950079, -120.404505732
47.959079, -120.404505732
47.968079, -120.404505732
47.977079, -120.404505732
47.986079, -120.404505732
47.995079, -120.404505732
48.004079, -120.404505732
48.013079, -120.404505732
48.022079, -120.404505732
48.031079, -120.404505732
48.040079, -120.404505732
48.049079, -120.404505732
48.058079, -120.404505732
48.067079, -120.404505732
48.076079, -120.404505732
48.085079, -120.404505732
48.094079, -120.404505732
48.103079, -120.404505732
48.112079, -120.404505732
48.121079, -120.404505732
48.130079, -120.404505732
48.139079, -120.404505732
48.148079, -120.404505732
48.157079, -120.404505732
48.166079, -120.404505732
48.175079, -120.404505732
48.184079, -120.404505732
48.193079, -120.404505732
48.202079, -120.404505732
48.211079, -120.404505732
48.220079, -120.404505732
48.229079, -120.404505732
48.238079, -120.404505732
48.247079, -120.404505732
48.256079, -120.404505732
48.265079, -120.404505732
48.274079, -120.404505732
48.283079, -120.404505732
48.292079, -120.404505732
48.301079, -120.404505732
48.310079, -120.404505732
48.319079, -120.404505732
48.328079, -120.404505732
48.337079, -120.404505732
48.346079, -120.404505732
48.355079, -120.404505732
48.364079, -120.404505732
48.373079, -120.404505732
48.382079, -120.404505732
48.391079, -120.404505732
48.400079, -120.404505732
48.409079, -120.404505732
48.418079, -120.404505732
48.427079, -120.404505732
48.436079, -120.404505732
48.445079, -120.404505732
48.454079, -120.404505732
48.463079, -120.404505732
48.472079, -120.404505732
48.481079, -120.404505732
48.490079, -120.404505732
48.499079, -120.404505732
48.508079, -120.404505732
48.517079, -120.404505732
48.526079, -120.404505732
48.535079, -120.404505732
48.544079, -120.404505732
48.553079, -120.404505732
48.562079, -120.404505732
48.571079, -120.404505732
48.580079, -120.404505732
48.589079, -120.404505732
48.598079, -120.404505732
48.607079, -120.404505732
48.616079, -120.404505732
48.625079, -120.404505732
48.634079, -120.404505732
48.643079, -120.404505732
48.652079, -120.404505732
48.661079, -120.404505732
48.670079, -120.404505732
48.679079, -120.404505732
48.688079, -120.404505732
48.697079, -120.404505732
48.706079, -120.404505732
48.715079, -120.404505732
48.724079, -120.404505732
48.733079, -120.404505732
48.742079, -120.404505732
48.751079, -120.404505732
48.760079, -120.404505732
48.769079, -120.404505732
48.778079, -120.404505732
48.787079, -120.404505732
48.796079, -120.404505732
48.805079, -120.404505732
48.814079, -120.404505732
48.823079, -120.404505732
48.832079, -120.404505732
48.841079, -120.404505732
48.850079, -120.404505732
48.859079, -120.404505732
48.868079, -120.404505732
48.877079, -120.404505732
48.886079, -120.404505732
48.895079, -120.404505732
48.904079, -120.404505732
48.913079, -120.404505732
48.922079, -120.404505732
48.931079, -120.404505732
48.940079, -120.404505732
48.949079, -120.404505732
46.213079, -120.390798973
46.222079, -120.390798973
46.231079, -120.390798973
46.240079, -120.390798973
46.249079, -120.390798973
46.258079, -120.390798973
46.267079, -120.390798973
46.276079, -120.390798973
46.285079, -120.390798973
46.294079, -120.390798973
46.303079, -120.390798973
46.312079, -120.390798973
46.321079, -120.390798973
46.330079, -120.390798973
46.339079, -120.390798973
46.348079, -120.390798973
46.357079, -120.390798973
46.366079, -120.390798973
46.375079, -120.390798973
46.384079, -120.390798973
46.393079, -120.390798973
46.402079, -120.390798973
46.411079, -120.390798973
46.420079, -120.390798973
46.429079, -120.390798973
46.438079, -120.390798973
46.447079, -120.390798973
46.456079, -120.390798973
46.465079, -120.390798973
46.474079, -120.390798973
46.483079, -120.390798973
46.492079, -120.390798973
46.501079, -120.390798973
46.510079, -120.390798973
46.519079, -120.390798973
46.528079, -120.390798973
46.537079, -120.390798973
46.546079, -120.390798973
46.555079, -120.390798973
46.564079, -120.390798973
46.573079, -120.390798973
46.582079, -120.390798973
46.591079, -120.390798973
46.600079, -120.390798973
46.609079, -120.390798973
46.618079, -120.390798973
46.627079, -120.390798973
46.636079, -120.390798973
46.645079, -120.390798973
46.654079, -120.390798973
46.663079, -120.390798973
46.672079, -120.390798973
46.681079, -120.390798973
46.690079, -120.390798973
46.699079, -120.390798973
46.708079, -120.390798973
46.717079, -120.390798973
46.726079, -120.390798973
46.735079, -120.390798973
46.744079, -120.390798973
46.753079, -120.390798973
46.762079, -120.390798973
46.771079, -120.390798973
46.780079, -120.390798973
46.789079, -120.390798973
46.798079, -120.390798973
46.807079, -120.390798973
46.816079, -120.390798973
46.825079, -120.390798973
46.834079, -120.390798973
46.843079, -120.390798973
46.852079, -120.390798973
46.861079, -120.390798973
46.870079, -120.390798973
46.879079, -120.390798973
46.888079, -120.390798973
46.897079, -120.390798973
46.906079, -120.390798973
46.915079, -120.390798973
46.924079, -120.390798973
46.933079, -120.390798973
46.942079, -120.390798973
46.951079, -120.390798973
46.960079, -120.390798973
46.969079, -120.390798973
46.978079, -120.390798973
46.987079, -120.390798973
46.996079, -120.390798973
47.005079, -120.390798973
47.014079, -120.390798973
47.023079, -120.390798973
47.032079, -120.390798973
47.041079, -120.390798973
47.050079, -120.390798973
47.059079, -120.390798973
47.068079, -120.390798973
47.077079, -120.390798973
47.086079, -120.390798973
47.095079, -120.390798973
47.104079, -120.390798973
47.113079, -120.390798973
47.122079, -120.390798973
47.131079, -120.390798973
47.140079, -120.390798973
47.149079, -120.390798973
47.158079, -120.390798973
47.167079, -120.390798973
47.176079, -120.390798973
47.185079, -120.390798973
47.194079, -120.390798973
47.203079, -120.390798973
47.212079, -120.390798973
47.221079, -120.390798973
47.230079, -120.390798973
47.239079, -120.390798973
47.248079, -120.390798973
47.257079, -120.390798973
47.266079, -120.390798973
47.275079, -120.390798973
47.284079, -120.390798973
47.293079, -120.390798973
47.302079, -120.390798973
47.311079, -120.390798973
47.320079, -120.390798973
47.329079, -120.390798973
47.338079, -120.390798973
47.347079, -120.390798973
47.356079, -120.390798973
47.365079, -120.390798973
47.374079, -120.390798973
47.383079, -120.390798973
47.392079, -120.390798973
47.401079, -120.390798973
47.410079, -120.390798973
47.419079, -120.390798973
47.428079, -120.390798973
47.437079, -120.390798973
47.446079, -120.390798973
47.455079, -120.390798973
47.464079, -120.390798973
47.473079, -120.390798973
47.482079, -120.390798973
47.491079, -120.390798973
47.500079, -120.390798973
47.509079, -120.390798973
47.518079, -120.390798973
47.527079, -120.390798973
47.536079, -120.390798973
47.545079, -120.390798973
47.554079, -120.390798973
47.563079, -120.390798973
47.572079, -120.390798973
47.581079, -120.390798973
47.590079, -120.390798973
47.599079, -120.390798973
47.608079, -120.390798973
47.617079, -120.390798973
47.626079, -120.390798973
47.635079, -120.390798973
47.644079, -120.390798973
47.653079, -120.390798973
47.662079, -120.390798973
47.671079, -120.390798973
47.680079, -120.390798973
47.689079, -120.390798973
47.698079, -120.390798973
47.707079, -120.390798973
47.716079, -120.390798973
47.725079, -120.390798973
47.734079, -120.390798973
47.743079, -120.390798973
47.752079, -120.390798973
47.761079, -120.390798973
47.770079, -120.390798973
47.779079, -120.390798973
47.788079, -120.390798973
47.797079, -120.390798973
47.806079, -120.390798973
47.815079, -120.390798973
47.824079, -120.390798973
47.833079, -120.390798973
47.842079, -120.390798973
47.851079, -120.390798973
47.860079, -120.390798973
47.869079, -120.390798973
47.878079, -120.390798973
47.887079, -120.390798973
47.896079, -120.390798973
47.905079, -120.390798973
47.914079, -120.390798973
47.923079, -120.390798973
47.932079, -120.390798973
47.941079, -120.390798973
47.950079, -120.390798973
47.959079, -120.390798973
47.968079, -120.390798973
47.977079, -120.390798973
47.986079, -120.390798973
47.995079, -120.390798973
48.004079, -120.390798973
48.013079, -120.390798973
48.022079, -120.390798973
48.031079, -120.390798973
48.040079, -120.390798973
48.049079, -120.390798973
48.058079, -120.390798973
48.067079, -120.390798973
48.076079, -120.390798973
48.085079, -120.390798973
48.094079, -120.390798973
48.103079, -120.390798973
48.112079, -120.390798973
48.121079, -120.390798973
48.130079, -120.390798973
48.139079, -120.390798973
48.148079, -120.390798973
48.157079, -120.390798973
48.166079, -120.390798973
48.175079, -120.390798973
48.184079, -120.390798973
48.193079, -120.390798973
48.202079, -120.390798973
48.211079, -120.390798973
48.220079, -120.390798973
48.229079, -120.390798973
48.238079, -120.390798973
48.247079, -120.390798973
48.256079, -120.390798973
48.265079, -120.390798973
48.274079, -120.390798973
48.283079, -120.390798973
48.292079, -120.390798973
48.301079, -120.390798973
48.310079, -120.390798973
48.319079, -120.390798973
48.328079, -120.390798973
48.337079, -120.390798973
48.346079, -120.390798973
48.355079, -120.390798973
48.364079, -120.390798973
48.373079, -120.390798973
48.382079, -120.390798973
48.391079, -120.390798973
48.400079, -120.390798973
48.409079, -120.390798973
48.418079, -120.390798973
48.427079, -120.390798973
48.436079, -120.390798973
48.445079, -120.390798973
48.454079, -120.390798973
48.463079, -120.390798973
48.472079, -120.390798973
48.481079, -120.390798973
48.490079, -120.390798973
48.499079, -120.390798973
48.508079, -120.390798973
48.517079, -120.390798973
48.526079, -120.390798973
48.535079, -120.390798973
48.544079, -120.390798973
48.553079, -120.390798973
48.562079, -120.390798973
48.571079, -120.390798973
48.580079, -120.390798973
48.589079, -120.390798973
48.598079, -120.390798973
48.607079, -120.390798973
48.616079, -120.390798973
48.625079, -120.390798973
48.634079, -120.390798973
48.643079, -120.390798973
48.652079, -120.390798973
48.661079, -120.390798973
48.670079, -120.390798973
48.679079, -120.390798973
48.688079, -120.390798973
48.697079, -120.390798973
48.706079, -120.390798973
48.715079, -120.390798973
48.724079, -120.390798973
48.733079, -120.390798973
48.742079, -120.390798973
48.751079, -120.390798973
48.760079, -120.390798973
48.769079, -120.390798973
48.778079, -120.390798973
48.787079, -120.390798973
48.796079, -120.390798973
48.805079, -120.390798973
48.814079, -120.390798973
48.823079, -120.390798973
48.832079, -120.390798973
48.841079, -120.390798973
48.850079, -120.390798973
48.859079, -120.390798973
48.868079, -120.390798973
48.877079, -120.390798973
48.886079, -120.390798973
48.895079, -120.390798973
48.904079, -120.390798973
48.913079, -120.390798973
48.922079, -120.390798973
48.931079, -120.390798973
48.940079, -120.390798973
48.949079, -120.390798973
46.213079, -120.377092215
46.222079, -120.377092215
46.231079, -120.377092215
46.240079, -120.377092215
46.249079, -120.377092215
46.258079, -120.377092215
46.267079, -120.377092215
46.276079, -120.377092215
46.285079, -120.377092215
46.294079, -120.377092215
46.303079, -120.377092215
46.312079, -120.377092215
46.321079, -120.377092215
46.330079, -120.377092215
46.339079, -120.377092215
46.348079, -120.377092215
46.357079, -120.377092215
46.366079, -120.377092215
46.375079, -120.377092215
46.384079, -120.377092215
46.393079, -120.377092215
46.402079, -120.377092215
46.411079, -120.377092215
46.420079, -120.377092215
46.429079, -120.377092215
46.438079, -120.377092215
46.447079, -120.377092215
46.456079, -120.377092215
46.465079, -120.377092215
46.474079, -120.377092215
46.483079, -120.377092215
46.492079, -120.377092215
46.501079, -120.377092215
46.510079, -120.377092215
46.519079, -120.377092215
46.528079, -120.377092215
46.537079, -120.377092215
46.546079, -120.377092215
46.555079, -120.377092215
46.564079, -120.377092215
46.573079, -120.377092215
46.582079, -120.377092215
46.591079, -120.377092215
46.600079, -120.377092215
46.609079, -120.377092215
46.618079, -120.377092215
46.627079, -120.377092215
46.636079, -120.377092215
46.645079, -120.377092215
46.654079, -120.377092215
46.663079, -120.377092215
46.672079, -120.377092215
46.681079, -120.377092215
46.690079, -120.377092215
46.699079, -120.377092215
46.708079, -120.377092215
46.717079, -120.377092215
46.726079, -120.377092215
46.735079, -120.377092215
46.744079, -120.377092215
46.753079, -120.377092215
46.762079, -120.377092215
46.771079, -120.377092215
46.780079, -120.377092215
46.789079, -120.377092215
46.798079, -120.377092215
46.807079, -120.377092215
46.816079, -120.377092215
46.825079, -120.377092215
46.834079, -120.377092215
46.843079, -120.377092215
46.852079, -120.377092215
46.861079, -120.377092215
46.870079, -120.377092215
46.879079, -120.377092215
46.888079, -120.377092215
46.897079, -120.377092215
46.906079, -120.377092215
46.915079, -120.377092215
46.924079, -120.377092215
46.933079, -120.377092215
46.942079, -120.377092215
46.951079, -120.377092215
46.960079, -120.377092215
46.969079, -120.377092215
46.978079, -120.377092215
46.987079, -120.377092215
46.996079, -120.377092215
47.005079, -120.377092215
47.014079, -120.377092215
47.023079, -120.377092215
47.032079, -120.377092215
47.041079, -120.377092215
47.050079, -120.377092215
47.059079, -120.377092215
47.068079, -120.377092215
47.077079, -120.377092215
47.086079, -120.377092215
47.095079, -120.377092215
47.104079, -120.377092215
47.113079, -120.377092215
47.122079, -120.377092215
47.131079, -120.377092215
47.140079, -120.377092215
47.149079, -120.377092215
47.158079, -120.377092215
47.167079, -120.377092215
47.176079, -120.377092215
47.185079, -120.377092215
47.194079, -120.377092215
47.203079, -120.377092215
47.212079, -120.377092215
47.221079, -120.377092215
47.230079, -120.377092215
47.239079, -120.377092215
47.248079, -120.377092215
47.257079, -120.377092215
47.266079, -120.377092215
47.275079, -120.377092215
47.284079, -120.377092215
47.293079, -120.377092215
47.302079, -120.377092215
47.311079, -120.377092215
47.320079, -120.377092215
47.329079, -120.377092215
47.338079, -120.377092215
47.347079, -120.377092215
47.356079, -120.377092215
47.365079, -120.377092215
47.374079, -120.377092215
47.383079, -120.377092215
47.392079, -120.377092215
47.401079, -120.377092215
47.410079, -120.377092215
47.419079, -120.377092215
47.428079, -120.377092215
47.437079, -120.377092215
47.446079, -120.377092215
47.455079, -120.377092215
47.464079, -120.377092215
47.473079, -120.377092215
47.482079, -120.377092215
47.491079, -120.377092215
47.500079, -120.377092215
47.509079, -120.377092215
47.518079, -120.377092215
47.527079, -120.377092215
47.536079, -120.377092215
47.545079, -120.377092215
47.554079, -120.377092215
47.563079, -120.377092215
47.572079, -120.377092215
47.581079, -120.377092215
47.590079, -120.377092215
47.599079, -120.377092215
47.608079, -120.377092215
47.617079, -120.377092215
47.626079, -120.377092215
47.635079, -120.377092215
47.644079, -120.377092215
47.653079, -120.377092215
47.662079, -120.377092215
47.671079, -120.377092215
47.680079, -120.377092215
47.689079, -120.377092215
47.698079, -120.377092215
47.707079, -120.377092215
47.716079, -120.377092215
47.725079, -120.377092215
47.734079, -120.377092215
47.743079, -120.377092215
47.752079, -120.377092215
47.761079, -120.377092215
47.770079, -120.377092215
47.779079, -120.377092215
47.788079, -120.377092215
47.797079, -120.377092215
47.806079, -120.377092215
47.815079, -120.377092215
47.824079, -120.377092215
47.833079, -120.377092215
47.842079, -120.377092215
47.851079, -120.377092215
47.860079, -120.377092215
47.869079, -120.377092215
47.878079, -120.377092215
47.887079, -120.377092215
47.896079, -120.377092215
47.905079, -120.377092215
47.914079, -120.377092215
47.923079, -120.377092215
47.932079, -120.377092215
47.941079, -120.377092215
47.950079, -120.377092215
47.959079, -120.377092215
47.968079, -120.377092215
47.977079, -120.377092215
47.986079, -120.377092215
47.995079, -120.377092215
48.004079, -120.377092215
48.013079, -120.377092215
48.022079, -120.377092215
48.031079, -120.377092215
48.040079, -120.377092215
48.049079, -120.377092215
48.058079, -120.377092215
48.067079, -120.377092215
48.076079, -120.377092215
48.085079, -120.377092215
48.094079, -120.377092215
48.103079, -120.377092215
48.112079, -120.377092215
48.121079, -120.377092215
48.130079, -120.377092215
48.139079, -120.377092215
48.148079, -120.377092215
48.157079, -120.377092215
48.166079, -120.377092215
48.175079, -120.377092215
48.184079, -120.377092215
48.193079, -120.377092215
48.202079, -120.377092215
48.211079, -120.377092215
48.220079, -120.377092215
48.229079, -120.377092215
48.238079, -120.377092215
48.247079, -120.377092215
48.256079, -120.377092215
48.265079, -120.377092215
48.274079, -120.377092215
48.283079, -120.377092215
48.292079, -120.377092215
48.301079, -120.377092215
48.310079, -120.377092215
48.319079, -120.377092215
48.328079, -120.377092215
48.337079, -120.377092215
48.346079, -120.377092215
48.355079, -120.377092215
48.364079, -120.377092215
48.373079, -120.377092215
48.382079, -120.377092215
48.391079, -120.377092215
48.400079, -120.377092215
48.409079, -120.377092215
48.418079, -120.377092215
48.427079, -120.377092215
48.436079, -120.377092215
48.445079, -120.377092215
48.454079, -120.377092215
48.463079, -120.377092215
48.472079, -120.377092215
48.481079, -120.377092215
48.490079, -120.377092215
48.499079, -120.377092215
48.508079, -120.377092215
48.517079, -120.377092215
48.526079, -120.377092215
48.535079, -120.377092215
48.544079, -120.377092215
48.553079, -120.377092215
48.562079, -120.377092215
48.571079, -120.377092215
48.580079, -120.377092215
48.589079, -120.377092215
48.598079, -120.377092215
48.607079, -120.377092215
48.616079, -120.377092215
48.625079, -120.377092215
48.634079, -120.377092215
48.643079, -120.377092215
48.652079, -120.377092215
48.661079, -120.377092215
48.670079, -120.377092215
48.679079, -120.377092215
48.688079, -120.377092215
48.697079, -120.377092215
48.706079, -120.377092215
48.715079, -120.377092215
48.724079, -120.377092215
48.733079, -120.377092215
48.742079, -120.377092215
48.751079, -120.377092215
48.760079, -120.377092215
48.769079, -120.377092215
48.778079, -120.377092215
48.787079, -120.377092215
48.796079, -120.377092215
48.805079, -120.377092215
48.814079, -120.377092215
48.823079, -120.377092215
48.832079, -120.377092215
48.841079, -120.377092215
48.850079, -120.377092215
48.859079, -120.377092215
48.868079, -120.377092215
48.877079, -120.377092215
48.886079, -120.377092215
48.895079, -120.377092215
48.904079, -120.377092215
48.913079, -120.377092215
48.922079, -120.377092215
48.931079, -120.377092215
48.940079, -120.377092215
48.949079, -120.377092215
46.213079, -120.363385456
46.222079, -120.363385456
46.231079, -120.363385456
46.240079, -120.363385456
46.249079, -120.363385456
46.258079, -120.363385456
46.267079, -120.363385456
46.276079, -120.363385456
46.285079, -120.363385456
46.294079, -120.363385456
46.303079, -120.363385456
46.312079, -120.363385456
46.321079, -120.363385456
46.330079, -120.363385456
46.339079, -120.363385456
46.348079, -120.363385456
46.357079, -120.363385456
46.366079, -120.363385456
46.375079, -120.363385456
46.384079, -120.363385456
46.393079, -120.363385456
46.402079, -120.363385456
46.411079, -120.363385456
46.420079, -120.363385456
46.429079, -120.363385456
46.438079, -120.363385456
46.447079, -120.363385456
46.456079, -120.363385456
46.465079, -120.363385456
46.474079, -120.363385456
46.483079, -120.363385456
46.492079, -120.363385456
46.501079, -120.363385456
46.510079, -120.363385456
46.519079, -120.363385456
46.528079, -120.363385456
46.537079, -120.363385456
46.546079, -120.363385456
46.555079, -120.363385456
46.564079, -120.363385456
46.573079, -120.363385456
46.582079, -120.363385456
46.591079, -120.363385456
46.600079, -120.363385456
46.609079, -120.363385456
46.618079, -120.363385456
46.627079, -120.363385456
46.636079, -120.363385456
46.645079, -120.363385456
46.654079, -120.363385456
46.663079, -120.363385456
46.672079, -120.363385456
46.681079, -120.363385456
46.690079, -120.363385456
46.699079, -120.363385456
46.708079, -120.363385456
46.717079, -120.363385456
46.726079, -120.363385456
46.735079, -120.363385456
46.744079, -120.363385456
46.753079, -120.363385456
46.762079, -120.363385456
46.771079, -120.363385456
46.780079, -120.363385456
46.789079, -120.363385456
46.798079, -120.363385456
46.807079, -120.363385456
46.816079, -120.363385456
46.825079, -120.363385456
46.834079, -120.363385456
46.843079, -120.363385456
46.852079, -120.363385456
46.861079, -120.363385456
46.870079, -120.363385456
46.879079, -120.363385456
46.888079, -120.363385456
46.897079, -120.363385456
46.906079, -120.363385456
46.915079, -120.363385456
46.924079, -120.363385456
46.933079, -120.363385456
46.942079, -120.363385456
46.951079, -120.363385456
46.960079, -120.363385456
46.969079, -120.363385456
46.978079, -120.363385456
46.987079, -120.363385456
46.996079, -120.363385456
47.005079, -120.363385456
47.014079, -120.363385456
47.023079, -120.363385456
47.032079, -120.363385456
47.041079, -120.363385456
47.050079, -120.363385456
47.059079, -120.363385456
47.068079, -120.363385456
47.077079, -120.363385456
47.086079, -120.363385456
47.095079, -120.363385456
47.104079, -120.363385456
47.113079, -120.363385456
47.122079, -120.363385456
47.131079, -120.363385456
47.140079, -120.363385456
47.149079, -120.363385456
47.158079, -120.363385456
47.167079, -120.363385456
47.176079, -120.363385456
47.185079, -120.363385456
47.194079, -120.363385456
47.203079, -120.363385456
47.212079, -120.363385456
47.221079, -120.363385456
47.230079, -120.363385456
47.239079, -120.363385456
47.248079, -120.363385456
47.257079, -120.363385456
47.266079, -120.363385456
47.275079, -120.363385456
47.284079, -120.363385456
47.293079, -120.363385456
47.302079, -120.363385456
47.311079, -120.363385456
47.320079, -120.363385456
47.329079, -120.363385456
47.338079, -120.363385456
47.347079, -120.363385456
47.356079, -120.363385456
47.365079, -120.363385456
47.374079, -120.363385456
47.383079, -120.363385456
47.392079, -120.363385456
47.401079, -120.363385456
47.410079, -120.363385456
47.419079, -120.363385456
47.428079, -120.363385456
47.437079, -120.363385456
47.446079, -120.363385456
47.455079, -120.363385456
47.464079, -120.363385456
47.473079, -120.363385456
47.482079, -120.363385456
47.491079, -120.363385456
47.500079, -120.363385456
47.509079, -120.363385456
47.518079, -120.363385456
47.527079, -120.363385456
47.536079, -120.363385456
47.545079, -120.363385456
47.554079, -120.363385456
47.563079, -120.363385456
47.572079, -120.363385456
47.581079, -120.363385456
47.590079, -120.363385456
47.599079, -120.363385456
47.608079, -120.363385456
47.617079, -120.363385456
47.626079, -120.363385456
47.635079, -120.363385456
47.644079, -120.363385456
47.653079, -120.363385456
47.662079, -120.363385456
47.671079, -120.363385456
47.680079, -120.363385456
47.689079, -120.363385456
47.698079, -120.363385456
47.707079, -120.363385456
47.716079, -120.363385456
47.725079, -120.363385456
47.734079, -120.363385456
47.743079, -120.363385456
47.752079, -120.363385456
47.761079, -120.363385456
47.770079, -120.363385456
47.779079, -120.363385456
47.788079, -120.363385456
47.797079, -120.363385456
47.806079, -120.363385456
47.815079, -120.363385456
47.824079, -120.363385456
47.833079, -120.363385456
47.842079, -120.363385456
47.851079, -120.363385456
47.860079, -120.363385456
47.869079, -120.363385456
47.878079, -120.363385456
47.887079, -120.363385456
47.896079, -120.363385456
47.905079, -120.363385456
47.914079, -120.363385456
47.923079, -120.363385456
47.932079, -120.363385456
47.941079, -120.363385456
47.950079, -120.363385456
47.959079, -120.363385456
47.968079, -120.363385456
47.977079, -120.363385456
47.986079, -120.363385456
47.995079, -120.363385456
48.004079, -120.363385456
48.013079, -120.363385456
48.022079, -120.363385456
48.031079, -120.363385456
48.040079, -120.363385456
48.049079, -120.363385456
48.058079, -120.363385456
48.067079, -120.363385456
48.076079, -120.363385456
48.085079, -120.363385456
48.094079, -120.363385456
48.103079, -120.363385456
48.112079, -120.363385456
48.121079, -120.363385456
48.130079, -120.363385456
48.139079, -120.363385456
48.148079, -120.363385456
48.157079, -120.363385456
48.166079, -120.363385456
48.175079, -120.363385456
48.184079, -120.363385456
48.193079, -120.363385456
48.202079, -120.363385456
48.211079, -120.363385456
48.220079, -120.363385456
48.229079, -120.363385456
48.238079, -120.363385456
48.247079, -120.363385456
48.256079, -120.363385456
48.265079, -120.363385456
48.274079, -120.363385456
48.283079, -120.363385456
48.292079, -120.363385456
48.301079, -120.363385456
48.310079, -120.363385456
48.319079, -120.363385456
48.328079, -120.363385456
48.337079, -120.363385456
48.346079, -120.363385456
48.355079, -120.363385456
48.364079, -120.363385456
48.373079, -120.363385456
48.382079, -120.363385456
48.391079, -120.363385456
48.400079, -120.363385456
48.409079, -120.363385456
48.418079, -120.363385456
48.427079, -120.363385456
48.436079, -120.363385456
48.445079, -120.363385456
48.454079, -120.363385456
48.463079, -120.363385456
48.472079, -120.363385456
48.481079, -120.363385456
48.490079, -120.363385456
48.499079, -120.363385456
48.508079, -120.363385456
48.517079, -120.363385456
48.526079, -120.363385456
48.535079, -120.363385456
48.544079, -120.363385456
48.553079, -120.363385456
48.562079, -120.363385456
48.571079, -120.363385456
48.580079, -120.363385456
48.589079, -120.363385456
48.598079, -120.363385456
48.607079, -120.363385456
48.616079, -120.363385456
48.625079, -120.363385456
48.634079, -120.363385456
48.643079, -120.363385456
48.652079, -120.363385456
48.661079, -120.363385456
48.670079, -120.363385456
48.679079, -120.363385456
48.688079, -120.363385456
48.697079, -120.363385456
48.706079, -120.363385456
48.715079, -120.363385456
48.724079, -120.363385456
48.733079, -120.363385456
48.742079, -120.363385456
48.751079, -120.363385456
48.760079, -120.363385456
48.769079, -120.363385456
48.778079, -120.363385456
48.787079, -120.363385456
48.796079, -120.363385456
48.805079, -120.363385456
48.814079, -120.363385456
48.823079, -120.363385456
48.832079, -120.363385456
48.841079, -120.363385456
48.850079, -120.363385456
48.859079, -120.363385456
48.868079, -120.363385456
48.877079, -120.363385456
48.886079, -120.363385456
48.895079, -120.363385456
48.904079, -120.363385456
48.913079, -120.363385456
48.922079, -120.363385456
48.931079, -120.363385456
48.940079, -120.363385456
48.949079, -120.363385456
46.213079, -120.349678698
46.222079, -120.349678698
46.231079, -120.349678698
46.240079, -120.349678698
46.249079, -120.349678698
46.258079, -120.349678698
46.267079, -120.349678698
46.276079, -120.349678698
46.285079, -120.349678698
46.294079, -120.349678698
46.303079, -120.349678698
46.312079, -120.349678698
46.321079, -120.349678698
46.330079, -120.349678698
46.339079, -120.349678698
46.348079, -120.349678698
46.357079, -120.349678698
46.366079, -120.349678698
46.375079, -120.349678698
46.384079, -120.349678698
46.393079, -120.349678698
46.402079, -120.349678698
46.411079, -120.349678698
46.420079, -120.349678698
46.429079, -120.349678698
46.438079, -120.349678698
46.447079, -120.349678698
46.456079, -120.349678698
46.465079, -120.349678698
46.474079, -120.349678698
46.483079, -120.349678698
46.492079, -120.349678698
46.501079, -120.349678698
46.510079, -120.349678698
46.519079, -120.349678698
46.528079, -120.349678698
46.537079, -120.349678698
46.546079, -120.349678698
46.555079, -120.349678698
46.564079, -120.349678698
46.573079, -120.349678698
46.582079, -120.349678698
46.591079, -120.349678698
46.600079, -120.349678698
46.609079, -120.349678698
46.618079, -120.349678698
46.627079, -120.349678698
46.636079, -120.349678698
46.645079, -120.349678698
46.654079, -120.349678698
46.663079, -120.349678698
46.672079, -120.349678698
46.681079, -120.349678698
46.690079, -120.349678698
46.699079, -120.349678698
46.708079, -120.349678698
46.717079, -120.349678698
46.726079, -120.349678698
46.735079, -120.349678698
46.744079, -120.349678698
46.753079, -120.349678698
46.762079, -120.349678698
46.771079, -120.349678698
46.780079, -120.349678698
46.789079, -120.349678698
46.798079, -120.349678698
46.807079, -120.349678698
46.816079, -120.349678698
46.825079, -120.349678698
46.834079, -120.349678698
46.843079, -120.349678698
46.852079, -120.349678698
46.861079, -120.349678698
46.870079, -120.349678698
46.879079, -120.349678698
46.888079, -120.349678698
46.897079, -120.349678698
46.906079, -120.349678698
46.915079, -120.349678698
46.924079, -120.349678698
46.933079, -120.349678698
46.942079, -120.349678698
46.951079, -120.349678698
46.960079, -120.349678698
46.969079, -120.349678698
46.978079, -120.349678698
46.987079, -120.349678698
46.996079, -120.349678698
47.005079, -120.349678698
47.014079, -120.349678698
47.023079, -120.349678698
47.032079, -120.349678698
47.041079, -120.349678698
47.050079, -120.349678698
47.059079, -120.349678698
47.068079, -120.349678698
47.077079, -120.349678698
47.086079, -120.349678698
47.095079, -120.349678698
47.104079, -120.349678698
47.113079, -120.349678698
47.122079, -120.349678698
47.131079, -120.349678698
47.140079, -120.349678698
47.149079, -120.349678698
47.158079, -120.349678698
47.167079, -120.349678698
47.176079, -120.349678698
47.185079, -120.349678698
47.194079, -120.349678698
47.203079, -120.349678698
47.212079, -120.349678698
47.221079, -120.349678698
47.230079, -120.349678698
47.239079, -120.349678698
47.248079, -120.349678698
47.257079, -120.349678698
47.266079, -120.349678698
47.275079, -120.349678698
47.284079, -120.349678698
47.293079, -120.349678698
47.302079, -120.349678698
47.311079, -120.349678698
47.320079, -120.349678698
47.329079, -120.349678698
47.338079, -120.349678698
47.347079, -120.349678698
47.356079, -120.349678698
47.365079, -120.349678698
47.374079, -120.349678698
47.383079, -120.349678698
47.392079, -120.349678698
47.401079, -120.349678698
47.410079, -120.349678698
47.419079, -120.349678698
47.428079, -120.349678698
47.437079, -120.349678698
47.446079, -120.349678698
47.455079, -120.349678698
47.464079, -120.349678698
47.473079, -120.349678698
47.482079, -120.349678698
47.491079, -120.349678698
47.500079, -120.349678698
47.509079, -120.349678698
47.518079, -120.349678698
47.527079, -120.349678698
47.536079, -120.349678698
47.545079, -120.349678698
47.554079, -120.349678698
47.563079, -120.349678698
47.572079, -120.349678698
47.581079, -120.349678698
47.590079, -120.349678698
47.599079, -120.349678698
47.608079, -120.349678698
47.617079, -120.349678698
47.626079, -120.349678698
47.635079, -120.349678698
47.644079, -120.349678698
47.653079, -120.349678698
47.662079, -120.349678698
47.671079, -120.349678698
47.680079, -120.349678698
47.689079, -120.349678698
47.698079, -120.349678698
47.707079, -120.349678698
47.716079, -120.349678698
47.725079, -120.349678698
47.734079, -120.349678698
47.743079, -120.349678698
47.752079, -120.349678698
47.761079, -120.349678698
47.770079, -120.349678698
47.779079, -120.349678698
47.788079, -120.349678698
47.797079, -120.349678698
47.806079, -120.349678698
47.815079, -120.349678698
47.824079, -120.349678698
47.833079, -120.349678698
47.842079, -120.349678698
47.851079, -120.349678698
47.860079, -120.349678698
47.869079, -120.349678698
47.878079, -120.349678698
47.887079, -120.349678698
47.896079, -120.349678698
47.905079, -120.349678698
47.914079, -120.349678698
47.923079, -120.349678698
47.932079, -120.349678698
47.941079, -120.349678698
47.950079, -120.349678698
47.959079, -120.349678698
47.968079, -120.349678698
47.977079, -120.349678698
47.986079, -120.349678698
47.995079, -120.349678698
48.004079, -120.349678698
48.013079, -120.349678698
48.022079, -120.349678698
48.031079, -120.349678698
48.040079, -120.349678698
48.049079, -120.349678698
48.058079, -120.349678698
48.067079, -120.349678698
48.076079, -120.349678698
48.085079, -120.349678698
48.094079, -120.349678698
48.103079, -120.349678698
48.112079, -120.349678698
48.121079, -120.349678698
48.130079, -120.349678698
48.139079, -120.349678698
48.148079, -120.349678698
48.157079, -120.349678698
48.166079, -120.349678698
48.175079, -120.349678698
48.184079, -120.349678698
48.193079, -120.349678698
48.202079, -120.349678698
48.211079, -120.349678698
48.220079, -120.349678698
48.229079, -120.349678698
48.238079, -120.349678698
48.247079, -120.349678698
48.256079, -120.349678698
48.265079, -120.349678698
48.274079, -120.349678698
48.283079, -120.349678698
48.292079, -120.349678698
48.301079, -120.349678698
48.310079, -120.349678698
48.319079, -120.349678698
48.328079, -120.349678698
48.337079, -120.349678698
48.346079, -120.349678698
48.355079, -120.349678698
48.364079, -120.349678698
48.373079, -120.349678698
48.382079, -120.349678698
48.391079, -120.349678698
48.400079, -120.349678698
48.409079, -120.349678698
48.418079, -120.349678698
48.427079, -120.349678698
48.436079, -120.349678698
48.445079, -120.349678698
48.454079, -120.349678698
48.463079, -120.349678698
48.472079, -120.349678698
48.481079, -120.349678698
48.490079, -120.349678698
48.499079, -120.349678698
48.508079, -120.349678698
48.517079, -120.349678698
48.526079, -120.349678698
48.535079, -120.349678698
48.544079, -120.349678698
48.553079, -120.349678698
48.562079, -120.349678698
48.571079, -120.349678698
48.580079, -120.349678698
48.589079, -120.349678698
48.598079, -120.349678698
48.607079, -120.349678698
48.616079, -120.349678698
48.625079, -120.349678698
48.634079, -120.349678698
48.643079, -120.349678698
48.652079, -120.349678698
48.661079, -120.349678698
48.670079, -120.349678698
48.679079, -120.349678698
48.688079, -120.349678698
48.697079, -120.349678698
48.706079, -120.349678698
48.715079, -120.349678698
48.724079, -120.349678698
48.733079, -120.349678698
48.742079, -120.349678698
48.751079, -120.349678698
48.760079, -120.349678698
48.769079, -120.349678698
48.778079, -120.349678698
48.787079, -120.349678698
48.796079, -120.349678698
48.805079, -120.349678698
48.814079, -120.349678698
48.823079, -120.349678698
48.832079, -120.349678698
48.841079, -120.349678698
48.850079, -120.349678698
48.859079, -120.349678698
48.868079, -120.349678698
48.877079, -120.349678698
48.886079, -120.349678698
48.895079, -120.349678698
48.904079, -120.349678698
48.913079, -120.349678698
48.922079, -120.349678698
48.931079, -120.349678698
48.940079, -120.349678698
48.949079, -120.349678698
46.213079, -120.335971939
46.222079, -120.335971939
46.231079, -120.335971939
46.240079, -120.335971939
46.249079, -120.335971939
46.258079, -120.335971939
46.267079, -120.335971939
46.276079, -120.335971939
46.285079, -120.335971939
46.294079, -120.335971939
46.303079, -120.335971939
46.312079, -120.335971939
46.321079, -120.335971939
46.330079, -120.335971939
46.339079, -120.335971939
46.348079, -120.335971939
46.357079, -120.335971939
46.366079, -120.335971939
46.375079, -120.335971939
46.384079, -120.335971939
46.393079, -120.335971939
46.402079, -120.335971939
46.411079, -120.335971939
46.420079, -120.335971939
46.429079, -120.335971939
46.438079, -120.335971939
46.447079, -120.335971939
46.456079, -120.335971939
46.465079, -120.335971939
46.474079, -120.335971939
46.483079, -120.335971939
46.492079, -120.335971939
46.501079, -120.335971939
46.510079, -120.335971939
46.519079, -120.335971939
46.528079, -120.335971939
46.537079, -120.335971939
46.546079, -120.335971939
46.555079, -120.335971939
46.564079, -120.335971939
46.573079, -120.335971939
46.582079, -120.335971939
46.591079, -120.335971939
46.600079, -120.335971939
46.609079, -120.335971939
46.618079, -120.335971939
46.627079, -120.335971939
46.636079, -120.335971939
46.645079, -120.335971939
46.654079, -120.335971939
46.663079, -120.335971939
46.672079, -120.335971939
46.681079, -120.335971939
46.690079, -120.335971939
46.699079, -120.335971939
46.708079, -120.335971939
46.717079, -120.335971939
46.726079, -120.335971939
46.735079, -120.335971939
46.744079, -120.335971939
46.753079, -120.335971939
46.762079, -120.335971939
46.771079, -120.335971939
46.780079, -120.335971939
46.789079, -120.335971939
46.798079, -120.335971939
46.807079, -120.335971939
46.816079, -120.335971939
46.825079, -120.335971939
46.834079, -120.335971939
46.843079, -120.335971939
46.852079, -120.335971939
46.861079, -120.335971939
46.870079, -120.335971939
46.879079, -120.335971939
46.888079, -120.335971939
46.897079, -120.335971939
46.906079, -120.335971939
46.915079, -120.335971939
46.924079, -120.335971939
46.933079, -120.335971939
46.942079, -120.335971939
46.951079, -120.335971939
46.960079, -120.335971939
46.969079, -120.335971939
46.978079, -120.335971939
46.987079, -120.335971939
46.996079, -120.335971939
47.005079, -120.335971939
47.014079, -120.335971939
47.023079, -120.335971939
47.032079, -120.335971939
47.041079, -120.335971939
47.050079, -120.335971939
47.059079, -120.335971939
47.068079, -120.335971939
47.077079, -120.335971939
47.086079, -120.335971939
47.095079, -120.335971939
47.104079, -120.335971939
47.113079, -120.335971939
47.122079, -120.335971939
47.131079, -120.335971939
47.140079, -120.335971939
47.149079, -120.335971939
47.158079, -120.335971939
47.167079, -120.335971939
47.176079, -120.335971939
47.185079, -120.335971939
47.194079, -120.335971939
47.203079, -120.335971939
47.212079, -120.335971939
47.221079, -120.335971939
47.230079, -120.335971939
47.239079, -120.335971939
47.248079, -120.335971939
47.257079, -120.335971939
47.266079, -120.335971939
47.275079, -120.335971939
47.284079, -120.335971939
47.293079, -120.335971939
47.302079, -120.335971939
47.311079, -120.335971939
47.320079, -120.335971939
47.329079, -120.335971939
47.338079, -120.335971939
47.347079, -120.335971939
47.356079, -120.335971939
47.365079, -120.335971939
47.374079, -120.335971939
47.383079, -120.335971939
47.392079, -120.335971939
47.401079, -120.335971939
47.410079, -120.335971939
47.419079, -120.335971939
47.428079, -120.335971939
47.437079, -120.335971939
47.446079, -120.335971939
47.455079, -120.335971939
47.464079, -120.335971939
47.473079, -120.335971939
47.482079, -120.335971939
47.491079, -120.335971939
47.500079, -120.335971939
47.509079, -120.335971939
47.518079, -120.335971939
47.527079, -120.335971939
47.536079, -120.335971939
47.545079, -120.335971939
47.554079, -120.335971939
47.563079, -120.335971939
47.572079, -120.335971939
47.581079, -120.335971939
47.590079, -120.335971939
47.599079, -120.335971939
47.608079, -120.335971939
47.617079, -120.335971939
47.626079, -120.335971939
47.635079, -120.335971939
47.644079, -120.335971939
47.653079, -120.335971939
47.662079, -120.335971939
47.671079, -120.335971939
47.680079, -120.335971939
47.689079, -120.335971939
47.698079, -120.335971939
47.707079, -120.335971939
47.716079, -120.335971939
47.725079, -120.335971939
47.734079, -120.335971939
47.743079, -120.335971939
47.752079, -120.335971939
47.761079, -120.335971939
47.770079, -120.335971939
47.779079, -120.335971939
47.788079, -120.335971939
47.797079, -120.335971939
47.806079, -120.335971939
47.815079, -120.335971939
47.824079, -120.335971939
47.833079, -120.335971939
47.842079, -120.335971939
47.851079, -120.335971939
47.860079, -120.335971939
47.869079, -120.335971939
47.878079, -120.335971939
47.887079, -120.335971939
47.896079, -120.335971939
47.905079, -120.335971939
47.914079, -120.335971939
47.923079, -120.335971939
47.932079, -120.335971939
47.941079, -120.335971939
47.950079, -120.335971939
47.959079, -120.335971939
47.968079, -120.335971939
47.977079, -120.335971939
47.986079, -120.335971939
47.995079, -120.335971939
48.004079, -120.335971939
48.013079, -120.335971939
48.022079, -120.335971939
48.031079, -120.335971939
48.040079, -120.335971939
48.049079, -120.335971939
48.058079, -120.335971939
48.067079, -120.335971939
48.076079, -120.335971939
48.085079, -120.335971939
48.094079, -120.335971939
48.103079, -120.335971939
48.112079, -120.335971939
48.121079, -120.335971939
48.130079, -120.335971939
48.139079, -120.335971939
48.148079, -120.335971939
48.157079, -120.335971939
48.166079, -120.335971939
48.175079, -120.335971939
48.184079, -120.335971939
48.193079, -120.335971939
48.202079, -120.335971939
48.211079, -120.335971939
48.220079, -120.335971939
48.229079, -120.335971939
48.238079, -120.335971939
48.247079, -120.335971939
48.256079, -120.335971939
48.265079, -120.335971939
48.274079, -120.335971939
48.283079, -120.335971939
48.292079, -120.335971939
48.301079, -120.335971939
48.310079, -120.335971939
48.319079, -120.335971939
48.328079, -120.335971939
48.337079, -120.335971939
48.346079, -120.335971939
48.355079, -120.335971939
48.364079, -120.335971939
48.373079, -120.335971939
48.382079, -120.335971939
48.391079, -120.335971939
48.400079, -120.335971939
48.409079, -120.335971939
48.418079, -120.335971939
48.427079, -120.335971939
48.436079, -120.335971939
48.445079, -120.335971939
48.454079, -120.335971939
48.463079, -120.335971939
48.472079, -120.335971939
48.481079, -120.335971939
48.490079, -120.335971939
48.499079, -120.335971939
48.508079, -120.335971939
48.517079, -120.335971939
48.526079, -120.335971939
48.535079, -120.335971939
48.544079, -120.335971939
48.553079, -120.335971939
48.562079, -120.335971939
48.571079, -120.335971939
48.580079, -120.335971939
48.589079, -120.335971939
48.598079, -120.335971939
48.607079, -120.335971939
48.616079, -120.335971939
48.625079, -120.335971939
48.634079, -120.335971939
48.643079, -120.335971939
48.652079, -120.335971939
48.661079, -120.335971939
48.670079, -120.335971939
48.679079, -120.335971939
48.688079, -120.335971939
48.697079, -120.335971939
48.706079, -120.335971939
48.715079, -120.335971939
48.724079, -120.335971939
48.733079, -120.335971939
48.742079, -120.335971939
48.751079, -120.335971939
48.760079, -120.335971939
48.769079, -120.335971939
48.778079, -120.335971939
48.787079, -120.335971939
48.796079, -120.335971939
48.805079, -120.335971939
48.814079, -120.335971939
48.823079, -120.335971939
48.832079, -120.335971939
48.841079, -120.335971939
48.850079, -120.335971939
48.859079, -120.335971939
48.868079, -120.335971939
48.877079, -120.335971939
48.886079, -120.335971939
48.895079, -120.335971939
48.904079, -120.335971939
48.913079, -120.335971939
48.922079, -120.335971939
48.931079, -120.335971939
48.940079, -120.335971939
48.949079, -120.335971939
46.213079, -120.322265181
46.222079, -120.322265181
46.231079, -120.322265181
46.240079, -120.322265181
46.249079, -120.322265181
46.258079, -120.322265181
46.267079, -120.322265181
46.276079, -120.322265181
46.285079, -120.322265181
46.294079, -120.322265181
46.303079, -120.322265181
46.312079, -120.322265181
46.321079, -120.322265181
46.330079, -120.322265181
46.339079, -120.322265181
46.348079, -120.322265181
46.357079, -120.322265181
46.366079, -120.322265181
46.375079, -120.322265181
46.384079, -120.322265181
46.393079, -120.322265181
46.402079, -120.322265181
46.411079, -120.322265181
46.420079, -120.322265181
46.429079, -120.322265181
46.438079, -120.322265181
46.447079, -120.322265181
46.456079, -120.322265181
46.465079, -120.322265181
46.474079, -120.322265181
46.483079, -120.322265181
46.492079, -120.322265181
46.501079, -120.322265181
46.510079, -120.322265181
46.519079, -120.322265181
46.528079, -120.322265181
46.537079, -120.322265181
46.546079, -120.322265181
46.555079, -120.322265181
46.564079, -120.322265181
46.573079, -120.322265181
46.582079, -120.322265181
46.591079, -120.322265181
46.600079, -120.322265181
46.609079, -120.322265181
46.618079, -120.322265181
46.627079, -120.322265181
46.636079, -120.322265181
46.645079, -120.322265181
46.654079, -120.322265181
46.663079, -120.322265181
46.672079, -120.322265181
46.681079, -120.322265181
46.690079, -120.322265181
46.699079, -120.322265181
46.708079, -120.322265181
46.717079, -120.322265181
46.726079, -120.322265181
46.735079, -120.322265181
46.744079, -120.322265181
46.753079, -120.322265181
46.762079, -120.322265181
46.771079, -120.322265181
46.780079, -120.322265181
46.789079, -120.322265181
46.798079, -120.322265181
46.807079, -120.322265181
46.816079, -120.322265181
46.825079, -120.322265181
46.834079, -120.322265181
46.843079, -120.322265181
46.852079, -120.322265181
46.861079, -120.322265181
46.870079, -120.322265181
46.879079, -120.322265181
46.888079, -120.322265181
46.897079, -120.322265181
46.906079, -120.322265181
46.915079, -120.322265181
46.924079, -120.322265181
46.933079, -120.322265181
46.942079, -120.322265181
46.951079, -120.322265181
46.960079, -120.322265181
46.969079, -120.322265181
46.978079, -120.322265181
46.987079, -120.322265181
46.996079, -120.322265181
47.005079, -120.322265181
47.014079, -120.322265181
47.023079, -120.322265181
47.032079, -120.322265181
47.041079, -120.322265181
47.050079, -120.322265181
47.059079, -120.322265181
47.068079, -120.322265181
47.077079, -120.322265181
47.086079, -120.322265181
47.095079, -120.322265181
47.104079, -120.322265181
47.113079, -120.322265181
47.122079, -120.322265181
47.131079, -120.322265181
47.140079, -120.322265181
47.149079, -120.322265181
47.158079, -120.322265181
47.167079, -120.322265181
47.176079, -120.322265181
47.185079, -120.322265181
47.194079, -120.322265181
47.203079, -120.322265181
47.212079, -120.322265181
47.221079, -120.322265181
47.230079, -120.322265181
47.239079, -120.322265181
47.248079, -120.322265181
47.257079, -120.322265181
47.266079, -120.322265181
47.275079, -120.322265181
47.284079, -120.322265181
47.293079, -120.322265181
47.302079, -120.322265181
47.311079, -120.322265181
47.320079, -120.322265181
47.329079, -120.322265181
47.338079, -120.322265181
47.347079, -120.322265181
47.356079, -120.322265181
47.365079, -120.322265181
47.374079, -120.322265181
47.383079, -120.322265181
47.392079, -120.322265181
47.401079, -120.322265181
47.410079, -120.322265181
47.419079, -120.322265181
47.428079, -120.322265181
47.437079, -120.322265181
47.446079, -120.322265181
47.455079, -120.322265181
47.464079, -120.322265181
47.473079, -120.322265181
47.482079, -120.322265181
47.491079, -120.322265181
47.500079, -120.322265181
47.509079, -120.322265181
47.518079, -120.322265181
47.527079, -120.322265181
47.536079, -120.322265181
47.545079, -120.322265181
47.554079, -120.322265181
47.563079, -120.322265181
47.572079, -120.322265181
47.581079, -120.322265181
47.590079, -120.322265181
47.599079, -120.322265181
47.608079, -120.322265181
47.617079, -120.322265181
47.626079, -120.322265181
47.635079, -120.322265181
47.644079, -120.322265181
47.653079, -120.322265181
47.662079, -120.322265181
47.671079, -120.322265181
47.680079, -120.322265181
47.689079, -120.322265181
47.698079, -120.322265181
47.707079, -120.322265181
47.716079, -120.322265181
47.725079, -120.322265181
47.734079, -120.322265181
47.743079, -120.322265181
47.752079, -120.322265181
47.761079, -120.322265181
47.770079, -120.322265181
47.779079, -120.322265181
47.788079, -120.322265181
47.797079, -120.322265181
47.806079, -120.322265181
47.815079, -120.322265181
47.824079, -120.322265181
47.833079, -120.322265181
47.842079, -120.322265181
47.851079, -120.322265181
47.860079, -120.322265181
47.869079, -120.322265181
47.878079, -120.322265181
47.887079, -120.322265181
47.896079, -120.322265181
47.905079, -120.322265181
47.914079, -120.322265181
47.923079, -120.322265181
47.932079, -120.322265181
47.941079, -120.322265181
47.950079, -120.322265181
47.959079, -120.322265181
47.968079, -120.322265181
47.977079, -120.322265181
47.986079, -120.322265181
47.995079, -120.322265181
48.004079, -120.322265181
48.013079, -120.322265181
48.022079, -120.322265181
48.031079, -120.322265181
48.040079, -120.322265181
48.049079, -120.322265181
48.058079, -120.322265181
48.067079, -120.322265181
48.076079, -120.322265181
48.085079, -120.322265181
48.094079, -120.322265181
48.103079, -120.322265181
48.112079, -120.322265181
48.121079, -120.322265181
48.130079, -120.322265181
48.139079, -120.322265181
48.148079, -120.322265181
48.157079, -120.322265181
48.166079, -120.322265181
48.175079, -120.322265181
48.184079, -120.322265181
48.193079, -120.322265181
48.202079, -120.322265181
48.211079, -120.322265181
48.220079, -120.322265181
48.229079, -120.322265181
48.238079, -120.322265181
48.247079, -120.322265181
48.256079, -120.322265181
48.265079, -120.322265181
48.274079, -120.322265181
48.283079, -120.322265181
48.292079, -120.322265181
48.301079, -120.322265181
48.310079, -120.322265181
48.319079, -120.322265181
48.328079, -120.322265181
48.337079, -120.322265181
48.346079, -120.322265181
48.355079, -120.322265181
48.364079, -120.322265181
48.373079, -120.322265181
48.382079, -120.322265181
48.391079, -120.322265181
48.400079, -120.322265181
48.409079, -120.322265181
48.418079, -120.322265181
48.427079, -120.322265181
48.436079, -120.322265181
48.445079, -120.322265181
48.454079, -120.322265181
48.463079, -120.322265181
48.472079, -120.322265181
48.481079, -120.322265181
48.490079, -120.322265181
48.499079, -120.322265181
48.508079, -120.322265181
48.517079, -120.322265181
48.526079, -120.322265181
48.535079, -120.322265181
48.544079, -120.322265181
48.553079, -120.322265181
48.562079, -120.322265181
48.571079, -120.322265181
48.580079, -120.322265181
48.589079, -120.322265181
48.598079, -120.322265181
48.607079, -120.322265181
48.616079, -120.322265181
48.625079, -120.322265181
48.634079, -120.322265181
48.643079, -120.322265181
48.652079, -120.322265181
48.661079, -120.322265181
48.670079, -120.322265181
48.679079, -120.322265181
48.688079, -120.322265181
48.697079, -120.322265181
48.706079, -120.322265181
48.715079, -120.322265181
48.724079, -120.322265181
48.733079, -120.322265181
48.742079, -120.322265181
48.751079, -120.322265181
48.760079, -120.322265181
48.769079, -120.322265181
48.778079, -120.322265181
48.787079, -120.322265181
48.796079, -120.322265181
48.805079, -120.322265181
48.814079, -120.322265181
48.823079, -120.322265181
48.832079, -120.322265181
48.841079, -120.322265181
48.850079, -120.322265181
48.859079, -120.322265181
48.868079, -120.322265181
48.877079, -120.322265181
48.886079, -120.322265181
48.895079, -120.322265181
48.904079, -120.322265181
48.913079, -120.322265181
48.922079, -120.322265181
48.931079, -120.322265181
48.940079, -120.322265181
48.949079, -120.322265181
46.213079, -120.308558422
46.222079, -120.308558422
46.231079, -120.308558422
46.240079, -120.308558422
46.249079, -120.308558422
46.258079, -120.308558422
46.267079, -120.308558422
46.276079, -120.308558422
46.285079, -120.308558422
46.294079, -120.308558422
46.303079, -120.308558422
46.312079, -120.308558422
46.321079, -120.308558422
46.330079, -120.308558422
46.339079, -120.308558422
46.348079, -120.308558422
46.357079, -120.308558422
46.366079, -120.308558422
46.375079, -120.308558422
46.384079, -120.308558422
46.393079, -120.308558422
46.402079, -120.308558422
46.411079, -120.308558422
46.420079, -120.308558422
46.429079, -120.308558422
46.438079, -120.308558422
46.447079, -120.308558422
46.456079, -120.308558422
46.465079, -120.308558422
46.474079, -120.308558422
46.483079, -120.308558422
46.492079, -120.308558422
46.501079, -120.308558422
46.510079, -120.308558422
46.519079, -120.308558422
46.528079, -120.308558422
46.537079, -120.308558422
46.546079, -120.308558422
46.555079, -120.308558422
46.564079, -120.308558422
46.573079, -120.308558422
46.582079, -120.308558422
46.591079, -120.308558422
46.600079, -120.308558422
46.609079, -120.308558422
46.618079, -120.308558422
46.627079, -120.308558422
46.636079, -120.308558422
46.645079, -120.308558422
46.654079, -120.308558422
46.663079, -120.308558422
46.672079, -120.308558422
46.681079, -120.308558422
46.690079, -120.308558422
46.699079, -120.308558422
46.708079, -120.308558422
46.717079, -120.308558422
46.726079, -120.308558422
46.735079, -120.308558422
46.744079, -120.308558422
46.753079, -120.308558422
46.762079, -120.308558422
46.771079, -120.308558422
46.780079, -120.308558422
46.789079, -120.308558422
46.798079, -120.308558422
46.807079, -120.308558422
46.816079, -120.308558422
46.825079, -120.308558422
46.834079, -120.308558422
46.843079, -120.308558422
46.852079, -120.308558422
46.861079, -120.308558422
46.870079, -120.308558422
46.879079, -120.308558422
46.888079, -120.308558422
46.897079, -120.308558422
46.906079, -120.308558422
46.915079, -120.308558422
46.924079, -120.308558422
46.933079, -120.308558422
46.942079, -120.308558422
46.951079, -120.308558422
46.960079, -120.308558422
46.969079, -120.308558422
46.978079, -120.308558422
46.987079, -120.308558422
46.996079, -120.308558422
47.005079, -120.308558422
47.014079, -120.308558422
47.023079, -120.308558422
47.032079, -120.308558422
47.041079, -120.308558422
47.050079, -120.308558422
47.059079, -120.308558422
47.068079, -120.308558422
47.077079, -120.308558422
47.086079, -120.308558422
47.095079, -120.308558422
47.104079, -120.308558422
47.113079, -120.308558422
47.122079, -120.308558422
47.131079, -120.308558422
47.140079, -120.308558422
47.149079, -120.308558422
47.158079, -120.308558422
47.167079, -120.308558422
47.176079, -120.308558422
47.185079, -120.308558422
47.194079, -120.308558422
47.203079, -120.308558422
47.212079, -120.308558422
47.221079, -120.308558422
47.230079, -120.308558422
47.239079, -120.308558422
47.248079, -120.308558422
47.257079, -120.308558422
47.266079, -120.308558422
47.275079, -120.308558422
47.284079, -120.308558422
47.293079, -120.308558422
47.302079, -120.308558422
47.311079, -120.308558422
47.320079, -120.308558422
47.329079, -120.308558422
47.338079, -120.308558422
47.347079, -120.308558422
47.356079, -120.308558422
47.365079, -120.308558422
47.374079, -120.308558422
47.383079, -120.308558422
47.392079, -120.308558422
47.401079, -120.308558422
47.410079, -120.308558422
47.419079, -120.308558422
47.428079, -120.308558422
47.437079, -120.308558422
47.446079, -120.308558422
47.455079, -120.308558422
47.464079, -120.308558422
47.473079, -120.308558422
47.482079, -120.308558422
47.491079, -120.308558422
47.500079, -120.308558422
47.509079, -120.308558422
47.518079, -120.308558422
47.527079, -120.308558422
47.536079, -120.308558422
47.545079, -120.308558422
47.554079, -120.308558422
47.563079, -120.308558422
47.572079, -120.308558422
47.581079, -120.308558422
47.590079, -120.308558422
47.599079, -120.308558422
47.608079, -120.308558422
47.617079, -120.308558422
47.626079, -120.308558422
47.635079, -120.308558422
47.644079, -120.308558422
47.653079, -120.308558422
47.662079, -120.308558422
47.671079, -120.308558422
47.680079, -120.308558422
47.689079, -120.308558422
47.698079, -120.308558422
47.707079, -120.308558422
47.716079, -120.308558422
47.725079, -120.308558422
47.734079, -120.308558422
47.743079, -120.308558422
47.752079, -120.308558422
47.761079, -120.308558422
47.770079, -120.308558422
47.779079, -120.308558422
47.788079, -120.308558422
47.797079, -120.308558422
47.806079, -120.308558422
47.815079, -120.308558422
47.824079, -120.308558422
47.833079, -120.308558422
47.842079, -120.308558422
47.851079, -120.308558422
47.860079, -120.308558422
47.869079, -120.308558422
47.878079, -120.308558422
47.887079, -120.308558422
47.896079, -120.308558422
47.905079, -120.308558422
47.914079, -120.308558422
47.923079, -120.308558422
47.932079, -120.308558422
47.941079, -120.308558422
47.950079, -120.308558422
47.959079, -120.308558422
47.968079, -120.308558422
47.977079, -120.308558422
47.986079, -120.308558422
47.995079, -120.308558422
48.004079, -120.308558422
48.013079, -120.308558422
48.022079, -120.308558422
48.031079, -120.308558422
48.040079, -120.308558422
48.049079, -120.308558422
48.058079, -120.308558422
48.067079, -120.308558422
48.076079, -120.308558422
48.085079, -120.308558422
48.094079, -120.308558422
48.103079, -120.308558422
48.112079, -120.308558422
48.121079, -120.308558422
48.130079, -120.308558422
48.139079, -120.308558422
48.148079, -120.308558422
48.157079, -120.308558422
48.166079, -120.308558422
48.175079, -120.308558422
48.184079, -120.308558422
48.193079, -120.308558422
48.202079, -120.308558422
48.211079, -120.308558422
48.220079, -120.308558422
48.229079, -120.308558422
48.238079, -120.308558422
48.247079, -120.308558422
48.256079, -120.308558422
48.265079, -120.308558422
48.274079, -120.308558422
48.283079, -120.308558422
48.292079, -120.308558422
48.301079, -120.308558422
48.310079, -120.308558422
48.319079, -120.308558422
48.328079, -120.308558422
