47.257079, -119.979596218
47.266079, -119.979596218
47.275079, -119.979596218
47.284079, -119.979596218
47.293079, -119.979596218
47.302079, -119.979596218
47.311079, -119.979596218
47.320079, -119.979596218
47.329079, -119.979596218
47.338079, -119.979596218
47.347079, -119.979596218
47.356079, -119.979596218
47.365079, -119.979596218
47.374079, -119.979596218
47.383079, -119.979596218
47.392079, -119.979596218
47.401079, -119.979596218
47.410079, -119.979596218
47.419079, -119.979596218
47.428079, -119.979596218
47.437079, -119.979596218
47.446079, -119.979596218
47.455079, -119.979596218
47.464079, -119.979596218
47.473079, -119.979596218
47.482079, -119.979596218
47.491079, -119.979596218
47.500079, -119.979596218
47.509079, -119.979596218
47.518079, -119.979596218
47.527079, -119.979596218
47.536079, -119.979596218
47.545079, -119.979596218
47.554079, -119.979596218
47.563079, -119.979596218
47.572079, -119.979596218
47.581079, -119.979596218
47.590079, -119.979596218
47.599079, -119.979596218
47.608079, -119.979596218
47.617079, -119.979596218
47.626079, -119.979596218
47.635079, -119.979596218
47.644079, -119.979596218
47.653079, -119.979596218
47.662079, -119.979596218
47.671079, -119.979596218
47.680079, -119.979596218
47.689079, -119.979596218
47.698079, -119.979596218
47.707079, -119.979596218
47.716079, -119.979596218
47.725079, -119.979596218
47.734079, -119.979596218
47.743079, -119.979596218
47.752079, -119.979596218
47.761079, -119.979596218
47.770079, -119.979596218
47.779079, -119.979596218
47.788079, -119.979596218
47.797079, -119.979596218
47.806079, -119.979596218
47.815079, -119.979596218
47.824079, -119.979596218
47.833079, -119.979596218
47.842079, -119.979596218
47.851079, -119.979596218
47.860079, -119.979596218
47.869079, -119.979596218
47.878079, -119.979596218
47.887079, -119.979596218
47.896079, -119.979596218
47.905079, -119.979596218
47.914079, -119.979596218
47.923079, -119.979596218
47.932079, -119.979596218
47.941079, -119.979596218
47.950079, -119.979596218
47.959079, -119.979596218
47.968079, -119.979596218
47.977079, -119.979596218
47.986079, -119.979596218
47.995079, -119.979596218
48.004079, -119.979596218
48.013079, -119.979596218
48.022079, -119.979596218
48.031079, -119.979596218
48.040079, -119.979596218
48.049079, -119.979596218
48.058079, -119.979596218
48.067079, -119.979596218
48.076079, -119.979596218
48.085079, -119.979596218
48.094079, -119.979596218
48.103079, -119.979596218
48.112079, -119.979596218
48.121079, -119.979596218
48.130079, -119.979596218
48.139079, -119.979596218
48.148079, -119.979596218
48.157079, -119.979596218
48.166079, -119.979596218
48.175079, -119.979596218
48.184079, -119.979596218
48.193079, -119.979596218
48.202079, -119.979596218
48.211079, -119.979596218
48.220079, -119.979596218
48.229079, -119.979596218
48.238079, -119.979596218
48.247079, -119.979596218
48.256079, -119.979596218
48.265079, -119.979596218
48.274079, -119.979596218
48.283079, -119.979596218
48.292079, -119.979596218
48.301079, -119.979596218
48.310079, -119.979596218
48.319079, -119.979596218
48.328079, -119.979596218
48.337079, -119.979596218
48.346079, -119.979596218
48.355079, -119.979596218
48.364079, -119.979596218
48.373079, -119.979596218
48.382079, -119.979596218
48.391079, -119.979596218
48.400079, -119.979596218
48.409079, -119.979596218
48.418079, -119.979596218
48.427079, -119.979596218
48.436079, -119.979596218
48.445079, -119.979596218
48.454079, -119.979596218
48.463079, -119.979596218
48.472079, -119.979596218
48.481079, -119.979596218
48.490079, -119.979596218
48.499079, -119.979596218
48.508079, -119.979596218
48.517079, -119.979596218
48.526079, -119.979596218
48.535079, -119.979596218
48.544079, -119.979596218
48.553079, -119.979596218
48.562079, -119.979596218
48.571079, -119.979596218
48.580079, -119.979596218
48.589079, -119.979596218
48.598079, -119.979596218
48.607079, -119.979596218
48.616079, -119.979596218
48.625079, -119.979596218
48.634079, -119.979596218
48.643079, -119.979596218
48.652079, -119.979596218
48.661079, -119.979596218
48.670079, -119.979596218
48.679079, -119.979596218
48.688079, -119.979596218
48.697079, -119.979596218
48.706079, -119.979596218
48.715079, -119.979596218
48.724079, -119.979596218
48.733079, -119.979596218
48.742079, -119.979596218
48.751079, -119.979596218
48.760079, -119.979596218
48.769079, -119.979596218
48.778079, -119.979596218
48.787079, -119.979596218
48.796079, -119.979596218
48.805079, -119.979596218
48.814079, -119.979596218
48.823079, -119.979596218
48.832079, -119.979596218
48.841079, -119.979596218
48.850079, -119.979596218
48.859079, -119.979596218
48.868079, -119.979596218
48.877079, -119.979596218
48.886079, -119.979596218
48.895079, -119.979596218
48.904079, -119.979596218
48.913079, -119.979596218
48.922079, -119.979596218
48.931079, -119.979596218
48.940079, -119.979596218
48.949079, -119.979596218
46.213079, -119.96588946
46.222079, -119.96588946
46.231079, -119.96588946
46.240079, -119.96588946
46.249079, -119.96588946
46.258079, -119.96588946
46.267079, -119.96588946
46.276079, -119.96588946
46.285079, -119.96588946
46.294079, -119.96588946
46.303079, -119.96588946
46.312079, -119.96588946
46.321079, -119.96588946
46.330079, -119.96588946
46.339079, -119.96588946
46.348079, -119.96588946
46.357079, -119.96588946
46.366079, -119.96588946
46.375079, -119.96588946
46.384079, -119.96588946
46.393079, -119.96588946
46.402079, -119.96588946
46.411079, -119.96588946
46.420079, -119.96588946
46.429079, -119.96588946
46.438079, -119.96588946
46.447079, -119.96588946
46.456079, -119.96588946
46.465079, -119.96588946
46.474079, -119.96588946
46.483079, -119.96588946
46.492079, -119.96588946
46.501079, -119.96588946
46.510079, -119.96588946
46.519079, -119.96588946
46.528079, -119.96588946
46.537079, -119.96588946
46.546079, -119.96588946
46.555079, -119.96588946
46.564079, -119.96588946
46.573079, -119.96588946
46.582079, -119.96588946
46.591079, -119.96588946
46.600079, -119.96588946
46.609079, -119.96588946
46.618079, -119.96588946
46.627079, -119.96588946
46.636079, -119.96588946
46.645079, -119.96588946
46.654079, -119.96588946
46.663079, -119.96588946
46.672079, -119.96588946
46.681079, -119.96588946
46.690079, -119.96588946
46.699079, -119.96588946
46.708079, -119.96588946
46.717079, -119.96588946
46.726079, -119.96588946
46.735079, -119.96588946
46.744079, -119.96588946
46.753079, -119.96588946
46.762079, -119.96588946
46.771079, -119.96588946
46.780079, -119.96588946
46.789079, -119.96588946
46.798079, -119.96588946
46.807079, -119.96588946
46.816079, -119.96588946
46.825079, -119.96588946
46.834079, -119.96588946
46.843079, -119.96588946
46.852079, -119.96588946
46.861079, -119.96588946
46.870079, -119.96588946
46.879079, -119.96588946
46.888079, -119.96588946
46.897079, -119.96588946
46.906079, -119.96588946
46.915079, -119.96588946
46.924079, -119.96588946
46.933079, -119.96588946
46.942079, -119.96588946
46.951079, -119.96588946
46.960079, -119.96588946
46.969079, -119.96588946
46.978079, -119.96588946
46.987079, -119.96588946
46.996079, -119.96588946
47.005079, -119.96588946
47.014079, -119.96588946
47.023079, -119.96588946
47.032079, -119.96588946
47.041079, -119.96588946
47.050079, -119.96588946
47.059079, -119.96588946
47.068079, -119.96588946
47.077079, -119.96588946
47.086079, -119.96588946
47.095079, -119.96588946
47.104079, -119.96588946
47.113079, -119.96588946
47.122079, -119.96588946
47.131079, -119.96588946
47.140079, -119.96588946
47.149079, -119.96588946
47.158079, -119.96588946
47.167079, -119.96588946
47.176079, -119.96588946
47.185079, -119.96588946
47.194079, -119.96588946
47.203079, -119.96588946
47.212079, -119.96588946
47.221079, -119.96588946
47.230079, -119.96588946
47.239079, -119.96588946
47.248079, -119.96588946
47.257079, -119.96588946
47.266079, -119.96588946
47.275079, -119.96588946
47.284079, -119.96588946
47.293079, -119.96588946
47.302079, -119.96588946
47.311079, -119.96588946
47.320079, -119.96588946
47.329079, -119.96588946
47.338079, -119.96588946
47.347079, -119.96588946
47.356079, -119.96588946
47.365079, -119.96588946
47.374079, -119.96588946
47.383079, -119.96588946
47.392079, -119.96588946
47.401079, -119.96588946
47.410079, -119.96588946
47.419079, -119.96588946
47.428079, -119.96588946
47.437079, -119.96588946
47.446079, -119.96588946
47.455079, -119.96588946
47.464079, -119.96588946
47.473079, -119.96588946
47.482079, -119.96588946
47.491079, -119.96588946
47.500079, -119.96588946
47.509079, -119.96588946
47.518079, -119.96588946
47.527079, -119.96588946
47.536079, -119.96588946
47.545079, -119.96588946
47.554079, -119.96588946
47.563079, -119.96588946
47.572079, -119.96588946
47.581079, -119.96588946
47.590079, -119.96588946
47.599079, -119.96588946
47.608079, -119.96588946
47.617079, -119.96588946
47.626079, -119.96588946
47.635079, -119.96588946
47.644079, -119.96588946
47.653079, -119.96588946
47.662079, -119.96588946
47.671079, -119.96588946
47.680079, -119.96588946
47.689079, -119.96588946
47.698079, -119.96588946
47.707079, -119.96588946
47.716079, -119.96588946
47.725079, -119.96588946
47.734079, -119.96588946
47.743079, -119.96588946
47.752079, -119.96588946
47.761079, -119.96588946
47.770079, -119.96588946
47.779079, -119.96588946
47.788079, -119.96588946
47.797079, -119.96588946
47.806079, -119.96588946
47.815079, -119.96588946
47.824079, -119.96588946
47.833079, -119.96588946
47.842079, -119.96588946
47.851079, -119.96588946
47.860079, -119.96588946
47.869079, -119.96588946
47.878079, -119.96588946
47.887079, -119.96588946
47.896079, -119.96588946
47.905079, -119.96588946
47.914079, -119.96588946
47.923079, -119.96588946
47.932079, -119.96588946
47.941079, -119.96588946
47.950079, -119.96588946
47.959079, -119.96588946
47.968079, -119.96588946
47.977079, -119.96588946
47.986079, -119.96588946
47.995079, -119.96588946
48.004079, -119.96588946
48.013079, -119.96588946
48.022079, -119.96588946
48.031079, -119.96588946
48.040079, -119.96588946
48.049079, -119.96588946
48.058079, -119.96588946
48.067079, -119.96588946
48.076079, -119.96588946
48.085079, -119.96588946
48.094079, -119.96588946
48.103079, -119.96588946
48.112079, -119.96588946
48.121079, -119.96588946
48.130079, -119.96588946
48.139079, -119.96588946
48.148079, -119.96588946
48.157079, -119.96588946
48.166079, -119.96588946
48.175079, -119.96588946
48.184079, -119.96588946
48.193079, -119.96588946
48.202079, -119.96588946
48.211079, -119.96588946
48.220079, -119.96588946
48.229079, -119.96588946
48.238079, -119.96588946
48.247079, -119.96588946
48.256079, -119.96588946
48.265079, -119.96588946
48.274079, -119.96588946
48.283079, -119.96588946
48.292079, -119.96588946
48.301079, -119.96588946
48.310079, -119.96588946
48.319079, -119.96588946
48.328079, -119.96588946
48.337079, -119.96588946
48.346079, -119.96588946
48.355079, -119.96588946
48.364079, -119.96588946
48.373079, -119.96588946
48.382079, -119.96588946
48.391079, -119.96588946
48.400079, -119.96588946
48.409079, -119.96588946
48.418079, -119.96588946
48.427079, -119.96588946
48.436079, -119.96588946
48.445079, -119.96588946
48.454079, -119.96588946
48.463079, -119.96588946
48.472079, -119.96588946
48.481079, -119.96588946
48.490079, -119.96588946
48.499079, -119.96588946
48.508079, -119.96588946
48.517079, -119.96588946
48.526079, -119.96588946
48.535079, -119.96588946
48.544079, -119.96588946
48.553079, -119.96588946
48.562079, -119.96588946
48.571079, -119.96588946
48.580079, -119.96588946
48.589079, -119.96588946
48.598079, -119.96588946
48.607079, -119.96588946
48.616079, -119.96588946
48.625079, -119.96588946
48.634079, -119.96588946
48.643079, -119.96588946
48.652079, -119.96588946
48.661079, -119.96588946
48.670079, -119.96588946
48.679079, -119.96588946
48.688079, -119.96588946
48.697079, -119.96588946
48.706079, -119.96588946
48.715079, -119.96588946
48.724079, -119.96588946
48.733079, -119.96588946
48.742079, -119.96588946
48.751079, -119.96588946
48.760079, -119.96588946
48.769079, -119.96588946
48.778079, -119.96588946
48.787079, -119.96588946
48.796079, -119.96588946
48.805079, -119.96588946
48.814079, -119.96588946
48.823079, -119.96588946
48.832079, -119.96588946
48.841079, -119.96588946
48.850079, -119.96588946
48.859079, -119.96588946
48.868079, -119.96588946
48.877079, -119.96588946
48.886079, -119.96588946
48.895079, -119.96588946
48.904079, -119.96588946
48.913079, -119.96588946
48.922079, -119.96588946
48.931079, -119.96588946
48.940079, -119.96588946
48.949079, -119.96588946
46.213079, -119.952182701
46.222079, -119.952182701
46.231079, -119.952182701
46.240079, -119.952182701
46.249079, -119.952182701
46.258079, -119.952182701
46.267079, -119.952182701
46.276079, -119.952182701
46.285079, -119.952182701
46.294079, -119.952182701
46.303079, -119.952182701
46.312079, -119.952182701
46.321079, -119.952182701
46.330079, -119.952182701
46.339079, -119.952182701
46.348079, -119.952182701
46.357079, -119.952182701
46.366079, -119.952182701
46.375079, -119.952182701
46.384079, -119.952182701
46.393079, -119.952182701
46.402079, -119.952182701
46.411079, -119.952182701
46.420079, -119.952182701
46.429079, -119.952182701
46.438079, -119.952182701
46.447079, -119.952182701
46.456079, -119.952182701
46.465079, -119.952182701
46.474079, -119.952182701
46.483079, -119.952182701
46.492079, -119.952182701
46.501079, -119.952182701
46.510079, -119.952182701
46.519079, -119.952182701
46.528079, -119.952182701
46.537079, -119.952182701
46.546079, -119.952182701
46.555079, -119.952182701
46.564079, -119.952182701
46.573079, -119.952182701
46.582079, -119.952182701
46.591079, -119.952182701
46.600079, -119.952182701
46.609079, -119.952182701
46.618079, -119.952182701
46.627079, -119.952182701
46.636079, -119.952182701
46.645079, -119.952182701
46.654079, -119.952182701
46.663079, -119.952182701
46.672079, -119.952182701
46.681079, -119.952182701
46.690079, -119.952182701
46.699079, -119.952182701
46.708079, -119.952182701
46.717079, -119.952182701
46.726079, -119.952182701
46.735079, -119.952182701
46.744079, -119.952182701
46.753079, -119.952182701
46.762079, -119.952182701
46.771079, -119.952182701
46.780079, -119.952182701
46.789079, -119.952182701
46.798079, -119.952182701
46.807079, -119.952182701
46.816079, -119.952182701
46.825079, -119.952182701
46.834079, -119.952182701
46.843079, -119.952182701
46.852079, -119.952182701
46.861079, -119.952182701
46.870079, -119.952182701
46.879079, -119.952182701
46.888079, -119.952182701
46.897079, -119.952182701
46.906079, -119.952182701
46.915079, -119.952182701
46.924079, -119.952182701
46.933079, -119.952182701
46.942079, -119.952182701
46.951079, -119.952182701
46.960079, -119.952182701
46.969079, -119.952182701
46.978079, -119.952182701
46.987079, -119.952182701
46.996079, -119.952182701
47.005079, -119.952182701
47.014079, -119.952182701
47.023079, -119.952182701
47.032079, -119.952182701
47.041079, -119.952182701
47.050079, -119.952182701
47.059079, -119.952182701
47.068079, -119.952182701
47.077079, -119.952182701
47.086079, -119.952182701
47.095079, -119.952182701
47.104079, -119.952182701
47.113079, -119.952182701
47.122079, -119.952182701
47.131079, -119.952182701
47.140079, -119.952182701
47.149079, -119.952182701
47.158079, -119.952182701
47.167079, -119.952182701
47.176079, -119.952182701
47.185079, -119.952182701
47.194079, -119.952182701
47.203079, -119.952182701
47.212079, -119.952182701
47.221079, -119.952182701
47.230079, -119.952182701
47.239079, -119.952182701
47.248079, -119.952182701
47.257079, -119.952182701
47.266079, -119.952182701
47.275079, -119.952182701
47.284079, -119.952182701
47.293079, -119.952182701
47.302079, -119.952182701
47.311079, -119.952182701
47.320079, -119.952182701
47.329079, -119.952182701
47.338079, -119.952182701
47.347079, -119.952182701
47.356079, -119.952182701
47.365079, -119.952182701
47.374079, -119.952182701
47.383079, -119.952182701
47.392079, -119.952182701
47.401079, -119.952182701
47.410079, -119.952182701
47.419079, -119.952182701
47.428079, -119.952182701
47.437079, -119.952182701
47.446079, -119.952182701
47.455079, -119.952182701
47.464079, -119.952182701
47.473079, -119.952182701
47.482079, -119.952182701
47.491079, -119.952182701
47.500079, -119.952182701
47.509079, -119.952182701
47.518079, -119.952182701
47.527079, -119.952182701
47.536079, -119.952182701
47.545079, -119.952182701
47.554079, -119.952182701
47.563079, -119.952182701
47.572079, -119.952182701
47.581079, -119.952182701
47.590079, -119.952182701
47.599079, -119.952182701
47.608079, -119.952182701
47.617079, -119.952182701
47.626079, -119.952182701
47.635079, -119.952182701
47.644079, -119.952182701
47.653079, -119.952182701
47.662079, -119.952182701
47.671079, -119.952182701
47.680079, -119.952182701
47.689079, -119.952182701
47.698079, -119.952182701
47.707079, -119.952182701
47.716079, -119.952182701
47.725079, -119.952182701
47.734079, -119.952182701
47.743079, -119.952182701
47.752079, -119.952182701
47.761079, -119.952182701
47.770079, -119.952182701
47.779079, -119.952182701
47.788079, -119.952182701
47.797079, -119.952182701
47.806079, -119.952182701
47.815079, -119.952182701
47.824079, -119.952182701
47.833079, -119.952182701
47.842079, -119.952182701
47.851079, -119.952182701
47.860079, -119.952182701
47.869079, -119.952182701
47.878079, -119.952182701
47.887079, -119.952182701
47.896079, -119.952182701
47.905079, -119.952182701
47.914079, -119.952182701
47.923079, -119.952182701
47.932079, -119.952182701
47.941079, -119.952182701
47.950079, -119.952182701
47.959079, -119.952182701
47.968079, -119.952182701
47.977079, -119.952182701
47.986079, -119.952182701
47.995079, -119.952182701
48.004079, -119.952182701
48.013079, -119.952182701
48.022079, -119.952182701
48.031079, -119.952182701
48.040079, -119.952182701
48.049079, -119.952182701
48.058079, -119.952182701
48.067079, -119.952182701
48.076079, -119.952182701
48.085079, -119.952182701
48.094079, -119.952182701
48.103079, -119.952182701
48.112079, -119.952182701
48.121079, -119.952182701
48.130079, -119.952182701
48.139079, -119.952182701
48.148079, -119.952182701
48.157079, -119.952182701
48.166079, -119.952182701
48.175079, -119.952182701
48.184079, -119.952182701
48.193079, -119.952182701
48.202079, -119.952182701
48.211079, -119.952182701
48.220079, -119.952182701
48.229079, -119.952182701
48.238079, -119.952182701
48.247079, -119.952182701
48.256079, -119.952182701
48.265079, -119.952182701
48.274079, -119.952182701
48.283079, -119.952182701
48.292079, -119.952182701
48.301079, -119.952182701
48.310079, -119.952182701
48.319079, -119.952182701
48.328079, -119.952182701
48.337079, -119.952182701
48.346079, -119.952182701
48.355079, -119.952182701
48.364079, -119.952182701
48.373079, -119.952182701
48.382079, -119.952182701
48.391079, -119.952182701
48.400079, -119.952182701
48.409079, -119.952182701
48.418079, -119.952182701
48.427079, -119.952182701
48.436079, -119.952182701
48.445079, -119.952182701
48.454079, -119.952182701
48.463079, -119.952182701
48.472079, -119.952182701
48.481079, -119.952182701
48.490079, -119.952182701
48.499079, -119.952182701
48.508079, -119.952182701
48.517079, -119.952182701
48.526079, -119.952182701
48.535079, -119.952182701
48.544079, -119.952182701
48.553079, -119.952182701
48.562079, -119.952182701
48.571079, -119.952182701
48.580079, -119.952182701
48.589079, -119.952182701
48.598079, -119.952182701
48.607079, -119.952182701
48.616079, -119.952182701
48.625079, -119.952182701
48.634079, -119.952182701
48.643079, -119.952182701
48.652079, -119.952182701
48.661079, -119.952182701
48.670079, -119.952182701
48.679079, -119.952182701
48.688079, -119.952182701
48.697079, -119.952182701
48.706079, -119.952182701
48.715079, -119.952182701
48.724079, -119.952182701
48.733079, -119.952182701
48.742079, -119.952182701
48.751079, -119.952182701
48.760079, -119.952182701
48.769079, -119.952182701
48.778079, -119.952182701
48.787079, -119.952182701
48.796079, -119.952182701
48.805079, -119.952182701
48.814079, -119.952182701
48.823079, -119.952182701
48.832079, -119.952182701
48.841079, -119.952182701
48.850079, -119.952182701
48.859079, -119.952182701
48.868079, -119.952182701
48.877079, -119.952182701
48.886079, -119.952182701
48.895079, -119.952182701
48.904079, -119.952182701
48.913079, -119.952182701
48.922079, -119.952182701
48.931079, -119.952182701
48.940079, -119.952182701
48.949079, -119.952182701
46.213079, -119.938475943
46.222079, -119.938475943
46.231079, -119.938475943
46.240079, -119.938475943
46.249079, -119.938475943
46.258079, -119.938475943
46.267079, -119.938475943
46.276079, -119.938475943
46.285079, -119.938475943
46.294079, -119.938475943
46.303079, -119.938475943
46.312079, -119.938475943
46.321079, -119.938475943
46.330079, -119.938475943
46.339079, -119.938475943
46.348079, -119.938475943
46.357079, -119.938475943
46.366079, -119.938475943
46.375079, -119.938475943
46.384079, -119.938475943
46.393079, -119.938475943
46.402079, -119.938475943
46.411079, -119.938475943
46.420079, -119.938475943
46.429079, -119.938475943
46.438079, -119.938475943
46.447079, -119.938475943
46.456079, -119.938475943
46.465079, -119.938475943
46.474079, -119.938475943
46.483079, -119.938475943
46.492079, -119.938475943
46.501079, -119.938475943
46.510079, -119.938475943
46.519079, -119.938475943
46.528079, -119.938475943
46.537079, -119.938475943
46.546079, -119.938475943
46.555079, -119.938475943
46.564079, -119.938475943
46.573079, -119.938475943
46.582079, -119.938475943
46.591079, -119.938475943
46.600079, -119.938475943
46.609079, -119.938475943
46.618079, -119.938475943
46.627079, -119.938475943
46.636079, -119.938475943
46.645079, -119.938475943
46.654079, -119.938475943
46.663079, -119.938475943
46.672079, -119.938475943
46.681079, -119.938475943
46.690079, -119.938475943
46.699079, -119.938475943
46.708079, -119.938475943
46.717079, -119.938475943
46.726079, -119.938475943
46.735079, -119.938475943
46.744079, -119.938475943
46.753079, -119.938475943
46.762079, -119.938475943
46.771079, -119.938475943
46.780079, -119.938475943
46.789079, -119.938475943
46.798079, -119.938475943
46.807079, -119.938475943
46.816079, -119.938475943
46.825079, -119.938475943
46.834079, -119.938475943
46.843079, -119.938475943
46.852079, -119.938475943
46.861079, -119.938475943
46.870079, -119.938475943
46.879079, -119.938475943
46.888079, -119.938475943
46.897079, -119.938475943
46.906079, -119.938475943
46.915079, -119.938475943
46.924079, -119.938475943
46.933079, -119.938475943
46.942079, -119.938475943
46.951079, -119.938475943
46.960079, -119.938475943
46.969079, -119.938475943
46.978079, -119.938475943
46.987079, -119.938475943
46.996079, -119.938475943
47.005079, -119.938475943
47.014079, -119.938475943
47.023079, -119.938475943
47.032079, -119.938475943
47.041079, -119.938475943
47.050079, -119.938475943
47.059079, -119.938475943
47.068079, -119.938475943
47.077079, -119.938475943
47.086079, -119.938475943
47.095079, -119.938475943
47.104079, -119.938475943
47.113079, -119.938475943
47.122079, -119.938475943
47.131079, -119.938475943
47.140079, -119.938475943
47.149079, -119.938475943
47.158079, -119.938475943
47.167079, -119.938475943
47.176079, -119.938475943
47.185079, -119.938475943
47.194079, -119.938475943
47.203079, -119.938475943
47.212079, -119.938475943
47.221079, -119.938475943
47.230079, -119.938475943
47.239079, -119.938475943
47.248079, -119.938475943
47.257079, -119.938475943
47.266079, -119.938475943
47.275079, -119.938475943
47.284079, -119.938475943
47.293079, -119.938475943
47.302079, -119.938475943
47.311079, -119.938475943
47.320079, -119.938475943
47.329079, -119.938475943
47.338079, -119.938475943
47.347079, -119.938475943
47.356079, -119.938475943
47.365079, -119.938475943
47.374079, -119.938475943
47.383079, -119.938475943
47.392079, -119.938475943
47.401079, -119.938475943
47.410079, -119.938475943
47.419079, -119.938475943
47.428079, -119.938475943
47.437079, -119.938475943
47.446079, -119.938475943
47.455079, -119.938475943
47.464079, -119.938475943
47.473079, -119.938475943
47.482079, -119.938475943
47.491079, -119.938475943
47.500079, -119.938475943
47.509079, -119.938475943
47.518079, -119.938475943
47.527079, -119.938475943
47.536079, -119.938475943
47.545079, -119.938475943
47.554079, -119.938475943
47.563079, -119.938475943
47.572079, -119.938475943
47.581079, -119.938475943
47.590079, -119.938475943
47.599079, -119.938475943
47.608079, -119.938475943
47.617079, -119.938475943
47.626079, -119.938475943
47.635079, -119.938475943
47.644079, -119.938475943
47.653079, -119.938475943
47.662079, -119.938475943
47.671079, -119.938475943
47.680079, -119.938475943
47.689079, -119.938475943
47.698079, -119.938475943
47.707079, -119.938475943
47.716079, -119.938475943
47.725079, -119.938475943
47.734079, -119.938475943
47.743079, -119.938475943
47.752079, -119.938475943
47.761079, -119.938475943
47.770079, -119.938475943
47.779079, -119.938475943
47.788079, -119.938475943
47.797079, -119.938475943
47.806079, -119.938475943
47.815079, -119.938475943
47.824079, -119.938475943
47.833079, -119.938475943
47.842079, -119.938475943
47.851079, -119.938475943
47.860079, -119.938475943
47.869079, -119.938475943
47.878079, -119.938475943
47.887079, -119.938475943
47.896079, -119.938475943
47.905079, -119.938475943
47.914079, -119.938475943
47.923079, -119.938475943
47.932079, -119.938475943
47.941079, -119.938475943
47.950079, -119.938475943
47.959079, -119.938475943
47.968079, -119.938475943
47.977079, -119.938475943
47.986079, -119.938475943
47.995079, -119.938475943
48.004079, -119.938475943
48.013079, -119.938475943
48.022079, -119.938475943
48.031079, -119.938475943
48.040079, -119.938475943
48.049079, -119.938475943
48.058079, -119.938475943
48.067079, -119.938475943
48.076079, -119.938475943
48.085079, -119.938475943
48.094079, -119.938475943
48.103079, -119.938475943
48.112079, -119.938475943
48.121079, -119.938475943
48.130079, -119.938475943
48.139079, -119.938475943
48.148079, -119.938475943
48.157079, -119.938475943
48.166079, -119.938475943
48.175079, -119.938475943
48.184079, -119.938475943
48.193079, -119.938475943
48.202079, -119.938475943
48.211079, -119.938475943
48.220079, -119.938475943
48.229079, -119.938475943
48.238079, -119.938475943
48.247079, -119.938475943
48.256079, -119.938475943
48.265079, -119.938475943
48.274079, -119.938475943
48.283079, -119.938475943
48.292079, -119.938475943
48.301079, -119.938475943
48.310079, -119.938475943
48.319079, -119.938475943
48.328079, -119.938475943
48.337079, -119.938475943
48.346079, -119.938475943
48.355079, -119.938475943
48.364079, -119.938475943
48.373079, -119.938475943
48.382079, -119.938475943
48.391079, -119.938475943
48.400079, -119.938475943
48.409079, -119.938475943
48.418079, -119.938475943
48.427079, -119.938475943
48.436079, -119.938475943
48.445079, -119.938475943
48.454079, -119.938475943
48.463079, -119.938475943
48.472079, -119.938475943
48.481079, -119.938475943
48.490079, -119.938475943
48.499079, -119.938475943
48.508079, -119.938475943
48.517079, -119.938475943
48.526079, -119.938475943
48.535079, -119.938475943
48.544079, -119.938475943
48.553079, -119.938475943
48.562079, -119.938475943
48.571079, -119.938475943
48.580079, -119.938475943
48.589079, -119.938475943
48.598079, -119.938475943
48.607079, -119.938475943
48.616079, -119.938475943
48.625079, -119.938475943
48.634079, -119.938475943
48.643079, -119.938475943
48.652079, -119.938475943
48.661079, -119.938475943
48.670079, -119.938475943
48.679079, -119.938475943
48.688079, -119.938475943
48.697079, -119.938475943
48.706079, -119.938475943
48.715079, -119.938475943
48.724079, -119.938475943
48.733079, -119.938475943
48.742079, -119.938475943
48.751079, -119.938475943
48.760079, -119.938475943
48.769079, -119.938475943
48.778079, -119.938475943
48.787079, -119.938475943
48.796079, -119.938475943
48.805079, -119.938475943
48.814079, -119.938475943
48.823079, -119.938475943
48.832079, -119.938475943
48.841079, -119.938475943
48.850079, -119.938475943
48.859079, -119.938475943
48.868079, -119.938475943
48.877079, -119.938475943
48.886079, -119.938475943
48.895079, -119.938475943
48.904079, -119.938475943
48.913079, -119.938475943
48.922079, -119.938475943
48.931079, -119.938475943
48.940079, -119.938475943
48.949079, -119.938475943
46.213079, -119.924769184
46.222079, -119.924769184
46.231079, -119.924769184
46.240079, -119.924769184
46.249079, -119.924769184
46.258079, -119.924769184
46.267079, -119.924769184
46.276079, -119.924769184
46.285079, -119.924769184
46.294079, -119.924769184
46.303079, -119.924769184
46.312079, -119.924769184
46.321079, -119.924769184
46.330079, -119.924769184
46.339079, -119.924769184
46.348079, -119.924769184
46.357079, -119.924769184
46.366079, -119.924769184
46.375079, -119.924769184
46.384079, -119.924769184
46.393079, -119.924769184
46.402079, -119.924769184
46.411079, -119.924769184
46.420079, -119.924769184
46.429079, -119.924769184
46.438079, -119.924769184
46.447079, -119.924769184
46.456079, -119.924769184
46.465079, -119.924769184
46.474079, -119.924769184
46.483079, -119.924769184
46.492079, -119.924769184
46.501079, -119.924769184
46.510079, -119.924769184
46.519079, -119.924769184
46.528079, -119.924769184
46.537079, -119.924769184
46.546079, -119.924769184
46.555079, -119.924769184
46.564079, -119.924769184
46.573079, -119.924769184
46.582079, -119.924769184
46.591079, -119.924769184
46.600079, -119.924769184
46.609079, -119.924769184
46.618079, -119.924769184
46.627079, -119.924769184
46.636079, -119.924769184
46.645079, -119.924769184
46.654079, -119.924769184
46.663079, -119.924769184
46.672079, -119.924769184
46.681079, -119.924769184
46.690079, -119.924769184
46.699079, -119.924769184
46.708079, -119.924769184
46.717079, -119.924769184
46.726079, -119.924769184
46.735079, -119.924769184
46.744079, -119.924769184
46.753079, -119.924769184
46.762079, -119.924769184
46.771079, -119.924769184
46.780079, -119.924769184
46.789079, -119.924769184
46.798079, -119.924769184
46.807079, -119.924769184
46.816079, -119.924769184
46.825079, -119.924769184
46.834079, -119.924769184
46.843079, -119.924769184
46.852079, -119.924769184
46.861079, -119.924769184
46.870079, -119.924769184
46.879079, -119.924769184
46.888079, -119.924769184
46.897079, -119.924769184
46.906079, -119.924769184
46.915079, -119.924769184
46.924079, -119.924769184
46.933079, -119.924769184
46.942079, -119.924769184
46.951079, -119.924769184
46.960079, -119.924769184
46.969079, -119.924769184
46.978079, -119.924769184
46.987079, -119.924769184
46.996079, -119.924769184
47.005079, -119.924769184
47.014079, -119.924769184
47.023079, -119.924769184
47.032079, -119.924769184
47.041079, -119.924769184
47.050079, -119.924769184
47.059079, -119.924769184
47.068079, -119.924769184
47.077079, -119.924769184
47.086079, -119.924769184
47.095079, -119.924769184
47.104079, -119.924769184
47.113079, -119.924769184
47.122079, -119.924769184
47.131079, -119.924769184
47.140079, -119.924769184
47.149079, -119.924769184
47.158079, -119.924769184
47.167079, -119.924769184
47.176079, -119.924769184
47.185079, -119.924769184
47.194079, -119.924769184
47.203079, -119.924769184
47.212079, -119.924769184
47.221079, -119.924769184
47.230079, -119.924769184
47.239079, -119.924769184
47.248079, -119.924769184
47.257079, -119.924769184
47.266079, -119.924769184
47.275079, -119.924769184
47.284079, -119.924769184
47.293079, -119.924769184
47.302079, -119.924769184
47.311079, -119.924769184
47.320079, -119.924769184
47.329079, -119.924769184
47.338079, -119.924769184
47.347079, -119.924769184
47.356079, -119.924769184
47.365079, -119.924769184
47.374079, -119.924769184
47.383079, -119.924769184
47.392079, -119.924769184
47.401079, -119.924769184
47.410079, -119.924769184
47.419079, -119.924769184
47.428079, -119.924769184
47.437079, -119.924769184
47.446079, -119.924769184
47.455079, -119.924769184
47.464079, -119.924769184
47.473079, -119.924769184
47.482079, -119.924769184
47.491079, -119.924769184
47.500079, -119.924769184
47.509079, -119.924769184
47.518079, -119.924769184
47.527079, -119.924769184
47.536079, -119.924769184
47.545079, -119.924769184
47.554079, -119.924769184
47.563079, -119.924769184
47.572079, -119.924769184
47.581079, -119.924769184
47.590079, -119.924769184
47.599079, -119.924769184
47.608079, -119.924769184
47.617079, -119.924769184
47.626079, -119.924769184
47.635079, -119.924769184
47.644079, -119.924769184
47.653079, -119.924769184
47.662079, -119.924769184
47.671079, -119.924769184
47.680079, -119.924769184
47.689079, -119.924769184
47.698079, -119.924769184
47.707079, -119.924769184
47.716079, -119.924769184
47.725079, -119.924769184
47.734079, -119.924769184
47.743079, -119.924769184
47.752079, -119.924769184
47.761079, -119.924769184
47.770079, -119.924769184
47.779079, -119.924769184
47.788079, -119.924769184
47.797079, -119.924769184
47.806079, -119.924769184
47.815079, -119.924769184
47.824079, -119.924769184
47.833079, -119.924769184
47.842079, -119.924769184
47.851079, -119.924769184
47.860079, -119.924769184
47.869079, -119.924769184
47.878079, -119.924769184
47.887079, -119.924769184
47.896079, -119.924769184
47.905079, -119.924769184
47.914079, -119.924769184
47.923079, -119.924769184
47.932079, -119.924769184
47.941079, -119.924769184
47.950079, -119.924769184
47.959079, -119.924769184
47.968079, -119.924769184
47.977079, -119.924769184
47.986079, -119.924769184
47.995079, -119.924769184
48.004079, -119.924769184
48.013079, -119.924769184
48.022079, -119.924769184
48.031079, -119.924769184
48.040079, -119.924769184
48.049079, -119.924769184
48.058079, -119.924769184
48.067079, -119.924769184
48.076079, -119.924769184
48.085079, -119.924769184
48.094079, -119.924769184
48.103079, -119.924769184
48.112079, -119.924769184
48.121079, -119.924769184
48.130079, -119.924769184
48.139079, -119.924769184
48.148079, -119.924769184
48.157079, -119.924769184
48.166079, -119.924769184
48.175079, -119.924769184
48.184079, -119.924769184
48.193079, -119.924769184
48.202079, -119.924769184
48.211079, -119.924769184
48.220079, -119.924769184
48.229079, -119.924769184
48.238079, -119.924769184
48.247079, -119.924769184
48.256079, -119.924769184
48.265079, -119.924769184
48.274079, -119.924769184
48.283079, -119.924769184
48.292079, -119.924769184
48.301079, -119.924769184
48.310079, -119.924769184
48.319079, -119.924769184
48.328079, -119.924769184
48.337079, -119.924769184
48.346079, -119.924769184
48.355079, -119.924769184
48.364079, -119.924769184
48.373079, -119.924769184
48.382079, -119.924769184
48.391079, -119.924769184
48.400079, -119.924769184
48.409079, -119.924769184
48.418079, -119.924769184
48.427079, -119.924769184
48.436079, -119.924769184
48.445079, -119.924769184
48.454079, -119.924769184
48.463079, -119.924769184
48.472079, -119.924769184
48.481079, -119.924769184
48.490079, -119.924769184
48.499079, -119.924769184
48.508079, -119.924769184
48.517079, -119.924769184
48.526079, -119.924769184
48.535079, -119.924769184
48.544079, -119.924769184
48.553079, -119.924769184
48.562079, -119.924769184
48.571079, -119.924769184
48.580079, -119.924769184
48.589079, -119.924769184
48.598079, -119.924769184
48.607079, -119.924769184
48.616079, -119.924769184
48.625079, -119.924769184
48.634079, -119.924769184
48.643079, -119.924769184
48.652079, -119.924769184
48.661079, -119.924769184
48.670079, -119.924769184
48.679079, -119.924769184
48.688079, -119.924769184
48.697079, -119.924769184
48.706079, -119.924769184
48.715079, -119.924769184
48.724079, -119.924769184
48.733079, -119.924769184
48.742079, -119.924769184
48.751079, -119.924769184
48.760079, -119.924769184
48.769079, -119.924769184
48.778079, -119.924769184
48.787079, -119.924769184
48.796079, -119.924769184
48.805079, -119.924769184
48.814079, -119.924769184
48.823079, -119.924769184
48.832079, -119.924769184
48.841079, -119.924769184
48.850079, -119.924769184
48.859079, -119.924769184
48.868079, -119.924769184
48.877079, -119.924769184
48.886079, -119.924769184
48.895079, -119.924769184
48.904079, -119.924769184
48.913079, -119.924769184
48.922079, -119.924769184
48.931079, -119.924769184
48.940079, -119.924769184
48.949079, -119.924769184
46.213079, -119.911062426
46.222079, -119.911062426
46.231079, -119.911062426
46.240079, -119.911062426
46.249079, -119.911062426
46.258079, -119.911062426
46.267079, -119.911062426
46.276079, -119.911062426
46.285079, -119.911062426
46.294079, -119.911062426
46.303079, -119.911062426
46.312079, -119.911062426
46.321079, -119.911062426
46.330079, -119.911062426
46.339079, -119.911062426
46.348079, -119.911062426
46.357079, -119.911062426
46.366079, -119.911062426
46.375079, -119.911062426
46.384079, -119.911062426
46.393079, -119.911062426
46.402079, -119.911062426
46.411079, -119.911062426
46.420079, -119.911062426
46.429079, -119.911062426
46.438079, -119.911062426
46.447079, -119.911062426
46.456079, -119.911062426
46.465079, -119.911062426
46.474079, -119.911062426
46.483079, -119.911062426
46.492079, -119.911062426
46.501079, -119.911062426
46.510079, -119.911062426
46.519079, -119.911062426
46.528079, -119.911062426
46.537079, -119.911062426
46.546079, -119.911062426
46.555079, -119.911062426
46.564079, -119.911062426
46.573079, -119.911062426
46.582079, -119.911062426
46.591079, -119.911062426
46.600079, -119.911062426
46.609079, -119.911062426
46.618079, -119.911062426
46.627079, -119.911062426
46.636079, -119.911062426
46.645079, -119.911062426
46.654079, -119.911062426
46.663079, -119.911062426
46.672079, -119.911062426
46.681079, -119.911062426
46.690079, -119.911062426
46.699079, -119.911062426
46.708079, -119.911062426
46.717079, -119.911062426
46.726079, -119.911062426
46.735079, -119.911062426
46.744079, -119.911062426
46.753079, -119.911062426
46.762079, -119.911062426
46.771079, -119.911062426
46.780079, -119.911062426
46.789079, -119.911062426
46.798079, -119.911062426
46.807079, -119.911062426
46.816079, -119.911062426
46.825079, -119.911062426
46.834079, -119.911062426
46.843079, -119.911062426
46.852079, -119.911062426
46.861079, -119.911062426
46.870079, -119.911062426
46.879079, -119.911062426
46.888079, -119.911062426
46.897079, -119.911062426
46.906079, -119.911062426
46.915079, -119.911062426
46.924079, -119.911062426
46.933079, -119.911062426
46.942079, -119.911062426
46.951079, -119.911062426
46.960079, -119.911062426
46.969079, -119.911062426
46.978079, -119.911062426
46.987079, -119.911062426
46.996079, -119.911062426
47.005079, -119.911062426
47.014079, -119.911062426
47.023079, -119.911062426
47.032079, -119.911062426
47.041079, -119.911062426
47.050079, -119.911062426
47.059079, -119.911062426
47.068079, -119.911062426
47.077079, -119.911062426
47.086079, -119.911062426
47.095079, -119.911062426
47.104079, -119.911062426
47.113079, -119.911062426
47.122079, -119.911062426
47.131079, -119.911062426
47.140079, -119.911062426
47.149079, -119.911062426
47.158079, -119.911062426
47.167079, -119.911062426
47.176079, -119.911062426
47.185079, -119.911062426
47.194079, -119.911062426
47.203079, -119.911062426
47.212079, -119.911062426
47.221079, -119.911062426
47.230079, -119.911062426
47.239079, -119.911062426
47.248079, -119.911062426
47.257079, -119.911062426
47.266079, -119.911062426
47.275079, -119.911062426
47.284079, -119.911062426
47.293079, -119.911062426
47.302079, -119.911062426
47.311079, -119.911062426
47.320079, -119.911062426
47.329079, -119.911062426
47.338079, -119.911062426
47.347079, -119.911062426
47.356079, -119.911062426
47.365079, -119.911062426
47.374079, -119.911062426
47.383079, -119.911062426
47.392079, -119.911062426
47.401079, -119.911062426
47.410079, -119.911062426
47.419079, -119.911062426
47.428079, -119.911062426
47.437079, -119.911062426
47.446079, -119.911062426
47.455079, -119.911062426
47.464079, -119.911062426
47.473079, -119.911062426
47.482079, -119.911062426
47.491079, -119.911062426
47.500079, -119.911062426
47.509079, -119.911062426
47.518079, -119.911062426
47.527079, -119.911062426
47.536079, -119.911062426
47.545079, -119.911062426
47.554079, -119.911062426
47.563079, -119.911062426
47.572079, -119.911062426
47.581079, -119.911062426
47.590079, -119.911062426
47.599079, -119.911062426
47.608079, -119.911062426
47.617079, -119.911062426
47.626079, -119.911062426
47.635079, -119.911062426
47.644079, -119.911062426
47.653079, -119.911062426
47.662079, -119.911062426
47.671079, -119.911062426
47.680079, -119.911062426
47.689079, -119.911062426
47.698079, -119.911062426
47.707079, -119.911062426
47.716079, -119.911062426
47.725079, -119.911062426
47.734079, -119.911062426
47.743079, -119.911062426
47.752079, -119.911062426
47.761079, -119.911062426
47.770079, -119.911062426
47.779079, -119.911062426
47.788079, -119.911062426
47.797079, -119.911062426
47.806079, -119.911062426
47.815079, -119.911062426
47.824079, -119.911062426
47.833079, -119.911062426
47.842079, -119.911062426
47.851079, -119.911062426
47.860079, -119.911062426
47.869079, -119.911062426
47.878079, -119.911062426
47.887079, -119.911062426
47.896079, -119.911062426
47.905079, -119.911062426
47.914079, -119.911062426
47.923079, -119.911062426
47.932079, -119.911062426
47.941079, -119.911062426
47.950079, -119.911062426
47.959079, -119.911062426
47.968079, -119.911062426
47.977079, -119.911062426
47.986079, -119.911062426
47.995079, -119.911062426
48.004079, -119.911062426
48.013079, -119.911062426
48.022079, -119.911062426
48.031079, -119.911062426
48.040079, -119.911062426
48.049079, -119.911062426
48.058079, -119.911062426
48.067079, -119.911062426
48.076079, -119.911062426
48.085079, -119.911062426
48.094079, -119.911062426
48.103079, -119.911062426
48.112079, -119.911062426
48.121079, -119.911062426
48.130079, -119.911062426
48.139079, -119.911062426
48.148079, -119.911062426
48.157079, -119.911062426
48.166079, -119.911062426
48.175079, -119.911062426
48.184079, -119.911062426
48.193079, -119.911062426
48.202079, -119.911062426
48.211079, -119.911062426
48.220079, -119.911062426
48.229079, -119.911062426
48.238079, -119.911062426
48.247079, -119.911062426
48.256079, -119.911062426
48.265079, -119.911062426
48.274079, -119.911062426
48.283079, -119.911062426
48.292079, -119.911062426
48.301079, -119.911062426
48.310079, -119.911062426
48.319079, -119.911062426
48.328079, -119.911062426
48.337079, -119.911062426
48.346079, -119.911062426
48.355079, -119.911062426
48.364079, -119.911062426
48.373079, -119.911062426
48.382079, -119.911062426
48.391079, -119.911062426
48.400079, -119.911062426
48.409079, -119.911062426
48.418079, -119.911062426
48.427079, -119.911062426
48.436079, -119.911062426
48.445079, -119.911062426
48.454079, -119.911062426
48.463079, -119.911062426
48.472079, -119.911062426
48.481079, -119.911062426
48.490079, -119.911062426
48.499079, -119.911062426
48.508079, -119.911062426
48.517079, -119.911062426
48.526079, -119.911062426
48.535079, -119.911062426
48.544079, -119.911062426
48.553079, -119.911062426
48.562079, -119.911062426
48.571079, -119.911062426
48.580079, -119.911062426
48.589079, -119.911062426
48.598079, -119.911062426
48.607079, -119.911062426
48.616079, -119.911062426
48.625079, -119.911062426
48.634079, -119.911062426
48.643079, -119.911062426
48.652079, -119.911062426
48.661079, -119.911062426
48.670079, -119.911062426
48.679079, -119.911062426
48.688079, -119.911062426
48.697079, -119.911062426
48.706079, -119.911062426
48.715079, -119.911062426
48.724079, -119.911062426
48.733079, -119.911062426
48.742079, -119.911062426
48.751079, -119.911062426
48.760079, -119.911062426
48.769079, -119.911062426
48.778079, -119.911062426
48.787079, -119.911062426
48.796079, -119.911062426
48.805079, -119.911062426
48.814079, -119.911062426
48.823079, -119.911062426
48.832079, -119.911062426
48.841079, -119.911062426
48.850079, -119.911062426
48.859079, -119.911062426
48.868079, -119.911062426
48.877079, -119.911062426
48.886079, -119.911062426
48.895079, -119.911062426
48.904079, -119.911062426
48.913079, -119.911062426
48.922079, -119.911062426
48.931079, -119.911062426
48.940079, -119.911062426
48.949079, -119.911062426
46.213079, -119.897355667
46.222079, -119.897355667
46.231079, -119.897355667
46.240079, -119.897355667
46.249079, -119.897355667
46.258079, -119.897355667
46.267079, -119.897355667
46.276079, -119.897355667
46.285079, -119.897355667
46.294079, -119.897355667
46.303079, -119.897355667
46.312079, -119.897355667
46.321079, -119.897355667
46.330079, -119.897355667
46.339079, -119.897355667
46.348079, -119.897355667
46.357079, -119.897355667
46.366079, -119.897355667
46.375079, -119.897355667
46.384079, -119.897355667
46.393079, -119.897355667
46.402079, -119.897355667
46.411079, -119.897355667
46.420079, -119.897355667
46.429079, -119.897355667
46.438079, -119.897355667
46.447079, -119.897355667
46.456079, -119.897355667
46.465079, -119.897355667
46.474079, -119.897355667
46.483079, -119.897355667
46.492079, -119.897355667
46.501079, -119.897355667
46.510079, -119.897355667
46.519079, -119.897355667
46.528079, -119.897355667
46.537079, -119.897355667
46.546079, -119.897355667
46.555079, -119.897355667
46.564079, -119.897355667
46.573079, -119.897355667
46.582079, -119.897355667
46.591079, -119.897355667
46.600079, -119.897355667
46.609079, -119.897355667
46.618079, -119.897355667
46.627079, -119.897355667
46.636079, -119.897355667
46.645079, -119.897355667
46.654079, -119.897355667
46.663079, -119.897355667
46.672079, -119.897355667
46.681079, -119.897355667
46.690079, -119.897355667
46.699079, -119.897355667
46.708079, -119.897355667
46.717079, -119.897355667
46.726079, -119.897355667
46.735079, -119.897355667
46.744079, -119.897355667
46.753079, -119.897355667
46.762079, -119.897355667
46.771079, -119.897355667
46.780079, -119.897355667
46.789079, -119.897355667
46.798079, -119.897355667
46.807079, -119.897355667
46.816079, -119.897355667
46.825079, -119.897355667
46.834079, -119.897355667
46.843079, -119.897355667
46.852079, -119.897355667
46.861079, -119.897355667
46.870079, -119.897355667
46.879079, -119.897355667
46.888079, -119.897355667
46.897079, -119.897355667
46.906079, -119.897355667
46.915079, -119.897355667
46.924079, -119.897355667
46.933079, -119.897355667
46.942079, -119.897355667
46.951079, -119.897355667
46.960079, -119.897355667
46.969079, -119.897355667
46.978079, -119.897355667
46.987079, -119.897355667
46.996079, -119.897355667
47.005079, -119.897355667
47.014079, -119.897355667
47.023079, -119.897355667
47.032079, -119.897355667
47.041079, -119.897355667
47.050079, -119.897355667
47.059079, -119.897355667
47.068079, -119.897355667
47.077079, -119.897355667
47.086079, -119.897355667
47.095079, -119.897355667
47.104079, -119.897355667
47.113079, -119.897355667
47.122079, -119.897355667
47.131079, -119.897355667
47.140079, -119.897355667
47.149079, -119.897355667
47.158079, -119.897355667
47.167079, -119.897355667
47.176079, -119.897355667
47.185079, -119.897355667
47.194079, -119.897355667
47.203079, -119.897355667
47.212079, -119.897355667
47.221079, -119.897355667
47.230079, -119.897355667
47.239079, -119.897355667
47.248079, -119.897355667
47.257079, -119.897355667
47.266079, -119.897355667
47.275079, -119.897355667
47.284079, -119.897355667
47.293079, -119.897355667
47.302079, -119.897355667
47.311079, -119.897355667
47.320079, -119.897355667
47.329079, -119.897355667
47.338079, -119.897355667
47.347079, -119.897355667
47.356079, -119.897355667
47.365079, -119.897355667
47.374079, -119.897355667
47.383079, -119.897355667
47.392079, -119.897355667
47.401079, -119.897355667
47.410079, -119.897355667
47.419079, -119.897355667
47.428079, -119.897355667
47.437079, -119.897355667
47.446079, -119.897355667
47.455079, -119.897355667
47.464079, -119.897355667
47.473079, -119.897355667
47.482079, -119.897355667
47.491079, -119.897355667
47.500079, -119.897355667
47.509079, -119.897355667
47.518079, -119.897355667
47.527079, -119.897355667
47.536079, -119.897355667
47.545079, -119.897355667
47.554079, -119.897355667
47.563079, -119.897355667
47.572079, -119.897355667
47.581079, -119.897355667
47.590079, -119.897355667
47.599079, -119.897355667
47.608079, -119.897355667
47.617079, -119.897355667
47.626079, -119.897355667
47.635079, -119.897355667
47.644079, -119.897355667
47.653079, -119.897355667
47.662079, -119.897355667
47.671079, -119.897355667
47.680079, -119.897355667
47.689079, -119.897355667
47.698079, -119.897355667
47.707079, -119.897355667
47.716079, -119.897355667
47.725079, -119.897355667
47.734079, -119.897355667
47.743079, -119.897355667
47.752079, -119.897355667
47.761079, -119.897355667
47.770079, -119.897355667
47.779079, -119.897355667
47.788079, -119.897355667
47.797079, -119.897355667
47.806079, -119.897355667
47.815079, -119.897355667
47.824079, -119.897355667
47.833079, -119.897355667
47.842079, -119.897355667
47.851079, -119.897355667
47.860079, -119.897355667
47.869079, -119.897355667
47.878079, -119.897355667
47.887079, -119.897355667
47.896079, -119.897355667
47.905079, -119.897355667
47.914079, -119.897355667
47.923079, -119.897355667
47.932079, -119.897355667
47.941079, -119.897355667
47.950079, -119.897355667
47.959079, -119.897355667
47.968079, -119.897355667
47.977079, -119.897355667
47.986079, -119.897355667
47.995079, -119.897355667
48.004079, -119.897355667
48.013079, -119.897355667
48.022079, -119.897355667
48.031079, -119.897355667
48.040079, -119.897355667
48.049079, -119.897355667
48.058079, -119.897355667
48.067079, -119.897355667
48.076079, -119.897355667
48.085079, -119.897355667
48.094079, -119.897355667
48.103079, -119.897355667
48.112079, -119.897355667
48.121079, -119.897355667
48.130079, -119.897355667
48.139079, -119.897355667
48.148079, -119.897355667
48.157079, -119.897355667
48.166079, -119.897355667
48.175079, -119.897355667
48.184079, -119.897355667
48.193079, -119.897355667
48.202079, -119.897355667
48.211079, -119.897355667
48.220079, -119.897355667
48.229079, -119.897355667
48.238079, -119.897355667
48.247079, -119.897355667
48.256079, -119.897355667
48.265079, -119.897355667
48.274079, -119.897355667
48.283079, -119.897355667
48.292079, -119.897355667
48.301079, -119.897355667
48.310079, -119.897355667
48.319079, -119.897355667
48.328079, -119.897355667
48.337079, -119.897355667
48.346079, -119.897355667
48.355079, -119.897355667
48.364079, -119.897355667
48.373079, -119.897355667
48.382079, -119.897355667
48.391079, -119.897355667
48.400079, -119.897355667
48.409079, -119.897355667
48.418079, -119.897355667
48.427079, -119.897355667
48.436079, -119.897355667
48.445079, -119.897355667
48.454079, -119.897355667
48.463079, -119.897355667
48.472079, -119.897355667
48.481079, -119.897355667
48.490079, -119.897355667
48.499079, -119.897355667
48.508079, -119.897355667
48.517079, -119.897355667
48.526079, -119.897355667
48.535079, -119.897355667
48.544079, -119.897355667
48.553079, -119.897355667
48.562079, -119.897355667
48.571079, -119.897355667
48.580079, -119.897355667
48.589079, -119.897355667
48.598079, -119.897355667
48.607079, -119.897355667
48.616079, -119.897355667
48.625079, -119.897355667
48.634079, -119.897355667
48.643079, -119.897355667
48.652079, -119.897355667
48.661079, -119.897355667
48.670079, -119.897355667
48.679079, -119.897355667
48.688079, -119.897355667
48.697079, -119.897355667
48.706079, -119.897355667
48.715079, -119.897355667
48.724079, -119.897355667
48.733079, -119.897355667
48.742079, -119.897355667
48.751079, -119.897355667
48.760079, -119.897355667
48.769079, -119.897355667
48.778079, -119.897355667
48.787079, -119.897355667
48.796079, -119.897355667
48.805079, -119.897355667
48.814079, -119.897355667
48.823079, -119.897355667
48.832079, -119.897355667
48.841079, -119.897355667
48.850079, -119.897355667
48.859079, -119.897355667
48.868079, -119.897355667
48.877079, -119.897355667
48.886079, -119.897355667
48.895079, -119.897355667
48.904079, -119.897355667
48.913079, -119.897355667
48.922079, -119.897355667
48.931079, -119.897355667
48.940079, -119.897355667
48.949079, -119.897355667
46.213079, -119.883648909
46.222079, -119.883648909
46.231079, -119.883648909
46.240079, -119.883648909
46.249079, -119.883648909
46.258079, -119.883648909
46.267079, -119.883648909
46.276079, -119.883648909
46.285079, -119.883648909
46.294079, -119.883648909
46.303079, -119.883648909
46.312079, -119.883648909
46.321079, -119.883648909
46.330079, -119.883648909
46.339079, -119.883648909
46.348079, -119.883648909
46.357079, -119.883648909
46.366079, -119.883648909
46.375079, -119.883648909
46.384079, -119.883648909
46.393079, -119.883648909
46.402079, -119.883648909
46.411079, -119.883648909
46.420079, -119.883648909
46.429079, -119.883648909
46.438079, -119.883648909
46.447079, -119.883648909
46.456079, -119.883648909
46.465079, -119.883648909
46.474079, -119.883648909
46.483079, -119.883648909
46.492079, -119.883648909
46.501079, -119.883648909
46.510079, -119.883648909
46.519079, -119.883648909
46.528079, -119.883648909
46.537079, -119.883648909
46.546079, -119.883648909
46.555079, -119.883648909
46.564079, -119.883648909
46.573079, -119.883648909
46.582079, -119.883648909
46.591079, -119.883648909
46.600079, -119.883648909
46.609079, -119.883648909
46.618079, -119.883648909
46.627079, -119.883648909
46.636079, -119.883648909
46.645079, -119.883648909
46.654079, -119.883648909
46.663079, -119.883648909
46.672079, -119.883648909
46.681079, -119.883648909
46.690079, -119.883648909
46.699079, -119.883648909
46.708079, -119.883648909
46.717079, -119.883648909
46.726079, -119.883648909
46.735079, -119.883648909
46.744079, -119.883648909
46.753079, -119.883648909
46.762079, -119.883648909
46.771079, -119.883648909
46.780079, -119.883648909
46.789079, -119.883648909
46.798079, -119.883648909
46.807079, -119.883648909
46.816079, -119.883648909
46.825079, -119.883648909
46.834079, -119.883648909
46.843079, -119.883648909
46.852079, -119.883648909
46.861079, -119.883648909
46.870079, -119.883648909
46.879079, -119.883648909
46.888079, -119.883648909
46.897079, -119.883648909
46.906079, -119.883648909
46.915079, -119.883648909
46.924079, -119.883648909
46.933079, -119.883648909
46.942079, -119.883648909
46.951079, -119.883648909
46.960079, -119.883648909
46.969079, -119.883648909
46.978079, -119.883648909
46.987079, -119.883648909
46.996079, -119.883648909
47.005079, -119.883648909
47.014079, -119.883648909
47.023079, -119.883648909
47.032079, -119.883648909
47.041079, -119.883648909
47.050079, -119.883648909
47.059079, -119.883648909
47.068079, -119.883648909
47.077079, -119.883648909
47.086079, -119.883648909
47.095079, -119.883648909
47.104079, -119.883648909
47.113079, -119.883648909
47.122079, -119.883648909
47.131079, -119.883648909
47.140079, -119.883648909
47.149079, -119.883648909
47.158079, -119.883648909
47.167079, -119.883648909
47.176079, -119.883648909
47.185079, -119.883648909
47.194079, -119.883648909
47.203079, -119.883648909
47.212079, -119.883648909
47.221079, -119.883648909
47.230079, -119.883648909
47.239079, -119.883648909
47.248079, -119.883648909
47.257079, -119.883648909
47.266079, -119.883648909
47.275079, -119.883648909
47.284079, -119.883648909
47.293079, -119.883648909
47.302079, -119.883648909
47.311079, -119.883648909
47.320079, -119.883648909
47.329079, -119.883648909
47.338079, -119.883648909
47.347079, -119.883648909
47.356079, -119.883648909
47.365079, -119.883648909
47.374079, -119.883648909
47.383079, -119.883648909
47.392079, -119.883648909
47.401079, -119.883648909
47.410079, -119.883648909
47.419079, -119.883648909
47.428079, -119.883648909
47.437079, -119.883648909
47.446079, -119.883648909
47.455079, -119.883648909
47.464079, -119.883648909
47.473079, -119.883648909
47.482079, -119.883648909
47.491079, -119.883648909
47.500079, -119.883648909
47.509079, -119.883648909
47.518079, -119.883648909
47.527079, -119.883648909
47.536079, -119.883648909
47.545079, -119.883648909
47.554079, -119.883648909
47.563079, -119.883648909
47.572079, -119.883648909
47.581079, -119.883648909
47.590079, -119.883648909
47.599079, -119.883648909
47.608079, -119.883648909
47.617079, -119.883648909
47.626079, -119.883648909
47.635079, -119.883648909
47.644079, -119.883648909
47.653079, -119.883648909
47.662079, -119.883648909
47.671079, -119.883648909
47.680079, -119.883648909
47.689079, -119.883648909
47.698079, -119.883648909
47.707079, -119.883648909
47.716079, -119.883648909
47.725079, -119.883648909
47.734079, -119.883648909
47.743079, -119.883648909
47.752079, -119.883648909
47.761079, -119.883648909
47.770079, -119.883648909
47.779079, -119.883648909
47.788079, -119.883648909
47.797079, -119.883648909
47.806079, -119.883648909
47.815079, -119.883648909
47.824079, -119.883648909
47.833079, -119.883648909
47.842079, -119.883648909
47.851079, -119.883648909
47.860079, -119.883648909
47.869079, -119.883648909
47.878079, -119.883648909
47.887079, -119.883648909
47.896079, -119.883648909
47.905079, -119.883648909
47.914079, -119.883648909
47.923079, -119.883648909
47.932079, -119.883648909
47.941079, -119.883648909
47.950079, -119.883648909
47.959079, -119.883648909
47.968079, -119.883648909
47.977079, -119.883648909
47.986079, -119.883648909
47.995079, -119.883648909
48.004079, -119.883648909
48.013079, -119.883648909
48.022079, -119.883648909
48.031079, -119.883648909
48.040079, -119.883648909
48.049079, -119.883648909
48.058079, -119.883648909
48.067079, -119.883648909
48.076079, -119.883648909
48.085079, -119.883648909
48.094079, -119.883648909
48.103079, -119.883648909
48.112079, -119.883648909
48.121079, -119.883648909
48.130079, -119.883648909
48.139079, -119.883648909
48.148079, -119.883648909
48.157079, -119.883648909
48.166079, -119.883648909
48.175079, -119.883648909
48.184079, -119.883648909
48.193079, -119.883648909
48.202079, -119.883648909
48.211079, -119.883648909
48.220079, -119.883648909
48.229079, -119.883648909
48.238079, -119.883648909
48.247079, -119.883648909
48.256079, -119.883648909
48.265079, -119.883648909
48.274079, -119.883648909
48.283079, -119.883648909
48.292079, -119.883648909
48.301079, -119.883648909
48.310079, -119.883648909
48.319079, -119.883648909
48.328079, -119.883648909
48.337079, -119.883648909
48.346079, -119.883648909
48.355079, -119.883648909
48.364079, -119.883648909
48.373079, -119.883648909
48.382079, -119.883648909
48.391079, -119.883648909
48.400079, -119.883648909
48.409079, -119.883648909
48.418079, -119.883648909
48.427079, -119.883648909
48.436079, -119.883648909
48.445079, -119.883648909
48.454079, -119.883648909
48.463079, -119.883648909
48.472079, -119.883648909
48.481079, -119.883648909
48.490079, -119.883648909
48.499079, -119.883648909
48.508079, -119.883648909
48.517079, -119.883648909
48.526079, -119.883648909
48.535079, -119.883648909
48.544079, -119.883648909
48.553079, -119.883648909
48.562079, -119.883648909
48.571079, -119.883648909
48.580079, -119.883648909
48.589079, -119.883648909
48.598079, -119.883648909
48.607079, -119.883648909
48.616079, -119.883648909
48.625079, -119.883648909
48.634079, -119.883648909
48.643079, -119.883648909
48.652079, -119.883648909
48.661079, -119.883648909
48.670079, -119.883648909
48.679079, -119.883648909
48.688079, -119.883648909
48.697079, -119.883648909
48.706079, -119.883648909
48.715079, -119.883648909
48.724079, -119.883648909
48.733079, -119.883648909
48.742079, -119.883648909
48.751079, -119.883648909
48.760079, -119.883648909
48.769079, -119.883648909
48.778079, -119.883648909
48.787079, -119.883648909
48.796079, -119.883648909
48.805079, -119.883648909
48.814079, -119.883648909
48.823079, -119.883648909
48.832079, -119.883648909
48.841079, -119.883648909
48.850079, -119.883648909
48.859079, -119.883648909
48.868079, -119.883648909
48.877079, -119.883648909
48.886079, -119.883648909
48.895079, -119.883648909
48.904079, -119.883648909
48.913079, -119.883648909
48.922079, -119.883648909
48.931079, -119.883648909
48.940079, -119.883648909
48.949079, -119.883648909
46.213079, -119.86994215
46.222079, -119.86994215
46.231079, -119.86994215
46.240079, -119.86994215
46.249079, -119.86994215
46.258079, -119.86994215
46.267079, -119.86994215
46.276079, -119.86994215
46.285079, -119.86994215
46.294079, -119.86994215
46.303079, -119.86994215
46.312079, -119.86994215
46.321079, -119.86994215
46.330079, -119.86994215
46.339079, -119.86994215
46.348079, -119.86994215
46.357079, -119.86994215
46.366079, -119.86994215
46.375079, -119.86994215
46.384079, -119.86994215
46.393079, -119.86994215
46.402079, -119.86994215
46.411079, -119.86994215
46.420079, -119.86994215
46.429079, -119.86994215
46.438079, -119.86994215
46.447079, -119.86994215
46.456079, -119.86994215
46.465079, -119.86994215
46.474079, -119.86994215
46.483079, -119.86994215
46.492079, -119.86994215
46.501079, -119.86994215
46.510079, -119.86994215
46.519079, -119.86994215
46.528079, -119.86994215
46.537079, -119.86994215
46.546079, -119.86994215
46.555079, -119.86994215
46.564079, -119.86994215
46.573079, -119.86994215
46.582079, -119.86994215
46.591079, -119.86994215
46.600079, -119.86994215
46.609079, -119.86994215
46.618079, -119.86994215
46.627079, -119.86994215
46.636079, -119.86994215
46.645079, -119.86994215
46.654079, -119.86994215
46.663079, -119.86994215
46.672079, -119.86994215
46.681079, -119.86994215
46.690079, -119.86994215
46.699079, -119.86994215
46.708079, -119.86994215
46.717079, -119.86994215
46.726079, -119.86994215
46.735079, -119.86994215
46.744079, -119.86994215
46.753079, -119.86994215
46.762079, -119.86994215
46.771079, -119.86994215
46.780079, -119.86994215
46.789079, -119.86994215
46.798079, -119.86994215
46.807079, -119.86994215
46.816079, -119.86994215
46.825079, -119.86994215
46.834079, -119.86994215
46.843079, -119.86994215
46.852079, -119.86994215
46.861079, -119.86994215
46.870079, -119.86994215
46.879079, -119.86994215
46.888079, -119.86994215
