47.878079, -124.557653555
47.887079, -124.557653555
47.896079, -124.557653555
47.905079, -124.557653555
47.914079, -124.557653555
47.923079, -124.557653555
47.932079, -124.557653555
47.941079, -124.557653555
47.950079, -124.557653555
47.959079, -124.557653555
47.968079, -124.557653555
47.977079, -124.557653555
47.986079, -124.557653555
47.995079, -124.557653555
48.004079, -124.557653555
48.013079, -124.557653555
48.022079, -124.557653555
48.031079, -124.557653555
48.040079, -124.557653555
48.049079, -124.557653555
48.058079, -124.557653555
48.067079, -124.557653555
48.076079, -124.557653555
48.085079, -124.557653555
48.094079, -124.557653555
48.103079, -124.557653555
48.112079, -124.557653555
48.121079, -124.557653555
48.130079, -124.557653555
48.139079, -124.557653555
48.148079, -124.557653555
48.157079, -124.557653555
48.166079, -124.557653555
48.175079, -124.557653555
48.184079, -124.557653555
48.193079, -124.557653555
48.202079, -124.557653555
48.211079, -124.557653555
48.220079, -124.557653555
48.229079, -124.557653555
48.238079, -124.557653555
48.247079, -124.557653555
48.256079, -124.557653555
48.265079, -124.557653555
48.274079, -124.557653555
48.283079, -124.557653555
48.292079, -124.557653555
48.301079, -124.557653555
48.310079, -124.557653555
48.319079, -124.557653555
48.328079, -124.557653555
48.337079, -124.557653555
48.346079, -124.557653555
48.355079, -124.557653555
48.364079, -124.557653555
48.373079, -124.557653555
48.382079, -124.557653555
48.391079, -124.557653555
48.400079, -124.557653555
48.409079, -124.557653555
48.418079, -124.557653555
48.427079, -124.557653555
48.436079, -124.557653555
48.445079, -124.557653555
48.454079, -124.557653555
48.463079, -124.557653555
48.472079, -124.557653555
48.481079, -124.557653555
48.490079, -124.557653555
48.499079, -124.557653555
48.508079, -124.557653555
48.517079, -124.557653555
48.526079, -124.557653555
48.535079, -124.557653555
48.544079, -124.557653555
48.553079, -124.557653555
48.562079, -124.557653555
48.571079, -124.557653555
48.580079, -124.557653555
48.589079, -124.557653555
48.598079, -124.557653555
48.607079, -124.557653555
48.616079, -124.557653555
48.625079, -124.557653555
48.634079, -124.557653555
48.643079, -124.557653555
48.652079, -124.557653555
48.661079, -124.557653555
48.670079, -124.557653555
48.679079, -124.557653555
48.688079, -124.557653555
48.697079, -124.557653555
48.706079, -124.557653555
48.715079, -124.557653555
48.724079, -124.557653555
48.733079, -124.557653555
48.742079, -124.557653555
48.751079, -124.557653555
48.760079, -124.557653555
48.769079, -124.557653555
48.778079, -124.557653555
48.787079, -124.557653555
48.796079, -124.557653555
48.805079, -124.557653555
48.814079, -124.557653555
48.823079, -124.557653555
48.832079, -124.557653555
48.841079, -124.557653555
48.850079, -124.557653555
48.859079, -124.557653555
48.868079, -124.557653555
48.877079, -124.557653555
48.886079, -124.557653555
48.895079, -124.557653555
48.904079, -124.557653555
48.913079, -124.557653555
48.922079, -124.557653555
48.931079, -124.557653555
48.940079, -124.557653555
48.949079, -124.557653555
46.213079, -124.543946796
46.222079, -124.543946796
46.231079, -124.543946796
46.240079, -124.543946796
46.249079, -124.543946796
46.258079, -124.543946796
46.267079, -124.543946796
46.276079, -124.543946796
46.285079, -124.543946796
46.294079, -124.543946796
46.303079, -124.543946796
46.312079, -124.543946796
46.321079, -124.543946796
46.330079, -124.543946796
46.339079, -124.543946796
46.348079, -124.543946796
46.357079, -124.543946796
46.366079, -124.543946796
46.375079, -124.543946796
46.384079, -124.543946796
46.393079, -124.543946796
46.402079, -124.543946796
46.411079, -124.543946796
46.420079, -124.543946796
46.429079, -124.543946796
46.438079, -124.543946796
46.447079, -124.543946796
46.456079, -124.543946796
46.465079, -124.543946796
46.474079, -124.543946796
46.483079, -124.543946796
46.492079, -124.543946796
46.501079, -124.543946796
46.510079, -124.543946796
46.519079, -124.543946796
46.528079, -124.543946796
46.537079, -124.543946796
46.546079, -124.543946796
46.555079, -124.543946796
46.564079, -124.543946796
46.573079, -124.543946796
46.582079, -124.543946796
46.591079, -124.543946796
46.600079, -124.543946796
46.609079, -124.543946796
46.618079, -124.543946796
46.627079, -124.543946796
46.636079, -124.543946796
46.645079, -124.543946796
46.654079, -124.543946796
46.663079, -124.543946796
46.672079, -124.543946796
46.681079, -124.543946796
46.690079, -124.543946796
46.699079, -124.543946796
46.708079, -124.543946796
46.717079, -124.543946796
46.726079, -124.543946796
46.735079, -124.543946796
46.744079, -124.543946796
46.753079, -124.543946796
46.762079, -124.543946796
46.771079, -124.543946796
46.780079, -124.543946796
46.789079, -124.543946796
46.798079, -124.543946796
46.807079, -124.543946796
46.816079, -124.543946796
46.825079, -124.543946796
46.834079, -124.543946796
46.843079, -124.543946796
46.852079, -124.543946796
46.861079, -124.543946796
46.870079, -124.543946796
46.879079, -124.543946796
46.888079, -124.543946796
46.897079, -124.543946796
46.906079, -124.543946796
46.915079, -124.543946796
46.924079, -124.543946796
46.933079, -124.543946796
46.942079, -124.543946796
46.951079, -124.543946796
46.960079, -124.543946796
46.969079, -124.543946796
46.978079, -124.543946796
46.987079, -124.543946796
46.996079, -124.543946796
47.005079, -124.543946796
47.014079, -124.543946796
47.023079, -124.543946796
47.032079, -124.543946796
47.041079, -124.543946796
47.050079, -124.543946796
47.059079, -124.543946796
47.068079, -124.543946796
47.077079, -124.543946796
47.086079, -124.543946796
47.095079, -124.543946796
47.104079, -124.543946796
47.113079, -124.543946796
47.122079, -124.543946796
47.131079, -124.543946796
47.140079, -124.543946796
47.149079, -124.543946796
47.158079, -124.543946796
47.167079, -124.543946796
47.176079, -124.543946796
47.185079, -124.543946796
47.194079, -124.543946796
47.203079, -124.543946796
47.212079, -124.543946796
47.221079, -124.543946796
47.230079, -124.543946796
47.239079, -124.543946796
47.248079, -124.543946796
47.257079, -124.543946796
47.266079, -124.543946796
47.275079, -124.543946796
47.284079, -124.543946796
47.293079, -124.543946796
47.302079, -124.543946796
47.311079, -124.543946796
47.320079, -124.543946796
47.329079, -124.543946796
47.338079, -124.543946796
47.347079, -124.543946796
47.356079, -124.543946796
47.365079, -124.543946796
47.374079, -124.543946796
47.383079, -124.543946796
47.392079, -124.543946796
47.401079, -124.543946796
47.410079, -124.543946796
47.419079, -124.543946796
47.428079, -124.543946796
47.437079, -124.543946796
47.446079, -124.543946796
47.455079, -124.543946796
47.464079, -124.543946796
47.473079, -124.543946796
47.482079, -124.543946796
47.491079, -124.543946796
47.500079, -124.543946796
47.509079, -124.543946796
47.518079, -124.543946796
47.527079, -124.543946796
47.536079, -124.543946796
47.545079, -124.543946796
47.554079, -124.543946796
47.563079, -124.543946796
47.572079, -124.543946796
47.581079, -124.543946796
47.590079, -124.543946796
47.599079, -124.543946796
47.608079, -124.543946796
47.617079, -124.543946796
47.626079, -124.543946796
47.635079, -124.543946796
47.644079, -124.543946796
47.653079, -124.543946796
47.662079, -124.543946796
47.671079, -124.543946796
47.680079, -124.543946796
47.689079, -124.543946796
47.698079, -124.543946796
47.707079, -124.543946796
47.716079, -124.543946796
47.725079, -124.543946796
47.734079, -124.543946796
47.743079, -124.543946796
47.752079, -124.543946796
47.761079, -124.543946796
47.770079, -124.543946796
47.779079, -124.543946796
47.788079, -124.543946796
47.797079, -124.543946796
47.806079, -124.543946796
47.815079, -124.543946796
47.824079, -124.543946796
47.833079, -124.543946796
47.842079, -124.543946796
47.851079, -124.543946796
47.860079, -124.543946796
47.869079, -124.543946796
47.878079, -124.543946796
47.887079, -124.543946796
47.896079, -124.543946796
47.905079, -124.543946796
47.914079, -124.543946796
47.923079, -124.543946796
47.932079, -124.543946796
47.941079, -124.543946796
47.950079, -124.543946796
47.959079, -124.543946796
47.968079, -124.543946796
47.977079, -124.543946796
47.986079, -124.543946796
47.995079, -124.543946796
48.004079, -124.543946796
48.013079, -124.543946796
48.022079, -124.543946796
48.031079, -124.543946796
48.040079, -124.543946796
48.049079, -124.543946796
48.058079, -124.543946796
48.067079, -124.543946796
48.076079, -124.543946796
48.085079, -124.543946796
48.094079, -124.543946796
48.103079, -124.543946796
48.112079, -124.543946796
48.121079, -124.543946796
48.130079, -124.543946796
48.139079, -124.543946796
48.148079, -124.543946796
48.157079, -124.543946796
48.166079, -124.543946796
48.175079, -124.543946796
48.184079, -124.543946796
48.193079, -124.543946796
48.202079, -124.543946796
48.211079, -124.543946796
48.220079, -124.543946796
48.229079, -124.543946796
48.238079, -124.543946796
48.247079, -124.543946796
48.256079, -124.543946796
48.265079, -124.543946796
48.274079, -124.543946796
48.283079, -124.543946796
48.292079, -124.543946796
48.301079, -124.543946796
48.310079, -124.543946796
48.319079, -124.543946796
48.328079, -124.543946796
48.337079, -124.543946796
48.346079, -124.543946796
48.355079, -124.543946796
48.364079, -124.543946796
48.373079, -124.543946796
48.382079, -124.543946796
48.391079, -124.543946796
48.400079, -124.543946796
48.409079, -124.543946796
48.418079, -124.543946796
48.427079, -124.543946796
48.436079, -124.543946796
48.445079, -124.543946796
48.454079, -124.543946796
48.463079, -124.543946796
48.472079, -124.543946796
48.481079, -124.543946796
48.490079, -124.543946796
48.499079, -124.543946796
48.508079, -124.543946796
48.517079, -124.543946796
48.526079, -124.543946796
48.535079, -124.543946796
48.544079, -124.543946796
48.553079, -124.543946796
48.562079, -124.543946796
48.571079, -124.543946796
48.580079, -124.543946796
48.589079, -124.543946796
48.598079, -124.543946796
48.607079, -124.543946796
48.616079, -124.543946796
48.625079, -124.543946796
48.634079, -124.543946796
48.643079, -124.543946796
48.652079, -124.543946796
48.661079, -124.543946796
48.670079, -124.543946796
48.679079, -124.543946796
48.688079, -124.543946796
48.697079, -124.543946796
48.706079, -124.543946796
48.715079, -124.543946796
48.724079, -124.543946796
48.733079, -124.543946796
48.742079, -124.543946796
48.751079, -124.543946796
48.760079, -124.543946796
48.769079, -124.543946796
48.778079, -124.543946796
48.787079, -124.543946796
48.796079, -124.543946796
48.805079, -124.543946796
48.814079, -124.543946796
48.823079, -124.543946796
48.832079, -124.543946796
48.841079, -124.543946796
48.850079, -124.543946796
48.859079, -124.543946796
48.868079, -124.543946796
48.877079, -124.543946796
48.886079, -124.543946796
48.895079, -124.543946796
48.904079, -124.543946796
48.913079, -124.543946796
48.922079, -124.543946796
48.931079, -124.543946796
48.940079, -124.543946796
48.949079, -124.543946796
46.213079, -124.530240038
46.222079, -124.530240038
46.231079, -124.530240038
46.240079, -124.530240038
46.249079, -124.530240038
46.258079, -124.530240038
46.267079, -124.530240038
46.276079, -124.530240038
46.285079, -124.530240038
46.294079, -124.530240038
46.303079, -124.530240038
46.312079, -124.530240038
46.321079, -124.530240038
46.330079, -124.530240038
46.339079, -124.530240038
46.348079, -124.530240038
46.357079, -124.530240038
46.366079, -124.530240038
46.375079, -124.530240038
46.384079, -124.530240038
46.393079, -124.530240038
46.402079, -124.530240038
46.411079, -124.530240038
46.420079, -124.530240038
46.429079, -124.530240038
46.438079, -124.530240038
46.447079, -124.530240038
46.456079, -124.530240038
46.465079, -124.530240038
46.474079, -124.530240038
46.483079, -124.530240038
46.492079, -124.530240038
46.501079, -124.530240038
46.510079, -124.530240038
46.519079, -124.530240038
46.528079, -124.530240038
46.537079, -124.530240038
46.546079, -124.530240038
46.555079, -124.530240038
46.564079, -124.530240038
46.573079, -124.530240038
46.582079, -124.530240038
46.591079, -124.530240038
46.600079, -124.530240038
46.609079, -124.530240038
46.618079, -124.530240038
46.627079, -124.530240038
46.636079, -124.530240038
46.645079, -124.530240038
46.654079, -124.530240038
46.663079, -124.530240038
46.672079, -124.530240038
46.681079, -124.530240038
46.690079, -124.530240038
46.699079, -124.530240038
46.708079, -124.530240038
46.717079, -124.530240038
46.726079, -124.530240038
46.735079, -124.530240038
46.744079, -124.530240038
46.753079, -124.530240038
46.762079, -124.530240038
46.771079, -124.530240038
46.780079, -124.530240038
46.789079, -124.530240038
46.798079, -124.530240038
46.807079, -124.530240038
46.816079, -124.530240038
46.825079, -124.530240038
46.834079, -124.530240038
46.843079, -124.530240038
46.852079, -124.530240038
46.861079, -124.530240038
46.870079, -124.530240038
46.879079, -124.530240038
46.888079, -124.530240038
46.897079, -124.530240038
46.906079, -124.530240038
46.915079, -124.530240038
46.924079, -124.530240038
46.933079, -124.530240038
46.942079, -124.530240038
46.951079, -124.530240038
46.960079, -124.530240038
46.969079, -124.530240038
46.978079, -124.530240038
46.987079, -124.530240038
46.996079, -124.530240038
47.005079, -124.530240038
47.014079, -124.530240038
47.023079, -124.530240038
47.032079, -124.530240038
47.041079, -124.530240038
47.050079, -124.530240038
47.059079, -124.530240038
47.068079, -124.530240038
47.077079, -124.530240038
47.086079, -124.530240038
47.095079, -124.530240038
47.104079, -124.530240038
47.113079, -124.530240038
47.122079, -124.530240038
47.131079, -124.530240038
47.140079, -124.530240038
47.149079, -124.530240038
47.158079, -124.530240038
47.167079, -124.530240038
47.176079, -124.530240038
47.185079, -124.530240038
47.194079, -124.530240038
47.203079, -124.530240038
47.212079, -124.530240038
47.221079, -124.530240038
47.230079, -124.530240038
47.239079, -124.530240038
47.248079, -124.530240038
47.257079, -124.530240038
47.266079, -124.530240038
47.275079, -124.530240038
47.284079, -124.530240038
47.293079, -124.530240038
47.302079, -124.530240038
47.311079, -124.530240038
47.320079, -124.530240038
47.329079, -124.530240038
47.338079, -124.530240038
47.347079, -124.530240038
47.356079, -124.530240038
47.365079, -124.530240038
47.374079, -124.530240038
47.383079, -124.530240038
47.392079, -124.530240038
47.401079, -124.530240038
47.410079, -124.530240038
47.419079, -124.530240038
47.428079, -124.530240038
47.437079, -124.530240038
47.446079, -124.530240038
47.455079, -124.530240038
47.464079, -124.530240038
47.473079, -124.530240038
47.482079, -124.530240038
47.491079, -124.530240038
47.500079, -124.530240038
47.509079, -124.530240038
47.518079, -124.530240038
47.527079, -124.530240038
47.536079, -124.530240038
47.545079, -124.530240038
47.554079, -124.530240038
47.563079, -124.530240038
47.572079, -124.530240038
47.581079, -124.530240038
47.590079, -124.530240038
47.599079, -124.530240038
47.608079, -124.530240038
47.617079, -124.530240038
47.626079, -124.530240038
47.635079, -124.530240038
47.644079, -124.530240038
47.653079, -124.530240038
47.662079, -124.530240038
47.671079, -124.530240038
47.680079, -124.530240038
47.689079, -124.530240038
47.698079, -124.530240038
47.707079, -124.530240038
47.716079, -124.530240038
47.725079, -124.530240038
47.734079, -124.530240038
47.743079, -124.530240038
47.752079, -124.530240038
47.761079, -124.530240038
47.770079, -124.530240038
47.779079, -124.530240038
47.788079, -124.530240038
47.797079, -124.530240038
47.806079, -124.530240038
47.815079, -124.530240038
47.824079, -124.530240038
47.833079, -124.530240038
47.842079, -124.530240038
47.851079, -124.530240038
47.860079, -124.530240038
47.869079, -124.530240038
47.878079, -124.530240038
47.887079, -124.530240038
47.896079, -124.530240038
47.905079, -124.530240038
47.914079, -124.530240038
47.923079, -124.530240038
47.932079, -124.530240038
47.941079, -124.530240038
47.950079, -124.530240038
47.959079, -124.530240038
47.968079, -124.530240038
47.977079, -124.530240038
47.986079, -124.530240038
47.995079, -124.530240038
48.004079, -124.530240038
48.013079, -124.530240038
48.022079, -124.530240038
48.031079, -124.530240038
48.040079, -124.530240038
48.049079, -124.530240038
48.058079, -124.530240038
48.067079, -124.530240038
48.076079, -124.530240038
48.085079, -124.530240038
48.094079, -124.530240038
48.103079, -124.530240038
48.112079, -124.530240038
48.121079, -124.530240038
48.130079, -124.530240038
48.139079, -124.530240038
48.148079, -124.530240038
48.157079, -124.530240038
48.166079, -124.530240038
48.175079, -124.530240038
48.184079, -124.530240038
48.193079, -124.530240038
48.202079, -124.530240038
48.211079, -124.530240038
48.220079, -124.530240038
48.229079, -124.530240038
48.238079, -124.530240038
48.247079, -124.530240038
48.256079, -124.530240038
48.265079, -124.530240038
48.274079, -124.530240038
48.283079, -124.530240038
48.292079, -124.530240038
48.301079, -124.530240038
48.310079, -124.530240038
48.319079, -124.530240038
48.328079, -124.530240038
48.337079, -124.530240038
48.346079, -124.530240038
48.355079, -124.530240038
48.364079, -124.530240038
48.373079, -124.530240038
48.382079, -124.530240038
48.391079, -124.530240038
48.400079, -124.530240038
48.409079, -124.530240038
48.418079, -124.530240038
48.427079, -124.530240038
48.436079, -124.530240038
48.445079, -124.530240038
48.454079, -124.530240038
48.463079, -124.530240038
48.472079, -124.530240038
48.481079, -124.530240038
48.490079, -124.530240038
48.499079, -124.530240038
48.508079, -124.530240038
48.517079, -124.530240038
48.526079, -124.530240038
48.535079, -124.530240038
48.544079, -124.530240038
48.553079, -124.530240038
48.562079, -124.530240038
48.571079, -124.530240038
48.580079, -124.530240038
48.589079, -124.530240038
48.598079, -124.530240038
48.607079, -124.530240038
48.616079, -124.530240038
48.625079, -124.530240038
48.634079, -124.530240038
48.643079, -124.530240038
48.652079, -124.530240038
48.661079, -124.530240038
48.670079, -124.530240038
48.679079, -124.530240038
48.688079, -124.530240038
48.697079, -124.530240038
48.706079, -124.530240038
48.715079, -124.530240038
48.724079, -124.530240038
48.733079, -124.530240038
48.742079, -124.530240038
48.751079, -124.530240038
48.760079, -124.530240038
48.769079, -124.530240038
48.778079, -124.530240038
48.787079, -124.530240038
48.796079, -124.530240038
48.805079, -124.530240038
48.814079, -124.530240038
48.823079, -124.530240038
48.832079, -124.530240038
48.841079, -124.530240038
48.850079, -124.530240038
48.859079, -124.530240038
48.868079, -124.530240038
48.877079, -124.530240038
48.886079, -124.530240038
48.895079, -124.530240038
48.904079, -124.530240038
48.913079, -124.530240038
48.922079, -124.530240038
48.931079, -124.530240038
48.940079, -124.530240038
48.949079, -124.530240038
46.213079, -124.516533279
46.222079, -124.516533279
46.231079, -124.516533279
46.240079, -124.516533279
46.249079, -124.516533279
46.258079, -124.516533279
46.267079, -124.516533279
46.276079, -124.516533279
46.285079, -124.516533279
46.294079, -124.516533279
46.303079, -124.516533279
46.312079, -124.516533279
46.321079, -124.516533279
46.330079, -124.516533279
46.339079, -124.516533279
46.348079, -124.516533279
46.357079, -124.516533279
46.366079, -124.516533279
46.375079, -124.516533279
46.384079, -124.516533279
46.393079, -124.516533279
46.402079, -124.516533279
46.411079, -124.516533279
46.420079, -124.516533279
46.429079, -124.516533279
46.438079, -124.516533279
46.447079, -124.516533279
46.456079, -124.516533279
46.465079, -124.516533279
46.474079, -124.516533279
46.483079, -124.516533279
46.492079, -124.516533279
46.501079, -124.516533279
46.510079, -124.516533279
46.519079, -124.516533279
46.528079, -124.516533279
46.537079, -124.516533279
46.546079, -124.516533279
46.555079, -124.516533279
46.564079, -124.516533279
46.573079, -124.516533279
46.582079, -124.516533279
46.591079, -124.516533279
46.600079, -124.516533279
46.609079, -124.516533279
46.618079, -124.516533279
46.627079, -124.516533279
46.636079, -124.516533279
46.645079, -124.516533279
46.654079, -124.516533279
46.663079, -124.516533279
46.672079, -124.516533279
46.681079, -124.516533279
46.690079, -124.516533279
46.699079, -124.516533279
46.708079, -124.516533279
46.717079, -124.516533279
46.726079, -124.516533279
46.735079, -124.516533279
46.744079, -124.516533279
46.753079, -124.516533279
46.762079, -124.516533279
46.771079, -124.516533279
46.780079, -124.516533279
46.789079, -124.516533279
46.798079, -124.516533279
46.807079, -124.516533279
46.816079, -124.516533279
46.825079, -124.516533279
46.834079, -124.516533279
46.843079, -124.516533279
46.852079, -124.516533279
46.861079, -124.516533279
46.870079, -124.516533279
46.879079, -124.516533279
46.888079, -124.516533279
46.897079, -124.516533279
46.906079, -124.516533279
46.915079, -124.516533279
46.924079, -124.516533279
46.933079, -124.516533279
46.942079, -124.516533279
46.951079, -124.516533279
46.960079, -124.516533279
46.969079, -124.516533279
46.978079, -124.516533279
46.987079, -124.516533279
46.996079, -124.516533279
47.005079, -124.516533279
47.014079, -124.516533279
47.023079, -124.516533279
47.032079, -124.516533279
47.041079, -124.516533279
47.050079, -124.516533279
47.059079, -124.516533279
47.068079, -124.516533279
47.077079, -124.516533279
47.086079, -124.516533279
47.095079, -124.516533279
47.104079, -124.516533279
47.113079, -124.516533279
47.122079, -124.516533279
47.131079, -124.516533279
47.140079, -124.516533279
47.149079, -124.516533279
47.158079, -124.516533279
47.167079, -124.516533279
47.176079, -124.516533279
47.185079, -124.516533279
47.194079, -124.516533279
47.203079, -124.516533279
47.212079, -124.516533279
47.221079, -124.516533279
47.230079, -124.516533279
47.239079, -124.516533279
47.248079, -124.516533279
47.257079, -124.516533279
47.266079, -124.516533279
47.275079, -124.516533279
47.284079, -124.516533279
47.293079, -124.516533279
47.302079, -124.516533279
47.311079, -124.516533279
47.320079, -124.516533279
47.329079, -124.516533279
47.338079, -124.516533279
47.347079, -124.516533279
47.356079, -124.516533279
47.365079, -124.516533279
47.374079, -124.516533279
47.383079, -124.516533279
47.392079, -124.516533279
47.401079, -124.516533279
47.410079, -124.516533279
47.419079, -124.516533279
47.428079, -124.516533279
47.437079, -124.516533279
47.446079, -124.516533279
47.455079, -124.516533279
47.464079, -124.516533279
47.473079, -124.516533279
47.482079, -124.516533279
47.491079, -124.516533279
47.500079, -124.516533279
47.509079, -124.516533279
47.518079, -124.516533279
47.527079, -124.516533279
47.536079, -124.516533279
47.545079, -124.516533279
47.554079, -124.516533279
47.563079, -124.516533279
47.572079, -124.516533279
47.581079, -124.516533279
47.590079, -124.516533279
47.599079, -124.516533279
47.608079, -124.516533279
47.617079, -124.516533279
47.626079, -124.516533279
47.635079, -124.516533279
47.644079, -124.516533279
47.653079, -124.516533279
47.662079, -124.516533279
47.671079, -124.516533279
47.680079, -124.516533279
47.689079, -124.516533279
47.698079, -124.516533279
47.707079, -124.516533279
47.716079, -124.516533279
47.725079, -124.516533279
47.734079, -124.516533279
47.743079, -124.516533279
47.752079, -124.516533279
47.761079, -124.516533279
47.770079, -124.516533279
47.779079, -124.516533279
47.788079, -124.516533279
47.797079, -124.516533279
47.806079, -124.516533279
47.815079, -124.516533279
47.824079, -124.516533279
47.833079, -124.516533279
47.842079, -124.516533279
47.851079, -124.516533279
47.860079, -124.516533279
47.869079, -124.516533279
47.878079, -124.516533279
47.887079, -124.516533279
47.896079, -124.516533279
47.905079, -124.516533279
47.914079, -124.516533279
47.923079, -124.516533279
47.932079, -124.516533279
47.941079, -124.516533279
47.950079, -124.516533279
47.959079, -124.516533279
47.968079, -124.516533279
47.977079, -124.516533279
47.986079, -124.516533279
47.995079, -124.516533279
48.004079, -124.516533279
48.013079, -124.516533279
48.022079, -124.516533279
48.031079, -124.516533279
48.040079, -124.516533279
48.049079, -124.516533279
48.058079, -124.516533279
48.067079, -124.516533279
48.076079, -124.516533279
48.085079, -124.516533279
48.094079, -124.516533279
48.103079, -124.516533279
48.112079, -124.516533279
48.121079, -124.516533279
48.130079, -124.516533279
48.139079, -124.516533279
48.148079, -124.516533279
48.157079, -124.516533279
48.166079, -124.516533279
48.175079, -124.516533279
48.184079, -124.516533279
48.193079, -124.516533279
48.202079, -124.516533279
48.211079, -124.516533279
48.220079, -124.516533279
48.229079, -124.516533279
48.238079, -124.516533279
48.247079, -124.516533279
48.256079, -124.516533279
48.265079, -124.516533279
48.274079, -124.516533279
48.283079, -124.516533279
48.292079, -124.516533279
48.301079, -124.516533279
48.310079, -124.516533279
48.319079, -124.516533279
48.328079, -124.516533279
48.337079, -124.516533279
48.346079, -124.516533279
48.355079, -124.516533279
48.364079, -124.516533279
48.373079, -124.516533279
48.382079, -124.516533279
48.391079, -124.516533279
48.400079, -124.516533279
48.409079, -124.516533279
48.418079, -124.516533279
48.427079, -124.516533279
48.436079, -124.516533279
48.445079, -124.516533279
48.454079, -124.516533279
48.463079, -124.516533279
48.472079, -124.516533279
48.481079, -124.516533279
48.490079, -124.516533279
48.499079, -124.516533279
48.508079, -124.516533279
48.517079, -124.516533279
48.526079, -124.516533279
48.535079, -124.516533279
48.544079, -124.516533279
48.553079, -124.516533279
48.562079, -124.516533279
48.571079, -124.516533279
48.580079, -124.516533279
48.589079, -124.516533279
48.598079, -124.516533279
48.607079, -124.516533279
48.616079, -124.516533279
48.625079, -124.516533279
48.634079, -124.516533279
48.643079, -124.516533279
48.652079, -124.516533279
48.661079, -124.516533279
48.670079, -124.516533279
48.679079, -124.516533279
48.688079, -124.516533279
48.697079, -124.516533279
48.706079, -124.516533279
48.715079, -124.516533279
48.724079, -124.516533279
48.733079, -124.516533279
48.742079, -124.516533279
48.751079, -124.516533279
48.760079, -124.516533279
48.769079, -124.516533279
48.778079, -124.516533279
48.787079, -124.516533279
48.796079, -124.516533279
48.805079, -124.516533279
48.814079, -124.516533279
48.823079, -124.516533279
48.832079, -124.516533279
48.841079, -124.516533279
48.850079, -124.516533279
48.859079, -124.516533279
48.868079, -124.516533279
48.877079, -124.516533279
48.886079, -124.516533279
48.895079, -124.516533279
48.904079, -124.516533279
48.913079, -124.516533279
48.922079, -124.516533279
48.931079, -124.516533279
48.940079, -124.516533279
48.949079, -124.516533279
46.213079, -124.502826521
46.222079, -124.502826521
46.231079, -124.502826521
46.240079, -124.502826521
46.249079, -124.502826521
46.258079, -124.502826521
46.267079, -124.502826521
46.276079, -124.502826521
46.285079, -124.502826521
46.294079, -124.502826521
46.303079, -124.502826521
46.312079, -124.502826521
46.321079, -124.502826521
46.330079, -124.502826521
46.339079, -124.502826521
46.348079, -124.502826521
46.357079, -124.502826521
46.366079, -124.502826521
46.375079, -124.502826521
46.384079, -124.502826521
46.393079, -124.502826521
46.402079, -124.502826521
46.411079, -124.502826521
46.420079, -124.502826521
46.429079, -124.502826521
46.438079, -124.502826521
46.447079, -124.502826521
46.456079, -124.502826521
46.465079, -124.502826521
46.474079, -124.502826521
46.483079, -124.502826521
46.492079, -124.502826521
46.501079, -124.502826521
46.510079, -124.502826521
46.519079, -124.502826521
46.528079, -124.502826521
46.537079, -124.502826521
46.546079, -124.502826521
46.555079, -124.502826521
46.564079, -124.502826521
46.573079, -124.502826521
46.582079, -124.502826521
46.591079, -124.502826521
46.600079, -124.502826521
46.609079, -124.502826521
46.618079, -124.502826521
46.627079, -124.502826521
46.636079, -124.502826521
46.645079, -124.502826521
46.654079, -124.502826521
46.663079, -124.502826521
46.672079, -124.502826521
46.681079, -124.502826521
46.690079, -124.502826521
46.699079, -124.502826521
46.708079, -124.502826521
46.717079, -124.502826521
46.726079, -124.502826521
46.735079, -124.502826521
46.744079, -124.502826521
46.753079, -124.502826521
46.762079, -124.502826521
46.771079, -124.502826521
46.780079, -124.502826521
46.789079, -124.502826521
46.798079, -124.502826521
46.807079, -124.502826521
46.816079, -124.502826521
46.825079, -124.502826521
46.834079, -124.502826521
46.843079, -124.502826521
46.852079, -124.502826521
46.861079, -124.502826521
46.870079, -124.502826521
46.879079, -124.502826521
46.888079, -124.502826521
46.897079, -124.502826521
46.906079, -124.502826521
46.915079, -124.502826521
46.924079, -124.502826521
46.933079, -124.502826521
46.942079, -124.502826521
46.951079, -124.502826521
46.960079, -124.502826521
46.969079, -124.502826521
46.978079, -124.502826521
46.987079, -124.502826521
46.996079, -124.502826521
47.005079, -124.502826521
47.014079, -124.502826521
47.023079, -124.502826521
47.032079, -124.502826521
47.041079, -124.502826521
47.050079, -124.502826521
47.059079, -124.502826521
47.068079, -124.502826521
47.077079, -124.502826521
47.086079, -124.502826521
47.095079, -124.502826521
47.104079, -124.502826521
47.113079, -124.502826521
47.122079, -124.502826521
47.131079, -124.502826521
47.140079, -124.502826521
47.149079, -124.502826521
47.158079, -124.502826521
47.167079, -124.502826521
47.176079, -124.502826521
47.185079, -124.502826521
47.194079, -124.502826521
47.203079, -124.502826521
47.212079, -124.502826521
47.221079, -124.502826521
47.230079, -124.502826521
47.239079, -124.502826521
47.248079, -124.502826521
47.257079, -124.502826521
47.266079, -124.502826521
47.275079, -124.502826521
47.284079, -124.502826521
47.293079, -124.502826521
47.302079, -124.502826521
47.311079, -124.502826521
47.320079, -124.502826521
47.329079, -124.502826521
47.338079, -124.502826521
47.347079, -124.502826521
47.356079, -124.502826521
47.365079, -124.502826521
47.374079, -124.502826521
47.383079, -124.502826521
47.392079, -124.502826521
47.401079, -124.502826521
47.410079, -124.502826521
47.419079, -124.502826521
47.428079, -124.502826521
47.437079, -124.502826521
47.446079, -124.502826521
47.455079, -124.502826521
47.464079, -124.502826521
47.473079, -124.502826521
47.482079, -124.502826521
47.491079, -124.502826521
47.500079, -124.502826521
47.509079, -124.502826521
47.518079, -124.502826521
47.527079, -124.502826521
47.536079, -124.502826521
47.545079, -124.502826521
47.554079, -124.502826521
47.563079, -124.502826521
47.572079, -124.502826521
47.581079, -124.502826521
47.590079, -124.502826521
47.599079, -124.502826521
47.608079, -124.502826521
47.617079, -124.502826521
47.626079, -124.502826521
47.635079, -124.502826521
47.644079, -124.502826521
47.653079, -124.502826521
47.662079, -124.502826521
47.671079, -124.502826521
47.680079, -124.502826521
47.689079, -124.502826521
47.698079, -124.502826521
47.707079, -124.502826521
47.716079, -124.502826521
47.725079, -124.502826521
47.734079, -124.502826521
47.743079, -124.502826521
47.752079, -124.502826521
47.761079, -124.502826521
47.770079, -124.502826521
47.779079, -124.502826521
47.788079, -124.502826521
47.797079, -124.502826521
47.806079, -124.502826521
47.815079, -124.502826521
47.824079, -124.502826521
47.833079, -124.502826521
47.842079, -124.502826521
47.851079, -124.502826521
47.860079, -124.502826521
47.869079, -124.502826521
47.878079, -124.502826521
47.887079, -124.502826521
47.896079, -124.502826521
47.905079, -124.502826521
47.914079, -124.502826521
47.923079, -124.502826521
47.932079, -124.502826521
47.941079, -124.502826521
47.950079, -124.502826521
47.959079, -124.502826521
47.968079, -124.502826521
47.977079, -124.502826521
47.986079, -124.502826521
47.995079, -124.502826521
48.004079, -124.502826521
48.013079, -124.502826521
48.022079, -124.502826521
48.031079, -124.502826521
48.040079, -124.502826521
48.049079, -124.502826521
48.058079, -124.502826521
48.067079, -124.502826521
48.076079, -124.502826521
48.085079, -124.502826521
48.094079, -124.502826521
48.103079, -124.502826521
48.112079, -124.502826521
48.121079, -124.502826521
48.130079, -124.502826521
48.139079, -124.502826521
48.148079, -124.502826521
48.157079, -124.502826521
48.166079, -124.502826521
48.175079, -124.502826521
48.184079, -124.502826521
48.193079, -124.502826521
48.202079, -124.502826521
48.211079, -124.502826521
48.220079, -124.502826521
48.229079, -124.502826521
48.238079, -124.502826521
48.247079, -124.502826521
48.256079, -124.502826521
48.265079, -124.502826521
48.274079, -124.502826521
48.283079, -124.502826521
48.292079, -124.502826521
48.301079, -124.502826521
48.310079, -124.502826521
48.319079, -124.502826521
48.328079, -124.502826521
48.337079, -124.502826521
48.346079, -124.502826521
48.355079, -124.502826521
48.364079, -124.502826521
48.373079, -124.502826521
48.382079, -124.502826521
48.391079, -124.502826521
48.400079, -124.502826521
48.409079, -124.502826521
48.418079, -124.502826521
48.427079, -124.502826521
48.436079, -124.502826521
48.445079, -124.502826521
48.454079, -124.502826521
48.463079, -124.502826521
48.472079, -124.502826521
48.481079, -124.502826521
48.490079, -124.502826521
48.499079, -124.502826521
48.508079, -124.502826521
48.517079, -124.502826521
48.526079, -124.502826521
48.535079, -124.502826521
48.544079, -124.502826521
48.553079, -124.502826521
48.562079, -124.502826521
48.571079, -124.502826521
48.580079, -124.502826521
48.589079, -124.502826521
48.598079, -124.502826521
48.607079, -124.502826521
48.616079, -124.502826521
48.625079, -124.502826521
48.634079, -124.502826521
48.643079, -124.502826521
48.652079, -124.502826521
48.661079, -124.502826521
48.670079, -124.502826521
48.679079, -124.502826521
48.688079, -124.502826521
48.697079, -124.502826521
48.706079, -124.502826521
48.715079, -124.502826521
48.724079, -124.502826521
48.733079, -124.502826521
48.742079, -124.502826521
48.751079, -124.502826521
48.760079, -124.502826521
48.769079, -124.502826521
48.778079, -124.502826521
48.787079, -124.502826521
48.796079, -124.502826521
48.805079, -124.502826521
48.814079, -124.502826521
48.823079, -124.502826521
48.832079, -124.502826521
48.841079, -124.502826521
48.850079, -124.502826521
48.859079, -124.502826521
48.868079, -124.502826521
48.877079, -124.502826521
48.886079, -124.502826521
48.895079, -124.502826521
48.904079, -124.502826521
48.913079, -124.502826521
48.922079, -124.502826521
48.931079, -124.502826521
48.940079, -124.502826521
48.949079, -124.502826521
46.213079, -124.489119762
46.222079, -124.489119762
46.231079, -124.489119762
46.240079, -124.489119762
46.249079, -124.489119762
46.258079, -124.489119762
46.267079, -124.489119762
46.276079, -124.489119762
46.285079, -124.489119762
46.294079, -124.489119762
46.303079, -124.489119762
46.312079, -124.489119762
46.321079, -124.489119762
46.330079, -124.489119762
46.339079, -124.489119762
46.348079, -124.489119762
46.357079, -124.489119762
46.366079, -124.489119762
46.375079, -124.489119762
46.384079, -124.489119762
46.393079, -124.489119762
46.402079, -124.489119762
46.411079, -124.489119762
46.420079, -124.489119762
46.429079, -124.489119762
46.438079, -124.489119762
46.447079, -124.489119762
46.456079, -124.489119762
46.465079, -124.489119762
46.474079, -124.489119762
46.483079, -124.489119762
46.492079, -124.489119762
46.501079, -124.489119762
46.510079, -124.489119762
46.519079, -124.489119762
46.528079, -124.489119762
46.537079, -124.489119762
46.546079, -124.489119762
46.555079, -124.489119762
46.564079, -124.489119762
46.573079, -124.489119762
46.582079, -124.489119762
46.591079, -124.489119762
46.600079, -124.489119762
46.609079, -124.489119762
46.618079, -124.489119762
46.627079, -124.489119762
46.636079, -124.489119762
46.645079, -124.489119762
46.654079, -124.489119762
46.663079, -124.489119762
46.672079, -124.489119762
46.681079, -124.489119762
46.690079, -124.489119762
46.699079, -124.489119762
46.708079, -124.489119762
46.717079, -124.489119762
46.726079, -124.489119762
46.735079, -124.489119762
46.744079, -124.489119762
46.753079, -124.489119762
46.762079, -124.489119762
46.771079, -124.489119762
46.780079, -124.489119762
46.789079, -124.489119762
46.798079, -124.489119762
46.807079, -124.489119762
46.816079, -124.489119762
46.825079, -124.489119762
46.834079, -124.489119762
46.843079, -124.489119762
46.852079, -124.489119762
46.861079, -124.489119762
46.870079, -124.489119762
46.879079, -124.489119762
46.888079, -124.489119762
46.897079, -124.489119762
46.906079, -124.489119762
46.915079, -124.489119762
46.924079, -124.489119762
46.933079, -124.489119762
46.942079, -124.489119762
46.951079, -124.489119762
46.960079, -124.489119762
46.969079, -124.489119762
46.978079, -124.489119762
46.987079, -124.489119762
46.996079, -124.489119762
47.005079, -124.489119762
47.014079, -124.489119762
47.023079, -124.489119762
47.032079, -124.489119762
47.041079, -124.489119762
47.050079, -124.489119762
47.059079, -124.489119762
47.068079, -124.489119762
47.077079, -124.489119762
47.086079, -124.489119762
47.095079, -124.489119762
47.104079, -124.489119762
47.113079, -124.489119762
47.122079, -124.489119762
47.131079, -124.489119762
47.140079, -124.489119762
47.149079, -124.489119762
47.158079, -124.489119762
47.167079, -124.489119762
47.176079, -124.489119762
47.185079, -124.489119762
47.194079, -124.489119762
47.203079, -124.489119762
47.212079, -124.489119762
47.221079, -124.489119762
47.230079, -124.489119762
47.239079, -124.489119762
47.248079, -124.489119762
47.257079, -124.489119762
47.266079, -124.489119762
47.275079, -124.489119762
47.284079, -124.489119762
47.293079, -124.489119762
47.302079, -124.489119762
47.311079, -124.489119762
47.320079, -124.489119762
47.329079, -124.489119762
47.338079, -124.489119762
47.347079, -124.489119762
47.356079, -124.489119762
47.365079, -124.489119762
47.374079, -124.489119762
47.383079, -124.489119762
47.392079, -124.489119762
47.401079, -124.489119762
47.410079, -124.489119762
47.419079, -124.489119762
47.428079, -124.489119762
47.437079, -124.489119762
47.446079, -124.489119762
47.455079, -124.489119762
47.464079, -124.489119762
47.473079, -124.489119762
47.482079, -124.489119762
47.491079, -124.489119762
47.500079, -124.489119762
47.509079, -124.489119762
47.518079, -124.489119762
47.527079, -124.489119762
47.536079, -124.489119762
47.545079, -124.489119762
47.554079, -124.489119762
47.563079, -124.489119762
47.572079, -124.489119762
47.581079, -124.489119762
47.590079, -124.489119762
47.599079, -124.489119762
47.608079, -124.489119762
47.617079, -124.489119762
47.626079, -124.489119762
47.635079, -124.489119762
47.644079, -124.489119762
47.653079, -124.489119762
47.662079, -124.489119762
47.671079, -124.489119762
47.680079, -124.489119762
47.689079, -124.489119762
47.698079, -124.489119762
47.707079, -124.489119762
47.716079, -124.489119762
47.725079, -124.489119762
47.734079, -124.489119762
47.743079, -124.489119762
47.752079, -124.489119762
47.761079, -124.489119762
47.770079, -124.489119762
47.779079, -124.489119762
47.788079, -124.489119762
47.797079, -124.489119762
47.806079, -124.489119762
47.815079, -124.489119762
47.824079, -124.489119762
47.833079, -124.489119762
47.842079, -124.489119762
47.851079, -124.489119762
47.860079, -124.489119762
47.869079, -124.489119762
47.878079, -124.489119762
47.887079, -124.489119762
47.896079, -124.489119762
47.905079, -124.489119762
47.914079, -124.489119762
47.923079, -124.489119762
47.932079, -124.489119762
47.941079, -124.489119762
47.950079, -124.489119762
47.959079, -124.489119762
47.968079, -124.489119762
47.977079, -124.489119762
47.986079, -124.489119762
47.995079, -124.489119762
48.004079, -124.489119762
48.013079, -124.489119762
48.022079, -124.489119762
48.031079, -124.489119762
48.040079, -124.489119762
48.049079, -124.489119762
48.058079, -124.489119762
48.067079, -124.489119762
48.076079, -124.489119762
48.085079, -124.489119762
48.094079, -124.489119762
48.103079, -124.489119762
48.112079, -124.489119762
48.121079, -124.489119762
48.130079, -124.489119762
48.139079, -124.489119762
48.148079, -124.489119762
48.157079, -124.489119762
48.166079, -124.489119762
48.175079, -124.489119762
48.184079, -124.489119762
48.193079, -124.489119762
48.202079, -124.489119762
48.211079, -124.489119762
48.220079, -124.489119762
48.229079, -124.489119762
48.238079, -124.489119762
48.247079, -124.489119762
48.256079, -124.489119762
48.265079, -124.489119762
48.274079, -124.489119762
48.283079, -124.489119762
48.292079, -124.489119762
48.301079, -124.489119762
48.310079, -124.489119762
48.319079, -124.489119762
48.328079, -124.489119762
48.337079, -124.489119762
48.346079, -124.489119762
48.355079, -124.489119762
48.364079, -124.489119762
48.373079, -124.489119762
48.382079, -124.489119762
48.391079, -124.489119762
48.400079, -124.489119762
48.409079, -124.489119762
48.418079, -124.489119762
48.427079, -124.489119762
48.436079, -124.489119762
48.445079, -124.489119762
48.454079, -124.489119762
48.463079, -124.489119762
48.472079, -124.489119762
48.481079, -124.489119762
48.490079, -124.489119762
48.499079, -124.489119762
48.508079, -124.489119762
48.517079, -124.489119762
48.526079, -124.489119762
48.535079, -124.489119762
48.544079, -124.489119762
48.553079, -124.489119762
48.562079, -124.489119762
48.571079, -124.489119762
48.580079, -124.489119762
48.589079, -124.489119762
48.598079, -124.489119762
48.607079, -124.489119762
48.616079, -124.489119762
48.625079, -124.489119762
48.634079, -124.489119762
48.643079, -124.489119762
48.652079, -124.489119762
48.661079, -124.489119762
48.670079, -124.489119762
48.679079, -124.489119762
48.688079, -124.489119762
48.697079, -124.489119762
48.706079, -124.489119762
48.715079, -124.489119762
48.724079, -124.489119762
48.733079, -124.489119762
48.742079, -124.489119762
48.751079, -124.489119762
48.760079, -124.489119762
48.769079, -124.489119762
48.778079, -124.489119762
48.787079, -124.489119762
48.796079, -124.489119762
48.805079, -124.489119762
48.814079, -124.489119762
48.823079, -124.489119762
48.832079, -124.489119762
48.841079, -124.489119762
48.850079, -124.489119762
48.859079, -124.489119762
48.868079, -124.489119762
48.877079, -124.489119762
48.886079, -124.489119762
48.895079, -124.489119762
48.904079, -124.489119762
48.913079, -124.489119762
48.922079, -124.489119762
48.931079, -124.489119762
48.940079, -124.489119762
48.949079, -124.489119762
46.213079, -124.475413004
46.222079, -124.475413004
46.231079, -124.475413004
46.240079, -124.475413004
46.249079, -124.475413004
46.258079, -124.475413004
46.267079, -124.475413004
46.276079, -124.475413004
46.285079, -124.475413004
46.294079, -124.475413004
46.303079, -124.475413004
46.312079, -124.475413004
46.321079, -124.475413004
46.330079, -124.475413004
46.339079, -124.475413004
46.348079, -124.475413004
46.357079, -124.475413004
46.366079, -124.475413004
46.375079, -124.475413004
46.384079, -124.475413004
46.393079, -124.475413004
46.402079, -124.475413004
46.411079, -124.475413004
46.420079, -124.475413004
46.429079, -124.475413004
46.438079, -124.475413004
46.447079, -124.475413004
46.456079, -124.475413004
46.465079, -124.475413004
46.474079, -124.475413004
46.483079, -124.475413004
46.492079, -124.475413004
46.501079, -124.475413004
46.510079, -124.475413004
46.519079, -124.475413004
46.528079, -124.475413004
46.537079, -124.475413004
46.546079, -124.475413004
46.555079, -124.475413004
46.564079, -124.475413004
46.573079, -124.475413004
46.582079, -124.475413004
46.591079, -124.475413004
46.600079, -124.475413004
46.609079, -124.475413004
46.618079, -124.475413004
46.627079, -124.475413004
46.636079, -124.475413004
46.645079, -124.475413004
46.654079, -124.475413004
46.663079, -124.475413004
46.672079, -124.475413004
46.681079, -124.475413004
46.690079, -124.475413004
46.699079, -124.475413004
46.708079, -124.475413004
46.717079, -124.475413004
46.726079, -124.475413004
46.735079, -124.475413004
46.744079, -124.475413004
46.753079, -124.475413004
46.762079, -124.475413004
46.771079, -124.475413004
46.780079, -124.475413004
46.789079, -124.475413004
46.798079, -124.475413004
46.807079, -124.475413004
46.816079, -124.475413004
46.825079, -124.475413004
46.834079, -124.475413004
46.843079, -124.475413004
46.852079, -124.475413004
46.861079, -124.475413004
46.870079, -124.475413004
46.879079, -124.475413004
46.888079, -124.475413004
46.897079, -124.475413004
46.906079, -124.475413004
46.915079, -124.475413004
46.924079, -124.475413004
46.933079, -124.475413004
46.942079, -124.475413004
46.951079, -124.475413004
46.960079, -124.475413004
46.969079, -124.475413004
46.978079, -124.475413004
46.987079, -124.475413004
46.996079, -124.475413004
47.005079, -124.475413004
47.014079, -124.475413004
47.023079, -124.475413004
47.032079, -124.475413004
47.041079, -124.475413004
47.050079, -124.475413004
47.059079, -124.475413004
47.068079, -124.475413004
47.077079, -124.475413004
47.086079, -124.475413004
47.095079, -124.475413004
47.104079, -124.475413004
47.113079, -124.475413004
47.122079, -124.475413004
47.131079, -124.475413004
47.140079, -124.475413004
47.149079, -124.475413004
47.158079, -124.475413004
47.167079, -124.475413004
47.176079, -124.475413004
47.185079, -124.475413004
47.194079, -124.475413004
47.203079, -124.475413004
47.212079, -124.475413004
47.221079, -124.475413004
47.230079, -124.475413004
47.239079, -124.475413004
47.248079, -124.475413004
47.257079, -124.475413004
47.266079, -124.475413004
47.275079, -124.475413004
47.284079, -124.475413004
47.293079, -124.475413004
47.302079, -124.475413004
47.311079, -124.475413004
47.320079, -124.475413004
47.329079, -124.475413004
47.338079, -124.475413004
47.347079, -124.475413004
47.356079, -124.475413004
47.365079, -124.475413004
47.374079, -124.475413004
47.383079, -124.475413004
47.392079, -124.475413004
47.401079, -124.475413004
47.410079, -124.475413004
47.419079, -124.475413004
47.428079, -124.475413004
47.437079, -124.475413004
47.446079, -124.475413004
47.455079, -124.475413004
47.464079, -124.475413004
47.473079, -124.475413004
47.482079, -124.475413004
47.491079, -124.475413004
47.500079, -124.475413004
47.509079, -124.475413004
47.518079, -124.475413004
47.527079, -124.475413004
47.536079, -124.475413004
47.545079, -124.475413004
47.554079, -124.475413004
47.563079, -124.475413004
47.572079, -124.475413004
47.581079, -124.475413004
47.590079, -124.475413004
47.599079, -124.475413004
47.608079, -124.475413004
47.617079, -124.475413004
47.626079, -124.475413004
47.635079, -124.475413004
47.644079, -124.475413004
47.653079, -124.475413004
47.662079, -124.475413004
47.671079, -124.475413004
47.680079, -124.475413004
47.689079, -124.475413004
47.698079, -124.475413004
47.707079, -124.475413004
47.716079, -124.475413004
47.725079, -124.475413004
47.734079, -124.475413004
47.743079, -124.475413004
47.752079, -124.475413004
47.761079, -124.475413004
47.770079, -124.475413004
47.779079, -124.475413004
47.788079, -124.475413004
47.797079, -124.475413004
47.806079, -124.475413004
47.815079, -124.475413004
47.824079, -124.475413004
47.833079, -124.475413004
47.842079, -124.475413004
47.851079, -124.475413004
47.860079, -124.475413004
47.869079, -124.475413004
47.878079, -124.475413004
47.887079, -124.475413004
47.896079, -124.475413004
47.905079, -124.475413004
47.914079, -124.475413004
47.923079, -124.475413004
47.932079, -124.475413004
47.941079, -124.475413004
47.950079, -124.475413004
47.959079, -124.475413004
47.968079, -124.475413004
47.977079, -124.475413004
47.986079, -124.475413004
47.995079, -124.475413004
48.004079, -124.475413004
48.013079, -124.475413004
48.022079, -124.475413004
48.031079, -124.475413004
48.040079, -124.475413004
48.049079, -124.475413004
48.058079, -124.475413004
48.067079, -124.475413004
48.076079, -124.475413004
48.085079, -124.475413004
48.094079, -124.475413004
48.103079, -124.475413004
48.112079, -124.475413004
48.121079, -124.475413004
48.130079, -124.475413004
48.139079, -124.475413004
48.148079, -124.475413004
48.157079, -124.475413004
48.166079, -124.475413004
48.175079, -124.475413004
48.184079, -124.475413004
48.193079, -124.475413004
48.202079, -124.475413004
48.211079, -124.475413004
48.220079, -124.475413004
48.229079, -124.475413004
48.238079, -124.475413004
48.247079, -124.475413004
48.256079, -124.475413004
48.265079, -124.475413004
48.274079, -124.475413004
48.283079, -124.475413004
48.292079, -124.475413004
48.301079, -124.475413004
48.310079, -124.475413004
48.319079, -124.475413004
48.328079, -124.475413004
48.337079, -124.475413004
48.346079, -124.475413004
48.355079, -124.475413004
48.364079, -124.475413004
48.373079, -124.475413004
48.382079, -124.475413004
48.391079, -124.475413004
48.400079, -124.475413004
48.409079, -124.475413004
48.418079, -124.475413004
48.427079, -124.475413004
48.436079, -124.475413004
48.445079, -124.475413004
48.454079, -124.475413004
48.463079, -124.475413004
48.472079, -124.475413004
48.481079, -124.475413004
48.490079, -124.475413004
48.499079, -124.475413004
48.508079, -124.475413004
48.517079, -124.475413004
48.526079, -124.475413004
48.535079, -124.475413004
48.544079, -124.475413004
48.553079, -124.475413004
48.562079, -124.475413004
48.571079, -124.475413004
48.580079, -124.475413004
48.589079, -124.475413004
48.598079, -124.475413004
48.607079, -124.475413004
48.616079, -124.475413004
48.625079, -124.475413004
48.634079, -124.475413004
48.643079, -124.475413004
48.652079, -124.475413004
48.661079, -124.475413004
48.670079, -124.475413004
48.679079, -124.475413004
48.688079, -124.475413004
48.697079, -124.475413004
48.706079, -124.475413004
48.715079, -124.475413004
48.724079, -124.475413004
48.733079, -124.475413004
48.742079, -124.475413004
48.751079, -124.475413004
48.760079, -124.475413004
48.769079, -124.475413004
48.778079, -124.475413004
48.787079, -124.475413004
48.796079, -124.475413004
48.805079, -124.475413004
48.814079, -124.475413004
48.823079, -124.475413004
48.832079, -124.475413004
48.841079, -124.475413004
48.850079, -124.475413004
48.859079, -124.475413004
48.868079, -124.475413004
48.877079, -124.475413004
48.886079, -124.475413004
48.895079, -124.475413004
48.904079, -124.475413004
48.913079, -124.475413004
48.922079, -124.475413004
48.931079, -124.475413004
48.940079, -124.475413004
48.949079, -124.475413004
46.213079, -124.461706245
46.222079, -124.461706245
46.231079, -124.461706245
46.240079, -124.461706245
46.249079, -124.461706245
46.258079, -124.461706245
46.267079, -124.461706245
46.276079, -124.461706245
46.285079, -124.461706245
46.294079, -124.461706245
46.303079, -124.461706245
46.312079, -124.461706245
46.321079, -124.461706245
46.330079, -124.461706245
46.339079, -124.461706245
46.348079, -124.461706245
46.357079, -124.461706245
46.366079, -124.461706245
46.375079, -124.461706245
46.384079, -124.461706245
46.393079, -124.461706245
46.402079, -124.461706245
46.411079, -124.461706245
46.420079, -124.461706245
46.429079, -124.461706245
46.438079, -124.461706245
46.447079, -124.461706245
46.456079, -124.461706245
46.465079, -124.461706245
46.474079, -124.461706245
46.483079, -124.461706245
46.492079, -124.461706245
46.501079, -124.461706245
46.510079, -124.461706245
46.519079, -124.461706245
46.528079, -124.461706245
46.537079, -124.461706245
46.546079, -124.461706245
46.555079, -124.461706245
46.564079, -124.461706245
46.573079, -124.461706245
46.582079, -124.461706245
46.591079, -124.461706245
46.600079, -124.461706245
46.609079, -124.461706245
46.618079, -124.461706245
46.627079, -124.461706245
46.636079, -124.461706245
46.645079, -124.461706245
46.654079, -124.461706245
46.663079, -124.461706245
46.672079, -124.461706245
46.681079, -124.461706245
46.690079, -124.461706245
46.699079, -124.461706245
46.708079, -124.461706245
46.717079, -124.461706245
46.726079, -124.461706245
46.735079, -124.461706245
46.744079, -124.461706245
46.753079, -124.461706245
46.762079, -124.461706245
46.771079, -124.461706245
46.780079, -124.461706245
46.789079, -124.461706245
46.798079, -124.461706245
46.807079, -124.461706245
46.816079, -124.461706245
46.825079, -124.461706245
46.834079, -124.461706245
46.843079, -124.461706245
46.852079, -124.461706245
46.861079, -124.461706245
46.870079, -124.461706245
46.879079, -124.461706245
46.888079, -124.461706245
46.897079, -124.461706245
46.906079, -124.461706245
46.915079, -124.461706245
46.924079, -124.461706245
46.933079, -124.461706245
46.942079, -124.461706245
46.951079, -124.461706245
46.960079, -124.461706245
46.969079, -124.461706245
46.978079, -124.461706245
46.987079, -124.461706245
46.996079, -124.461706245
47.005079, -124.461706245
47.014079, -124.461706245
47.023079, -124.461706245
47.032079, -124.461706245
47.041079, -124.461706245
47.050079, -124.461706245
47.059079, -124.461706245
47.068079, -124.461706245
47.077079, -124.461706245
47.086079, -124.461706245
47.095079, -124.461706245
47.104079, -124.461706245
47.113079, -124.461706245
47.122079, -124.461706245
47.131079, -124.461706245
47.140079, -124.461706245
47.149079, -124.461706245
47.158079, -124.461706245
47.167079, -124.461706245
47.176079, -124.461706245
47.185079, -124.461706245
47.194079, -124.461706245
47.203079, -124.461706245
47.212079, -124.461706245
47.221079, -124.461706245
47.230079, -124.461706245
47.239079, -124.461706245
47.248079, -124.461706245
47.257079, -124.461706245
47.266079, -124.461706245
47.275079, -124.461706245
47.284079, -124.461706245
47.293079, -124.461706245
47.302079, -124.461706245
47.311079, -124.461706245
47.320079, -124.461706245
47.329079, -124.461706245
47.338079, -124.461706245
47.347079, -124.461706245
47.356079, -124.461706245
47.365079, -124.461706245
47.374079, -124.461706245
47.383079, -124.461706245
47.392079, -124.461706245
47.401079, -124.461706245
47.410079, -124.461706245
47.419079, -124.461706245
47.428079, -124.461706245
47.437079, -124.461706245
47.446079, -124.461706245
47.455079, -124.461706245
47.464079, -124.461706245
47.473079, -124.461706245
47.482079, -124.461706245
47.491079, -124.461706245
47.500079, -124.461706245
47.509079, -124.461706245
47.518079, -124.461706245
47.527079, -124.461706245
47.536079, -124.461706245
47.545079, -124.461706245
47.554079, -124.461706245
47.563079, -124.461706245
47.572079, -124.461706245
47.581079, -124.461706245
47.590079, -124.461706245
47.599079, -124.461706245
47.608079, -124.461706245
47.617079, -124.461706245
47.626079, -124.461706245
47.635079, -124.461706245
47.644079, -124.461706245
47.653079, -124.461706245
47.662079, -124.461706245
47.671079, -124.461706245
47.680079, -124.461706245
47.689079, -124.461706245
47.698079, -124.461706245
47.707079, -124.461706245
47.716079, -124.461706245
47.725079, -124.461706245
47.734079, -124.461706245
47.743079, -124.461706245
47.752079, -124.461706245
47.761079, -124.461706245
47.770079, -124.461706245
47.779079, -124.461706245
47.788079, -124.461706245
47.797079, -124.461706245
47.806079, -124.461706245
47.815079, -124.461706245
47.824079, -124.461706245
47.833079, -124.461706245
47.842079, -124.461706245
47.851079, -124.461706245
47.860079, -124.461706245
47.869079, -124.461706245
47.878079, -124.461706245
47.887079, -124.461706245
47.896079, -124.461706245
47.905079, -124.461706245
47.914079, -124.461706245
47.923079, -124.461706245
47.932079, -124.461706245
47.941079, -124.461706245
47.950079, -124.461706245
47.959079, -124.461706245
47.968079, -124.461706245
47.977079, -124.461706245
47.986079, -124.461706245
47.995079, -124.461706245
48.004079, -124.461706245
48.013079, -124.461706245
48.022079, -124.461706245
48.031079, -124.461706245
48.040079, -124.461706245
48.049079, -124.461706245
48.058079, -124.461706245
48.067079, -124.461706245
48.076079, -124.461706245
48.085079, -124.461706245
48.094079, -124.461706245
48.103079, -124.461706245
48.112079, -124.461706245
48.121079, -124.461706245
48.130079, -124.461706245
48.139079, -124.461706245
48.148079, -124.461706245
48.157079, -124.461706245
48.166079, -124.461706245
48.175079, -124.461706245
48.184079, -124.461706245
48.193079, -124.461706245
48.202079, -124.461706245
48.211079, -124.461706245
48.220079, -124.461706245
48.229079, -124.461706245
48.238079, -124.461706245
48.247079, -124.461706245
48.256079, -124.461706245
48.265079, -124.461706245
48.274079, -124.461706245
48.283079, -124.461706245
48.292079, -124.461706245
48.301079, -124.461706245
48.310079, -124.461706245
48.319079, -124.461706245
48.328079, -124.461706245
48.337079, -124.461706245
48.346079, -124.461706245
48.355079, -124.461706245
48.364079, -124.461706245
48.373079, -124.461706245
48.382079, -124.461706245
48.391079, -124.461706245
48.400079, -124.461706245
48.409079, -124.461706245
48.418079, -124.461706245
48.427079, -124.461706245
48.436079, -124.461706245
48.445079, -124.461706245
48.454079, -124.461706245
48.463079, -124.461706245
48.472079, -124.461706245
48.481079, -124.461706245
48.490079, -124.461706245
48.499079, -124.461706245
48.508079, -124.461706245
48.517079, -124.461706245
48.526079, -124.461706245
48.535079, -124.461706245
48.544079, -124.461706245
48.553079, -124.461706245
48.562079, -124.461706245
48.571079, -124.461706245
48.580079, -124.461706245
48.589079, -124.461706245
48.598079, -124.461706245
48.607079, -124.461706245
48.616079, -124.461706245
48.625079, -124.461706245
48.634079, -124.461706245
48.643079, -124.461706245
48.652079, -124.461706245
48.661079, -124.461706245
48.670079, -124.461706245
48.679079, -124.461706245
48.688079, -124.461706245
48.697079, -124.461706245
48.706079, -124.461706245
48.715079, -124.461706245
48.724079, -124.461706245
48.733079, -124.461706245
48.742079, -124.461706245
48.751079, -124.461706245
48.760079, -124.461706245
48.769079, -124.461706245
48.778079, -124.461706245
48.787079, -124.461706245
48.796079, -124.461706245
48.805079, -124.461706245
48.814079, -124.461706245
48.823079, -124.461706245
48.832079, -124.461706245
48.841079, -124.461706245
48.850079, -124.461706245
48.859079, -124.461706245
48.868079, -124.461706245
48.877079, -124.461706245
48.886079, -124.461706245
48.895079, -124.461706245
48.904079, -124.461706245
48.913079, -124.461706245
48.922079, -124.461706245
48.931079, -124.461706245
48.940079, -124.461706245
48.949079, -124.461706245
46.213079, -124.447999487
46.222079, -124.447999487
46.231079, -124.447999487
46.240079, -124.447999487
46.249079, -124.447999487
46.258079, -124.447999487
46.267079, -124.447999487
46.276079, -124.447999487
46.285079, -124.447999487
46.294079, -124.447999487
46.303079, -124.447999487
46.312079, -124.447999487
46.321079, -124.447999487
46.330079, -124.447999487
46.339079, -124.447999487
46.348079, -124.447999487
46.357079, -124.447999487
46.366079, -124.447999487
46.375079, -124.447999487
46.384079, -124.447999487
46.393079, -124.447999487
46.402079, -124.447999487
46.411079, -124.447999487
46.420079, -124.447999487
46.429079, -124.447999487
46.438079, -124.447999487
46.447079, -124.447999487
46.456079, -124.447999487
46.465079, -124.447999487
46.474079, -124.447999487
46.483079, -124.447999487
46.492079, -124.447999487
46.501079, -124.447999487
46.510079, -124.447999487
46.519079, -124.447999487
46.528079, -124.447999487
46.537079, -124.447999487
46.546079, -124.447999487
46.555079, -124.447999487
46.564079, -124.447999487
46.573079, -124.447999487
46.582079, -124.447999487
46.591079, -124.447999487
46.600079, -124.447999487
46.609079, -124.447999487
46.618079, -124.447999487
46.627079, -124.447999487
46.636079, -124.447999487
46.645079, -124.447999487
46.654079, -124.447999487
46.663079, -124.447999487
46.672079, -124.447999487
46.681079, -124.447999487
46.690079, -124.447999487
46.699079, -124.447999487
46.708079, -124.447999487
46.717079, -124.447999487
46.726079, -124.447999487
46.735079, -124.447999487
46.744079, -124.447999487
46.753079, -124.447999487
46.762079, -124.447999487
46.771079, -124.447999487
46.780079, -124.447999487
46.789079, -124.447999487
46.798079, -124.447999487
46.807079, -124.447999487
46.816079, -124.447999487
46.825079, -124.447999487
46.834079, -124.447999487
46.843079, -124.447999487
46.852079, -124.447999487
46.861079, -124.447999487
46.870079, -124.447999487
46.879079, -124.447999487
46.888079, -124.447999487
46.897079, -124.447999487
46.906079, -124.447999487
46.915079, -124.447999487
46.924079, -124.447999487
46.933079, -124.447999487
46.942079, -124.447999487
46.951079, -124.447999487
46.960079, -124.447999487
46.969079, -124.447999487
46.978079, -124.447999487
46.987079, -124.447999487
46.996079, -124.447999487
47.005079, -124.447999487
47.014079, -124.447999487
47.023079, -124.447999487
47.032079, -124.447999487
47.041079, -124.447999487
47.050079, -124.447999487
47.059079, -124.447999487
47.068079, -124.447999487
47.077079, -124.447999487
47.086079, -124.447999487
47.095079, -124.447999487
47.104079, -124.447999487
47.113079, -124.447999487
47.122079, -124.447999487
47.131079, -124.447999487
47.140079, -124.447999487
47.149079, -124.447999487
47.158079, -124.447999487
47.167079, -124.447999487
47.176079, -124.447999487
47.185079, -124.447999487
47.194079, -124.447999487
47.203079, -124.447999487
47.212079, -124.447999487
47.221079, -124.447999487
47.230079, -124.447999487
47.239079, -124.447999487
47.248079, -124.447999487
47.257079, -124.447999487
47.266079, -124.447999487
47.275079, -124.447999487
47.284079, -124.447999487
47.293079, -124.447999487
47.302079, -124.447999487
47.311079, -124.447999487
47.320079, -124.447999487
47.329079, -124.447999487
47.338079, -124.447999487
47.347079, -124.447999487
47.356079, -124.447999487
47.365079, -124.447999487
47.374079, -124.447999487
47.383079, -124.447999487
47.392079, -124.447999487
47.401079, -124.447999487
47.410079, -124.447999487
47.419079, -124.447999487
47.428079, -124.447999487
47.437079, -124.447999487
47.446079, -124.447999487
47.455079, -124.447999487
47.464079, -124.447999487
47.473079, -124.447999487
47.482079, -124.447999487
47.491079, -124.447999487
47.500079, -124.447999487
47.509079, -124.447999487
