48.247079, -121.925955924
48.256079, -121.925955924
48.265079, -121.925955924
48.274079, -121.925955924
48.283079, -121.925955924
48.292079, -121.925955924
48.301079, -121.925955924
48.310079, -121.925955924
48.319079, -121.925955924
48.328079, -121.925955924
48.337079, -121.925955924
48.346079, -121.925955924
48.355079, -121.925955924
48.364079, -121.925955924
48.373079, -121.925955924
48.382079, -121.925955924
48.391079, -121.925955924
48.400079, -121.925955924
48.409079, -121.925955924
48.418079, -121.925955924
48.427079, -121.925955924
48.436079, -121.925955924
48.445079, -121.925955924
48.454079, -121.925955924
48.463079, -121.925955924
48.472079, -121.925955924
48.481079, -121.925955924
48.490079, -121.925955924
48.499079, -121.925955924
48.508079, -121.925955924
48.517079, -121.925955924
48.526079, -121.925955924
48.535079, -121.925955924
48.544079, -121.925955924
48.553079, -121.925955924
48.562079, -121.925955924
48.571079, -121.925955924
48.580079, -121.925955924
48.589079, -121.925955924
48.598079, -121.925955924
48.607079, -121.925955924
48.616079, -121.925955924
48.625079, -121.925955924
48.634079, -121.925955924
48.643079, -121.925955924
48.652079, -121.925955924
48.661079, -121.925955924
48.670079, -121.925955924
48.679079, -121.925955924
48.688079, -121.925955924
48.697079, -121.925955924
48.706079, -121.925955924
48.715079, -121.925955924
48.724079, -121.925955924
48.733079, -121.925955924
48.742079, -121.925955924
48.751079, -121.925955924
48.760079, -121.925955924
48.769079, -121.925955924
48.778079, -121.925955924
48.787079, -121.925955924
48.796079, -121.925955924
48.805079, -121.925955924
48.814079, -121.925955924
48.823079, -121.925955924
48.832079, -121.925955924
48.841079, -121.925955924
48.850079, -121.925955924
48.859079, -121.925955924
48.868079, -121.925955924
48.877079, -121.925955924
48.886079, -121.925955924
48.895079, -121.925955924
48.904079, -121.925955924
48.913079, -121.925955924
48.922079, -121.925955924
48.931079, -121.925955924
48.940079, -121.925955924
48.949079, -121.925955924
46.213079, -121.912249166
46.222079, -121.912249166
46.231079, -121.912249166
46.240079, -121.912249166
46.249079, -121.912249166
46.258079, -121.912249166
46.267079, -121.912249166
46.276079, -121.912249166
46.285079, -121.912249166
46.294079, -121.912249166
46.303079, -121.912249166
46.312079, -121.912249166
46.321079, -121.912249166
46.330079, -121.912249166
46.339079, -121.912249166
46.348079, -121.912249166
46.357079, -121.912249166
46.366079, -121.912249166
46.375079, -121.912249166
46.384079, -121.912249166
46.393079, -121.912249166
46.402079, -121.912249166
46.411079, -121.912249166
46.420079, -121.912249166
46.429079, -121.912249166
46.438079, -121.912249166
46.447079, -121.912249166
46.456079, -121.912249166
46.465079, -121.912249166
46.474079, -121.912249166
46.483079, -121.912249166
46.492079, -121.912249166
46.501079, -121.912249166
46.510079, -121.912249166
46.519079, -121.912249166
46.528079, -121.912249166
46.537079, -121.912249166
46.546079, -121.912249166
46.555079, -121.912249166
46.564079, -121.912249166
46.573079, -121.912249166
46.582079, -121.912249166
46.591079, -121.912249166
46.600079, -121.912249166
46.609079, -121.912249166
46.618079, -121.912249166
46.627079, -121.912249166
46.636079, -121.912249166
46.645079, -121.912249166
46.654079, -121.912249166
46.663079, -121.912249166
46.672079, -121.912249166
46.681079, -121.912249166
46.690079, -121.912249166
46.699079, -121.912249166
46.708079, -121.912249166
46.717079, -121.912249166
46.726079, -121.912249166
46.735079, -121.912249166
46.744079, -121.912249166
46.753079, -121.912249166
46.762079, -121.912249166
46.771079, -121.912249166
46.780079, -121.912249166
46.789079, -121.912249166
46.798079, -121.912249166
46.807079, -121.912249166
46.816079, -121.912249166
46.825079, -121.912249166
46.834079, -121.912249166
46.843079, -121.912249166
46.852079, -121.912249166
46.861079, -121.912249166
46.870079, -121.912249166
46.879079, -121.912249166
46.888079, -121.912249166
46.897079, -121.912249166
46.906079, -121.912249166
46.915079, -121.912249166
46.924079, -121.912249166
46.933079, -121.912249166
46.942079, -121.912249166
46.951079, -121.912249166
46.960079, -121.912249166
46.969079, -121.912249166
46.978079, -121.912249166
46.987079, -121.912249166
46.996079, -121.912249166
47.005079, -121.912249166
47.014079, -121.912249166
47.023079, -121.912249166
47.032079, -121.912249166
47.041079, -121.912249166
47.050079, -121.912249166
47.059079, -121.912249166
47.068079, -121.912249166
47.077079, -121.912249166
47.086079, -121.912249166
47.095079, -121.912249166
47.104079, -121.912249166
47.113079, -121.912249166
47.122079, -121.912249166
47.131079, -121.912249166
47.140079, -121.912249166
47.149079, -121.912249166
47.158079, -121.912249166
47.167079, -121.912249166
47.176079, -121.912249166
47.185079, -121.912249166
47.194079, -121.912249166
47.203079, -121.912249166
47.212079, -121.912249166
47.221079, -121.912249166
47.230079, -121.912249166
47.239079, -121.912249166
47.248079, -121.912249166
47.257079, -121.912249166
47.266079, -121.912249166
47.275079, -121.912249166
47.284079, -121.912249166
47.293079, -121.912249166
47.302079, -121.912249166
47.311079, -121.912249166
47.320079, -121.912249166
47.329079, -121.912249166
47.338079, -121.912249166
47.347079, -121.912249166
47.356079, -121.912249166
47.365079, -121.912249166
47.374079, -121.912249166
47.383079, -121.912249166
47.392079, -121.912249166
47.401079, -121.912249166
47.410079, -121.912249166
47.419079, -121.912249166
47.428079, -121.912249166
47.437079, -121.912249166
47.446079, -121.912249166
47.455079, -121.912249166
47.464079, -121.912249166
47.473079, -121.912249166
47.482079, -121.912249166
47.491079, -121.912249166
47.500079, -121.912249166
47.509079, -121.912249166
47.518079, -121.912249166
47.527079, -121.912249166
47.536079, -121.912249166
47.545079, -121.912249166
47.554079, -121.912249166
47.563079, -121.912249166
47.572079, -121.912249166
47.581079, -121.912249166
47.590079, -121.912249166
47.599079, -121.912249166
47.608079, -121.912249166
47.617079, -121.912249166
47.626079, -121.912249166
47.635079, -121.912249166
47.644079, -121.912249166
47.653079, -121.912249166
47.662079, -121.912249166
47.671079, -121.912249166
47.680079, -121.912249166
47.689079, -121.912249166
47.698079, -121.912249166
47.707079, -121.912249166
47.716079, -121.912249166
47.725079, -121.912249166
47.734079, -121.912249166
47.743079, -121.912249166
47.752079, -121.912249166
47.761079, -121.912249166
47.770079, -121.912249166
47.779079, -121.912249166
47.788079, -121.912249166
47.797079, -121.912249166
47.806079, -121.912249166
47.815079, -121.912249166
47.824079, -121.912249166
47.833079, -121.912249166
47.842079, -121.912249166
47.851079, -121.912249166
47.860079, -121.912249166
47.869079, -121.912249166
47.878079, -121.912249166
47.887079, -121.912249166
47.896079, -121.912249166
47.905079, -121.912249166
47.914079, -121.912249166
47.923079, -121.912249166
47.932079, -121.912249166
47.941079, -121.912249166
47.950079, -121.912249166
47.959079, -121.912249166
47.968079, -121.912249166
47.977079, -121.912249166
47.986079, -121.912249166
47.995079, -121.912249166
48.004079, -121.912249166
48.013079, -121.912249166
48.022079, -121.912249166
48.031079, -121.912249166
48.040079, -121.912249166
48.049079, -121.912249166
48.058079, -121.912249166
48.067079, -121.912249166
48.076079, -121.912249166
48.085079, -121.912249166
48.094079, -121.912249166
48.103079, -121.912249166
48.112079, -121.912249166
48.121079, -121.912249166
48.130079, -121.912249166
48.139079, -121.912249166
48.148079, -121.912249166
48.157079, -121.912249166
48.166079, -121.912249166
48.175079, -121.912249166
48.184079, -121.912249166
48.193079, -121.912249166
48.202079, -121.912249166
48.211079, -121.912249166
48.220079, -121.912249166
48.229079, -121.912249166
48.238079, -121.912249166
48.247079, -121.912249166
48.256079, -121.912249166
48.265079, -121.912249166
48.274079, -121.912249166
48.283079, -121.912249166
48.292079, -121.912249166
48.301079, -121.912249166
48.310079, -121.912249166
48.319079, -121.912249166
48.328079, -121.912249166
48.337079, -121.912249166
48.346079, -121.912249166
48.355079, -121.912249166
48.364079, -121.912249166
48.373079, -121.912249166
48.382079, -121.912249166
48.391079, -121.912249166
48.400079, -121.912249166
48.409079, -121.912249166
48.418079, -121.912249166
48.427079, -121.912249166
48.436079, -121.912249166
48.445079, -121.912249166
48.454079, -121.912249166
48.463079, -121.912249166
48.472079, -121.912249166
48.481079, -121.912249166
48.490079, -121.912249166
48.499079, -121.912249166
48.508079, -121.912249166
48.517079, -121.912249166
48.526079, -121.912249166
48.535079, -121.912249166
48.544079, -121.912249166
48.553079, -121.912249166
48.562079, -121.912249166
48.571079, -121.912249166
48.580079, -121.912249166
48.589079, -121.912249166
48.598079, -121.912249166
48.607079, -121.912249166
48.616079, -121.912249166
48.625079, -121.912249166
48.634079, -121.912249166
48.643079, -121.912249166
48.652079, -121.912249166
48.661079, -121.912249166
48.670079, -121.912249166
48.679079, -121.912249166
48.688079, -121.912249166
48.697079, -121.912249166
48.706079, -121.912249166
48.715079, -121.912249166
48.724079, -121.912249166
48.733079, -121.912249166
48.742079, -121.912249166
48.751079, -121.912249166
48.760079, -121.912249166
48.769079, -121.912249166
48.778079, -121.912249166
48.787079, -121.912249166
48.796079, -121.912249166
48.805079, -121.912249166
48.814079, -121.912249166
48.823079, -121.912249166
48.832079, -121.912249166
48.841079, -121.912249166
48.850079, -121.912249166
48.859079, -121.912249166
48.868079, -121.912249166
48.877079, -121.912249166
48.886079, -121.912249166
48.895079, -121.912249166
48.904079, -121.912249166
48.913079, -121.912249166
48.922079, -121.912249166
48.931079, -121.912249166
48.940079, -121.912249166
48.949079, -121.912249166
46.213079, -121.898542407
46.222079, -121.898542407
46.231079, -121.898542407
46.240079, -121.898542407
46.249079, -121.898542407
46.258079, -121.898542407
46.267079, -121.898542407
46.276079, -121.898542407
46.285079, -121.898542407
46.294079, -121.898542407
46.303079, -121.898542407
46.312079, -121.898542407
46.321079, -121.898542407
46.330079, -121.898542407
46.339079, -121.898542407
46.348079, -121.898542407
46.357079, -121.898542407
46.366079, -121.898542407
46.375079, -121.898542407
46.384079, -121.898542407
46.393079, -121.898542407
46.402079, -121.898542407
46.411079, -121.898542407
46.420079, -121.898542407
46.429079, -121.898542407
46.438079, -121.898542407
46.447079, -121.898542407
46.456079, -121.898542407
46.465079, -121.898542407
46.474079, -121.898542407
46.483079, -121.898542407
46.492079, -121.898542407
46.501079, -121.898542407
46.510079, -121.898542407
46.519079, -121.898542407
46.528079, -121.898542407
46.537079, -121.898542407
46.546079, -121.898542407
46.555079, -121.898542407
46.564079, -121.898542407
46.573079, -121.898542407
46.582079, -121.898542407
46.591079, -121.898542407
46.600079, -121.898542407
46.609079, -121.898542407
46.618079, -121.898542407
46.627079, -121.898542407
46.636079, -121.898542407
46.645079, -121.898542407
46.654079, -121.898542407
46.663079, -121.898542407
46.672079, -121.898542407
46.681079, -121.898542407
46.690079, -121.898542407
46.699079, -121.898542407
46.708079, -121.898542407
46.717079, -121.898542407
46.726079, -121.898542407
46.735079, -121.898542407
46.744079, -121.898542407
46.753079, -121.898542407
46.762079, -121.898542407
46.771079, -121.898542407
46.780079, -121.898542407
46.789079, -121.898542407
46.798079, -121.898542407
46.807079, -121.898542407
46.816079, -121.898542407
46.825079, -121.898542407
46.834079, -121.898542407
46.843079, -121.898542407
46.852079, -121.898542407
46.861079, -121.898542407
46.870079, -121.898542407
46.879079, -121.898542407
46.888079, -121.898542407
46.897079, -121.898542407
46.906079, -121.898542407
46.915079, -121.898542407
46.924079, -121.898542407
46.933079, -121.898542407
46.942079, -121.898542407
46.951079, -121.898542407
46.960079, -121.898542407
46.969079, -121.898542407
46.978079, -121.898542407
46.987079, -121.898542407
46.996079, -121.898542407
47.005079, -121.898542407
47.014079, -121.898542407
47.023079, -121.898542407
47.032079, -121.898542407
47.041079, -121.898542407
47.050079, -121.898542407
47.059079, -121.898542407
47.068079, -121.898542407
47.077079, -121.898542407
47.086079, -121.898542407
47.095079, -121.898542407
47.104079, -121.898542407
47.113079, -121.898542407
47.122079, -121.898542407
47.131079, -121.898542407
47.140079, -121.898542407
47.149079, -121.898542407
47.158079, -121.898542407
47.167079, -121.898542407
47.176079, -121.898542407
47.185079, -121.898542407
47.194079, -121.898542407
47.203079, -121.898542407
47.212079, -121.898542407
47.221079, -121.898542407
47.230079, -121.898542407
47.239079, -121.898542407
47.248079, -121.898542407
47.257079, -121.898542407
47.266079, -121.898542407
47.275079, -121.898542407
47.284079, -121.898542407
47.293079, -121.898542407
47.302079, -121.898542407
47.311079, -121.898542407
47.320079, -121.898542407
47.329079, -121.898542407
47.338079, -121.898542407
47.347079, -121.898542407
47.356079, -121.898542407
47.365079, -121.898542407
47.374079, -121.898542407
47.383079, -121.898542407
47.392079, -121.898542407
47.401079, -121.898542407
47.410079, -121.898542407
47.419079, -121.898542407
47.428079, -121.898542407
47.437079, -121.898542407
47.446079, -121.898542407
47.455079, -121.898542407
47.464079, -121.898542407
47.473079, -121.898542407
47.482079, -121.898542407
47.491079, -121.898542407
47.500079, -121.898542407
47.509079, -121.898542407
47.518079, -121.898542407
47.527079, -121.898542407
47.536079, -121.898542407
47.545079, -121.898542407
47.554079, -121.898542407
47.563079, -121.898542407
47.572079, -121.898542407
47.581079, -121.898542407
47.590079, -121.898542407
47.599079, -121.898542407
47.608079, -121.898542407
47.617079, -121.898542407
47.626079, -121.898542407
47.635079, -121.898542407
47.644079, -121.898542407
47.653079, -121.898542407
47.662079, -121.898542407
47.671079, -121.898542407
47.680079, -121.898542407
47.689079, -121.898542407
47.698079, -121.898542407
47.707079, -121.898542407
47.716079, -121.898542407
47.725079, -121.898542407
47.734079, -121.898542407
47.743079, -121.898542407
47.752079, -121.898542407
47.761079, -121.898542407
47.770079, -121.898542407
47.779079, -121.898542407
47.788079, -121.898542407
47.797079, -121.898542407
47.806079, -121.898542407
47.815079, -121.898542407
47.824079, -121.898542407
47.833079, -121.898542407
47.842079, -121.898542407
47.851079, -121.898542407
47.860079, -121.898542407
47.869079, -121.898542407
47.878079, -121.898542407
47.887079, -121.898542407
47.896079, -121.898542407
47.905079, -121.898542407
47.914079, -121.898542407
47.923079, -121.898542407
47.932079, -121.898542407
47.941079, -121.898542407
47.950079, -121.898542407
47.959079, -121.898542407
47.968079, -121.898542407
47.977079, -121.898542407
47.986079, -121.898542407
47.995079, -121.898542407
48.004079, -121.898542407
48.013079, -121.898542407
48.022079, -121.898542407
48.031079, -121.898542407
48.040079, -121.898542407
48.049079, -121.898542407
48.058079, -121.898542407
48.067079, -121.898542407
48.076079, -121.898542407
48.085079, -121.898542407
48.094079, -121.898542407
48.103079, -121.898542407
48.112079, -121.898542407
48.121079, -121.898542407
48.130079, -121.898542407
48.139079, -121.898542407
48.148079, -121.898542407
48.157079, -121.898542407
48.166079, -121.898542407
48.175079, -121.898542407
48.184079, -121.898542407
48.193079, -121.898542407
48.202079, -121.898542407
48.211079, -121.898542407
48.220079, -121.898542407
48.229079, -121.898542407
48.238079, -121.898542407
48.247079, -121.898542407
48.256079, -121.898542407
48.265079, -121.898542407
48.274079, -121.898542407
48.283079, -121.898542407
48.292079, -121.898542407
48.301079, -121.898542407
48.310079, -121.898542407
48.319079, -121.898542407
48.328079, -121.898542407
48.337079, -121.898542407
48.346079, -121.898542407
48.355079, -121.898542407
48.364079, -121.898542407
48.373079, -121.898542407
48.382079, -121.898542407
48.391079, -121.898542407
48.400079, -121.898542407
48.409079, -121.898542407
48.418079, -121.898542407
48.427079, -121.898542407
48.436079, -121.898542407
48.445079, -121.898542407
48.454079, -121.898542407
48.463079, -121.898542407
48.472079, -121.898542407
48.481079, -121.898542407
48.490079, -121.898542407
48.499079, -121.898542407
48.508079, -121.898542407
48.517079, -121.898542407
48.526079, -121.898542407
48.535079, -121.898542407
48.544079, -121.898542407
48.553079, -121.898542407
48.562079, -121.898542407
48.571079, -121.898542407
48.580079, -121.898542407
48.589079, -121.898542407
48.598079, -121.898542407
48.607079, -121.898542407
48.616079, -121.898542407
48.625079, -121.898542407
48.634079, -121.898542407
48.643079, -121.898542407
48.652079, -121.898542407
48.661079, -121.898542407
48.670079, -121.898542407
48.679079, -121.898542407
48.688079, -121.898542407
48.697079, -121.898542407
48.706079, -121.898542407
48.715079, -121.898542407
48.724079, -121.898542407
48.733079, -121.898542407
48.742079, -121.898542407
48.751079, -121.898542407
48.760079, -121.898542407
48.769079, -121.898542407
48.778079, -121.898542407
48.787079, -121.898542407
48.796079, -121.898542407
48.805079, -121.898542407
48.814079, -121.898542407
48.823079, -121.898542407
48.832079, -121.898542407
48.841079, -121.898542407
48.850079, -121.898542407
48.859079, -121.898542407
48.868079, -121.898542407
48.877079, -121.898542407
48.886079, -121.898542407
48.895079, -121.898542407
48.904079, -121.898542407
48.913079, -121.898542407
48.922079, -121.898542407
48.931079, -121.898542407
48.940079, -121.898542407
48.949079, -121.898542407
46.213079, -121.884835649
46.222079, -121.884835649
46.231079, -121.884835649
46.240079, -121.884835649
46.249079, -121.884835649
46.258079, -121.884835649
46.267079, -121.884835649
46.276079, -121.884835649
46.285079, -121.884835649
46.294079, -121.884835649
46.303079, -121.884835649
46.312079, -121.884835649
46.321079, -121.884835649
46.330079, -121.884835649
46.339079, -121.884835649
46.348079, -121.884835649
46.357079, -121.884835649
46.366079, -121.884835649
46.375079, -121.884835649
46.384079, -121.884835649
46.393079, -121.884835649
46.402079, -121.884835649
46.411079, -121.884835649
46.420079, -121.884835649
46.429079, -121.884835649
46.438079, -121.884835649
46.447079, -121.884835649
46.456079, -121.884835649
46.465079, -121.884835649
46.474079, -121.884835649
46.483079, -121.884835649
46.492079, -121.884835649
46.501079, -121.884835649
46.510079, -121.884835649
46.519079, -121.884835649
46.528079, -121.884835649
46.537079, -121.884835649
46.546079, -121.884835649
46.555079, -121.884835649
46.564079, -121.884835649
46.573079, -121.884835649
46.582079, -121.884835649
46.591079, -121.884835649
46.600079, -121.884835649
46.609079, -121.884835649
46.618079, -121.884835649
46.627079, -121.884835649
46.636079, -121.884835649
46.645079, -121.884835649
46.654079, -121.884835649
46.663079, -121.884835649
46.672079, -121.884835649
46.681079, -121.884835649
46.690079, -121.884835649
46.699079, -121.884835649
46.708079, -121.884835649
46.717079, -121.884835649
46.726079, -121.884835649
46.735079, -121.884835649
46.744079, -121.884835649
46.753079, -121.884835649
46.762079, -121.884835649
46.771079, -121.884835649
46.780079, -121.884835649
46.789079, -121.884835649
46.798079, -121.884835649
46.807079, -121.884835649
46.816079, -121.884835649
46.825079, -121.884835649
46.834079, -121.884835649
46.843079, -121.884835649
46.852079, -121.884835649
46.861079, -121.884835649
46.870079, -121.884835649
46.879079, -121.884835649
46.888079, -121.884835649
46.897079, -121.884835649
46.906079, -121.884835649
46.915079, -121.884835649
46.924079, -121.884835649
46.933079, -121.884835649
46.942079, -121.884835649
46.951079, -121.884835649
46.960079, -121.884835649
46.969079, -121.884835649
46.978079, -121.884835649
46.987079, -121.884835649
46.996079, -121.884835649
47.005079, -121.884835649
47.014079, -121.884835649
47.023079, -121.884835649
47.032079, -121.884835649
47.041079, -121.884835649
47.050079, -121.884835649
47.059079, -121.884835649
47.068079, -121.884835649
47.077079, -121.884835649
47.086079, -121.884835649
47.095079, -121.884835649
47.104079, -121.884835649
47.113079, -121.884835649
47.122079, -121.884835649
47.131079, -121.884835649
47.140079, -121.884835649
47.149079, -121.884835649
47.158079, -121.884835649
47.167079, -121.884835649
47.176079, -121.884835649
47.185079, -121.884835649
47.194079, -121.884835649
47.203079, -121.884835649
47.212079, -121.884835649
47.221079, -121.884835649
47.230079, -121.884835649
47.239079, -121.884835649
47.248079, -121.884835649
47.257079, -121.884835649
47.266079, -121.884835649
47.275079, -121.884835649
47.284079, -121.884835649
47.293079, -121.884835649
47.302079, -121.884835649
47.311079, -121.884835649
47.320079, -121.884835649
47.329079, -121.884835649
47.338079, -121.884835649
47.347079, -121.884835649
47.356079, -121.884835649
47.365079, -121.884835649
47.374079, -121.884835649
47.383079, -121.884835649
47.392079, -121.884835649
47.401079, -121.884835649
47.410079, -121.884835649
47.419079, -121.884835649
47.428079, -121.884835649
47.437079, -121.884835649
47.446079, -121.884835649
47.455079, -121.884835649
47.464079, -121.884835649
47.473079, -121.884835649
47.482079, -121.884835649
47.491079, -121.884835649
47.500079, -121.884835649
47.509079, -121.884835649
47.518079, -121.884835649
47.527079, -121.884835649
47.536079, -121.884835649
47.545079, -121.884835649
47.554079, -121.884835649
47.563079, -121.884835649
47.572079, -121.884835649
47.581079, -121.884835649
47.590079, -121.884835649
47.599079, -121.884835649
47.608079, -121.884835649
47.617079, -121.884835649
47.626079, -121.884835649
47.635079, -121.884835649
47.644079, -121.884835649
47.653079, -121.884835649
47.662079, -121.884835649
47.671079, -121.884835649
47.680079, -121.884835649
47.689079, -121.884835649
47.698079, -121.884835649
47.707079, -121.884835649
47.716079, -121.884835649
47.725079, -121.884835649
47.734079, -121.884835649
47.743079, -121.884835649
47.752079, -121.884835649
47.761079, -121.884835649
47.770079, -121.884835649
47.779079, -121.884835649
47.788079, -121.884835649
47.797079, -121.884835649
47.806079, -121.884835649
47.815079, -121.884835649
47.824079, -121.884835649
47.833079, -121.884835649
47.842079, -121.884835649
47.851079, -121.884835649
47.860079, -121.884835649
47.869079, -121.884835649
47.878079, -121.884835649
47.887079, -121.884835649
47.896079, -121.884835649
47.905079, -121.884835649
47.914079, -121.884835649
47.923079, -121.884835649
47.932079, -121.884835649
47.941079, -121.884835649
47.950079, -121.884835649
47.959079, -121.884835649
47.968079, -121.884835649
47.977079, -121.884835649
47.986079, -121.884835649
47.995079, -121.884835649
48.004079, -121.884835649
48.013079, -121.884835649
48.022079, -121.884835649
48.031079, -121.884835649
48.040079, -121.884835649
48.049079, -121.884835649
48.058079, -121.884835649
48.067079, -121.884835649
48.076079, -121.884835649
48.085079, -121.884835649
48.094079, -121.884835649
48.103079, -121.884835649
48.112079, -121.884835649
48.121079, -121.884835649
48.130079, -121.884835649
48.139079, -121.884835649
48.148079, -121.884835649
48.157079, -121.884835649
48.166079, -121.884835649
48.175079, -121.884835649
48.184079, -121.884835649
48.193079, -121.884835649
48.202079, -121.884835649
48.211079, -121.884835649
48.220079, -121.884835649
48.229079, -121.884835649
48.238079, -121.884835649
48.247079, -121.884835649
48.256079, -121.884835649
48.265079, -121.884835649
48.274079, -121.884835649
48.283079, -121.884835649
48.292079, -121.884835649
48.301079, -121.884835649
48.310079, -121.884835649
48.319079, -121.884835649
48.328079, -121.884835649
48.337079, -121.884835649
48.346079, -121.884835649
48.355079, -121.884835649
48.364079, -121.884835649
48.373079, -121.884835649
48.382079, -121.884835649
48.391079, -121.884835649
48.400079, -121.884835649
48.409079, -121.884835649
48.418079, -121.884835649
48.427079, -121.884835649
48.436079, -121.884835649
48.445079, -121.884835649
48.454079, -121.884835649
48.463079, -121.884835649
48.472079, -121.884835649
48.481079, -121.884835649
48.490079, -121.884835649
48.499079, -121.884835649
48.508079, -121.884835649
48.517079, -121.884835649
48.526079, -121.884835649
48.535079, -121.884835649
48.544079, -121.884835649
48.553079, -121.884835649
48.562079, -121.884835649
48.571079, -121.884835649
48.580079, -121.884835649
48.589079, -121.884835649
48.598079, -121.884835649
48.607079, -121.884835649
48.616079, -121.884835649
48.625079, -121.884835649
48.634079, -121.884835649
48.643079, -121.884835649
48.652079, -121.884835649
48.661079, -121.884835649
48.670079, -121.884835649
48.679079, -121.884835649
48.688079, -121.884835649
48.697079, -121.884835649
48.706079, -121.884835649
48.715079, -121.884835649
48.724079, -121.884835649
48.733079, -121.884835649
48.742079, -121.884835649
48.751079, -121.884835649
48.760079, -121.884835649
48.769079, -121.884835649
48.778079, -121.884835649
48.787079, -121.884835649
48.796079, -121.884835649
48.805079, -121.884835649
48.814079, -121.884835649
48.823079, -121.884835649
48.832079, -121.884835649
48.841079, -121.884835649
48.850079, -121.884835649
48.859079, -121.884835649
48.868079, -121.884835649
48.877079, -121.884835649
48.886079, -121.884835649
48.895079, -121.884835649
48.904079, -121.884835649
48.913079, -121.884835649
48.922079, -121.884835649
48.931079, -121.884835649
48.940079, -121.884835649
48.949079, -121.884835649
46.213079, -121.87112889
46.222079, -121.87112889
46.231079, -121.87112889
46.240079, -121.87112889
46.249079, -121.87112889
46.258079, -121.87112889
46.267079, -121.87112889
46.276079, -121.87112889
46.285079, -121.87112889
46.294079, -121.87112889
46.303079, -121.87112889
46.312079, -121.87112889
46.321079, -121.87112889
46.330079, -121.87112889
46.339079, -121.87112889
46.348079, -121.87112889
46.357079, -121.87112889
46.366079, -121.87112889
46.375079, -121.87112889
46.384079, -121.87112889
46.393079, -121.87112889
46.402079, -121.87112889
46.411079, -121.87112889
46.420079, -121.87112889
46.429079, -121.87112889
46.438079, -121.87112889
46.447079, -121.87112889
46.456079, -121.87112889
46.465079, -121.87112889
46.474079, -121.87112889
46.483079, -121.87112889
46.492079, -121.87112889
46.501079, -121.87112889
46.510079, -121.87112889
46.519079, -121.87112889
46.528079, -121.87112889
46.537079, -121.87112889
46.546079, -121.87112889
46.555079, -121.87112889
46.564079, -121.87112889
46.573079, -121.87112889
46.582079, -121.87112889
46.591079, -121.87112889
46.600079, -121.87112889
46.609079, -121.87112889
46.618079, -121.87112889
46.627079, -121.87112889
46.636079, -121.87112889
46.645079, -121.87112889
46.654079, -121.87112889
46.663079, -121.87112889
46.672079, -121.87112889
46.681079, -121.87112889
46.690079, -121.87112889
46.699079, -121.87112889
46.708079, -121.87112889
46.717079, -121.87112889
46.726079, -121.87112889
46.735079, -121.87112889
46.744079, -121.87112889
46.753079, -121.87112889
46.762079, -121.87112889
46.771079, -121.87112889
46.780079, -121.87112889
46.789079, -121.87112889
46.798079, -121.87112889
46.807079, -121.87112889
46.816079, -121.87112889
46.825079, -121.87112889
46.834079, -121.87112889
46.843079, -121.87112889
46.852079, -121.87112889
46.861079, -121.87112889
46.870079, -121.87112889
46.879079, -121.87112889
46.888079, -121.87112889
46.897079, -121.87112889
46.906079, -121.87112889
46.915079, -121.87112889
46.924079, -121.87112889
46.933079, -121.87112889
46.942079, -121.87112889
46.951079, -121.87112889
46.960079, -121.87112889
46.969079, -121.87112889
46.978079, -121.87112889
46.987079, -121.87112889
46.996079, -121.87112889
47.005079, -121.87112889
47.014079, -121.87112889
47.023079, -121.87112889
47.032079, -121.87112889
47.041079, -121.87112889
47.050079, -121.87112889
47.059079, -121.87112889
47.068079, -121.87112889
47.077079, -121.87112889
47.086079, -121.87112889
47.095079, -121.87112889
47.104079, -121.87112889
47.113079, -121.87112889
47.122079, -121.87112889
47.131079, -121.87112889
47.140079, -121.87112889
47.149079, -121.87112889
47.158079, -121.87112889
47.167079, -121.87112889
47.176079, -121.87112889
47.185079, -121.87112889
47.194079, -121.87112889
47.203079, -121.87112889
47.212079, -121.87112889
47.221079, -121.87112889
47.230079, -121.87112889
47.239079, -121.87112889
47.248079, -121.87112889
47.257079, -121.87112889
47.266079, -121.87112889
47.275079, -121.87112889
47.284079, -121.87112889
47.293079, -121.87112889
47.302079, -121.87112889
47.311079, -121.87112889
47.320079, -121.87112889
47.329079, -121.87112889
47.338079, -121.87112889
47.347079, -121.87112889
47.356079, -121.87112889
47.365079, -121.87112889
47.374079, -121.87112889
47.383079, -121.87112889
47.392079, -121.87112889
47.401079, -121.87112889
47.410079, -121.87112889
47.419079, -121.87112889
47.428079, -121.87112889
47.437079, -121.87112889
47.446079, -121.87112889
47.455079, -121.87112889
47.464079, -121.87112889
47.473079, -121.87112889
47.482079, -121.87112889
47.491079, -121.87112889
47.500079, -121.87112889
47.509079, -121.87112889
47.518079, -121.87112889
47.527079, -121.87112889
47.536079, -121.87112889
47.545079, -121.87112889
47.554079, -121.87112889
47.563079, -121.87112889
47.572079, -121.87112889
47.581079, -121.87112889
47.590079, -121.87112889
47.599079, -121.87112889
47.608079, -121.87112889
47.617079, -121.87112889
47.626079, -121.87112889
47.635079, -121.87112889
47.644079, -121.87112889
47.653079, -121.87112889
47.662079, -121.87112889
47.671079, -121.87112889
47.680079, -121.87112889
47.689079, -121.87112889
47.698079, -121.87112889
47.707079, -121.87112889
47.716079, -121.87112889
47.725079, -121.87112889
47.734079, -121.87112889
47.743079, -121.87112889
47.752079, -121.87112889
47.761079, -121.87112889
47.770079, -121.87112889
47.779079, -121.87112889
47.788079, -121.87112889
47.797079, -121.87112889
47.806079, -121.87112889
47.815079, -121.87112889
47.824079, -121.87112889
47.833079, -121.87112889
47.842079, -121.87112889
47.851079, -121.87112889
47.860079, -121.87112889
47.869079, -121.87112889
47.878079, -121.87112889
47.887079, -121.87112889
47.896079, -121.87112889
47.905079, -121.87112889
47.914079, -121.87112889
47.923079, -121.87112889
47.932079, -121.87112889
47.941079, -121.87112889
47.950079, -121.87112889
47.959079, -121.87112889
47.968079, -121.87112889
47.977079, -121.87112889
47.986079, -121.87112889
47.995079, -121.87112889
48.004079, -121.87112889
48.013079, -121.87112889
48.022079, -121.87112889
48.031079, -121.87112889
48.040079, -121.87112889
48.049079, -121.87112889
48.058079, -121.87112889
48.067079, -121.87112889
48.076079, -121.87112889
48.085079, -121.87112889
48.094079, -121.87112889
48.103079, -121.87112889
48.112079, -121.87112889
48.121079, -121.87112889
48.130079, -121.87112889
48.139079, -121.87112889
48.148079, -121.87112889
48.157079, -121.87112889
48.166079, -121.87112889
48.175079, -121.87112889
48.184079, -121.87112889
48.193079, -121.87112889
48.202079, -121.87112889
48.211079, -121.87112889
48.220079, -121.87112889
48.229079, -121.87112889
48.238079, -121.87112889
48.247079, -121.87112889
48.256079, -121.87112889
48.265079, -121.87112889
48.274079, -121.87112889
48.283079, -121.87112889
48.292079, -121.87112889
48.301079, -121.87112889
48.310079, -121.87112889
48.319079, -121.87112889
48.328079, -121.87112889
48.337079, -121.87112889
48.346079, -121.87112889
48.355079, -121.87112889
48.364079, -121.87112889
48.373079, -121.87112889
48.382079, -121.87112889
48.391079, -121.87112889
48.400079, -121.87112889
48.409079, -121.87112889
48.418079, -121.87112889
48.427079, -121.87112889
48.436079, -121.87112889
48.445079, -121.87112889
48.454079, -121.87112889
48.463079, -121.87112889
48.472079, -121.87112889
48.481079, -121.87112889
48.490079, -121.87112889
48.499079, -121.87112889
48.508079, -121.87112889
48.517079, -121.87112889
48.526079, -121.87112889
48.535079, -121.87112889
48.544079, -121.87112889
48.553079, -121.87112889
48.562079, -121.87112889
48.571079, -121.87112889
48.580079, -121.87112889
48.589079, -121.87112889
48.598079, -121.87112889
48.607079, -121.87112889
48.616079, -121.87112889
48.625079, -121.87112889
48.634079, -121.87112889
48.643079, -121.87112889
48.652079, -121.87112889
48.661079, -121.87112889
48.670079, -121.87112889
48.679079, -121.87112889
48.688079, -121.87112889
48.697079, -121.87112889
48.706079, -121.87112889
48.715079, -121.87112889
48.724079, -121.87112889
48.733079, -121.87112889
48.742079, -121.87112889
48.751079, -121.87112889
48.760079, -121.87112889
48.769079, -121.87112889
48.778079, -121.87112889
48.787079, -121.87112889
48.796079, -121.87112889
48.805079, -121.87112889
48.814079, -121.87112889
48.823079, -121.87112889
48.832079, -121.87112889
48.841079, -121.87112889
48.850079, -121.87112889
48.859079, -121.87112889
48.868079, -121.87112889
48.877079, -121.87112889
48.886079, -121.87112889
48.895079, -121.87112889
48.904079, -121.87112889
48.913079, -121.87112889
48.922079, -121.87112889
48.931079, -121.87112889
48.940079, -121.87112889
48.949079, -121.87112889
46.213079, -121.857422132
46.222079, -121.857422132
46.231079, -121.857422132
46.240079, -121.857422132
46.249079, -121.857422132
46.258079, -121.857422132
46.267079, -121.857422132
46.276079, -121.857422132
46.285079, -121.857422132
46.294079, -121.857422132
46.303079, -121.857422132
46.312079, -121.857422132
46.321079, -121.857422132
46.330079, -121.857422132
46.339079, -121.857422132
46.348079, -121.857422132
46.357079, -121.857422132
46.366079, -121.857422132
46.375079, -121.857422132
46.384079, -121.857422132
46.393079, -121.857422132
46.402079, -121.857422132
46.411079, -121.857422132
46.420079, -121.857422132
46.429079, -121.857422132
46.438079, -121.857422132
46.447079, -121.857422132
46.456079, -121.857422132
46.465079, -121.857422132
46.474079, -121.857422132
46.483079, -121.857422132
46.492079, -121.857422132
46.501079, -121.857422132
46.510079, -121.857422132
46.519079, -121.857422132
46.528079, -121.857422132
46.537079, -121.857422132
46.546079, -121.857422132
46.555079, -121.857422132
46.564079, -121.857422132
46.573079, -121.857422132
46.582079, -121.857422132
46.591079, -121.857422132
46.600079, -121.857422132
46.609079, -121.857422132
46.618079, -121.857422132
46.627079, -121.857422132
46.636079, -121.857422132
46.645079, -121.857422132
46.654079, -121.857422132
46.663079, -121.857422132
46.672079, -121.857422132
46.681079, -121.857422132
46.690079, -121.857422132
46.699079, -121.857422132
46.708079, -121.857422132
46.717079, -121.857422132
46.726079, -121.857422132
46.735079, -121.857422132
46.744079, -121.857422132
46.753079, -121.857422132
46.762079, -121.857422132
46.771079, -121.857422132
46.780079, -121.857422132
46.789079, -121.857422132
46.798079, -121.857422132
46.807079, -121.857422132
46.816079, -121.857422132
46.825079, -121.857422132
46.834079, -121.857422132
46.843079, -121.857422132
46.852079, -121.857422132
46.861079, -121.857422132
46.870079, -121.857422132
46.879079, -121.857422132
46.888079, -121.857422132
46.897079, -121.857422132
46.906079, -121.857422132
46.915079, -121.857422132
46.924079, -121.857422132
46.933079, -121.857422132
46.942079, -121.857422132
46.951079, -121.857422132
46.960079, -121.857422132
46.969079, -121.857422132
46.978079, -121.857422132
46.987079, -121.857422132
46.996079, -121.857422132
47.005079, -121.857422132
47.014079, -121.857422132
47.023079, -121.857422132
47.032079, -121.857422132
47.041079, -121.857422132
47.050079, -121.857422132
47.059079, -121.857422132
47.068079, -121.857422132
47.077079, -121.857422132
47.086079, -121.857422132
47.095079, -121.857422132
47.104079, -121.857422132
47.113079, -121.857422132
47.122079, -121.857422132
47.131079, -121.857422132
47.140079, -121.857422132
47.149079, -121.857422132
47.158079, -121.857422132
47.167079, -121.857422132
47.176079, -121.857422132
47.185079, -121.857422132
47.194079, -121.857422132
47.203079, -121.857422132
47.212079, -121.857422132
47.221079, -121.857422132
47.230079, -121.857422132
47.239079, -121.857422132
47.248079, -121.857422132
47.257079, -121.857422132
47.266079, -121.857422132
47.275079, -121.857422132
47.284079, -121.857422132
47.293079, -121.857422132
47.302079, -121.857422132
47.311079, -121.857422132
47.320079, -121.857422132
47.329079, -121.857422132
47.338079, -121.857422132
47.347079, -121.857422132
47.356079, -121.857422132
47.365079, -121.857422132
47.374079, -121.857422132
47.383079, -121.857422132
47.392079, -121.857422132
47.401079, -121.857422132
47.410079, -121.857422132
47.419079, -121.857422132
47.428079, -121.857422132
47.437079, -121.857422132
47.446079, -121.857422132
47.455079, -121.857422132
47.464079, -121.857422132
47.473079, -121.857422132
47.482079, -121.857422132
47.491079, -121.857422132
47.500079, -121.857422132
47.509079, -121.857422132
47.518079, -121.857422132
47.527079, -121.857422132
47.536079, -121.857422132
47.545079, -121.857422132
47.554079, -121.857422132
47.563079, -121.857422132
47.572079, -121.857422132
47.581079, -121.857422132
47.590079, -121.857422132
47.599079, -121.857422132
47.608079, -121.857422132
47.617079, -121.857422132
47.626079, -121.857422132
47.635079, -121.857422132
47.644079, -121.857422132
47.653079, -121.857422132
47.662079, -121.857422132
47.671079, -121.857422132
47.680079, -121.857422132
47.689079, -121.857422132
47.698079, -121.857422132
47.707079, -121.857422132
47.716079, -121.857422132
47.725079, -121.857422132
47.734079, -121.857422132
47.743079, -121.857422132
47.752079, -121.857422132
47.761079, -121.857422132
47.770079, -121.857422132
47.779079, -121.857422132
47.788079, -121.857422132
47.797079, -121.857422132
47.806079, -121.857422132
47.815079, -121.857422132
47.824079, -121.857422132
47.833079, -121.857422132
47.842079, -121.857422132
47.851079, -121.857422132
47.860079, -121.857422132
47.869079, -121.857422132
47.878079, -121.857422132
47.887079, -121.857422132
47.896079, -121.857422132
47.905079, -121.857422132
47.914079, -121.857422132
47.923079, -121.857422132
47.932079, -121.857422132
47.941079, -121.857422132
47.950079, -121.857422132
47.959079, -121.857422132
47.968079, -121.857422132
47.977079, -121.857422132
47.986079, -121.857422132
47.995079, -121.857422132
48.004079, -121.857422132
48.013079, -121.857422132
48.022079, -121.857422132
48.031079, -121.857422132
48.040079, -121.857422132
48.049079, -121.857422132
48.058079, -121.857422132
48.067079, -121.857422132
48.076079, -121.857422132
48.085079, -121.857422132
48.094079, -121.857422132
48.103079, -121.857422132
48.112079, -121.857422132
48.121079, -121.857422132
48.130079, -121.857422132
48.139079, -121.857422132
48.148079, -121.857422132
48.157079, -121.857422132
48.166079, -121.857422132
48.175079, -121.857422132
48.184079, -121.857422132
48.193079, -121.857422132
48.202079, -121.857422132
48.211079, -121.857422132
48.220079, -121.857422132
48.229079, -121.857422132
48.238079, -121.857422132
48.247079, -121.857422132
48.256079, -121.857422132
48.265079, -121.857422132
48.274079, -121.857422132
48.283079, -121.857422132
48.292079, -121.857422132
48.301079, -121.857422132
48.310079, -121.857422132
48.319079, -121.857422132
48.328079, -121.857422132
48.337079, -121.857422132
48.346079, -121.857422132
48.355079, -121.857422132
48.364079, -121.857422132
48.373079, -121.857422132
48.382079, -121.857422132
48.391079, -121.857422132
48.400079, -121.857422132
48.409079, -121.857422132
48.418079, -121.857422132
48.427079, -121.857422132
48.436079, -121.857422132
48.445079, -121.857422132
48.454079, -121.857422132
48.463079, -121.857422132
48.472079, -121.857422132
48.481079, -121.857422132
48.490079, -121.857422132
48.499079, -121.857422132
48.508079, -121.857422132
48.517079, -121.857422132
48.526079, -121.857422132
48.535079, -121.857422132
48.544079, -121.857422132
48.553079, -121.857422132
48.562079, -121.857422132
48.571079, -121.857422132
48.580079, -121.857422132
48.589079, -121.857422132
48.598079, -121.857422132
48.607079, -121.857422132
48.616079, -121.857422132
48.625079, -121.857422132
48.634079, -121.857422132
48.643079, -121.857422132
48.652079, -121.857422132
48.661079, -121.857422132
48.670079, -121.857422132
48.679079, -121.857422132
48.688079, -121.857422132
48.697079, -121.857422132
48.706079, -121.857422132
48.715079, -121.857422132
48.724079, -121.857422132
48.733079, -121.857422132
48.742079, -121.857422132
48.751079, -121.857422132
48.760079, -121.857422132
48.769079, -121.857422132
48.778079, -121.857422132
48.787079, -121.857422132
48.796079, -121.857422132
48.805079, -121.857422132
48.814079, -121.857422132
48.823079, -121.857422132
48.832079, -121.857422132
48.841079, -121.857422132
48.850079, -121.857422132
48.859079, -121.857422132
48.868079, -121.857422132
48.877079, -121.857422132
48.886079, -121.857422132
48.895079, -121.857422132
48.904079, -121.857422132
48.913079, -121.857422132
48.922079, -121.857422132
48.931079, -121.857422132
48.940079, -121.857422132
48.949079, -121.857422132
46.213079, -121.843715373
46.222079, -121.843715373
46.231079, -121.843715373
46.240079, -121.843715373
46.249079, -121.843715373
46.258079, -121.843715373
46.267079, -121.843715373
46.276079, -121.843715373
46.285079, -121.843715373
46.294079, -121.843715373
46.303079, -121.843715373
46.312079, -121.843715373
46.321079, -121.843715373
46.330079, -121.843715373
46.339079, -121.843715373
46.348079, -121.843715373
46.357079, -121.843715373
46.366079, -121.843715373
46.375079, -121.843715373
46.384079, -121.843715373
46.393079, -121.843715373
46.402079, -121.843715373
46.411079, -121.843715373
46.420079, -121.843715373
46.429079, -121.843715373
46.438079, -121.843715373
46.447079, -121.843715373
46.456079, -121.843715373
46.465079, -121.843715373
46.474079, -121.843715373
46.483079, -121.843715373
46.492079, -121.843715373
46.501079, -121.843715373
46.510079, -121.843715373
46.519079, -121.843715373
46.528079, -121.843715373
46.537079, -121.843715373
46.546079, -121.843715373
46.555079, -121.843715373
46.564079, -121.843715373
46.573079, -121.843715373
46.582079, -121.843715373
46.591079, -121.843715373
46.600079, -121.843715373
46.609079, -121.843715373
46.618079, -121.843715373
46.627079, -121.843715373
46.636079, -121.843715373
46.645079, -121.843715373
46.654079, -121.843715373
46.663079, -121.843715373
46.672079, -121.843715373
46.681079, -121.843715373
46.690079, -121.843715373
46.699079, -121.843715373
46.708079, -121.843715373
46.717079, -121.843715373
46.726079, -121.843715373
46.735079, -121.843715373
46.744079, -121.843715373
46.753079, -121.843715373
46.762079, -121.843715373
46.771079, -121.843715373
46.780079, -121.843715373
46.789079, -121.843715373
46.798079, -121.843715373
46.807079, -121.843715373
46.816079, -121.843715373
46.825079, -121.843715373
46.834079, -121.843715373
46.843079, -121.843715373
46.852079, -121.843715373
46.861079, -121.843715373
46.870079, -121.843715373
46.879079, -121.843715373
46.888079, -121.843715373
46.897079, -121.843715373
46.906079, -121.843715373
46.915079, -121.843715373
46.924079, -121.843715373
46.933079, -121.843715373
46.942079, -121.843715373
46.951079, -121.843715373
46.960079, -121.843715373
46.969079, -121.843715373
46.978079, -121.843715373
46.987079, -121.843715373
46.996079, -121.843715373
47.005079, -121.843715373
47.014079, -121.843715373
47.023079, -121.843715373
47.032079, -121.843715373
47.041079, -121.843715373
47.050079, -121.843715373
47.059079, -121.843715373
47.068079, -121.843715373
47.077079, -121.843715373
47.086079, -121.843715373
47.095079, -121.843715373
47.104079, -121.843715373
47.113079, -121.843715373
47.122079, -121.843715373
47.131079, -121.843715373
47.140079, -121.843715373
47.149079, -121.843715373
47.158079, -121.843715373
47.167079, -121.843715373
47.176079, -121.843715373
47.185079, -121.843715373
47.194079, -121.843715373
47.203079, -121.843715373
47.212079, -121.843715373
47.221079, -121.843715373
47.230079, -121.843715373
47.239079, -121.843715373
47.248079, -121.843715373
47.257079, -121.843715373
47.266079, -121.843715373
47.275079, -121.843715373
47.284079, -121.843715373
47.293079, -121.843715373
47.302079, -121.843715373
47.311079, -121.843715373
47.320079, -121.843715373
47.329079, -121.843715373
47.338079, -121.843715373
47.347079, -121.843715373
47.356079, -121.843715373
47.365079, -121.843715373
47.374079, -121.843715373
47.383079, -121.843715373
47.392079, -121.843715373
47.401079, -121.843715373
47.410079, -121.843715373
47.419079, -121.843715373
47.428079, -121.843715373
47.437079, -121.843715373
47.446079, -121.843715373
47.455079, -121.843715373
47.464079, -121.843715373
47.473079, -121.843715373
47.482079, -121.843715373
47.491079, -121.843715373
47.500079, -121.843715373
47.509079, -121.843715373
47.518079, -121.843715373
47.527079, -121.843715373
47.536079, -121.843715373
47.545079, -121.843715373
47.554079, -121.843715373
47.563079, -121.843715373
47.572079, -121.843715373
47.581079, -121.843715373
47.590079, -121.843715373
47.599079, -121.843715373
47.608079, -121.843715373
47.617079, -121.843715373
47.626079, -121.843715373
47.635079, -121.843715373
47.644079, -121.843715373
47.653079, -121.843715373
47.662079, -121.843715373
47.671079, -121.843715373
47.680079, -121.843715373
47.689079, -121.843715373
47.698079, -121.843715373
47.707079, -121.843715373
47.716079, -121.843715373
47.725079, -121.843715373
47.734079, -121.843715373
47.743079, -121.843715373
47.752079, -121.843715373
47.761079, -121.843715373
47.770079, -121.843715373
47.779079, -121.843715373
47.788079, -121.843715373
47.797079, -121.843715373
47.806079, -121.843715373
47.815079, -121.843715373
47.824079, -121.843715373
47.833079, -121.843715373
47.842079, -121.843715373
47.851079, -121.843715373
47.860079, -121.843715373
47.869079, -121.843715373
47.878079, -121.843715373
47.887079, -121.843715373
47.896079, -121.843715373
47.905079, -121.843715373
47.914079, -121.843715373
47.923079, -121.843715373
47.932079, -121.843715373
47.941079, -121.843715373
47.950079, -121.843715373
47.959079, -121.843715373
47.968079, -121.843715373
47.977079, -121.843715373
47.986079, -121.843715373
47.995079, -121.843715373
48.004079, -121.843715373
48.013079, -121.843715373
48.022079, -121.843715373
48.031079, -121.843715373
48.040079, -121.843715373
48.049079, -121.843715373
48.058079, -121.843715373
48.067079, -121.843715373
48.076079, -121.843715373
48.085079, -121.843715373
48.094079, -121.843715373
48.103079, -121.843715373
48.112079, -121.843715373
48.121079, -121.843715373
48.130079, -121.843715373
48.139079, -121.843715373
48.148079, -121.843715373
48.157079, -121.843715373
48.166079, -121.843715373
48.175079, -121.843715373
48.184079, -121.843715373
48.193079, -121.843715373
48.202079, -121.843715373
48.211079, -121.843715373
48.220079, -121.843715373
48.229079, -121.843715373
48.238079, -121.843715373
48.247079, -121.843715373
48.256079, -121.843715373
48.265079, -121.843715373
48.274079, -121.843715373
48.283079, -121.843715373
48.292079, -121.843715373
48.301079, -121.843715373
48.310079, -121.843715373
48.319079, -121.843715373
48.328079, -121.843715373
48.337079, -121.843715373
48.346079, -121.843715373
48.355079, -121.843715373
48.364079, -121.843715373
48.373079, -121.843715373
48.382079, -121.843715373
48.391079, -121.843715373
48.400079, -121.843715373
48.409079, -121.843715373
48.418079, -121.843715373
48.427079, -121.843715373
48.436079, -121.843715373
48.445079, -121.843715373
48.454079, -121.843715373
48.463079, -121.843715373
48.472079, -121.843715373
48.481079, -121.843715373
48.490079, -121.843715373
48.499079, -121.843715373
48.508079, -121.843715373
48.517079, -121.843715373
48.526079, -121.843715373
48.535079, -121.843715373
48.544079, -121.843715373
48.553079, -121.843715373
48.562079, -121.843715373
48.571079, -121.843715373
48.580079, -121.843715373
48.589079, -121.843715373
48.598079, -121.843715373
48.607079, -121.843715373
48.616079, -121.843715373
48.625079, -121.843715373
48.634079, -121.843715373
48.643079, -121.843715373
48.652079, -121.843715373
48.661079, -121.843715373
48.670079, -121.843715373
48.679079, -121.843715373
48.688079, -121.843715373
48.697079, -121.843715373
48.706079, -121.843715373
48.715079, -121.843715373
48.724079, -121.843715373
48.733079, -121.843715373
48.742079, -121.843715373
48.751079, -121.843715373
48.760079, -121.843715373
48.769079, -121.843715373
48.778079, -121.843715373
48.787079, -121.843715373
48.796079, -121.843715373
48.805079, -121.843715373
48.814079, -121.843715373
48.823079, -121.843715373
48.832079, -121.843715373
48.841079, -121.843715373
48.850079, -121.843715373
48.859079, -121.843715373
48.868079, -121.843715373
48.877079, -121.843715373
48.886079, -121.843715373
48.895079, -121.843715373
48.904079, -121.843715373
48.913079, -121.843715373
48.922079, -121.843715373
48.931079, -121.843715373
48.940079, -121.843715373
48.949079, -121.843715373
46.213079, -121.830008615
46.222079, -121.830008615
46.231079, -121.830008615
46.240079, -121.830008615
46.249079, -121.830008615
46.258079, -121.830008615
46.267079, -121.830008615
46.276079, -121.830008615
46.285079, -121.830008615
46.294079, -121.830008615
46.303079, -121.830008615
46.312079, -121.830008615
46.321079, -121.830008615
46.330079, -121.830008615
46.339079, -121.830008615
46.348079, -121.830008615
46.357079, -121.830008615
46.366079, -121.830008615
46.375079, -121.830008615
46.384079, -121.830008615
46.393079, -121.830008615
46.402079, -121.830008615
46.411079, -121.830008615
46.420079, -121.830008615
46.429079, -121.830008615
46.438079, -121.830008615
46.447079, -121.830008615
46.456079, -121.830008615
46.465079, -121.830008615
46.474079, -121.830008615
46.483079, -121.830008615
46.492079, -121.830008615
46.501079, -121.830008615
46.510079, -121.830008615
46.519079, -121.830008615
46.528079, -121.830008615
46.537079, -121.830008615
46.546079, -121.830008615
46.555079, -121.830008615
46.564079, -121.830008615
46.573079, -121.830008615
46.582079, -121.830008615
46.591079, -121.830008615
46.600079, -121.830008615
46.609079, -121.830008615
46.618079, -121.830008615
46.627079, -121.830008615
46.636079, -121.830008615
46.645079, -121.830008615
46.654079, -121.830008615
46.663079, -121.830008615
46.672079, -121.830008615
46.681079, -121.830008615
46.690079, -121.830008615
46.699079, -121.830008615
46.708079, -121.830008615
46.717079, -121.830008615
46.726079, -121.830008615
46.735079, -121.830008615
46.744079, -121.830008615
46.753079, -121.830008615
46.762079, -121.830008615
46.771079, -121.830008615
46.780079, -121.830008615
46.789079, -121.830008615
46.798079, -121.830008615
46.807079, -121.830008615
46.816079, -121.830008615
46.825079, -121.830008615
46.834079, -121.830008615
46.843079, -121.830008615
46.852079, -121.830008615
46.861079, -121.830008615
46.870079, -121.830008615
46.879079, -121.830008615
46.888079, -121.830008615
46.897079, -121.830008615
46.906079, -121.830008615
46.915079, -121.830008615
46.924079, -121.830008615
46.933079, -121.830008615
46.942079, -121.830008615
46.951079, -121.830008615
46.960079, -121.830008615
46.969079, -121.830008615
46.978079, -121.830008615
46.987079, -121.830008615
46.996079, -121.830008615
47.005079, -121.830008615
47.014079, -121.830008615
47.023079, -121.830008615
47.032079, -121.830008615
47.041079, -121.830008615
47.050079, -121.830008615
47.059079, -121.830008615
47.068079, -121.830008615
47.077079, -121.830008615
47.086079, -121.830008615
47.095079, -121.830008615
47.104079, -121.830008615
47.113079, -121.830008615
47.122079, -121.830008615
47.131079, -121.830008615
47.140079, -121.830008615
47.149079, -121.830008615
47.158079, -121.830008615
47.167079, -121.830008615
47.176079, -121.830008615
47.185079, -121.830008615
47.194079, -121.830008615
47.203079, -121.830008615
47.212079, -121.830008615
47.221079, -121.830008615
47.230079, -121.830008615
47.239079, -121.830008615
47.248079, -121.830008615
47.257079, -121.830008615
47.266079, -121.830008615
47.275079, -121.830008615
47.284079, -121.830008615
47.293079, -121.830008615
47.302079, -121.830008615
47.311079, -121.830008615
47.320079, -121.830008615
47.329079, -121.830008615
47.338079, -121.830008615
47.347079, -121.830008615
47.356079, -121.830008615
47.365079, -121.830008615
47.374079, -121.830008615
47.383079, -121.830008615
47.392079, -121.830008615
47.401079, -121.830008615
47.410079, -121.830008615
47.419079, -121.830008615
47.428079, -121.830008615
47.437079, -121.830008615
47.446079, -121.830008615
47.455079, -121.830008615
47.464079, -121.830008615
47.473079, -121.830008615
47.482079, -121.830008615
47.491079, -121.830008615
47.500079, -121.830008615
47.509079, -121.830008615
47.518079, -121.830008615
47.527079, -121.830008615
47.536079, -121.830008615
47.545079, -121.830008615
47.554079, -121.830008615
47.563079, -121.830008615
47.572079, -121.830008615
47.581079, -121.830008615
47.590079, -121.830008615
47.599079, -121.830008615
47.608079, -121.830008615
47.617079, -121.830008615
47.626079, -121.830008615
47.635079, -121.830008615
47.644079, -121.830008615
47.653079, -121.830008615
47.662079, -121.830008615
47.671079, -121.830008615
47.680079, -121.830008615
47.689079, -121.830008615
47.698079, -121.830008615
47.707079, -121.830008615
47.716079, -121.830008615
47.725079, -121.830008615
47.734079, -121.830008615
47.743079, -121.830008615
47.752079, -121.830008615
47.761079, -121.830008615
47.770079, -121.830008615
47.779079, -121.830008615
47.788079, -121.830008615
47.797079, -121.830008615
47.806079, -121.830008615
47.815079, -121.830008615
47.824079, -121.830008615
47.833079, -121.830008615
47.842079, -121.830008615
47.851079, -121.830008615
47.860079, -121.830008615
47.869079, -121.830008615
47.878079, -121.830008615
47.887079, -121.830008615
47.896079, -121.830008615
47.905079, -121.830008615
47.914079, -121.830008615
47.923079, -121.830008615
47.932079, -121.830008615
47.941079, -121.830008615
47.950079, -121.830008615
47.959079, -121.830008615
47.968079, -121.830008615
47.977079, -121.830008615
47.986079, -121.830008615
47.995079, -121.830008615
48.004079, -121.830008615
48.013079, -121.830008615
48.022079, -121.830008615
48.031079, -121.830008615
48.040079, -121.830008615
48.049079, -121.830008615
48.058079, -121.830008615
48.067079, -121.830008615
48.076079, -121.830008615
48.085079, -121.830008615
48.094079, -121.830008615
48.103079, -121.830008615
48.112079, -121.830008615
48.121079, -121.830008615
48.130079, -121.830008615
48.139079, -121.830008615
48.148079, -121.830008615
48.157079, -121.830008615
48.166079, -121.830008615
48.175079, -121.830008615
48.184079, -121.830008615
48.193079, -121.830008615
48.202079, -121.830008615
48.211079, -121.830008615
48.220079, -121.830008615
48.229079, -121.830008615
48.238079, -121.830008615
48.247079, -121.830008615
48.256079, -121.830008615
48.265079, -121.830008615
48.274079, -121.830008615
48.283079, -121.830008615
48.292079, -121.830008615
48.301079, -121.830008615
48.310079, -121.830008615
48.319079, -121.830008615
48.328079, -121.830008615
48.337079, -121.830008615
48.346079, -121.830008615
48.355079, -121.830008615
48.364079, -121.830008615
48.373079, -121.830008615
48.382079, -121.830008615
48.391079, -121.830008615
48.400079, -121.830008615
48.409079, -121.830008615
48.418079, -121.830008615
48.427079, -121.830008615
48.436079, -121.830008615
48.445079, -121.830008615
48.454079, -121.830008615
48.463079, -121.830008615
48.472079, -121.830008615
48.481079, -121.830008615
48.490079, -121.830008615
48.499079, -121.830008615
48.508079, -121.830008615
48.517079, -121.830008615
48.526079, -121.830008615
48.535079, -121.830008615
48.544079, -121.830008615
48.553079, -121.830008615
48.562079, -121.830008615
48.571079, -121.830008615
48.580079, -121.830008615
48.589079, -121.830008615
48.598079, -121.830008615
48.607079, -121.830008615
48.616079, -121.830008615
48.625079, -121.830008615
48.634079, -121.830008615
48.643079, -121.830008615
48.652079, -121.830008615
48.661079, -121.830008615
48.670079, -121.830008615
48.679079, -121.830008615
48.688079, -121.830008615
48.697079, -121.830008615
48.706079, -121.830008615
48.715079, -121.830008615
48.724079, -121.830008615
48.733079, -121.830008615
48.742079, -121.830008615
48.751079, -121.830008615
48.760079, -121.830008615
48.769079, -121.830008615
48.778079, -121.830008615
48.787079, -121.830008615
48.796079, -121.830008615
48.805079, -121.830008615
48.814079, -121.830008615
48.823079, -121.830008615
48.832079, -121.830008615
48.841079, -121.830008615
48.850079, -121.830008615
48.859079, -121.830008615
48.868079, -121.830008615
48.877079, -121.830008615
48.886079, -121.830008615
48.895079, -121.830008615
48.904079, -121.830008615
48.913079, -121.830008615
48.922079, -121.830008615
48.931079, -121.830008615
48.940079, -121.830008615
48.949079, -121.830008615
46.213079, -121.816301856
46.222079, -121.816301856
46.231079, -121.816301856
46.240079, -121.816301856
46.249079, -121.816301856
46.258079, -121.816301856
46.267079, -121.816301856
46.276079, -121.816301856
46.285079, -121.816301856
46.294079, -121.816301856
46.303079, -121.816301856
46.312079, -121.816301856
46.321079, -121.816301856
46.330079, -121.816301856
46.339079, -121.816301856
46.348079, -121.816301856
46.357079, -121.816301856
46.366079, -121.816301856
46.375079, -121.816301856
46.384079, -121.816301856
46.393079, -121.816301856
46.402079, -121.816301856
46.411079, -121.816301856
46.420079, -121.816301856
46.429079, -121.816301856
46.438079, -121.816301856
46.447079, -121.816301856
46.456079, -121.816301856
46.465079, -121.816301856
46.474079, -121.816301856
46.483079, -121.816301856
46.492079, -121.816301856
46.501079, -121.816301856
46.510079, -121.816301856
46.519079, -121.816301856
46.528079, -121.816301856
46.537079, -121.816301856
46.546079, -121.816301856
46.555079, -121.816301856
46.564079, -121.816301856
46.573079, -121.816301856
46.582079, -121.816301856
46.591079, -121.816301856
46.600079, -121.816301856
46.609079, -121.816301856
46.618079, -121.816301856
46.627079, -121.816301856
46.636079, -121.816301856
46.645079, -121.816301856
46.654079, -121.816301856
46.663079, -121.816301856
46.672079, -121.816301856
46.681079, -121.816301856
46.690079, -121.816301856
46.699079, -121.816301856
46.708079, -121.816301856
46.717079, -121.816301856
46.726079, -121.816301856
46.735079, -121.816301856
46.744079, -121.816301856
46.753079, -121.816301856
46.762079, -121.816301856
46.771079, -121.816301856
46.780079, -121.816301856
46.789079, -121.816301856
46.798079, -121.816301856
46.807079, -121.816301856
46.816079, -121.816301856
46.825079, -121.816301856
46.834079, -121.816301856
46.843079, -121.816301856
46.852079, -121.816301856
46.861079, -121.816301856
46.870079, -121.816301856
46.879079, -121.816301856
46.888079, -121.816301856
46.897079, -121.816301856
46.906079, -121.816301856
46.915079, -121.816301856
46.924079, -121.816301856
46.933079, -121.816301856
46.942079, -121.816301856
46.951079, -121.816301856
46.960079, -121.816301856
46.969079, -121.816301856
46.978079, -121.816301856
46.987079, -121.816301856
46.996079, -121.816301856
47.005079, -121.816301856
47.014079, -121.816301856
47.023079, -121.816301856
47.032079, -121.816301856
47.041079, -121.816301856
47.050079, -121.816301856
47.059079, -121.816301856
47.068079, -121.816301856
47.077079, -121.816301856
47.086079, -121.816301856
47.095079, -121.816301856
47.104079, -121.816301856
47.113079, -121.816301856
47.122079, -121.816301856
47.131079, -121.816301856
47.140079, -121.816301856
47.149079, -121.816301856
47.158079, -121.816301856
47.167079, -121.816301856
47.176079, -121.816301856
47.185079, -121.816301856
47.194079, -121.816301856
47.203079, -121.816301856
47.212079, -121.816301856
47.221079, -121.816301856
47.230079, -121.816301856
47.239079, -121.816301856
47.248079, -121.816301856
47.257079, -121.816301856
47.266079, -121.816301856
47.275079, -121.816301856
47.284079, -121.816301856
47.293079, -121.816301856
47.302079, -121.816301856
47.311079, -121.816301856
47.320079, -121.816301856
47.329079, -121.816301856
47.338079, -121.816301856
47.347079, -121.816301856
47.356079, -121.816301856
47.365079, -121.816301856
47.374079, -121.816301856
47.383079, -121.816301856
47.392079, -121.816301856
47.401079, -121.816301856
47.410079, -121.816301856
47.419079, -121.816301856
47.428079, -121.816301856
47.437079, -121.816301856
47.446079, -121.816301856
47.455079, -121.816301856
47.464079, -121.816301856
47.473079, -121.816301856
47.482079, -121.816301856
47.491079, -121.816301856
47.500079, -121.816301856
47.509079, -121.816301856
47.518079, -121.816301856
47.527079, -121.816301856
47.536079, -121.816301856
47.545079, -121.816301856
47.554079, -121.816301856
47.563079, -121.816301856
47.572079, -121.816301856
47.581079, -121.816301856
47.590079, -121.816301856
47.599079, -121.816301856
47.608079, -121.816301856
47.617079, -121.816301856
47.626079, -121.816301856
47.635079, -121.816301856
47.644079, -121.816301856
47.653079, -121.816301856
47.662079, -121.816301856
47.671079, -121.816301856
47.680079, -121.816301856
47.689079, -121.816301856
47.698079, -121.816301856
47.707079, -121.816301856
47.716079, -121.816301856
47.725079, -121.816301856
47.734079, -121.816301856
47.743079, -121.816301856
47.752079, -121.816301856
47.761079, -121.816301856
47.770079, -121.816301856
47.779079, -121.816301856
47.788079, -121.816301856
47.797079, -121.816301856
47.806079, -121.816301856
47.815079, -121.816301856
47.824079, -121.816301856
47.833079, -121.816301856
47.842079, -121.816301856
47.851079, -121.816301856
47.860079, -121.816301856
47.869079, -121.816301856
47.878079, -121.816301856
