47.482079, -119.225724501
47.491079, -119.225724501
47.500079, -119.225724501
47.509079, -119.225724501
47.518079, -119.225724501
47.527079, -119.225724501
47.536079, -119.225724501
47.545079, -119.225724501
47.554079, -119.225724501
47.563079, -119.225724501
47.572079, -119.225724501
47.581079, -119.225724501
47.590079, -119.225724501
47.599079, -119.225724501
47.608079, -119.225724501
47.617079, -119.225724501
47.626079, -119.225724501
47.635079, -119.225724501
47.644079, -119.225724501
47.653079, -119.225724501
47.662079, -119.225724501
47.671079, -119.225724501
47.680079, -119.225724501
47.689079, -119.225724501
47.698079, -119.225724501
47.707079, -119.225724501
47.716079, -119.225724501
47.725079, -119.225724501
47.734079, -119.225724501
47.743079, -119.225724501
47.752079, -119.225724501
47.761079, -119.225724501
47.770079, -119.225724501
47.779079, -119.225724501
47.788079, -119.225724501
47.797079, -119.225724501
47.806079, -119.225724501
47.815079, -119.225724501
47.824079, -119.225724501
47.833079, -119.225724501
47.842079, -119.225724501
47.851079, -119.225724501
47.860079, -119.225724501
47.869079, -119.225724501
47.878079, -119.225724501
47.887079, -119.225724501
47.896079, -119.225724501
47.905079, -119.225724501
47.914079, -119.225724501
47.923079, -119.225724501
47.932079, -119.225724501
47.941079, -119.225724501
47.950079, -119.225724501
47.959079, -119.225724501
47.968079, -119.225724501
47.977079, -119.225724501
47.986079, -119.225724501
47.995079, -119.225724501
48.004079, -119.225724501
48.013079, -119.225724501
48.022079, -119.225724501
48.031079, -119.225724501
48.040079, -119.225724501
48.049079, -119.225724501
48.058079, -119.225724501
48.067079, -119.225724501
48.076079, -119.225724501
48.085079, -119.225724501
48.094079, -119.225724501
48.103079, -119.225724501
48.112079, -119.225724501
48.121079, -119.225724501
48.130079, -119.225724501
48.139079, -119.225724501
48.148079, -119.225724501
48.157079, -119.225724501
48.166079, -119.225724501
48.175079, -119.225724501
48.184079, -119.225724501
48.193079, -119.225724501
48.202079, -119.225724501
48.211079, -119.225724501
48.220079, -119.225724501
48.229079, -119.225724501
48.238079, -119.225724501
48.247079, -119.225724501
48.256079, -119.225724501
48.265079, -119.225724501
48.274079, -119.225724501
48.283079, -119.225724501
48.292079, -119.225724501
48.301079, -119.225724501
48.310079, -119.225724501
48.319079, -119.225724501
48.328079, -119.225724501
48.337079, -119.225724501
48.346079, -119.225724501
48.355079, -119.225724501
48.364079, -119.225724501
48.373079, -119.225724501
48.382079, -119.225724501
48.391079, -119.225724501
48.400079, -119.225724501
48.409079, -119.225724501
48.418079, -119.225724501
48.427079, -119.225724501
48.436079, -119.225724501
48.445079, -119.225724501
48.454079, -119.225724501
48.463079, -119.225724501
48.472079, -119.225724501
48.481079, -119.225724501
48.490079, -119.225724501
48.499079, -119.225724501
48.508079, -119.225724501
48.517079, -119.225724501
48.526079, -119.225724501
48.535079, -119.225724501
48.544079, -119.225724501
48.553079, -119.225724501
48.562079, -119.225724501
48.571079, -119.225724501
48.580079, -119.225724501
48.589079, -119.225724501
48.598079, -119.225724501
48.607079, -119.225724501
48.616079, -119.225724501
48.625079, -119.225724501
48.634079, -119.225724501
48.643079, -119.225724501
48.652079, -119.225724501
48.661079, -119.225724501
48.670079, -119.225724501
48.679079, -119.225724501
48.688079, -119.225724501
48.697079, -119.225724501
48.706079, -119.225724501
48.715079, -119.225724501
48.724079, -119.225724501
48.733079, -119.225724501
48.742079, -119.225724501
48.751079, -119.225724501
48.760079, -119.225724501
48.769079, -119.225724501
48.778079, -119.225724501
48.787079, -119.225724501
48.796079, -119.225724501
48.805079, -119.225724501
48.814079, -119.225724501
48.823079, -119.225724501
48.832079, -119.225724501
48.841079, -119.225724501
48.850079, -119.225724501
48.859079, -119.225724501
48.868079, -119.225724501
48.877079, -119.225724501
48.886079, -119.225724501
48.895079, -119.225724501
48.904079, -119.225724501
48.913079, -119.225724501
48.922079, -119.225724501
48.931079, -119.225724501
48.940079, -119.225724501
48.949079, -119.225724501
46.213079, -119.212017743
46.222079, -119.212017743
46.231079, -119.212017743
46.240079, -119.212017743
46.249079, -119.212017743
46.258079, -119.212017743
46.267079, -119.212017743
46.276079, -119.212017743
46.285079, -119.212017743
46.294079, -119.212017743
46.303079, -119.212017743
46.312079, -119.212017743
46.321079, -119.212017743
46.330079, -119.212017743
46.339079, -119.212017743
46.348079, -119.212017743
46.357079, -119.212017743
46.366079, -119.212017743
46.375079, -119.212017743
46.384079, -119.212017743
46.393079, -119.212017743
46.402079, -119.212017743
46.411079, -119.212017743
46.420079, -119.212017743
46.429079, -119.212017743
46.438079, -119.212017743
46.447079, -119.212017743
46.456079, -119.212017743
46.465079, -119.212017743
46.474079, -119.212017743
46.483079, -119.212017743
46.492079, -119.212017743
46.501079, -119.212017743
46.510079, -119.212017743
46.519079, -119.212017743
46.528079, -119.212017743
46.537079, -119.212017743
46.546079, -119.212017743
46.555079, -119.212017743
46.564079, -119.212017743
46.573079, -119.212017743
46.582079, -119.212017743
46.591079, -119.212017743
46.600079, -119.212017743
46.609079, -119.212017743
46.618079, -119.212017743
46.627079, -119.212017743
46.636079, -119.212017743
46.645079, -119.212017743
46.654079, -119.212017743
46.663079, -119.212017743
46.672079, -119.212017743
46.681079, -119.212017743
46.690079, -119.212017743
46.699079, -119.212017743
46.708079, -119.212017743
46.717079, -119.212017743
46.726079, -119.212017743
46.735079, -119.212017743
46.744079, -119.212017743
46.753079, -119.212017743
46.762079, -119.212017743
46.771079, -119.212017743
46.780079, -119.212017743
46.789079, -119.212017743
46.798079, -119.212017743
46.807079, -119.212017743
46.816079, -119.212017743
46.825079, -119.212017743
46.834079, -119.212017743
46.843079, -119.212017743
46.852079, -119.212017743
46.861079, -119.212017743
46.870079, -119.212017743
46.879079, -119.212017743
46.888079, -119.212017743
46.897079, -119.212017743
46.906079, -119.212017743
46.915079, -119.212017743
46.924079, -119.212017743
46.933079, -119.212017743
46.942079, -119.212017743
46.951079, -119.212017743
46.960079, -119.212017743
46.969079, -119.212017743
46.978079, -119.212017743
46.987079, -119.212017743
46.996079, -119.212017743
47.005079, -119.212017743
47.014079, -119.212017743
47.023079, -119.212017743
47.032079, -119.212017743
47.041079, -119.212017743
47.050079, -119.212017743
47.059079, -119.212017743
47.068079, -119.212017743
47.077079, -119.212017743
47.086079, -119.212017743
47.095079, -119.212017743
47.104079, -119.212017743
47.113079, -119.212017743
47.122079, -119.212017743
47.131079, -119.212017743
47.140079, -119.212017743
47.149079, -119.212017743
47.158079, -119.212017743
47.167079, -119.212017743
47.176079, -119.212017743
47.185079, -119.212017743
47.194079, -119.212017743
47.203079, -119.212017743
47.212079, -119.212017743
47.221079, -119.212017743
47.230079, -119.212017743
47.239079, -119.212017743
47.248079, -119.212017743
47.257079, -119.212017743
47.266079, -119.212017743
47.275079, -119.212017743
47.284079, -119.212017743
47.293079, -119.212017743
47.302079, -119.212017743
47.311079, -119.212017743
47.320079, -119.212017743
47.329079, -119.212017743
47.338079, -119.212017743
47.347079, -119.212017743
47.356079, -119.212017743
47.365079, -119.212017743
47.374079, -119.212017743
47.383079, -119.212017743
47.392079, -119.212017743
47.401079, -119.212017743
47.410079, -119.212017743
47.419079, -119.212017743
47.428079, -119.212017743
47.437079, -119.212017743
47.446079, -119.212017743
47.455079, -119.212017743
47.464079, -119.212017743
47.473079, -119.212017743
47.482079, -119.212017743
47.491079, -119.212017743
47.500079, -119.212017743
47.509079, -119.212017743
47.518079, -119.212017743
47.527079, -119.212017743
47.536079, -119.212017743
47.545079, -119.212017743
47.554079, -119.212017743
47.563079, -119.212017743
47.572079, -119.212017743
47.581079, -119.212017743
47.590079, -119.212017743
47.599079, -119.212017743
47.608079, -119.212017743
47.617079, -119.212017743
47.626079, -119.212017743
47.635079, -119.212017743
47.644079, -119.212017743
47.653079, -119.212017743
47.662079, -119.212017743
47.671079, -119.212017743
47.680079, -119.212017743
47.689079, -119.212017743
47.698079, -119.212017743
47.707079, -119.212017743
47.716079, -119.212017743
47.725079, -119.212017743
47.734079, -119.212017743
47.743079, -119.212017743
47.752079, -119.212017743
47.761079, -119.212017743
47.770079, -119.212017743
47.779079, -119.212017743
47.788079, -119.212017743
47.797079, -119.212017743
47.806079, -119.212017743
47.815079, -119.212017743
47.824079, -119.212017743
47.833079, -119.212017743
47.842079, -119.212017743
47.851079, -119.212017743
47.860079, -119.212017743
47.869079, -119.212017743
47.878079, -119.212017743
47.887079, -119.212017743
47.896079, -119.212017743
47.905079, -119.212017743
47.914079, -119.212017743
47.923079, -119.212017743
47.932079, -119.212017743
47.941079, -119.212017743
47.950079, -119.212017743
47.959079, -119.212017743
47.968079, -119.212017743
47.977079, -119.212017743
47.986079, -119.212017743
47.995079, -119.212017743
48.004079, -119.212017743
48.013079, -119.212017743
48.022079, -119.212017743
48.031079, -119.212017743
48.040079, -119.212017743
48.049079, -119.212017743
48.058079, -119.212017743
48.067079, -119.212017743
48.076079, -119.212017743
48.085079, -119.212017743
48.094079, -119.212017743
48.103079, -119.212017743
48.112079, -119.212017743
48.121079, -119.212017743
48.130079, -119.212017743
48.139079, -119.212017743
48.148079, -119.212017743
48.157079, -119.212017743
48.166079, -119.212017743
48.175079, -119.212017743
48.184079, -119.212017743
48.193079, -119.212017743
48.202079, -119.212017743
48.211079, -119.212017743
48.220079, -119.212017743
48.229079, -119.212017743
48.238079, -119.212017743
48.247079, -119.212017743
48.256079, -119.212017743
48.265079, -119.212017743
48.274079, -119.212017743
48.283079, -119.212017743
48.292079, -119.212017743
48.301079, -119.212017743
48.310079, -119.212017743
48.319079, -119.212017743
48.328079, -119.212017743
48.337079, -119.212017743
48.346079, -119.212017743
48.355079, -119.212017743
48.364079, -119.212017743
48.373079, -119.212017743
48.382079, -119.212017743
48.391079, -119.212017743
48.400079, -119.212017743
48.409079, -119.212017743
48.418079, -119.212017743
48.427079, -119.212017743
48.436079, -119.212017743
48.445079, -119.212017743
48.454079, -119.212017743
48.463079, -119.212017743
48.472079, -119.212017743
48.481079, -119.212017743
48.490079, -119.212017743
48.499079, -119.212017743
48.508079, -119.212017743
48.517079, -119.212017743
48.526079, -119.212017743
48.535079, -119.212017743
48.544079, -119.212017743
48.553079, -119.212017743
48.562079, -119.212017743
48.571079, -119.212017743
48.580079, -119.212017743
48.589079, -119.212017743
48.598079, -119.212017743
48.607079, -119.212017743
48.616079, -119.212017743
48.625079, -119.212017743
48.634079, -119.212017743
48.643079, -119.212017743
48.652079, -119.212017743
48.661079, -119.212017743
48.670079, -119.212017743
48.679079, -119.212017743
48.688079, -119.212017743
48.697079, -119.212017743
48.706079, -119.212017743
48.715079, -119.212017743
48.724079, -119.212017743
48.733079, -119.212017743
48.742079, -119.212017743
48.751079, -119.212017743
48.760079, -119.212017743
48.769079, -119.212017743
48.778079, -119.212017743
48.787079, -119.212017743
48.796079, -119.212017743
48.805079, -119.212017743
48.814079, -119.212017743
48.823079, -119.212017743
48.832079, -119.212017743
48.841079, -119.212017743
48.850079, -119.212017743
48.859079, -119.212017743
48.868079, -119.212017743
48.877079, -119.212017743
48.886079, -119.212017743
48.895079, -119.212017743
48.904079, -119.212017743
48.913079, -119.212017743
48.922079, -119.212017743
48.931079, -119.212017743
48.940079, -119.212017743
48.949079, -119.212017743
46.213079, -119.198310984
46.222079, -119.198310984
46.231079, -119.198310984
46.240079, -119.198310984
46.249079, -119.198310984
46.258079, -119.198310984
46.267079, -119.198310984
46.276079, -119.198310984
46.285079, -119.198310984
46.294079, -119.198310984
46.303079, -119.198310984
46.312079, -119.198310984
46.321079, -119.198310984
46.330079, -119.198310984
46.339079, -119.198310984
46.348079, -119.198310984
46.357079, -119.198310984
46.366079, -119.198310984
46.375079, -119.198310984
46.384079, -119.198310984
46.393079, -119.198310984
46.402079, -119.198310984
46.411079, -119.198310984
46.420079, -119.198310984
46.429079, -119.198310984
46.438079, -119.198310984
46.447079, -119.198310984
46.456079, -119.198310984
46.465079, -119.198310984
46.474079, -119.198310984
46.483079, -119.198310984
46.492079, -119.198310984
46.501079, -119.198310984
46.510079, -119.198310984
46.519079, -119.198310984
46.528079, -119.198310984
46.537079, -119.198310984
46.546079, -119.198310984
46.555079, -119.198310984
46.564079, -119.198310984
46.573079, -119.198310984
46.582079, -119.198310984
46.591079, -119.198310984
46.600079, -119.198310984
46.609079, -119.198310984
46.618079, -119.198310984
46.627079, -119.198310984
46.636079, -119.198310984
46.645079, -119.198310984
46.654079, -119.198310984
46.663079, -119.198310984
46.672079, -119.198310984
46.681079, -119.198310984
46.690079, -119.198310984
46.699079, -119.198310984
46.708079, -119.198310984
46.717079, -119.198310984
46.726079, -119.198310984
46.735079, -119.198310984
46.744079, -119.198310984
46.753079, -119.198310984
46.762079, -119.198310984
46.771079, -119.198310984
46.780079, -119.198310984
46.789079, -119.198310984
46.798079, -119.198310984
46.807079, -119.198310984
46.816079, -119.198310984
46.825079, -119.198310984
46.834079, -119.198310984
46.843079, -119.198310984
46.852079, -119.198310984
46.861079, -119.198310984
46.870079, -119.198310984
46.879079, -119.198310984
46.888079, -119.198310984
46.897079, -119.198310984
46.906079, -119.198310984
46.915079, -119.198310984
46.924079, -119.198310984
46.933079, -119.198310984
46.942079, -119.198310984
46.951079, -119.198310984
46.960079, -119.198310984
46.969079, -119.198310984
46.978079, -119.198310984
46.987079, -119.198310984
46.996079, -119.198310984
47.005079, -119.198310984
47.014079, -119.198310984
47.023079, -119.198310984
47.032079, -119.198310984
47.041079, -119.198310984
47.050079, -119.198310984
47.059079, -119.198310984
47.068079, -119.198310984
47.077079, -119.198310984
47.086079, -119.198310984
47.095079, -119.198310984
47.104079, -119.198310984
47.113079, -119.198310984
47.122079, -119.198310984
47.131079, -119.198310984
47.140079, -119.198310984
47.149079, -119.198310984
47.158079, -119.198310984
47.167079, -119.198310984
47.176079, -119.198310984
47.185079, -119.198310984
47.194079, -119.198310984
47.203079, -119.198310984
47.212079, -119.198310984
47.221079, -119.198310984
47.230079, -119.198310984
47.239079, -119.198310984
47.248079, -119.198310984
47.257079, -119.198310984
47.266079, -119.198310984
47.275079, -119.198310984
47.284079, -119.198310984
47.293079, -119.198310984
47.302079, -119.198310984
47.311079, -119.198310984
47.320079, -119.198310984
47.329079, -119.198310984
47.338079, -119.198310984
47.347079, -119.198310984
47.356079, -119.198310984
47.365079, -119.198310984
47.374079, -119.198310984
47.383079, -119.198310984
47.392079, -119.198310984
47.401079, -119.198310984
47.410079, -119.198310984
47.419079, -119.198310984
47.428079, -119.198310984
47.437079, -119.198310984
47.446079, -119.198310984
47.455079, -119.198310984
47.464079, -119.198310984
47.473079, -119.198310984
47.482079, -119.198310984
47.491079, -119.198310984
47.500079, -119.198310984
47.509079, -119.198310984
47.518079, -119.198310984
47.527079, -119.198310984
47.536079, -119.198310984
47.545079, -119.198310984
47.554079, -119.198310984
47.563079, -119.198310984
47.572079, -119.198310984
47.581079, -119.198310984
47.590079, -119.198310984
47.599079, -119.198310984
47.608079, -119.198310984
47.617079, -119.198310984
47.626079, -119.198310984
47.635079, -119.198310984
47.644079, -119.198310984
47.653079, -119.198310984
47.662079, -119.198310984
47.671079, -119.198310984
47.680079, -119.198310984
47.689079, -119.198310984
47.698079, -119.198310984
47.707079, -119.198310984
47.716079, -119.198310984
47.725079, -119.198310984
47.734079, -119.198310984
47.743079, -119.198310984
47.752079, -119.198310984
47.761079, -119.198310984
47.770079, -119.198310984
47.779079, -119.198310984
47.788079, -119.198310984
47.797079, -119.198310984
47.806079, -119.198310984
47.815079, -119.198310984
47.824079, -119.198310984
47.833079, -119.198310984
47.842079, -119.198310984
47.851079, -119.198310984
47.860079, -119.198310984
47.869079, -119.198310984
47.878079, -119.198310984
47.887079, -119.198310984
47.896079, -119.198310984
47.905079, -119.198310984
47.914079, -119.198310984
47.923079, -119.198310984
47.932079, -119.198310984
47.941079, -119.198310984
47.950079, -119.198310984
47.959079, -119.198310984
47.968079, -119.198310984
47.977079, -119.198310984
47.986079, -119.198310984
47.995079, -119.198310984
48.004079, -119.198310984
48.013079, -119.198310984
48.022079, -119.198310984
48.031079, -119.198310984
48.040079, -119.198310984
48.049079, -119.198310984
48.058079, -119.198310984
48.067079, -119.198310984
48.076079, -119.198310984
48.085079, -119.198310984
48.094079, -119.198310984
48.103079, -119.198310984
48.112079, -119.198310984
48.121079, -119.198310984
48.130079, -119.198310984
48.139079, -119.198310984
48.148079, -119.198310984
48.157079, -119.198310984
48.166079, -119.198310984
48.175079, -119.198310984
48.184079, -119.198310984
48.193079, -119.198310984
48.202079, -119.198310984
48.211079, -119.198310984
48.220079, -119.198310984
48.229079, -119.198310984
48.238079, -119.198310984
48.247079, -119.198310984
48.256079, -119.198310984
48.265079, -119.198310984
48.274079, -119.198310984
48.283079, -119.198310984
48.292079, -119.198310984
48.301079, -119.198310984
48.310079, -119.198310984
48.319079, -119.198310984
48.328079, -119.198310984
48.337079, -119.198310984
48.346079, -119.198310984
48.355079, -119.198310984
48.364079, -119.198310984
48.373079, -119.198310984
48.382079, -119.198310984
48.391079, -119.198310984
48.400079, -119.198310984
48.409079, -119.198310984
48.418079, -119.198310984
48.427079, -119.198310984
48.436079, -119.198310984
48.445079, -119.198310984
48.454079, -119.198310984
48.463079, -119.198310984
48.472079, -119.198310984
48.481079, -119.198310984
48.490079, -119.198310984
48.499079, -119.198310984
48.508079, -119.198310984
48.517079, -119.198310984
48.526079, -119.198310984
48.535079, -119.198310984
48.544079, -119.198310984
48.553079, -119.198310984
48.562079, -119.198310984
48.571079, -119.198310984
48.580079, -119.198310984
48.589079, -119.198310984
48.598079, -119.198310984
48.607079, -119.198310984
48.616079, -119.198310984
48.625079, -119.198310984
48.634079, -119.198310984
48.643079, -119.198310984
48.652079, -119.198310984
48.661079, -119.198310984
48.670079, -119.198310984
48.679079, -119.198310984
48.688079, -119.198310984
48.697079, -119.198310984
48.706079, -119.198310984
48.715079, -119.198310984
48.724079, -119.198310984
48.733079, -119.198310984
48.742079, -119.198310984
48.751079, -119.198310984
48.760079, -119.198310984
48.769079, -119.198310984
48.778079, -119.198310984
48.787079, -119.198310984
48.796079, -119.198310984
48.805079, -119.198310984
48.814079, -119.198310984
48.823079, -119.198310984
48.832079, -119.198310984
48.841079, -119.198310984
48.850079, -119.198310984
48.859079, -119.198310984
48.868079, -119.198310984
48.877079, -119.198310984
48.886079, -119.198310984
48.895079, -119.198310984
48.904079, -119.198310984
48.913079, -119.198310984
48.922079, -119.198310984
48.931079, -119.198310984
48.940079, -119.198310984
48.949079, -119.198310984
46.213079, -119.184604226
46.222079, -119.184604226
46.231079, -119.184604226
46.240079, -119.184604226
46.249079, -119.184604226
46.258079, -119.184604226
46.267079, -119.184604226
46.276079, -119.184604226
46.285079, -119.184604226
46.294079, -119.184604226
46.303079, -119.184604226
46.312079, -119.184604226
46.321079, -119.184604226
46.330079, -119.184604226
46.339079, -119.184604226
46.348079, -119.184604226
46.357079, -119.184604226
46.366079, -119.184604226
46.375079, -119.184604226
46.384079, -119.184604226
46.393079, -119.184604226
46.402079, -119.184604226
46.411079, -119.184604226
46.420079, -119.184604226
46.429079, -119.184604226
46.438079, -119.184604226
46.447079, -119.184604226
46.456079, -119.184604226
46.465079, -119.184604226
46.474079, -119.184604226
46.483079, -119.184604226
46.492079, -119.184604226
46.501079, -119.184604226
46.510079, -119.184604226
46.519079, -119.184604226
46.528079, -119.184604226
46.537079, -119.184604226
46.546079, -119.184604226
46.555079, -119.184604226
46.564079, -119.184604226
46.573079, -119.184604226
46.582079, -119.184604226
46.591079, -119.184604226
46.600079, -119.184604226
46.609079, -119.184604226
46.618079, -119.184604226
46.627079, -119.184604226
46.636079, -119.184604226
46.645079, -119.184604226
46.654079, -119.184604226
46.663079, -119.184604226
46.672079, -119.184604226
46.681079, -119.184604226
46.690079, -119.184604226
46.699079, -119.184604226
46.708079, -119.184604226
46.717079, -119.184604226
46.726079, -119.184604226
46.735079, -119.184604226
46.744079, -119.184604226
46.753079, -119.184604226
46.762079, -119.184604226
46.771079, -119.184604226
46.780079, -119.184604226
46.789079, -119.184604226
46.798079, -119.184604226
46.807079, -119.184604226
46.816079, -119.184604226
46.825079, -119.184604226
46.834079, -119.184604226
46.843079, -119.184604226
46.852079, -119.184604226
46.861079, -119.184604226
46.870079, -119.184604226
46.879079, -119.184604226
46.888079, -119.184604226
46.897079, -119.184604226
46.906079, -119.184604226
46.915079, -119.184604226
46.924079, -119.184604226
46.933079, -119.184604226
46.942079, -119.184604226
46.951079, -119.184604226
46.960079, -119.184604226
46.969079, -119.184604226
46.978079, -119.184604226
46.987079, -119.184604226
46.996079, -119.184604226
47.005079, -119.184604226
47.014079, -119.184604226
47.023079, -119.184604226
47.032079, -119.184604226
47.041079, -119.184604226
47.050079, -119.184604226
47.059079, -119.184604226
47.068079, -119.184604226
47.077079, -119.184604226
47.086079, -119.184604226
47.095079, -119.184604226
47.104079, -119.184604226
47.113079, -119.184604226
47.122079, -119.184604226
47.131079, -119.184604226
47.140079, -119.184604226
47.149079, -119.184604226
47.158079, -119.184604226
47.167079, -119.184604226
47.176079, -119.184604226
47.185079, -119.184604226
47.194079, -119.184604226
47.203079, -119.184604226
47.212079, -119.184604226
47.221079, -119.184604226
47.230079, -119.184604226
47.239079, -119.184604226
47.248079, -119.184604226
47.257079, -119.184604226
47.266079, -119.184604226
47.275079, -119.184604226
47.284079, -119.184604226
47.293079, -119.184604226
47.302079, -119.184604226
47.311079, -119.184604226
47.320079, -119.184604226
47.329079, -119.184604226
47.338079, -119.184604226
47.347079, -119.184604226
47.356079, -119.184604226
47.365079, -119.184604226
47.374079, -119.184604226
47.383079, -119.184604226
47.392079, -119.184604226
47.401079, -119.184604226
47.410079, -119.184604226
47.419079, -119.184604226
47.428079, -119.184604226
47.437079, -119.184604226
47.446079, -119.184604226
47.455079, -119.184604226
47.464079, -119.184604226
47.473079, -119.184604226
47.482079, -119.184604226
47.491079, -119.184604226
47.500079, -119.184604226
47.509079, -119.184604226
47.518079, -119.184604226
47.527079, -119.184604226
47.536079, -119.184604226
47.545079, -119.184604226
47.554079, -119.184604226
47.563079, -119.184604226
47.572079, -119.184604226
47.581079, -119.184604226
47.590079, -119.184604226
47.599079, -119.184604226
47.608079, -119.184604226
47.617079, -119.184604226
47.626079, -119.184604226
47.635079, -119.184604226
47.644079, -119.184604226
47.653079, -119.184604226
47.662079, -119.184604226
47.671079, -119.184604226
47.680079, -119.184604226
47.689079, -119.184604226
47.698079, -119.184604226
47.707079, -119.184604226
47.716079, -119.184604226
47.725079, -119.184604226
47.734079, -119.184604226
47.743079, -119.184604226
47.752079, -119.184604226
47.761079, -119.184604226
47.770079, -119.184604226
47.779079, -119.184604226
47.788079, -119.184604226
47.797079, -119.184604226
47.806079, -119.184604226
47.815079, -119.184604226
47.824079, -119.184604226
47.833079, -119.184604226
47.842079, -119.184604226
47.851079, -119.184604226
47.860079, -119.184604226
47.869079, -119.184604226
47.878079, -119.184604226
47.887079, -119.184604226
47.896079, -119.184604226
47.905079, -119.184604226
47.914079, -119.184604226
47.923079, -119.184604226
47.932079, -119.184604226
47.941079, -119.184604226
47.950079, -119.184604226
47.959079, -119.184604226
47.968079, -119.184604226
47.977079, -119.184604226
47.986079, -119.184604226
47.995079, -119.184604226
48.004079, -119.184604226
48.013079, -119.184604226
48.022079, -119.184604226
48.031079, -119.184604226
48.040079, -119.184604226
48.049079, -119.184604226
48.058079, -119.184604226
48.067079, -119.184604226
48.076079, -119.184604226
48.085079, -119.184604226
48.094079, -119.184604226
48.103079, -119.184604226
48.112079, -119.184604226
48.121079, -119.184604226
48.130079, -119.184604226
48.139079, -119.184604226
48.148079, -119.184604226
48.157079, -119.184604226
48.166079, -119.184604226
48.175079, -119.184604226
48.184079, -119.184604226
48.193079, -119.184604226
48.202079, -119.184604226
48.211079, -119.184604226
48.220079, -119.184604226
48.229079, -119.184604226
48.238079, -119.184604226
48.247079, -119.184604226
48.256079, -119.184604226
48.265079, -119.184604226
48.274079, -119.184604226
48.283079, -119.184604226
48.292079, -119.184604226
48.301079, -119.184604226
48.310079, -119.184604226
48.319079, -119.184604226
48.328079, -119.184604226
48.337079, -119.184604226
48.346079, -119.184604226
48.355079, -119.184604226
48.364079, -119.184604226
48.373079, -119.184604226
48.382079, -119.184604226
48.391079, -119.184604226
48.400079, -119.184604226
48.409079, -119.184604226
48.418079, -119.184604226
48.427079, -119.184604226
48.436079, -119.184604226
48.445079, -119.184604226
48.454079, -119.184604226
48.463079, -119.184604226
48.472079, -119.184604226
48.481079, -119.184604226
48.490079, -119.184604226
48.499079, -119.184604226
48.508079, -119.184604226
48.517079, -119.184604226
48.526079, -119.184604226
48.535079, -119.184604226
48.544079, -119.184604226
48.553079, -119.184604226
48.562079, -119.184604226
48.571079, -119.184604226
48.580079, -119.184604226
48.589079, -119.184604226
48.598079, -119.184604226
48.607079, -119.184604226
48.616079, -119.184604226
48.625079, -119.184604226
48.634079, -119.184604226
48.643079, -119.184604226
48.652079, -119.184604226
48.661079, -119.184604226
48.670079, -119.184604226
48.679079, -119.184604226
48.688079, -119.184604226
48.697079, -119.184604226
48.706079, -119.184604226
48.715079, -119.184604226
48.724079, -119.184604226
48.733079, -119.184604226
48.742079, -119.184604226
48.751079, -119.184604226
48.760079, -119.184604226
48.769079, -119.184604226
48.778079, -119.184604226
48.787079, -119.184604226
48.796079, -119.184604226
48.805079, -119.184604226
48.814079, -119.184604226
48.823079, -119.184604226
48.832079, -119.184604226
48.841079, -119.184604226
48.850079, -119.184604226
48.859079, -119.184604226
48.868079, -119.184604226
48.877079, -119.184604226
48.886079, -119.184604226
48.895079, -119.184604226
48.904079, -119.184604226
48.913079, -119.184604226
48.922079, -119.184604226
48.931079, -119.184604226
48.940079, -119.184604226
48.949079, -119.184604226
46.213079, -119.170897467
46.222079, -119.170897467
46.231079, -119.170897467
46.240079, -119.170897467
46.249079, -119.170897467
46.258079, -119.170897467
46.267079, -119.170897467
46.276079, -119.170897467
46.285079, -119.170897467
46.294079, -119.170897467
46.303079, -119.170897467
46.312079, -119.170897467
46.321079, -119.170897467
46.330079, -119.170897467
46.339079, -119.170897467
46.348079, -119.170897467
46.357079, -119.170897467
46.366079, -119.170897467
46.375079, -119.170897467
46.384079, -119.170897467
46.393079, -119.170897467
46.402079, -119.170897467
46.411079, -119.170897467
46.420079, -119.170897467
46.429079, -119.170897467
46.438079, -119.170897467
46.447079, -119.170897467
46.456079, -119.170897467
46.465079, -119.170897467
46.474079, -119.170897467
46.483079, -119.170897467
46.492079, -119.170897467
46.501079, -119.170897467
46.510079, -119.170897467
46.519079, -119.170897467
46.528079, -119.170897467
46.537079, -119.170897467
46.546079, -119.170897467
46.555079, -119.170897467
46.564079, -119.170897467
46.573079, -119.170897467
46.582079, -119.170897467
46.591079, -119.170897467
46.600079, -119.170897467
46.609079, -119.170897467
46.618079, -119.170897467
46.627079, -119.170897467
46.636079, -119.170897467
46.645079, -119.170897467
46.654079, -119.170897467
46.663079, -119.170897467
46.672079, -119.170897467
46.681079, -119.170897467
46.690079, -119.170897467
46.699079, -119.170897467
46.708079, -119.170897467
46.717079, -119.170897467
46.726079, -119.170897467
46.735079, -119.170897467
46.744079, -119.170897467
46.753079, -119.170897467
46.762079, -119.170897467
46.771079, -119.170897467
46.780079, -119.170897467
46.789079, -119.170897467
46.798079, -119.170897467
46.807079, -119.170897467
46.816079, -119.170897467
46.825079, -119.170897467
46.834079, -119.170897467
46.843079, -119.170897467
46.852079, -119.170897467
46.861079, -119.170897467
46.870079, -119.170897467
46.879079, -119.170897467
46.888079, -119.170897467
46.897079, -119.170897467
46.906079, -119.170897467
46.915079, -119.170897467
46.924079, -119.170897467
46.933079, -119.170897467
46.942079, -119.170897467
46.951079, -119.170897467
46.960079, -119.170897467
46.969079, -119.170897467
46.978079, -119.170897467
46.987079, -119.170897467
46.996079, -119.170897467
47.005079, -119.170897467
47.014079, -119.170897467
47.023079, -119.170897467
47.032079, -119.170897467
47.041079, -119.170897467
47.050079, -119.170897467
47.059079, -119.170897467
47.068079, -119.170897467
47.077079, -119.170897467
47.086079, -119.170897467
47.095079, -119.170897467
47.104079, -119.170897467
47.113079, -119.170897467
47.122079, -119.170897467
47.131079, -119.170897467
47.140079, -119.170897467
47.149079, -119.170897467
47.158079, -119.170897467
47.167079, -119.170897467
47.176079, -119.170897467
47.185079, -119.170897467
47.194079, -119.170897467
47.203079, -119.170897467
47.212079, -119.170897467
47.221079, -119.170897467
47.230079, -119.170897467
47.239079, -119.170897467
47.248079, -119.170897467
47.257079, -119.170897467
47.266079, -119.170897467
47.275079, -119.170897467
47.284079, -119.170897467
47.293079, -119.170897467
47.302079, -119.170897467
47.311079, -119.170897467
47.320079, -119.170897467
47.329079, -119.170897467
47.338079, -119.170897467
47.347079, -119.170897467
47.356079, -119.170897467
47.365079, -119.170897467
47.374079, -119.170897467
47.383079, -119.170897467
47.392079, -119.170897467
47.401079, -119.170897467
47.410079, -119.170897467
47.419079, -119.170897467
47.428079, -119.170897467
47.437079, -119.170897467
47.446079, -119.170897467
47.455079, -119.170897467
47.464079, -119.170897467
47.473079, -119.170897467
47.482079, -119.170897467
47.491079, -119.170897467
47.500079, -119.170897467
47.509079, -119.170897467
47.518079, -119.170897467
47.527079, -119.170897467
47.536079, -119.170897467
47.545079, -119.170897467
47.554079, -119.170897467
47.563079, -119.170897467
47.572079, -119.170897467
47.581079, -119.170897467
47.590079, -119.170897467
47.599079, -119.170897467
47.608079, -119.170897467
47.617079, -119.170897467
47.626079, -119.170897467
47.635079, -119.170897467
47.644079, -119.170897467
47.653079, -119.170897467
47.662079, -119.170897467
47.671079, -119.170897467
47.680079, -119.170897467
47.689079, -119.170897467
47.698079, -119.170897467
47.707079, -119.170897467
47.716079, -119.170897467
47.725079, -119.170897467
47.734079, -119.170897467
47.743079, -119.170897467
47.752079, -119.170897467
47.761079, -119.170897467
47.770079, -119.170897467
47.779079, -119.170897467
47.788079, -119.170897467
47.797079, -119.170897467
47.806079, -119.170897467
47.815079, -119.170897467
47.824079, -119.170897467
47.833079, -119.170897467
47.842079, -119.170897467
47.851079, -119.170897467
47.860079, -119.170897467
47.869079, -119.170897467
47.878079, -119.170897467
47.887079, -119.170897467
47.896079, -119.170897467
47.905079, -119.170897467
47.914079, -119.170897467
47.923079, -119.170897467
47.932079, -119.170897467
47.941079, -119.170897467
47.950079, -119.170897467
47.959079, -119.170897467
47.968079, -119.170897467
47.977079, -119.170897467
47.986079, -119.170897467
47.995079, -119.170897467
48.004079, -119.170897467
48.013079, -119.170897467
48.022079, -119.170897467
48.031079, -119.170897467
48.040079, -119.170897467
48.049079, -119.170897467
48.058079, -119.170897467
48.067079, -119.170897467
48.076079, -119.170897467
48.085079, -119.170897467
48.094079, -119.170897467
48.103079, -119.170897467
48.112079, -119.170897467
48.121079, -119.170897467
48.130079, -119.170897467
48.139079, -119.170897467
48.148079, -119.170897467
48.157079, -119.170897467
48.166079, -119.170897467
48.175079, -119.170897467
48.184079, -119.170897467
48.193079, -119.170897467
48.202079, -119.170897467
48.211079, -119.170897467
48.220079, -119.170897467
48.229079, -119.170897467
48.238079, -119.170897467
48.247079, -119.170897467
48.256079, -119.170897467
48.265079, -119.170897467
48.274079, -119.170897467
48.283079, -119.170897467
48.292079, -119.170897467
48.301079, -119.170897467
48.310079, -119.170897467
48.319079, -119.170897467
48.328079, -119.170897467
48.337079, -119.170897467
48.346079, -119.170897467
48.355079, -119.170897467
48.364079, -119.170897467
48.373079, -119.170897467
48.382079, -119.170897467
48.391079, -119.170897467
48.400079, -119.170897467
48.409079, -119.170897467
48.418079, -119.170897467
48.427079, -119.170897467
48.436079, -119.170897467
48.445079, -119.170897467
48.454079, -119.170897467
48.463079, -119.170897467
48.472079, -119.170897467
48.481079, -119.170897467
48.490079, -119.170897467
48.499079, -119.170897467
48.508079, -119.170897467
48.517079, -119.170897467
48.526079, -119.170897467
48.535079, -119.170897467
48.544079, -119.170897467
48.553079, -119.170897467
48.562079, -119.170897467
48.571079, -119.170897467
48.580079, -119.170897467
48.589079, -119.170897467
48.598079, -119.170897467
48.607079, -119.170897467
48.616079, -119.170897467
48.625079, -119.170897467
48.634079, -119.170897467
48.643079, -119.170897467
48.652079, -119.170897467
48.661079, -119.170897467
48.670079, -119.170897467
48.679079, -119.170897467
48.688079, -119.170897467
48.697079, -119.170897467
48.706079, -119.170897467
48.715079, -119.170897467
48.724079, -119.170897467
48.733079, -119.170897467
48.742079, -119.170897467
48.751079, -119.170897467
48.760079, -119.170897467
48.769079, -119.170897467
48.778079, -119.170897467
48.787079, -119.170897467
48.796079, -119.170897467
48.805079, -119.170897467
48.814079, -119.170897467
48.823079, -119.170897467
48.832079, -119.170897467
48.841079, -119.170897467
48.850079, -119.170897467
48.859079, -119.170897467
48.868079, -119.170897467
48.877079, -119.170897467
48.886079, -119.170897467
48.895079, -119.170897467
48.904079, -119.170897467
48.913079, -119.170897467
48.922079, -119.170897467
48.931079, -119.170897467
48.940079, -119.170897467
48.949079, -119.170897467
46.213079, -119.157190709
46.222079, -119.157190709
46.231079, -119.157190709
46.240079, -119.157190709
46.249079, -119.157190709
46.258079, -119.157190709
46.267079, -119.157190709
46.276079, -119.157190709
46.285079, -119.157190709
46.294079, -119.157190709
46.303079, -119.157190709
46.312079, -119.157190709
46.321079, -119.157190709
46.330079, -119.157190709
46.339079, -119.157190709
46.348079, -119.157190709
46.357079, -119.157190709
46.366079, -119.157190709
46.375079, -119.157190709
46.384079, -119.157190709
46.393079, -119.157190709
46.402079, -119.157190709
46.411079, -119.157190709
46.420079, -119.157190709
46.429079, -119.157190709
46.438079, -119.157190709
46.447079, -119.157190709
46.456079, -119.157190709
46.465079, -119.157190709
46.474079, -119.157190709
46.483079, -119.157190709
46.492079, -119.157190709
46.501079, -119.157190709
46.510079, -119.157190709
46.519079, -119.157190709
46.528079, -119.157190709
46.537079, -119.157190709
46.546079, -119.157190709
46.555079, -119.157190709
46.564079, -119.157190709
46.573079, -119.157190709
46.582079, -119.157190709
46.591079, -119.157190709
46.600079, -119.157190709
46.609079, -119.157190709
46.618079, -119.157190709
46.627079, -119.157190709
46.636079, -119.157190709
46.645079, -119.157190709
46.654079, -119.157190709
46.663079, -119.157190709
46.672079, -119.157190709
46.681079, -119.157190709
46.690079, -119.157190709
46.699079, -119.157190709
46.708079, -119.157190709
46.717079, -119.157190709
46.726079, -119.157190709
46.735079, -119.157190709
46.744079, -119.157190709
46.753079, -119.157190709
46.762079, -119.157190709
46.771079, -119.157190709
46.780079, -119.157190709
46.789079, -119.157190709
46.798079, -119.157190709
46.807079, -119.157190709
46.816079, -119.157190709
46.825079, -119.157190709
46.834079, -119.157190709
46.843079, -119.157190709
46.852079, -119.157190709
46.861079, -119.157190709
46.870079, -119.157190709
46.879079, -119.157190709
46.888079, -119.157190709
46.897079, -119.157190709
46.906079, -119.157190709
46.915079, -119.157190709
46.924079, -119.157190709
46.933079, -119.157190709
46.942079, -119.157190709
46.951079, -119.157190709
46.960079, -119.157190709
46.969079, -119.157190709
46.978079, -119.157190709
46.987079, -119.157190709
46.996079, -119.157190709
47.005079, -119.157190709
47.014079, -119.157190709
47.023079, -119.157190709
47.032079, -119.157190709
47.041079, -119.157190709
47.050079, -119.157190709
47.059079, -119.157190709
47.068079, -119.157190709
47.077079, -119.157190709
47.086079, -119.157190709
47.095079, -119.157190709
47.104079, -119.157190709
47.113079, -119.157190709
47.122079, -119.157190709
47.131079, -119.157190709
47.140079, -119.157190709
47.149079, -119.157190709
47.158079, -119.157190709
47.167079, -119.157190709
47.176079, -119.157190709
47.185079, -119.157190709
47.194079, -119.157190709
47.203079, -119.157190709
47.212079, -119.157190709
47.221079, -119.157190709
47.230079, -119.157190709
47.239079, -119.157190709
47.248079, -119.157190709
47.257079, -119.157190709
47.266079, -119.157190709
47.275079, -119.157190709
47.284079, -119.157190709
47.293079, -119.157190709
47.302079, -119.157190709
47.311079, -119.157190709
47.320079, -119.157190709
47.329079, -119.157190709
47.338079, -119.157190709
47.347079, -119.157190709
47.356079, -119.157190709
47.365079, -119.157190709
47.374079, -119.157190709
47.383079, -119.157190709
47.392079, -119.157190709
47.401079, -119.157190709
47.410079, -119.157190709
47.419079, -119.157190709
47.428079, -119.157190709
47.437079, -119.157190709
47.446079, -119.157190709
47.455079, -119.157190709
47.464079, -119.157190709
47.473079, -119.157190709
47.482079, -119.157190709
47.491079, -119.157190709
47.500079, -119.157190709
47.509079, -119.157190709
47.518079, -119.157190709
47.527079, -119.157190709
47.536079, -119.157190709
47.545079, -119.157190709
47.554079, -119.157190709
47.563079, -119.157190709
47.572079, -119.157190709
47.581079, -119.157190709
47.590079, -119.157190709
47.599079, -119.157190709
47.608079, -119.157190709
47.617079, -119.157190709
47.626079, -119.157190709
47.635079, -119.157190709
47.644079, -119.157190709
47.653079, -119.157190709
47.662079, -119.157190709
47.671079, -119.157190709
47.680079, -119.157190709
47.689079, -119.157190709
47.698079, -119.157190709
47.707079, -119.157190709
47.716079, -119.157190709
47.725079, -119.157190709
47.734079, -119.157190709
47.743079, -119.157190709
47.752079, -119.157190709
47.761079, -119.157190709
47.770079, -119.157190709
47.779079, -119.157190709
47.788079, -119.157190709
47.797079, -119.157190709
47.806079, -119.157190709
47.815079, -119.157190709
47.824079, -119.157190709
47.833079, -119.157190709
47.842079, -119.157190709
47.851079, -119.157190709
47.860079, -119.157190709
47.869079, -119.157190709
47.878079, -119.157190709
47.887079, -119.157190709
47.896079, -119.157190709
47.905079, -119.157190709
47.914079, -119.157190709
47.923079, -119.157190709
47.932079, -119.157190709
47.941079, -119.157190709
47.950079, -119.157190709
47.959079, -119.157190709
47.968079, -119.157190709
47.977079, -119.157190709
47.986079, -119.157190709
47.995079, -119.157190709
48.004079, -119.157190709
48.013079, -119.157190709
48.022079, -119.157190709
48.031079, -119.157190709
48.040079, -119.157190709
48.049079, -119.157190709
48.058079, -119.157190709
48.067079, -119.157190709
48.076079, -119.157190709
48.085079, -119.157190709
48.094079, -119.157190709
48.103079, -119.157190709
48.112079, -119.157190709
48.121079, -119.157190709
48.130079, -119.157190709
48.139079, -119.157190709
48.148079, -119.157190709
48.157079, -119.157190709
48.166079, -119.157190709
48.175079, -119.157190709
48.184079, -119.157190709
48.193079, -119.157190709
48.202079, -119.157190709
48.211079, -119.157190709
48.220079, -119.157190709
48.229079, -119.157190709
48.238079, -119.157190709
48.247079, -119.157190709
48.256079, -119.157190709
48.265079, -119.157190709
48.274079, -119.157190709
48.283079, -119.157190709
48.292079, -119.157190709
48.301079, -119.157190709
48.310079, -119.157190709
48.319079, -119.157190709
48.328079, -119.157190709
48.337079, -119.157190709
48.346079, -119.157190709
48.355079, -119.157190709
48.364079, -119.157190709
48.373079, -119.157190709
48.382079, -119.157190709
48.391079, -119.157190709
48.400079, -119.157190709
48.409079, -119.157190709
48.418079, -119.157190709
48.427079, -119.157190709
48.436079, -119.157190709
48.445079, -119.157190709
48.454079, -119.157190709
48.463079, -119.157190709
48.472079, -119.157190709
48.481079, -119.157190709
48.490079, -119.157190709
48.499079, -119.157190709
48.508079, -119.157190709
48.517079, -119.157190709
48.526079, -119.157190709
48.535079, -119.157190709
48.544079, -119.157190709
48.553079, -119.157190709
48.562079, -119.157190709
48.571079, -119.157190709
48.580079, -119.157190709
48.589079, -119.157190709
48.598079, -119.157190709
48.607079, -119.157190709
48.616079, -119.157190709
48.625079, -119.157190709
48.634079, -119.157190709
48.643079, -119.157190709
48.652079, -119.157190709
48.661079, -119.157190709
48.670079, -119.157190709
48.679079, -119.157190709
48.688079, -119.157190709
48.697079, -119.157190709
48.706079, -119.157190709
48.715079, -119.157190709
48.724079, -119.157190709
48.733079, -119.157190709
48.742079, -119.157190709
48.751079, -119.157190709
48.760079, -119.157190709
48.769079, -119.157190709
48.778079, -119.157190709
48.787079, -119.157190709
48.796079, -119.157190709
48.805079, -119.157190709
48.814079, -119.157190709
48.823079, -119.157190709
48.832079, -119.157190709
48.841079, -119.157190709
48.850079, -119.157190709
48.859079, -119.157190709
48.868079, -119.157190709
48.877079, -119.157190709
48.886079, -119.157190709
48.895079, -119.157190709
48.904079, -119.157190709
48.913079, -119.157190709
48.922079, -119.157190709
48.931079, -119.157190709
48.940079, -119.157190709
48.949079, -119.157190709
46.213079, -119.14348395
46.222079, -119.14348395
46.231079, -119.14348395
46.240079, -119.14348395
46.249079, -119.14348395
46.258079, -119.14348395
46.267079, -119.14348395
46.276079, -119.14348395
46.285079, -119.14348395
46.294079, -119.14348395
46.303079, -119.14348395
46.312079, -119.14348395
46.321079, -119.14348395
46.330079, -119.14348395
46.339079, -119.14348395
46.348079, -119.14348395
46.357079, -119.14348395
46.366079, -119.14348395
46.375079, -119.14348395
46.384079, -119.14348395
46.393079, -119.14348395
46.402079, -119.14348395
46.411079, -119.14348395
46.420079, -119.14348395
46.429079, -119.14348395
46.438079, -119.14348395
46.447079, -119.14348395
46.456079, -119.14348395
46.465079, -119.14348395
46.474079, -119.14348395
46.483079, -119.14348395
46.492079, -119.14348395
46.501079, -119.14348395
46.510079, -119.14348395
46.519079, -119.14348395
46.528079, -119.14348395
46.537079, -119.14348395
46.546079, -119.14348395
46.555079, -119.14348395
46.564079, -119.14348395
46.573079, -119.14348395
46.582079, -119.14348395
46.591079, -119.14348395
46.600079, -119.14348395
46.609079, -119.14348395
46.618079, -119.14348395
46.627079, -119.14348395
46.636079, -119.14348395
46.645079, -119.14348395
46.654079, -119.14348395
46.663079, -119.14348395
46.672079, -119.14348395
46.681079, -119.14348395
46.690079, -119.14348395
46.699079, -119.14348395
46.708079, -119.14348395
46.717079, -119.14348395
46.726079, -119.14348395
46.735079, -119.14348395
46.744079, -119.14348395
46.753079, -119.14348395
46.762079, -119.14348395
46.771079, -119.14348395
46.780079, -119.14348395
46.789079, -119.14348395
46.798079, -119.14348395
46.807079, -119.14348395
46.816079, -119.14348395
46.825079, -119.14348395
46.834079, -119.14348395
46.843079, -119.14348395
46.852079, -119.14348395
46.861079, -119.14348395
46.870079, -119.14348395
46.879079, -119.14348395
46.888079, -119.14348395
46.897079, -119.14348395
46.906079, -119.14348395
46.915079, -119.14348395
46.924079, -119.14348395
46.933079, -119.14348395
46.942079, -119.14348395
46.951079, -119.14348395
46.960079, -119.14348395
46.969079, -119.14348395
46.978079, -119.14348395
46.987079, -119.14348395
46.996079, -119.14348395
47.005079, -119.14348395
47.014079, -119.14348395
47.023079, -119.14348395
47.032079, -119.14348395
47.041079, -119.14348395
47.050079, -119.14348395
47.059079, -119.14348395
47.068079, -119.14348395
47.077079, -119.14348395
47.086079, -119.14348395
47.095079, -119.14348395
47.104079, -119.14348395
47.113079, -119.14348395
47.122079, -119.14348395
47.131079, -119.14348395
47.140079, -119.14348395
47.149079, -119.14348395
47.158079, -119.14348395
47.167079, -119.14348395
47.176079, -119.14348395
47.185079, -119.14348395
47.194079, -119.14348395
47.203079, -119.14348395
47.212079, -119.14348395
47.221079, -119.14348395
47.230079, -119.14348395
47.239079, -119.14348395
47.248079, -119.14348395
47.257079, -119.14348395
47.266079, -119.14348395
47.275079, -119.14348395
47.284079, -119.14348395
47.293079, -119.14348395
47.302079, -119.14348395
47.311079, -119.14348395
47.320079, -119.14348395
47.329079, -119.14348395
47.338079, -119.14348395
47.347079, -119.14348395
47.356079, -119.14348395
47.365079, -119.14348395
47.374079, -119.14348395
47.383079, -119.14348395
47.392079, -119.14348395
47.401079, -119.14348395
47.410079, -119.14348395
47.419079, -119.14348395
47.428079, -119.14348395
47.437079, -119.14348395
47.446079, -119.14348395
47.455079, -119.14348395
47.464079, -119.14348395
47.473079, -119.14348395
47.482079, -119.14348395
47.491079, -119.14348395
47.500079, -119.14348395
47.509079, -119.14348395
47.518079, -119.14348395
47.527079, -119.14348395
47.536079, -119.14348395
47.545079, -119.14348395
47.554079, -119.14348395
47.563079, -119.14348395
47.572079, -119.14348395
47.581079, -119.14348395
47.590079, -119.14348395
47.599079, -119.14348395
47.608079, -119.14348395
47.617079, -119.14348395
47.626079, -119.14348395
47.635079, -119.14348395
47.644079, -119.14348395
47.653079, -119.14348395
47.662079, -119.14348395
47.671079, -119.14348395
47.680079, -119.14348395
47.689079, -119.14348395
47.698079, -119.14348395
47.707079, -119.14348395
47.716079, -119.14348395
47.725079, -119.14348395
47.734079, -119.14348395
47.743079, -119.14348395
47.752079, -119.14348395
47.761079, -119.14348395
47.770079, -119.14348395
47.779079, -119.14348395
47.788079, -119.14348395
47.797079, -119.14348395
47.806079, -119.14348395
47.815079, -119.14348395
47.824079, -119.14348395
47.833079, -119.14348395
47.842079, -119.14348395
47.851079, -119.14348395
47.860079, -119.14348395
47.869079, -119.14348395
47.878079, -119.14348395
47.887079, -119.14348395
47.896079, -119.14348395
47.905079, -119.14348395
47.914079, -119.14348395
47.923079, -119.14348395
47.932079, -119.14348395
47.941079, -119.14348395
47.950079, -119.14348395
47.959079, -119.14348395
47.968079, -119.14348395
47.977079, -119.14348395
47.986079, -119.14348395
47.995079, -119.14348395
48.004079, -119.14348395
48.013079, -119.14348395
48.022079, -119.14348395
48.031079, -119.14348395
48.040079, -119.14348395
48.049079, -119.14348395
48.058079, -119.14348395
48.067079, -119.14348395
48.076079, -119.14348395
48.085079, -119.14348395
48.094079, -119.14348395
48.103079, -119.14348395
48.112079, -119.14348395
48.121079, -119.14348395
48.130079, -119.14348395
48.139079, -119.14348395
48.148079, -119.14348395
48.157079, -119.14348395
48.166079, -119.14348395
48.175079, -119.14348395
48.184079, -119.14348395
48.193079, -119.14348395
48.202079, -119.14348395
48.211079, -119.14348395
48.220079, -119.14348395
48.229079, -119.14348395
48.238079, -119.14348395
48.247079, -119.14348395
48.256079, -119.14348395
48.265079, -119.14348395
48.274079, -119.14348395
48.283079, -119.14348395
48.292079, -119.14348395
48.301079, -119.14348395
48.310079, -119.14348395
48.319079, -119.14348395
48.328079, -119.14348395
48.337079, -119.14348395
48.346079, -119.14348395
48.355079, -119.14348395
48.364079, -119.14348395
48.373079, -119.14348395
48.382079, -119.14348395
48.391079, -119.14348395
48.400079, -119.14348395
48.409079, -119.14348395
48.418079, -119.14348395
48.427079, -119.14348395
48.436079, -119.14348395
48.445079, -119.14348395
48.454079, -119.14348395
48.463079, -119.14348395
48.472079, -119.14348395
48.481079, -119.14348395
48.490079, -119.14348395
48.499079, -119.14348395
48.508079, -119.14348395
48.517079, -119.14348395
48.526079, -119.14348395
48.535079, -119.14348395
48.544079, -119.14348395
48.553079, -119.14348395
48.562079, -119.14348395
48.571079, -119.14348395
48.580079, -119.14348395
48.589079, -119.14348395
48.598079, -119.14348395
48.607079, -119.14348395
48.616079, -119.14348395
48.625079, -119.14348395
48.634079, -119.14348395
48.643079, -119.14348395
48.652079, -119.14348395
48.661079, -119.14348395
48.670079, -119.14348395
48.679079, -119.14348395
48.688079, -119.14348395
48.697079, -119.14348395
48.706079, -119.14348395
48.715079, -119.14348395
48.724079, -119.14348395
48.733079, -119.14348395
48.742079, -119.14348395
48.751079, -119.14348395
48.760079, -119.14348395
48.769079, -119.14348395
48.778079, -119.14348395
48.787079, -119.14348395
48.796079, -119.14348395
48.805079, -119.14348395
48.814079, -119.14348395
48.823079, -119.14348395
48.832079, -119.14348395
48.841079, -119.14348395
48.850079, -119.14348395
48.859079, -119.14348395
48.868079, -119.14348395
48.877079, -119.14348395
48.886079, -119.14348395
48.895079, -119.14348395
48.904079, -119.14348395
48.913079, -119.14348395
48.922079, -119.14348395
48.931079, -119.14348395
48.940079, -119.14348395
48.949079, -119.14348395
46.213079, -119.129777192
46.222079, -119.129777192
46.231079, -119.129777192
46.240079, -119.129777192
46.249079, -119.129777192
46.258079, -119.129777192
46.267079, -119.129777192
46.276079, -119.129777192
46.285079, -119.129777192
46.294079, -119.129777192
46.303079, -119.129777192
46.312079, -119.129777192
46.321079, -119.129777192
46.330079, -119.129777192
46.339079, -119.129777192
46.348079, -119.129777192
46.357079, -119.129777192
46.366079, -119.129777192
46.375079, -119.129777192
46.384079, -119.129777192
46.393079, -119.129777192
46.402079, -119.129777192
46.411079, -119.129777192
46.420079, -119.129777192
46.429079, -119.129777192
46.438079, -119.129777192
46.447079, -119.129777192
46.456079, -119.129777192
46.465079, -119.129777192
46.474079, -119.129777192
46.483079, -119.129777192
46.492079, -119.129777192
46.501079, -119.129777192
46.510079, -119.129777192
46.519079, -119.129777192
46.528079, -119.129777192
46.537079, -119.129777192
46.546079, -119.129777192
46.555079, -119.129777192
46.564079, -119.129777192
46.573079, -119.129777192
46.582079, -119.129777192
46.591079, -119.129777192
46.600079, -119.129777192
46.609079, -119.129777192
46.618079, -119.129777192
46.627079, -119.129777192
46.636079, -119.129777192
46.645079, -119.129777192
46.654079, -119.129777192
46.663079, -119.129777192
46.672079, -119.129777192
46.681079, -119.129777192
46.690079, -119.129777192
46.699079, -119.129777192
46.708079, -119.129777192
46.717079, -119.129777192
46.726079, -119.129777192
46.735079, -119.129777192
46.744079, -119.129777192
46.753079, -119.129777192
46.762079, -119.129777192
46.771079, -119.129777192
46.780079, -119.129777192
46.789079, -119.129777192
46.798079, -119.129777192
46.807079, -119.129777192
46.816079, -119.129777192
46.825079, -119.129777192
46.834079, -119.129777192
46.843079, -119.129777192
46.852079, -119.129777192
46.861079, -119.129777192
46.870079, -119.129777192
46.879079, -119.129777192
46.888079, -119.129777192
46.897079, -119.129777192
46.906079, -119.129777192
46.915079, -119.129777192
46.924079, -119.129777192
46.933079, -119.129777192
46.942079, -119.129777192
46.951079, -119.129777192
46.960079, -119.129777192
46.969079, -119.129777192
46.978079, -119.129777192
46.987079, -119.129777192
46.996079, -119.129777192
47.005079, -119.129777192
47.014079, -119.129777192
47.023079, -119.129777192
47.032079, -119.129777192
47.041079, -119.129777192
47.050079, -119.129777192
47.059079, -119.129777192
47.068079, -119.129777192
47.077079, -119.129777192
47.086079, -119.129777192
47.095079, -119.129777192
47.104079, -119.129777192
47.113079, -119.129777192
47.122079, -119.129777192
47.131079, -119.129777192
47.140079, -119.129777192
47.149079, -119.129777192
47.158079, -119.129777192
47.167079, -119.129777192
47.176079, -119.129777192
47.185079, -119.129777192
47.194079, -119.129777192
47.203079, -119.129777192
47.212079, -119.129777192
47.221079, -119.129777192
47.230079, -119.129777192
47.239079, -119.129777192
47.248079, -119.129777192
47.257079, -119.129777192
47.266079, -119.129777192
47.275079, -119.129777192
47.284079, -119.129777192
47.293079, -119.129777192
47.302079, -119.129777192
47.311079, -119.129777192
47.320079, -119.129777192
47.329079, -119.129777192
47.338079, -119.129777192
47.347079, -119.129777192
47.356079, -119.129777192
47.365079, -119.129777192
47.374079, -119.129777192
47.383079, -119.129777192
47.392079, -119.129777192
47.401079, -119.129777192
47.410079, -119.129777192
47.419079, -119.129777192
47.428079, -119.129777192
47.437079, -119.129777192
47.446079, -119.129777192
47.455079, -119.129777192
47.464079, -119.129777192
47.473079, -119.129777192
47.482079, -119.129777192
47.491079, -119.129777192
47.500079, -119.129777192
47.509079, -119.129777192
47.518079, -119.129777192
47.527079, -119.129777192
47.536079, -119.129777192
47.545079, -119.129777192
47.554079, -119.129777192
47.563079, -119.129777192
47.572079, -119.129777192
47.581079, -119.129777192
47.590079, -119.129777192
47.599079, -119.129777192
47.608079, -119.129777192
47.617079, -119.129777192
47.626079, -119.129777192
47.635079, -119.129777192
47.644079, -119.129777192
47.653079, -119.129777192
47.662079, -119.129777192
47.671079, -119.129777192
47.680079, -119.129777192
47.689079, -119.129777192
47.698079, -119.129777192
47.707079, -119.129777192
47.716079, -119.129777192
47.725079, -119.129777192
47.734079, -119.129777192
47.743079, -119.129777192
47.752079, -119.129777192
47.761079, -119.129777192
47.770079, -119.129777192
47.779079, -119.129777192
47.788079, -119.129777192
47.797079, -119.129777192
47.806079, -119.129777192
47.815079, -119.129777192
47.824079, -119.129777192
47.833079, -119.129777192
47.842079, -119.129777192
47.851079, -119.129777192
47.860079, -119.129777192
47.869079, -119.129777192
47.878079, -119.129777192
47.887079, -119.129777192
47.896079, -119.129777192
47.905079, -119.129777192
47.914079, -119.129777192
47.923079, -119.129777192
47.932079, -119.129777192
47.941079, -119.129777192
47.950079, -119.129777192
47.959079, -119.129777192
47.968079, -119.129777192
47.977079, -119.129777192
47.986079, -119.129777192
47.995079, -119.129777192
48.004079, -119.129777192
48.013079, -119.129777192
48.022079, -119.129777192
48.031079, -119.129777192
48.040079, -119.129777192
48.049079, -119.129777192
48.058079, -119.129777192
48.067079, -119.129777192
48.076079, -119.129777192
48.085079, -119.129777192
48.094079, -119.129777192
48.103079, -119.129777192
48.112079, -119.129777192
48.121079, -119.129777192
48.130079, -119.129777192
48.139079, -119.129777192
48.148079, -119.129777192
48.157079, -119.129777192
48.166079, -119.129777192
48.175079, -119.129777192
48.184079, -119.129777192
48.193079, -119.129777192
48.202079, -119.129777192
48.211079, -119.129777192
48.220079, -119.129777192
48.229079, -119.129777192
48.238079, -119.129777192
48.247079, -119.129777192
48.256079, -119.129777192
48.265079, -119.129777192
48.274079, -119.129777192
48.283079, -119.129777192
48.292079, -119.129777192
48.301079, -119.129777192
48.310079, -119.129777192
48.319079, -119.129777192
48.328079, -119.129777192
48.337079, -119.129777192
48.346079, -119.129777192
48.355079, -119.129777192
48.364079, -119.129777192
48.373079, -119.129777192
48.382079, -119.129777192
48.391079, -119.129777192
48.400079, -119.129777192
48.409079, -119.129777192
48.418079, -119.129777192
48.427079, -119.129777192
48.436079, -119.129777192
48.445079, -119.129777192
48.454079, -119.129777192
48.463079, -119.129777192
48.472079, -119.129777192
48.481079, -119.129777192
48.490079, -119.129777192
48.499079, -119.129777192
48.508079, -119.129777192
48.517079, -119.129777192
48.526079, -119.129777192
48.535079, -119.129777192
48.544079, -119.129777192
48.553079, -119.129777192
48.562079, -119.129777192
48.571079, -119.129777192
48.580079, -119.129777192
48.589079, -119.129777192
48.598079, -119.129777192
48.607079, -119.129777192
48.616079, -119.129777192
48.625079, -119.129777192
48.634079, -119.129777192
48.643079, -119.129777192
48.652079, -119.129777192
48.661079, -119.129777192
48.670079, -119.129777192
48.679079, -119.129777192
48.688079, -119.129777192
48.697079, -119.129777192
48.706079, -119.129777192
48.715079, -119.129777192
48.724079, -119.129777192
48.733079, -119.129777192
48.742079, -119.129777192
48.751079, -119.129777192
48.760079, -119.129777192
48.769079, -119.129777192
48.778079, -119.129777192
48.787079, -119.129777192
48.796079, -119.129777192
48.805079, -119.129777192
48.814079, -119.129777192
48.823079, -119.129777192
48.832079, -119.129777192
48.841079, -119.129777192
48.850079, -119.129777192
48.859079, -119.129777192
48.868079, -119.129777192
48.877079, -119.129777192
48.886079, -119.129777192
48.895079, -119.129777192
48.904079, -119.129777192
48.913079, -119.129777192
48.922079, -119.129777192
48.931079, -119.129777192
48.940079, -119.129777192
48.949079, -119.129777192
46.213079, -119.116070433
46.222079, -119.116070433
46.231079, -119.116070433
46.240079, -119.116070433
46.249079, -119.116070433
46.258079, -119.116070433
46.267079, -119.116070433
46.276079, -119.116070433
46.285079, -119.116070433
46.294079, -119.116070433
46.303079, -119.116070433
46.312079, -119.116070433
46.321079, -119.116070433
46.330079, -119.116070433
46.339079, -119.116070433
46.348079, -119.116070433
46.357079, -119.116070433
46.366079, -119.116070433
46.375079, -119.116070433
46.384079, -119.116070433
46.393079, -119.116070433
46.402079, -119.116070433
46.411079, -119.116070433
46.420079, -119.116070433
46.429079, -119.116070433
46.438079, -119.116070433
46.447079, -119.116070433
46.456079, -119.116070433
46.465079, -119.116070433
46.474079, -119.116070433
46.483079, -119.116070433
46.492079, -119.116070433
46.501079, -119.116070433
46.510079, -119.116070433
46.519079, -119.116070433
46.528079, -119.116070433
46.537079, -119.116070433
46.546079, -119.116070433
46.555079, -119.116070433
46.564079, -119.116070433
46.573079, -119.116070433
46.582079, -119.116070433
46.591079, -119.116070433
46.600079, -119.116070433
46.609079, -119.116070433
46.618079, -119.116070433
46.627079, -119.116070433
46.636079, -119.116070433
46.645079, -119.116070433
46.654079, -119.116070433
46.663079, -119.116070433
46.672079, -119.116070433
46.681079, -119.116070433
46.690079, -119.116070433
46.699079, -119.116070433
46.708079, -119.116070433
46.717079, -119.116070433
46.726079, -119.116070433
46.735079, -119.116070433
46.744079, -119.116070433
46.753079, -119.116070433
46.762079, -119.116070433
46.771079, -119.116070433
46.780079, -119.116070433
46.789079, -119.116070433
46.798079, -119.116070433
46.807079, -119.116070433
46.816079, -119.116070433
46.825079, -119.116070433
46.834079, -119.116070433
46.843079, -119.116070433
46.852079, -119.116070433
46.861079, -119.116070433
46.870079, -119.116070433
46.879079, -119.116070433
46.888079, -119.116070433
46.897079, -119.116070433
46.906079, -119.116070433
46.915079, -119.116070433
46.924079, -119.116070433
46.933079, -119.116070433
46.942079, -119.116070433
46.951079, -119.116070433
46.960079, -119.116070433
46.969079, -119.116070433
46.978079, -119.116070433
46.987079, -119.116070433
46.996079, -119.116070433
47.005079, -119.116070433
47.014079, -119.116070433
47.023079, -119.116070433
47.032079, -119.116070433
47.041079, -119.116070433
47.050079, -119.116070433
47.059079, -119.116070433
47.068079, -119.116070433
47.077079, -119.116070433
47.086079, -119.116070433
47.095079, -119.116070433
47.104079, -119.116070433
47.113079, -119.116070433
