46.213079, -124.872909
46.222079, -124.872909
46.231079, -124.872909
46.240079, -124.872909
46.249079, -124.872909
46.258079, -124.872909
46.267079, -124.872909
46.276079, -124.872909
46.285079, -124.872909
46.294079, -124.872909
46.303079, -124.872909
46.312079, -124.872909
46.321079, -124.872909
46.330079, -124.872909
46.339079, -124.872909
46.348079, -124.872909
46.357079, -124.872909
46.366079, -124.872909
46.375079, -124.872909
46.384079, -124.872909
46.393079, -124.872909
46.402079, -124.872909
46.411079, -124.872909
46.420079, -124.872909
46.429079, -124.872909
46.438079, -124.872909
46.447079, -124.872909
46.456079, -124.872909
46.465079, -124.872909
46.474079, -124.872909
46.483079, -124.872909
46.492079, -124.872909
46.501079, -124.872909
46.510079, -124.872909
46.519079, -124.872909
46.528079, -124.872909
46.537079, -124.872909
46.546079, -124.872909
46.555079, -124.872909
46.564079, -124.872909
46.573079, -124.872909
46.582079, -124.872909
46.591079, -124.872909
46.600079, -124.872909
46.609079, -124.872909
46.618079, -124.872909
46.627079, -124.872909
46.636079, -124.872909
46.645079, -124.872909
46.654079, -124.872909
46.663079, -124.872909
46.672079, -124.872909
46.681079, -124.872909
46.690079, -124.872909
46.699079, -124.872909
46.708079, -124.872909
46.717079, -124.872909
46.726079, -124.872909
46.735079, -124.872909
46.744079, -124.872909
46.753079, -124.872909
46.762079, -124.872909
46.771079, -124.872909
46.780079, -124.872909
46.789079, -124.872909
46.798079, -124.872909
46.807079, -124.872909
46.816079, -124.872909
46.825079, -124.872909
46.834079, -124.872909
46.843079, -124.872909
46.852079, -124.872909
46.861079, -124.872909
46.870079, -124.872909
46.879079, -124.872909
46.888079, -124.872909
46.897079, -124.872909
46.906079, -124.872909
46.915079, -124.872909
46.924079, -124.872909
46.933079, -124.872909
46.942079, -124.872909
46.951079, -124.872909
46.960079, -124.872909
46.969079, -124.872909
46.978079, -124.872909
46.987079, -124.872909
46.996079, -124.872909
47.005079, -124.872909
47.014079, -124.872909
47.023079, -124.872909
47.032079, -124.872909
47.041079, -124.872909
47.050079, -124.872909
47.059079, -124.872909
47.068079, -124.872909
47.077079, -124.872909
47.086079, -124.872909
47.095079, -124.872909
47.104079, -124.872909
47.113079, -124.872909
47.122079, -124.872909
47.131079, -124.872909
47.140079, -124.872909
47.149079, -124.872909
47.158079, -124.872909
47.167079, -124.872909
47.176079, -124.872909
47.185079, -124.872909
47.194079, -124.872909
47.203079, -124.872909
47.212079, -124.872909
47.221079, -124.872909
47.230079, -124.872909
47.239079, -124.872909
47.248079, -124.872909
47.257079, -124.872909
47.266079, -124.872909
47.275079, -124.872909
47.284079, -124.872909
47.293079, -124.872909
47.302079, -124.872909
47.311079, -124.872909
47.320079, -124.872909
47.329079, -124.872909
47.338079, -124.872909
47.347079, -124.872909
47.356079, -124.872909
47.365079, -124.872909
47.374079, -124.872909
47.383079, -124.872909
47.392079, -124.872909
47.401079, -124.872909
47.410079, -124.872909
47.419079, -124.872909
47.428079, -124.872909
47.437079, -124.872909
47.446079, -124.872909
47.455079, -124.872909
47.464079, -124.872909
47.473079, -124.872909
47.482079, -124.872909
47.491079, -124.872909
47.500079, -124.872909
47.509079, -124.872909
47.518079, -124.872909
47.527079, -124.872909
47.536079, -124.872909
47.545079, -124.872909
47.554079, -124.872909
47.563079, -124.872909
47.572079, -124.872909
47.581079, -124.872909
47.590079, -124.872909
47.599079, -124.872909
47.608079, -124.872909
47.617079, -124.872909
47.626079, -124.872909
47.635079, -124.872909
47.644079, -124.872909
47.653079, -124.872909
47.662079, -124.872909
47.671079, -124.872909
47.680079, -124.872909
47.689079, -124.872909
47.698079, -124.872909
47.707079, -124.872909
47.716079, -124.872909
47.725079, -124.872909
47.734079, -124.872909
47.743079, -124.872909
47.752079, -124.872909
47.761079, -124.872909
47.770079, -124.872909
47.779079, -124.872909
47.788079, -124.872909
47.797079, -124.872909
47.806079, -124.872909
47.815079, -124.872909
47.824079, -124.872909
47.833079, -124.872909
47.842079, -124.872909
47.851079, -124.872909
47.860079, -124.872909
47.869079, -124.872909
47.878079, -124.872909
47.887079, -124.872909
47.896079, -124.872909
47.905079, -124.872909
47.914079, -124.872909
47.923079, -124.872909
47.932079, -124.872909
47.941079, -124.872909
47.950079, -124.872909
47.959079, -124.872909
47.968079, -124.872909
47.977079, -124.872909
47.986079, -124.872909
47.995079, -124.872909
48.004079, -124.872909
48.013079, -124.872909
48.022079, -124.872909
48.031079, -124.872909
48.040079, -124.872909
48.049079, -124.872909
48.058079, -124.872909
48.067079, -124.872909
48.076079, -124.872909
48.085079, -124.872909
48.094079, -124.872909
48.103079, -124.872909
48.112079, -124.872909
48.121079, -124.872909
48.130079, -124.872909
48.139079, -124.872909
48.148079, -124.872909
48.157079, -124.872909
48.166079, -124.872909
48.175079, -124.872909
48.184079, -124.872909
48.193079, -124.872909
48.202079, -124.872909
48.211079, -124.872909
48.220079, -124.872909
48.229079, -124.872909
48.238079, -124.872909
48.247079, -124.872909
48.256079, -124.872909
48.265079, -124.872909
48.274079, -124.872909
48.283079, -124.872909
48.292079, -124.872909
48.301079, -124.872909
48.310079, -124.872909
48.319079, -124.872909
48.328079, -124.872909
48.337079, -124.872909
48.346079, -124.872909
48.355079, -124.872909
48.364079, -124.872909
48.373079, -124.872909
48.382079, -124.872909
48.391079, -124.872909
48.400079, -124.872909
48.409079, -124.872909
48.418079, -124.872909
48.427079, -124.872909
48.436079, -124.872909
48.445079, -124.872909
48.454079, -124.872909
48.463079, -124.872909
48.472079, -124.872909
48.481079, -124.872909
48.490079, -124.872909
48.499079, -124.872909
48.508079, -124.872909
48.517079, -124.872909
48.526079, -124.872909
48.535079, -124.872909
48.544079, -124.872909
48.553079, -124.872909
48.562079, -124.872909
48.571079, -124.872909
48.580079, -124.872909
48.589079, -124.872909
48.598079, -124.872909
48.607079, -124.872909
48.616079, -124.872909
48.625079, -124.872909
48.634079, -124.872909
48.643079, -124.872909
48.652079, -124.872909
48.661079, -124.872909
48.670079, -124.872909
48.679079, -124.872909
48.688079, -124.872909
48.697079, -124.872909
48.706079, -124.872909
48.715079, -124.872909
48.724079, -124.872909
48.733079, -124.872909
48.742079, -124.872909
48.751079, -124.872909
48.760079, -124.872909
48.769079, -124.872909
48.778079, -124.872909
48.787079, -124.872909
48.796079, -124.872909
48.805079, -124.872909
48.814079, -124.872909
48.823079, -124.872909
48.832079, -124.872909
48.841079, -124.872909
48.850079, -124.872909
48.859079, -124.872909
48.868079, -124.872909
48.877079, -124.872909
48.886079, -124.872909
48.895079, -124.872909
48.904079, -124.872909
48.913079, -124.872909
48.922079, -124.872909
48.931079, -124.872909
48.940079, -124.872909
48.949079, -124.872909
46.213079, -124.859202242
46.222079, -124.859202242
46.231079, -124.859202242
46.240079, -124.859202242
46.249079, -124.859202242
46.258079, -124.859202242
46.267079, -124.859202242
46.276079, -124.859202242
46.285079, -124.859202242
46.294079, -124.859202242
46.303079, -124.859202242
46.312079, -124.859202242
46.321079, -124.859202242
46.330079, -124.859202242
46.339079, -124.859202242
46.348079, -124.859202242
46.357079, -124.859202242
46.366079, -124.859202242
46.375079, -124.859202242
46.384079, -124.859202242
46.393079, -124.859202242
46.402079, -124.859202242
46.411079, -124.859202242
46.420079, -124.859202242
46.429079, -124.859202242
46.438079, -124.859202242
46.447079, -124.859202242
46.456079, -124.859202242
46.465079, -124.859202242
46.474079, -124.859202242
46.483079, -124.859202242
46.492079, -124.859202242
46.501079, -124.859202242
46.510079, -124.859202242
46.519079, -124.859202242
46.528079, -124.859202242
46.537079, -124.859202242
46.546079, -124.859202242
46.555079, -124.859202242
46.564079, -124.859202242
46.573079, -124.859202242
46.582079, -124.859202242
46.591079, -124.859202242
46.600079, -124.859202242
46.609079, -124.859202242
46.618079, -124.859202242
46.627079, -124.859202242
46.636079, -124.859202242
46.645079, -124.859202242
46.654079, -124.859202242
46.663079, -124.859202242
46.672079, -124.859202242
46.681079, -124.859202242
46.690079, -124.859202242
46.699079, -124.859202242
46.708079, -124.859202242
46.717079, -124.859202242
46.726079, -124.859202242
46.735079, -124.859202242
46.744079, -124.859202242
46.753079, -124.859202242
46.762079, -124.859202242
46.771079, -124.859202242
46.780079, -124.859202242
46.789079, -124.859202242
46.798079, -124.859202242
46.807079, -124.859202242
46.816079, -124.859202242
46.825079, -124.859202242
46.834079, -124.859202242
46.843079, -124.859202242
46.852079, -124.859202242
46.861079, -124.859202242
46.870079, -124.859202242
46.879079, -124.859202242
46.888079, -124.859202242
46.897079, -124.859202242
46.906079, -124.859202242
46.915079, -124.859202242
46.924079, -124.859202242
46.933079, -124.859202242
46.942079, -124.859202242
46.951079, -124.859202242
46.960079, -124.859202242
46.969079, -124.859202242
46.978079, -124.859202242
46.987079, -124.859202242
46.996079, -124.859202242
47.005079, -124.859202242
47.014079, -124.859202242
47.023079, -124.859202242
47.032079, -124.859202242
47.041079, -124.859202242
47.050079, -124.859202242
47.059079, -124.859202242
47.068079, -124.859202242
47.077079, -124.859202242
47.086079, -124.859202242
47.095079, -124.859202242
47.104079, -124.859202242
47.113079, -124.859202242
47.122079, -124.859202242
47.131079, -124.859202242
47.140079, -124.859202242
47.149079, -124.859202242
47.158079, -124.859202242
47.167079, -124.859202242
47.176079, -124.859202242
47.185079, -124.859202242
47.194079, -124.859202242
47.203079, -124.859202242
47.212079, -124.859202242
47.221079, -124.859202242
47.230079, -124.859202242
47.239079, -124.859202242
47.248079, -124.859202242
47.257079, -124.859202242
47.266079, -124.859202242
47.275079, -124.859202242
47.284079, -124.859202242
47.293079, -124.859202242
47.302079, -124.859202242
47.311079, -124.859202242
47.320079, -124.859202242
47.329079, -124.859202242
47.338079, -124.859202242
47.347079, -124.859202242
47.356079, -124.859202242
47.365079, -124.859202242
47.374079, -124.859202242
47.383079, -124.859202242
47.392079, -124.859202242
47.401079, -124.859202242
47.410079, -124.859202242
47.419079, -124.859202242
47.428079, -124.859202242
47.437079, -124.859202242
47.446079, -124.859202242
47.455079, -124.859202242
47.464079, -124.859202242
47.473079, -124.859202242
47.482079, -124.859202242
47.491079, -124.859202242
47.500079, -124.859202242
47.509079, -124.859202242
47.518079, -124.859202242
47.527079, -124.859202242
47.536079, -124.859202242
47.545079, -124.859202242
47.554079, -124.859202242
47.563079, -124.859202242
47.572079, -124.859202242
47.581079, -124.859202242
47.590079, -124.859202242
47.599079, -124.859202242
47.608079, -124.859202242
47.617079, -124.859202242
47.626079, -124.859202242
47.635079, -124.859202242
47.644079, -124.859202242
47.653079, -124.859202242
47.662079, -124.859202242
47.671079, -124.859202242
47.680079, -124.859202242
47.689079, -124.859202242
47.698079, -124.859202242
47.707079, -124.859202242
47.716079, -124.859202242
47.725079, -124.859202242
47.734079, -124.859202242
47.743079, -124.859202242
47.752079, -124.859202242
47.761079, -124.859202242
47.770079, -124.859202242
47.779079, -124.859202242
47.788079, -124.859202242
47.797079, -124.859202242
47.806079, -124.859202242
47.815079, -124.859202242
47.824079, -124.859202242
47.833079, -124.859202242
47.842079, -124.859202242
47.851079, -124.859202242
47.860079, -124.859202242
47.869079, -124.859202242
47.878079, -124.859202242
47.887079, -124.859202242
47.896079, -124.859202242
47.905079, -124.859202242
47.914079, -124.859202242
47.923079, -124.859202242
47.932079, -124.859202242
47.941079, -124.859202242
47.950079, -124.859202242
47.959079, -124.859202242
47.968079, -124.859202242
47.977079, -124.859202242
47.986079, -124.859202242
47.995079, -124.859202242
48.004079, -124.859202242
48.013079, -124.859202242
48.022079, -124.859202242
48.031079, -124.859202242
48.040079, -124.859202242
48.049079, -124.859202242
48.058079, -124.859202242
48.067079, -124.859202242
48.076079, -124.859202242
48.085079, -124.859202242
48.094079, -124.859202242
48.103079, -124.859202242
48.112079, -124.859202242
48.121079, -124.859202242
48.130079, -124.859202242
48.139079, -124.859202242
48.148079, -124.859202242
48.157079, -124.859202242
48.166079, -124.859202242
48.175079, -124.859202242
48.184079, -124.859202242
48.193079, -124.859202242
48.202079, -124.859202242
48.211079, -124.859202242
48.220079, -124.859202242
48.229079, -124.859202242
48.238079, -124.859202242
48.247079, -124.859202242
48.256079, -124.859202242
48.265079, -124.859202242
48.274079, -124.859202242
48.283079, -124.859202242
48.292079, -124.859202242
48.301079, -124.859202242
48.310079, -124.859202242
48.319079, -124.859202242
48.328079, -124.859202242
48.337079, -124.859202242
48.346079, -124.859202242
48.355079, -124.859202242
48.364079, -124.859202242
48.373079, -124.859202242
48.382079, -124.859202242
48.391079, -124.859202242
48.400079, -124.859202242
48.409079, -124.859202242
48.418079, -124.859202242
48.427079, -124.859202242
48.436079, -124.859202242
48.445079, -124.859202242
48.454079, -124.859202242
48.463079, -124.859202242
48.472079, -124.859202242
48.481079, -124.859202242
48.490079, -124.859202242
48.499079, -124.859202242
48.508079, -124.859202242
48.517079, -124.859202242
48.526079, -124.859202242
48.535079, -124.859202242
48.544079, -124.859202242
48.553079, -124.859202242
48.562079, -124.859202242
48.571079, -124.859202242
48.580079, -124.859202242
48.589079, -124.859202242
48.598079, -124.859202242
48.607079, -124.859202242
48.616079, -124.859202242
48.625079, -124.859202242
48.634079, -124.859202242
48.643079, -124.859202242
48.652079, -124.859202242
48.661079, -124.859202242
48.670079, -124.859202242
48.679079, -124.859202242
48.688079, -124.859202242
48.697079, -124.859202242
48.706079, -124.859202242
48.715079, -124.859202242
48.724079, -124.859202242
48.733079, -124.859202242
48.742079, -124.859202242
48.751079, -124.859202242
48.760079, -124.859202242
48.769079, -124.859202242
48.778079, -124.859202242
48.787079, -124.859202242
48.796079, -124.859202242
48.805079, -124.859202242
48.814079, -124.859202242
48.823079, -124.859202242
48.832079, -124.859202242
48.841079, -124.859202242
48.850079, -124.859202242
48.859079, -124.859202242
48.868079, -124.859202242
48.877079, -124.859202242
48.886079, -124.859202242
48.895079, -124.859202242
48.904079, -124.859202242
48.913079, -124.859202242
48.922079, -124.859202242
48.931079, -124.859202242
48.940079, -124.859202242
48.949079, -124.859202242
46.213079, -124.845495483
46.222079, -124.845495483
46.231079, -124.845495483
46.240079, -124.845495483
46.249079, -124.845495483
46.258079, -124.845495483
46.267079, -124.845495483
46.276079, -124.845495483
46.285079, -124.845495483
46.294079, -124.845495483
46.303079, -124.845495483
46.312079, -124.845495483
46.321079, -124.845495483
46.330079, -124.845495483
46.339079, -124.845495483
46.348079, -124.845495483
46.357079, -124.845495483
46.366079, -124.845495483
46.375079, -124.845495483
46.384079, -124.845495483
46.393079, -124.845495483
46.402079, -124.845495483
46.411079, -124.845495483
46.420079, -124.845495483
46.429079, -124.845495483
46.438079, -124.845495483
46.447079, -124.845495483
46.456079, -124.845495483
46.465079, -124.845495483
46.474079, -124.845495483
46.483079, -124.845495483
46.492079, -124.845495483
46.501079, -124.845495483
46.510079, -124.845495483
46.519079, -124.845495483
46.528079, -124.845495483
46.537079, -124.845495483
46.546079, -124.845495483
46.555079, -124.845495483
46.564079, -124.845495483
46.573079, -124.845495483
46.582079, -124.845495483
46.591079, -124.845495483
46.600079, -124.845495483
46.609079, -124.845495483
46.618079, -124.845495483
46.627079, -124.845495483
46.636079, -124.845495483
46.645079, -124.845495483
46.654079, -124.845495483
46.663079, -124.845495483
46.672079, -124.845495483
46.681079, -124.845495483
46.690079, -124.845495483
46.699079, -124.845495483
46.708079, -124.845495483
46.717079, -124.845495483
46.726079, -124.845495483
46.735079, -124.845495483
46.744079, -124.845495483
46.753079, -124.845495483
46.762079, -124.845495483
46.771079, -124.845495483
46.780079, -124.845495483
46.789079, -124.845495483
46.798079, -124.845495483
46.807079, -124.845495483
46.816079, -124.845495483
46.825079, -124.845495483
46.834079, -124.845495483
46.843079, -124.845495483
46.852079, -124.845495483
46.861079, -124.845495483
46.870079, -124.845495483
46.879079, -124.845495483
46.888079, -124.845495483
46.897079, -124.845495483
46.906079, -124.845495483
46.915079, -124.845495483
46.924079, -124.845495483
46.933079, -124.845495483
46.942079, -124.845495483
46.951079, -124.845495483
46.960079, -124.845495483
46.969079, -124.845495483
46.978079, -124.845495483
46.987079, -124.845495483
46.996079, -124.845495483
47.005079, -124.845495483
47.014079, -124.845495483
47.023079, -124.845495483
47.032079, -124.845495483
47.041079, -124.845495483
47.050079, -124.845495483
47.059079, -124.845495483
47.068079, -124.845495483
47.077079, -124.845495483
47.086079, -124.845495483
47.095079, -124.845495483
47.104079, -124.845495483
47.113079, -124.845495483
47.122079, -124.845495483
47.131079, -124.845495483
47.140079, -124.845495483
47.149079, -124.845495483
47.158079, -124.845495483
47.167079, -124.845495483
47.176079, -124.845495483
47.185079, -124.845495483
47.194079, -124.845495483
47.203079, -124.845495483
47.212079, -124.845495483
47.221079, -124.845495483
47.230079, -124.845495483
47.239079, -124.845495483
47.248079, -124.845495483
47.257079, -124.845495483
47.266079, -124.845495483
47.275079, -124.845495483
47.284079, -124.845495483
47.293079, -124.845495483
47.302079, -124.845495483
47.311079, -124.845495483
47.320079, -124.845495483
47.329079, -124.845495483
47.338079, -124.845495483
47.347079, -124.845495483
47.356079, -124.845495483
47.365079, -124.845495483
47.374079, -124.845495483
47.383079, -124.845495483
47.392079, -124.845495483
47.401079, -124.845495483
47.410079, -124.845495483
47.419079, -124.845495483
47.428079, -124.845495483
47.437079, -124.845495483
47.446079, -124.845495483
47.455079, -124.845495483
47.464079, -124.845495483
47.473079, -124.845495483
47.482079, -124.845495483
47.491079, -124.845495483
47.500079, -124.845495483
47.509079, -124.845495483
47.518079, -124.845495483
47.527079, -124.845495483
47.536079, -124.845495483
47.545079, -124.845495483
47.554079, -124.845495483
47.563079, -124.845495483
47.572079, -124.845495483
47.581079, -124.845495483
47.590079, -124.845495483
47.599079, -124.845495483
47.608079, -124.845495483
47.617079, -124.845495483
47.626079, -124.845495483
47.635079, -124.845495483
47.644079, -124.845495483
47.653079, -124.845495483
47.662079, -124.845495483
47.671079, -124.845495483
47.680079, -124.845495483
47.689079, -124.845495483
47.698079, -124.845495483
47.707079, -124.845495483
47.716079, -124.845495483
47.725079, -124.845495483
47.734079, -124.845495483
47.743079, -124.845495483
47.752079, -124.845495483
47.761079, -124.845495483
47.770079, -124.845495483
47.779079, -124.845495483
47.788079, -124.845495483
47.797079, -124.845495483
47.806079, -124.845495483
47.815079, -124.845495483
47.824079, -124.845495483
47.833079, -124.845495483
47.842079, -124.845495483
47.851079, -124.845495483
47.860079, -124.845495483
47.869079, -124.845495483
47.878079, -124.845495483
47.887079, -124.845495483
47.896079, -124.845495483
47.905079, -124.845495483
47.914079, -124.845495483
47.923079, -124.845495483
47.932079, -124.845495483
47.941079, -124.845495483
47.950079, -124.845495483
47.959079, -124.845495483
47.968079, -124.845495483
47.977079, -124.845495483
47.986079, -124.845495483
47.995079, -124.845495483
48.004079, -124.845495483
48.013079, -124.845495483
48.022079, -124.845495483
48.031079, -124.845495483
48.040079, -124.845495483
48.049079, -124.845495483
48.058079, -124.845495483
48.067079, -124.845495483
48.076079, -124.845495483
48.085079, -124.845495483
48.094079, -124.845495483
48.103079, -124.845495483
48.112079, -124.845495483
48.121079, -124.845495483
48.130079, -124.845495483
48.139079, -124.845495483
48.148079, -124.845495483
48.157079, -124.845495483
48.166079, -124.845495483
48.175079, -124.845495483
48.184079, -124.845495483
48.193079, -124.845495483
48.202079, -124.845495483
48.211079, -124.845495483
48.220079, -124.845495483
48.229079, -124.845495483
48.238079, -124.845495483
48.247079, -124.845495483
48.256079, -124.845495483
48.265079, -124.845495483
48.274079, -124.845495483
48.283079, -124.845495483
48.292079, -124.845495483
48.301079, -124.845495483
48.310079, -124.845495483
48.319079, -124.845495483
48.328079, -124.845495483
48.337079, -124.845495483
48.346079, -124.845495483
48.355079, -124.845495483
48.364079, -124.845495483
48.373079, -124.845495483
48.382079, -124.845495483
48.391079, -124.845495483
48.400079, -124.845495483
48.409079, -124.845495483
48.418079, -124.845495483
48.427079, -124.845495483
48.436079, -124.845495483
48.445079, -124.845495483
48.454079, -124.845495483
48.463079, -124.845495483
48.472079, -124.845495483
48.481079, -124.845495483
48.490079, -124.845495483
48.499079, -124.845495483
48.508079, -124.845495483
48.517079, -124.845495483
48.526079, -124.845495483
48.535079, -124.845495483
48.544079, -124.845495483
48.553079, -124.845495483
48.562079, -124.845495483
48.571079, -124.845495483
48.580079, -124.845495483
48.589079, -124.845495483
48.598079, -124.845495483
48.607079, -124.845495483
48.616079, -124.845495483
48.625079, -124.845495483
48.634079, -124.845495483
48.643079, -124.845495483
48.652079, -124.845495483
48.661079, -124.845495483
48.670079, -124.845495483
48.679079, -124.845495483
48.688079, -124.845495483
48.697079, -124.845495483
48.706079, -124.845495483
48.715079, -124.845495483
48.724079, -124.845495483
48.733079, -124.845495483
48.742079, -124.845495483
48.751079, -124.845495483
48.760079, -124.845495483
48.769079, -124.845495483
48.778079, -124.845495483
48.787079, -124.845495483
48.796079, -124.845495483
48.805079, -124.845495483
48.814079, -124.845495483
48.823079, -124.845495483
48.832079, -124.845495483
48.841079, -124.845495483
48.850079, -124.845495483
48.859079, -124.845495483
48.868079, -124.845495483
48.877079, -124.845495483
48.886079, -124.845495483
48.895079, -124.845495483
48.904079, -124.845495483
48.913079, -124.845495483
48.922079, -124.845495483
48.931079, -124.845495483
48.940079, -124.845495483
48.949079, -124.845495483
46.213079, -124.831788725
46.222079, -124.831788725
46.231079, -124.831788725
46.240079, -124.831788725
46.249079, -124.831788725
46.258079, -124.831788725
46.267079, -124.831788725
46.276079, -124.831788725
46.285079, -124.831788725
46.294079, -124.831788725
46.303079, -124.831788725
46.312079, -124.831788725
46.321079, -124.831788725
46.330079, -124.831788725
46.339079, -124.831788725
46.348079, -124.831788725
46.357079, -124.831788725
46.366079, -124.831788725
46.375079, -124.831788725
46.384079, -124.831788725
46.393079, -124.831788725
46.402079, -124.831788725
46.411079, -124.831788725
46.420079, -124.831788725
46.429079, -124.831788725
46.438079, -124.831788725
46.447079, -124.831788725
46.456079, -124.831788725
46.465079, -124.831788725
46.474079, -124.831788725
46.483079, -124.831788725
46.492079, -124.831788725
46.501079, -124.831788725
46.510079, -124.831788725
46.519079, -124.831788725
46.528079, -124.831788725
46.537079, -124.831788725
46.546079, -124.831788725
46.555079, -124.831788725
46.564079, -124.831788725
46.573079, -124.831788725
46.582079, -124.831788725
46.591079, -124.831788725
46.600079, -124.831788725
46.609079, -124.831788725
46.618079, -124.831788725
46.627079, -124.831788725
46.636079, -124.831788725
46.645079, -124.831788725
46.654079, -124.831788725
46.663079, -124.831788725
46.672079, -124.831788725
46.681079, -124.831788725
46.690079, -124.831788725
46.699079, -124.831788725
46.708079, -124.831788725
46.717079, -124.831788725
46.726079, -124.831788725
46.735079, -124.831788725
46.744079, -124.831788725
46.753079, -124.831788725
46.762079, -124.831788725
46.771079, -124.831788725
46.780079, -124.831788725
46.789079, -124.831788725
46.798079, -124.831788725
46.807079, -124.831788725
46.816079, -124.831788725
46.825079, -124.831788725
46.834079, -124.831788725
46.843079, -124.831788725
46.852079, -124.831788725
46.861079, -124.831788725
46.870079, -124.831788725
46.879079, -124.831788725
46.888079, -124.831788725
46.897079, -124.831788725
46.906079, -124.831788725
46.915079, -124.831788725
46.924079, -124.831788725
46.933079, -124.831788725
46.942079, -124.831788725
46.951079, -124.831788725
46.960079, -124.831788725
46.969079, -124.831788725
46.978079, -124.831788725
46.987079, -124.831788725
46.996079, -124.831788725
47.005079, -124.831788725
47.014079, -124.831788725
47.023079, -124.831788725
47.032079, -124.831788725
47.041079, -124.831788725
47.050079, -124.831788725
47.059079, -124.831788725
47.068079, -124.831788725
47.077079, -124.831788725
47.086079, -124.831788725
47.095079, -124.831788725
47.104079, -124.831788725
47.113079, -124.831788725
47.122079, -124.831788725
47.131079, -124.831788725
47.140079, -124.831788725
47.149079, -124.831788725
47.158079, -124.831788725
47.167079, -124.831788725
47.176079, -124.831788725
47.185079, -124.831788725
47.194079, -124.831788725
47.203079, -124.831788725
47.212079, -124.831788725
47.221079, -124.831788725
47.230079, -124.831788725
47.239079, -124.831788725
47.248079, -124.831788725
47.257079, -124.831788725
47.266079, -124.831788725
47.275079, -124.831788725
47.284079, -124.831788725
47.293079, -124.831788725
47.302079, -124.831788725
47.311079, -124.831788725
47.320079, -124.831788725
47.329079, -124.831788725
47.338079, -124.831788725
47.347079, -124.831788725
47.356079, -124.831788725
47.365079, -124.831788725
47.374079, -124.831788725
47.383079, -124.831788725
47.392079, -124.831788725
47.401079, -124.831788725
47.410079, -124.831788725
47.419079, -124.831788725
47.428079, -124.831788725
47.437079, -124.831788725
47.446079, -124.831788725
47.455079, -124.831788725
47.464079, -124.831788725
47.473079, -124.831788725
47.482079, -124.831788725
47.491079, -124.831788725
47.500079, -124.831788725
47.509079, -124.831788725
47.518079, -124.831788725
47.527079, -124.831788725
47.536079, -124.831788725
47.545079, -124.831788725
47.554079, -124.831788725
47.563079, -124.831788725
47.572079, -124.831788725
47.581079, -124.831788725
47.590079, -124.831788725
47.599079, -124.831788725
47.608079, -124.831788725
47.617079, -124.831788725
47.626079, -124.831788725
47.635079, -124.831788725
47.644079, -124.831788725
47.653079, -124.831788725
47.662079, -124.831788725
47.671079, -124.831788725
47.680079, -124.831788725
47.689079, -124.831788725
47.698079, -124.831788725
47.707079, -124.831788725
47.716079, -124.831788725
47.725079, -124.831788725
47.734079, -124.831788725
47.743079, -124.831788725
47.752079, -124.831788725
47.761079, -124.831788725
47.770079, -124.831788725
47.779079, -124.831788725
47.788079, -124.831788725
47.797079, -124.831788725
47.806079, -124.831788725
47.815079, -124.831788725
47.824079, -124.831788725
47.833079, -124.831788725
47.842079, -124.831788725
47.851079, -124.831788725
47.860079, -124.831788725
47.869079, -124.831788725
47.878079, -124.831788725
47.887079, -124.831788725
47.896079, -124.831788725
47.905079, -124.831788725
47.914079, -124.831788725
47.923079, -124.831788725
47.932079, -124.831788725
47.941079, -124.831788725
47.950079, -124.831788725
47.959079, -124.831788725
47.968079, -124.831788725
47.977079, -124.831788725
47.986079, -124.831788725
47.995079, -124.831788725
48.004079, -124.831788725
48.013079, -124.831788725
48.022079, -124.831788725
48.031079, -124.831788725
48.040079, -124.831788725
48.049079, -124.831788725
48.058079, -124.831788725
48.067079, -124.831788725
48.076079, -124.831788725
48.085079, -124.831788725
48.094079, -124.831788725
48.103079, -124.831788725
48.112079, -124.831788725
48.121079, -124.831788725
48.130079, -124.831788725
48.139079, -124.831788725
48.148079, -124.831788725
48.157079, -124.831788725
48.166079, -124.831788725
48.175079, -124.831788725
48.184079, -124.831788725
48.193079, -124.831788725
48.202079, -124.831788725
48.211079, -124.831788725
48.220079, -124.831788725
48.229079, -124.831788725
48.238079, -124.831788725
48.247079, -124.831788725
48.256079, -124.831788725
48.265079, -124.831788725
48.274079, -124.831788725
48.283079, -124.831788725
48.292079, -124.831788725
48.301079, -124.831788725
48.310079, -124.831788725
48.319079, -124.831788725
48.328079, -124.831788725
48.337079, -124.831788725
48.346079, -124.831788725
48.355079, -124.831788725
48.364079, -124.831788725
48.373079, -124.831788725
48.382079, -124.831788725
48.391079, -124.831788725
48.400079, -124.831788725
48.409079, -124.831788725
48.418079, -124.831788725
48.427079, -124.831788725
48.436079, -124.831788725
48.445079, -124.831788725
48.454079, -124.831788725
48.463079, -124.831788725
48.472079, -124.831788725
48.481079, -124.831788725
48.490079, -124.831788725
48.499079, -124.831788725
48.508079, -124.831788725
48.517079, -124.831788725
48.526079, -124.831788725
48.535079, -124.831788725
48.544079, -124.831788725
48.553079, -124.831788725
48.562079, -124.831788725
48.571079, -124.831788725
48.580079, -124.831788725
48.589079, -124.831788725
48.598079, -124.831788725
48.607079, -124.831788725
48.616079, -124.831788725
48.625079, -124.831788725
48.634079, -124.831788725
48.643079, -124.831788725
48.652079, -124.831788725
48.661079, -124.831788725
48.670079, -124.831788725
48.679079, -124.831788725
48.688079, -124.831788725
48.697079, -124.831788725
48.706079, -124.831788725
48.715079, -124.831788725
48.724079, -124.831788725
48.733079, -124.831788725
48.742079, -124.831788725
48.751079, -124.831788725
48.760079, -124.831788725
48.769079, -124.831788725
48.778079, -124.831788725
48.787079, -124.831788725
48.796079, -124.831788725
48.805079, -124.831788725
48.814079, -124.831788725
48.823079, -124.831788725
48.832079, -124.831788725
48.841079, -124.831788725
48.850079, -124.831788725
48.859079, -124.831788725
48.868079, -124.831788725
48.877079, -124.831788725
48.886079, -124.831788725
48.895079, -124.831788725
48.904079, -124.831788725
48.913079, -124.831788725
48.922079, -124.831788725
48.931079, -124.831788725
48.940079, -124.831788725
48.949079, -124.831788725
46.213079, -124.818081966
46.222079, -124.818081966
46.231079, -124.818081966
46.240079, -124.818081966
46.249079, -124.818081966
46.258079, -124.818081966
46.267079, -124.818081966
46.276079, -124.818081966
46.285079, -124.818081966
46.294079, -124.818081966
46.303079, -124.818081966
46.312079, -124.818081966
46.321079, -124.818081966
46.330079, -124.818081966
46.339079, -124.818081966
46.348079, -124.818081966
46.357079, -124.818081966
46.366079, -124.818081966
46.375079, -124.818081966
46.384079, -124.818081966
46.393079, -124.818081966
46.402079, -124.818081966
46.411079, -124.818081966
46.420079, -124.818081966
46.429079, -124.818081966
46.438079, -124.818081966
46.447079, -124.818081966
46.456079, -124.818081966
46.465079, -124.818081966
46.474079, -124.818081966
46.483079, -124.818081966
46.492079, -124.818081966
46.501079, -124.818081966
46.510079, -124.818081966
46.519079, -124.818081966
46.528079, -124.818081966
46.537079, -124.818081966
46.546079, -124.818081966
46.555079, -124.818081966
46.564079, -124.818081966
46.573079, -124.818081966
46.582079, -124.818081966
46.591079, -124.818081966
46.600079, -124.818081966
46.609079, -124.818081966
46.618079, -124.818081966
46.627079, -124.818081966
46.636079, -124.818081966
46.645079, -124.818081966
46.654079, -124.818081966
46.663079, -124.818081966
46.672079, -124.818081966
46.681079, -124.818081966
46.690079, -124.818081966
46.699079, -124.818081966
46.708079, -124.818081966
46.717079, -124.818081966
46.726079, -124.818081966
46.735079, -124.818081966
46.744079, -124.818081966
46.753079, -124.818081966
46.762079, -124.818081966
46.771079, -124.818081966
46.780079, -124.818081966
46.789079, -124.818081966
46.798079, -124.818081966
46.807079, -124.818081966
46.816079, -124.818081966
46.825079, -124.818081966
46.834079, -124.818081966
46.843079, -124.818081966
46.852079, -124.818081966
46.861079, -124.818081966
46.870079, -124.818081966
46.879079, -124.818081966
46.888079, -124.818081966
46.897079, -124.818081966
46.906079, -124.818081966
46.915079, -124.818081966
46.924079, -124.818081966
46.933079, -124.818081966
46.942079, -124.818081966
46.951079, -124.818081966
46.960079, -124.818081966
46.969079, -124.818081966
46.978079, -124.818081966
46.987079, -124.818081966
46.996079, -124.818081966
47.005079, -124.818081966
47.014079, -124.818081966
47.023079, -124.818081966
47.032079, -124.818081966
47.041079, -124.818081966
47.050079, -124.818081966
47.059079, -124.818081966
47.068079, -124.818081966
47.077079, -124.818081966
47.086079, -124.818081966
47.095079, -124.818081966
47.104079, -124.818081966
47.113079, -124.818081966
47.122079, -124.818081966
47.131079, -124.818081966
47.140079, -124.818081966
47.149079, -124.818081966
47.158079, -124.818081966
47.167079, -124.818081966
47.176079, -124.818081966
47.185079, -124.818081966
47.194079, -124.818081966
47.203079, -124.818081966
47.212079, -124.818081966
47.221079, -124.818081966
47.230079, -124.818081966
47.239079, -124.818081966
47.248079, -124.818081966
47.257079, -124.818081966
47.266079, -124.818081966
47.275079, -124.818081966
47.284079, -124.818081966
47.293079, -124.818081966
47.302079, -124.818081966
47.311079, -124.818081966
47.320079, -124.818081966
47.329079, -124.818081966
47.338079, -124.818081966
47.347079, -124.818081966
47.356079, -124.818081966
47.365079, -124.818081966
47.374079, -124.818081966
47.383079, -124.818081966
47.392079, -124.818081966
47.401079, -124.818081966
47.410079, -124.818081966
47.419079, -124.818081966
47.428079, -124.818081966
47.437079, -124.818081966
47.446079, -124.818081966
47.455079, -124.818081966
47.464079, -124.818081966
47.473079, -124.818081966
47.482079, -124.818081966
47.491079, -124.818081966
47.500079, -124.818081966
47.509079, -124.818081966
47.518079, -124.818081966
47.527079, -124.818081966
47.536079, -124.818081966
47.545079, -124.818081966
47.554079, -124.818081966
47.563079, -124.818081966
47.572079, -124.818081966
47.581079, -124.818081966
47.590079, -124.818081966
47.599079, -124.818081966
47.608079, -124.818081966
47.617079, -124.818081966
47.626079, -124.818081966
47.635079, -124.818081966
47.644079, -124.818081966
47.653079, -124.818081966
47.662079, -124.818081966
47.671079, -124.818081966
47.680079, -124.818081966
47.689079, -124.818081966
47.698079, -124.818081966
47.707079, -124.818081966
47.716079, -124.818081966
47.725079, -124.818081966
47.734079, -124.818081966
47.743079, -124.818081966
47.752079, -124.818081966
47.761079, -124.818081966
47.770079, -124.818081966
47.779079, -124.818081966
47.788079, -124.818081966
47.797079, -124.818081966
47.806079, -124.818081966
47.815079, -124.818081966
47.824079, -124.818081966
47.833079, -124.818081966
47.842079, -124.818081966
47.851079, -124.818081966
47.860079, -124.818081966
47.869079, -124.818081966
47.878079, -124.818081966
47.887079, -124.818081966
47.896079, -124.818081966
47.905079, -124.818081966
47.914079, -124.818081966
47.923079, -124.818081966
47.932079, -124.818081966
47.941079, -124.818081966
47.950079, -124.818081966
47.959079, -124.818081966
47.968079, -124.818081966
47.977079, -124.818081966
47.986079, -124.818081966
47.995079, -124.818081966
48.004079, -124.818081966
48.013079, -124.818081966
48.022079, -124.818081966
48.031079, -124.818081966
48.040079, -124.818081966
48.049079, -124.818081966
48.058079, -124.818081966
48.067079, -124.818081966
48.076079, -124.818081966
48.085079, -124.818081966
48.094079, -124.818081966
48.103079, -124.818081966
48.112079, -124.818081966
48.121079, -124.818081966
48.130079, -124.818081966
48.139079, -124.818081966
48.148079, -124.818081966
48.157079, -124.818081966
48.166079, -124.818081966
48.175079, -124.818081966
48.184079, -124.818081966
48.193079, -124.818081966
48.202079, -124.818081966
48.211079, -124.818081966
48.220079, -124.818081966
48.229079, -124.818081966
48.238079, -124.818081966
48.247079, -124.818081966
48.256079, -124.818081966
48.265079, -124.818081966
48.274079, -124.818081966
48.283079, -124.818081966
48.292079, -124.818081966
48.301079, -124.818081966
48.310079, -124.818081966
48.319079, -124.818081966
48.328079, -124.818081966
48.337079, -124.818081966
48.346079, -124.818081966
48.355079, -124.818081966
48.364079, -124.818081966
48.373079, -124.818081966
48.382079, -124.818081966
48.391079, -124.818081966
48.400079, -124.818081966
48.409079, -124.818081966
48.418079, -124.818081966
48.427079, -124.818081966
48.436079, -124.818081966
48.445079, -124.818081966
48.454079, -124.818081966
48.463079, -124.818081966
48.472079, -124.818081966
48.481079, -124.818081966
48.490079, -124.818081966
48.499079, -124.818081966
48.508079, -124.818081966
48.517079, -124.818081966
48.526079, -124.818081966
48.535079, -124.818081966
48.544079, -124.818081966
48.553079, -124.818081966
48.562079, -124.818081966
48.571079, -124.818081966
48.580079, -124.818081966
48.589079, -124.818081966
48.598079, -124.818081966
48.607079, -124.818081966
48.616079, -124.818081966
48.625079, -124.818081966
48.634079, -124.818081966
48.643079, -124.818081966
48.652079, -124.818081966
48.661079, -124.818081966
48.670079, -124.818081966
48.679079, -124.818081966
48.688079, -124.818081966
48.697079, -124.818081966
48.706079, -124.818081966
48.715079, -124.818081966
48.724079, -124.818081966
48.733079, -124.818081966
48.742079, -124.818081966
48.751079, -124.818081966
48.760079, -124.818081966
48.769079, -124.818081966
48.778079, -124.818081966
48.787079, -124.818081966
48.796079, -124.818081966
48.805079, -124.818081966
48.814079, -124.818081966
48.823079, -124.818081966
48.832079, -124.818081966
48.841079, -124.818081966
48.850079, -124.818081966
48.859079, -124.818081966
48.868079, -124.818081966
48.877079, -124.818081966
48.886079, -124.818081966
48.895079, -124.818081966
48.904079, -124.818081966
48.913079, -124.818081966
48.922079, -124.818081966
48.931079, -124.818081966
48.940079, -124.818081966
48.949079, -124.818081966
46.213079, -124.804375208
46.222079, -124.804375208
46.231079, -124.804375208
46.240079, -124.804375208
46.249079, -124.804375208
46.258079, -124.804375208
46.267079, -124.804375208
46.276079, -124.804375208
46.285079, -124.804375208
46.294079, -124.804375208
46.303079, -124.804375208
46.312079, -124.804375208
46.321079, -124.804375208
46.330079, -124.804375208
46.339079, -124.804375208
46.348079, -124.804375208
46.357079, -124.804375208
46.366079, -124.804375208
46.375079, -124.804375208
46.384079, -124.804375208
46.393079, -124.804375208
46.402079, -124.804375208
46.411079, -124.804375208
46.420079, -124.804375208
46.429079, -124.804375208
46.438079, -124.804375208
46.447079, -124.804375208
46.456079, -124.804375208
46.465079, -124.804375208
46.474079, -124.804375208
46.483079, -124.804375208
46.492079, -124.804375208
46.501079, -124.804375208
46.510079, -124.804375208
46.519079, -124.804375208
46.528079, -124.804375208
46.537079, -124.804375208
46.546079, -124.804375208
46.555079, -124.804375208
46.564079, -124.804375208
46.573079, -124.804375208
46.582079, -124.804375208
46.591079, -124.804375208
46.600079, -124.804375208
46.609079, -124.804375208
46.618079, -124.804375208
46.627079, -124.804375208
46.636079, -124.804375208
46.645079, -124.804375208
46.654079, -124.804375208
46.663079, -124.804375208
46.672079, -124.804375208
46.681079, -124.804375208
46.690079, -124.804375208
46.699079, -124.804375208
46.708079, -124.804375208
46.717079, -124.804375208
46.726079, -124.804375208
46.735079, -124.804375208
46.744079, -124.804375208
46.753079, -124.804375208
46.762079, -124.804375208
46.771079, -124.804375208
46.780079, -124.804375208
46.789079, -124.804375208
46.798079, -124.804375208
46.807079, -124.804375208
46.816079, -124.804375208
46.825079, -124.804375208
46.834079, -124.804375208
46.843079, -124.804375208
46.852079, -124.804375208
46.861079, -124.804375208
46.870079, -124.804375208
46.879079, -124.804375208
46.888079, -124.804375208
46.897079, -124.804375208
46.906079, -124.804375208
46.915079, -124.804375208
46.924079, -124.804375208
46.933079, -124.804375208
46.942079, -124.804375208
46.951079, -124.804375208
46.960079, -124.804375208
46.969079, -124.804375208
46.978079, -124.804375208
46.987079, -124.804375208
46.996079, -124.804375208
47.005079, -124.804375208
47.014079, -124.804375208
47.023079, -124.804375208
47.032079, -124.804375208
47.041079, -124.804375208
47.050079, -124.804375208
47.059079, -124.804375208
47.068079, -124.804375208
47.077079, -124.804375208
47.086079, -124.804375208
47.095079, -124.804375208
47.104079, -124.804375208
47.113079, -124.804375208
47.122079, -124.804375208
47.131079, -124.804375208
47.140079, -124.804375208
47.149079, -124.804375208
47.158079, -124.804375208
47.167079, -124.804375208
47.176079, -124.804375208
47.185079, -124.804375208
47.194079, -124.804375208
47.203079, -124.804375208
47.212079, -124.804375208
47.221079, -124.804375208
47.230079, -124.804375208
47.239079, -124.804375208
47.248079, -124.804375208
47.257079, -124.804375208
47.266079, -124.804375208
47.275079, -124.804375208
47.284079, -124.804375208
47.293079, -124.804375208
47.302079, -124.804375208
47.311079, -124.804375208
47.320079, -124.804375208
47.329079, -124.804375208
47.338079, -124.804375208
47.347079, -124.804375208
47.356079, -124.804375208
47.365079, -124.804375208
47.374079, -124.804375208
47.383079, -124.804375208
47.392079, -124.804375208
47.401079, -124.804375208
47.410079, -124.804375208
47.419079, -124.804375208
47.428079, -124.804375208
47.437079, -124.804375208
47.446079, -124.804375208
47.455079, -124.804375208
47.464079, -124.804375208
47.473079, -124.804375208
47.482079, -124.804375208
47.491079, -124.804375208
47.500079, -124.804375208
47.509079, -124.804375208
47.518079, -124.804375208
47.527079, -124.804375208
47.536079, -124.804375208
47.545079, -124.804375208
47.554079, -124.804375208
47.563079, -124.804375208
47.572079, -124.804375208
47.581079, -124.804375208
47.590079, -124.804375208
47.599079, -124.804375208
47.608079, -124.804375208
47.617079, -124.804375208
47.626079, -124.804375208
47.635079, -124.804375208
47.644079, -124.804375208
47.653079, -124.804375208
47.662079, -124.804375208
47.671079, -124.804375208
47.680079, -124.804375208
47.689079, -124.804375208
47.698079, -124.804375208
47.707079, -124.804375208
47.716079, -124.804375208
47.725079, -124.804375208
47.734079, -124.804375208
47.743079, -124.804375208
47.752079, -124.804375208
47.761079, -124.804375208
47.770079, -124.804375208
47.779079, -124.804375208
47.788079, -124.804375208
47.797079, -124.804375208
47.806079, -124.804375208
47.815079, -124.804375208
47.824079, -124.804375208
47.833079, -124.804375208
47.842079, -124.804375208
47.851079, -124.804375208
47.860079, -124.804375208
47.869079, -124.804375208
47.878079, -124.804375208
47.887079, -124.804375208
47.896079, -124.804375208
47.905079, -124.804375208
47.914079, -124.804375208
47.923079, -124.804375208
47.932079, -124.804375208
47.941079, -124.804375208
47.950079, -124.804375208
47.959079, -124.804375208
47.968079, -124.804375208
47.977079, -124.804375208
47.986079, -124.804375208
47.995079, -124.804375208
48.004079, -124.804375208
48.013079, -124.804375208
48.022079, -124.804375208
48.031079, -124.804375208
48.040079, -124.804375208
48.049079, -124.804375208
48.058079, -124.804375208
48.067079, -124.804375208
48.076079, -124.804375208
48.085079, -124.804375208
48.094079, -124.804375208
48.103079, -124.804375208
48.112079, -124.804375208
48.121079, -124.804375208
48.130079, -124.804375208
48.139079, -124.804375208
48.148079, -124.804375208
48.157079, -124.804375208
48.166079, -124.804375208
48.175079, -124.804375208
48.184079, -124.804375208
48.193079, -124.804375208
48.202079, -124.804375208
48.211079, -124.804375208
48.220079, -124.804375208
48.229079, -124.804375208
48.238079, -124.804375208
48.247079, -124.804375208
48.256079, -124.804375208
48.265079, -124.804375208
48.274079, -124.804375208
48.283079, -124.804375208
48.292079, -124.804375208
48.301079, -124.804375208
48.310079, -124.804375208
48.319079, -124.804375208
48.328079, -124.804375208
48.337079, -124.804375208
48.346079, -124.804375208
48.355079, -124.804375208
48.364079, -124.804375208
48.373079, -124.804375208
48.382079, -124.804375208
48.391079, -124.804375208
48.400079, -124.804375208
48.409079, -124.804375208
48.418079, -124.804375208
48.427079, -124.804375208
48.436079, -124.804375208
48.445079, -124.804375208
48.454079, -124.804375208
48.463079, -124.804375208
48.472079, -124.804375208
48.481079, -124.804375208
48.490079, -124.804375208
48.499079, -124.804375208
48.508079, -124.804375208
48.517079, -124.804375208
48.526079, -124.804375208
48.535079, -124.804375208
48.544079, -124.804375208
48.553079, -124.804375208
48.562079, -124.804375208
48.571079, -124.804375208
48.580079, -124.804375208
48.589079, -124.804375208
48.598079, -124.804375208
48.607079, -124.804375208
48.616079, -124.804375208
48.625079, -124.804375208
48.634079, -124.804375208
48.643079, -124.804375208
48.652079, -124.804375208
48.661079, -124.804375208
48.670079, -124.804375208
48.679079, -124.804375208
48.688079, -124.804375208
48.697079, -124.804375208
48.706079, -124.804375208
48.715079, -124.804375208
48.724079, -124.804375208
48.733079, -124.804375208
48.742079, -124.804375208
48.751079, -124.804375208
48.760079, -124.804375208
48.769079, -124.804375208
48.778079, -124.804375208
48.787079, -124.804375208
48.796079, -124.804375208
48.805079, -124.804375208
48.814079, -124.804375208
48.823079, -124.804375208
48.832079, -124.804375208
48.841079, -124.804375208
48.850079, -124.804375208
48.859079, -124.804375208
48.868079, -124.804375208
48.877079, -124.804375208
48.886079, -124.804375208
48.895079, -124.804375208
48.904079, -124.804375208
48.913079, -124.804375208
48.922079, -124.804375208
48.931079, -124.804375208
48.940079, -124.804375208
48.949079, -124.804375208
46.213079, -124.790668449
46.222079, -124.790668449
46.231079, -124.790668449
46.240079, -124.790668449
46.249079, -124.790668449
46.258079, -124.790668449
46.267079, -124.790668449
46.276079, -124.790668449
46.285079, -124.790668449
46.294079, -124.790668449
46.303079, -124.790668449
46.312079, -124.790668449
46.321079, -124.790668449
46.330079, -124.790668449
46.339079, -124.790668449
46.348079, -124.790668449
46.357079, -124.790668449
46.366079, -124.790668449
46.375079, -124.790668449
46.384079, -124.790668449
46.393079, -124.790668449
46.402079, -124.790668449
46.411079, -124.790668449
46.420079, -124.790668449
46.429079, -124.790668449
46.438079, -124.790668449
46.447079, -124.790668449
46.456079, -124.790668449
46.465079, -124.790668449
46.474079, -124.790668449
46.483079, -124.790668449
46.492079, -124.790668449
46.501079, -124.790668449
46.510079, -124.790668449
46.519079, -124.790668449
46.528079, -124.790668449
46.537079, -124.790668449
46.546079, -124.790668449
46.555079, -124.790668449
46.564079, -124.790668449
46.573079, -124.790668449
46.582079, -124.790668449
46.591079, -124.790668449
46.600079, -124.790668449
46.609079, -124.790668449
46.618079, -124.790668449
46.627079, -124.790668449
46.636079, -124.790668449
46.645079, -124.790668449
46.654079, -124.790668449
46.663079, -124.790668449
46.672079, -124.790668449
46.681079, -124.790668449
46.690079, -124.790668449
46.699079, -124.790668449
46.708079, -124.790668449
46.717079, -124.790668449
46.726079, -124.790668449
46.735079, -124.790668449
46.744079, -124.790668449
46.753079, -124.790668449
46.762079, -124.790668449
46.771079, -124.790668449
46.780079, -124.790668449
46.789079, -124.790668449
46.798079, -124.790668449
46.807079, -124.790668449
46.816079, -124.790668449
46.825079, -124.790668449
46.834079, -124.790668449
46.843079, -124.790668449
46.852079, -124.790668449
46.861079, -124.790668449
46.870079, -124.790668449
46.879079, -124.790668449
46.888079, -124.790668449
46.897079, -124.790668449
46.906079, -124.790668449
46.915079, -124.790668449
46.924079, -124.790668449
46.933079, -124.790668449
46.942079, -124.790668449
46.951079, -124.790668449
46.960079, -124.790668449
46.969079, -124.790668449
46.978079, -124.790668449
46.987079, -124.790668449
46.996079, -124.790668449
47.005079, -124.790668449
47.014079, -124.790668449
47.023079, -124.790668449
47.032079, -124.790668449
47.041079, -124.790668449
47.050079, -124.790668449
47.059079, -124.790668449
47.068079, -124.790668449
47.077079, -124.790668449
47.086079, -124.790668449
47.095079, -124.790668449
47.104079, -124.790668449
47.113079, -124.790668449
47.122079, -124.790668449
47.131079, -124.790668449
47.140079, -124.790668449
47.149079, -124.790668449
47.158079, -124.790668449
47.167079, -124.790668449
47.176079, -124.790668449
47.185079, -124.790668449
47.194079, -124.790668449
47.203079, -124.790668449
47.212079, -124.790668449
47.221079, -124.790668449
47.230079, -124.790668449
47.239079, -124.790668449
47.248079, -124.790668449
47.257079, -124.790668449
47.266079, -124.790668449
47.275079, -124.790668449
47.284079, -124.790668449
47.293079, -124.790668449
47.302079, -124.790668449
47.311079, -124.790668449
47.320079, -124.790668449
47.329079, -124.790668449
47.338079, -124.790668449
47.347079, -124.790668449
47.356079, -124.790668449
47.365079, -124.790668449
47.374079, -124.790668449
47.383079, -124.790668449
47.392079, -124.790668449
47.401079, -124.790668449
47.410079, -124.790668449
47.419079, -124.790668449
47.428079, -124.790668449
47.437079, -124.790668449
47.446079, -124.790668449
47.455079, -124.790668449
47.464079, -124.790668449
47.473079, -124.790668449
47.482079, -124.790668449
47.491079, -124.790668449
47.500079, -124.790668449
47.509079, -124.790668449
47.518079, -124.790668449
47.527079, -124.790668449
47.536079, -124.790668449
47.545079, -124.790668449
47.554079, -124.790668449
47.563079, -124.790668449
47.572079, -124.790668449
47.581079, -124.790668449
47.590079, -124.790668449
47.599079, -124.790668449
47.608079, -124.790668449
47.617079, -124.790668449
47.626079, -124.790668449
47.635079, -124.790668449
47.644079, -124.790668449
47.653079, -124.790668449
47.662079, -124.790668449
47.671079, -124.790668449
47.680079, -124.790668449
47.689079, -124.790668449
47.698079, -124.790668449
47.707079, -124.790668449
47.716079, -124.790668449
47.725079, -124.790668449
47.734079, -124.790668449
47.743079, -124.790668449
47.752079, -124.790668449
47.761079, -124.790668449
47.770079, -124.790668449
47.779079, -124.790668449
47.788079, -124.790668449
47.797079, -124.790668449
47.806079, -124.790668449
47.815079, -124.790668449
47.824079, -124.790668449
47.833079, -124.790668449
47.842079, -124.790668449
47.851079, -124.790668449
47.860079, -124.790668449
47.869079, -124.790668449
47.878079, -124.790668449
47.887079, -124.790668449
47.896079, -124.790668449
47.905079, -124.790668449
47.914079, -124.790668449
47.923079, -124.790668449
47.932079, -124.790668449
47.941079, -124.790668449
47.950079, -124.790668449
47.959079, -124.790668449
47.968079, -124.790668449
47.977079, -124.790668449
47.986079, -124.790668449
47.995079, -124.790668449
48.004079, -124.790668449
48.013079, -124.790668449
48.022079, -124.790668449
48.031079, -124.790668449
48.040079, -124.790668449
48.049079, -124.790668449
48.058079, -124.790668449
48.067079, -124.790668449
48.076079, -124.790668449
48.085079, -124.790668449
48.094079, -124.790668449
48.103079, -124.790668449
48.112079, -124.790668449
48.121079, -124.790668449
48.130079, -124.790668449
48.139079, -124.790668449
48.148079, -124.790668449
48.157079, -124.790668449
48.166079, -124.790668449
48.175079, -124.790668449
48.184079, -124.790668449
48.193079, -124.790668449
48.202079, -124.790668449
48.211079, -124.790668449
48.220079, -124.790668449
48.229079, -124.790668449
48.238079, -124.790668449
48.247079, -124.790668449
48.256079, -124.790668449
48.265079, -124.790668449
48.274079, -124.790668449
48.283079, -124.790668449
48.292079, -124.790668449
48.301079, -124.790668449
48.310079, -124.790668449
48.319079, -124.790668449
48.328079, -124.790668449
48.337079, -124.790668449
48.346079, -124.790668449
48.355079, -124.790668449
48.364079, -124.790668449
48.373079, -124.790668449
48.382079, -124.790668449
48.391079, -124.790668449
48.400079, -124.790668449
48.409079, -124.790668449
48.418079, -124.790668449
48.427079, -124.790668449
48.436079, -124.790668449
48.445079, -124.790668449
48.454079, -124.790668449
48.463079, -124.790668449
48.472079, -124.790668449
48.481079, -124.790668449
48.490079, -124.790668449
48.499079, -124.790668449
48.508079, -124.790668449
48.517079, -124.790668449
48.526079, -124.790668449
48.535079, -124.790668449
48.544079, -124.790668449
48.553079, -124.790668449
48.562079, -124.790668449
48.571079, -124.790668449
48.580079, -124.790668449
48.589079, -124.790668449
48.598079, -124.790668449
48.607079, -124.790668449
48.616079, -124.790668449
48.625079, -124.790668449
48.634079, -124.790668449
48.643079, -124.790668449
48.652079, -124.790668449
48.661079, -124.790668449
48.670079, -124.790668449
48.679079, -124.790668449
48.688079, -124.790668449
48.697079, -124.790668449
48.706079, -124.790668449
48.715079, -124.790668449
48.724079, -124.790668449
48.733079, -124.790668449
48.742079, -124.790668449
48.751079, -124.790668449
48.760079, -124.790668449
48.769079, -124.790668449
48.778079, -124.790668449
48.787079, -124.790668449
48.796079, -124.790668449
48.805079, -124.790668449
48.814079, -124.790668449
48.823079, -124.790668449
48.832079, -124.790668449
48.841079, -124.790668449
48.850079, -124.790668449
48.859079, -124.790668449
48.868079, -124.790668449
48.877079, -124.790668449
48.886079, -124.790668449
48.895079, -124.790668449
48.904079, -124.790668449
48.913079, -124.790668449
48.922079, -124.790668449
48.931079, -124.790668449
48.940079, -124.790668449
48.949079, -124.790668449
46.213079, -124.776961691
46.222079, -124.776961691
46.231079, -124.776961691
46.240079, -124.776961691
46.249079, -124.776961691
46.258079, -124.776961691
46.267079, -124.776961691
46.276079, -124.776961691
46.285079, -124.776961691
46.294079, -124.776961691
46.303079, -124.776961691
46.312079, -124.776961691
46.321079, -124.776961691
46.330079, -124.776961691
46.339079, -124.776961691
46.348079, -124.776961691
46.357079, -124.776961691
46.366079, -124.776961691
46.375079, -124.776961691
46.384079, -124.776961691
46.393079, -124.776961691
46.402079, -124.776961691
46.411079, -124.776961691
46.420079, -124.776961691
46.429079, -124.776961691
46.438079, -124.776961691
46.447079, -124.776961691
46.456079, -124.776961691
46.465079, -124.776961691
46.474079, -124.776961691
46.483079, -124.776961691
46.492079, -124.776961691
46.501079, -124.776961691
46.510079, -124.776961691
46.519079, -124.776961691
46.528079, -124.776961691
46.537079, -124.776961691
46.546079, -124.776961691
46.555079, -124.776961691
46.564079, -124.776961691
46.573079, -124.776961691
46.582079, -124.776961691
46.591079, -124.776961691
46.600079, -124.776961691
46.609079, -124.776961691
46.618079, -124.776961691
46.627079, -124.776961691
46.636079, -124.776961691
46.645079, -124.776961691
46.654079, -124.776961691
46.663079, -124.776961691
46.672079, -124.776961691
46.681079, -124.776961691
46.690079, -124.776961691
46.699079, -124.776961691
46.708079, -124.776961691
46.717079, -124.776961691
46.726079, -124.776961691
46.735079, -124.776961691
46.744079, -124.776961691
46.753079, -124.776961691
46.762079, -124.776961691
46.771079, -124.776961691
46.780079, -124.776961691
46.789079, -124.776961691
46.798079, -124.776961691
46.807079, -124.776961691
46.816079, -124.776961691
46.825079, -124.776961691
46.834079, -124.776961691
46.843079, -124.776961691
46.852079, -124.776961691
46.861079, -124.776961691
46.870079, -124.776961691
46.879079, -124.776961691
46.888079, -124.776961691
46.897079, -124.776961691
46.906079, -124.776961691
46.915079, -124.776961691
46.924079, -124.776961691
46.933079, -124.776961691
46.942079, -124.776961691
46.951079, -124.776961691
46.960079, -124.776961691
46.969079, -124.776961691
46.978079, -124.776961691
46.987079, -124.776961691
46.996079, -124.776961691
47.005079, -124.776961691
47.014079, -124.776961691
47.023079, -124.776961691
47.032079, -124.776961691
47.041079, -124.776961691
47.050079, -124.776961691
47.059079, -124.776961691
47.068079, -124.776961691
47.077079, -124.776961691
47.086079, -124.776961691
47.095079, -124.776961691
47.104079, -124.776961691
47.113079, -124.776961691
47.122079, -124.776961691
47.131079, -124.776961691
47.140079, -124.776961691
47.149079, -124.776961691
47.158079, -124.776961691
47.167079, -124.776961691
47.176079, -124.776961691
47.185079, -124.776961691
47.194079, -124.776961691
47.203079, -124.776961691
47.212079, -124.776961691
47.221079, -124.776961691
47.230079, -124.776961691
47.239079, -124.776961691
47.248079, -124.776961691
47.257079, -124.776961691
47.266079, -124.776961691
47.275079, -124.776961691
47.284079, -124.776961691
47.293079, -124.776961691
47.302079, -124.776961691
47.311079, -124.776961691
47.320079, -124.776961691
47.329079, -124.776961691
47.338079, -124.776961691
47.347079, -124.776961691
47.356079, -124.776961691
47.365079, -124.776961691
47.374079, -124.776961691
47.383079, -124.776961691
47.392079, -124.776961691
47.401079, -124.776961691
47.410079, -124.776961691
47.419079, -124.776961691
47.428079, -124.776961691
47.437079, -124.776961691
47.446079, -124.776961691
47.455079, -124.776961691
47.464079, -124.776961691
47.473079, -124.776961691
47.482079, -124.776961691
47.491079, -124.776961691
47.500079, -124.776961691
47.509079, -124.776961691
47.518079, -124.776961691
47.527079, -124.776961691
47.536079, -124.776961691
47.545079, -124.776961691
47.554079, -124.776961691
47.563079, -124.776961691
47.572079, -124.776961691
47.581079, -124.776961691
47.590079, -124.776961691
47.599079, -124.776961691
47.608079, -124.776961691
47.617079, -124.776961691
47.626079, -124.776961691
47.635079, -124.776961691
47.644079, -124.776961691
47.653079, -124.776961691
47.662079, -124.776961691
47.671079, -124.776961691
47.680079, -124.776961691
47.689079, -124.776961691
47.698079, -124.776961691
47.707079, -124.776961691
47.716079, -124.776961691
47.725079, -124.776961691
47.734079, -124.776961691
47.743079, -124.776961691
47.752079, -124.776961691
47.761079, -124.776961691
47.770079, -124.776961691
47.779079, -124.776961691
47.788079, -124.776961691
47.797079, -124.776961691
47.806079, -124.776961691
47.815079, -124.776961691
47.824079, -124.776961691
47.833079, -124.776961691
47.842079, -124.776961691
47.851079, -124.776961691
47.860079, -124.776961691
47.869079, -124.776961691
47.878079, -124.776961691
47.887079, -124.776961691
47.896079, -124.776961691
47.905079, -124.776961691
47.914079, -124.776961691
47.923079, -124.776961691
47.932079, -124.776961691
47.941079, -124.776961691
47.950079, -124.776961691
47.959079, -124.776961691
47.968079, -124.776961691
47.977079, -124.776961691
47.986079, -124.776961691
47.995079, -124.776961691
48.004079, -124.776961691
48.013079, -124.776961691
48.022079, -124.776961691
48.031079, -124.776961691
48.040079, -124.776961691
48.049079, -124.776961691
48.058079, -124.776961691
48.067079, -124.776961691
48.076079, -124.776961691
48.085079, -124.776961691
48.094079, -124.776961691
48.103079, -124.776961691
48.112079, -124.776961691
48.121079, -124.776961691
48.130079, -124.776961691
48.139079, -124.776961691
48.148079, -124.776961691
48.157079, -124.776961691
48.166079, -124.776961691
48.175079, -124.776961691
48.184079, -124.776961691
48.193079, -124.776961691
48.202079, -124.776961691
48.211079, -124.776961691
48.220079, -124.776961691
48.229079, -124.776961691
48.238079, -124.776961691
48.247079, -124.776961691
48.256079, -124.776961691
48.265079, -124.776961691
48.274079, -124.776961691
48.283079, -124.776961691
48.292079, -124.776961691
48.301079, -124.776961691
48.310079, -124.776961691
48.319079, -124.776961691
48.328079, -124.776961691
48.337079, -124.776961691
48.346079, -124.776961691
48.355079, -124.776961691
48.364079, -124.776961691
48.373079, -124.776961691
48.382079, -124.776961691
48.391079, -124.776961691
48.400079, -124.776961691
48.409079, -124.776961691
48.418079, -124.776961691
48.427079, -124.776961691
48.436079, -124.776961691
48.445079, -124.776961691
48.454079, -124.776961691
48.463079, -124.776961691
48.472079, -124.776961691
48.481079, -124.776961691
48.490079, -124.776961691
48.499079, -124.776961691
48.508079, -124.776961691
48.517079, -124.776961691
48.526079, -124.776961691
48.535079, -124.776961691
48.544079, -124.776961691
48.553079, -124.776961691
48.562079, -124.776961691
48.571079, -124.776961691
48.580079, -124.776961691
48.589079, -124.776961691
