47.572079, -117.608326999
47.581079, -117.608326999
47.590079, -117.608326999
47.599079, -117.608326999
47.608079, -117.608326999
47.617079, -117.608326999
47.626079, -117.608326999
47.635079, -117.608326999
47.644079, -117.608326999
47.653079, -117.608326999
47.662079, -117.608326999
47.671079, -117.608326999
47.680079, -117.608326999
47.689079, -117.608326999
47.698079, -117.608326999
47.707079, -117.608326999
47.716079, -117.608326999
47.725079, -117.608326999
47.734079, -117.608326999
47.743079, -117.608326999
47.752079, -117.608326999
47.761079, -117.608326999
47.770079, -117.608326999
47.779079, -117.608326999
47.788079, -117.608326999
47.797079, -117.608326999
47.806079, -117.608326999
47.815079, -117.608326999
47.824079, -117.608326999
47.833079, -117.608326999
47.842079, -117.608326999
47.851079, -117.608326999
47.860079, -117.608326999
47.869079, -117.608326999
47.878079, -117.608326999
47.887079, -117.608326999
47.896079, -117.608326999
47.905079, -117.608326999
47.914079, -117.608326999
47.923079, -117.608326999
47.932079, -117.608326999
47.941079, -117.608326999
47.950079, -117.608326999
47.959079, -117.608326999
47.968079, -117.608326999
47.977079, -117.608326999
47.986079, -117.608326999
47.995079, -117.608326999
48.004079, -117.608326999
48.013079, -117.608326999
48.022079, -117.608326999
48.031079, -117.608326999
48.040079, -117.608326999
48.049079, -117.608326999
48.058079, -117.608326999
48.067079, -117.608326999
48.076079, -117.608326999
48.085079, -117.608326999
48.094079, -117.608326999
48.103079, -117.608326999
48.112079, -117.608326999
48.121079, -117.608326999
48.130079, -117.608326999
48.139079, -117.608326999
48.148079, -117.608326999
48.157079, -117.608326999
48.166079, -117.608326999
48.175079, -117.608326999
48.184079, -117.608326999
48.193079, -117.608326999
48.202079, -117.608326999
48.211079, -117.608326999
48.220079, -117.608326999
48.229079, -117.608326999
48.238079, -117.608326999
48.247079, -117.608326999
48.256079, -117.608326999
48.265079, -117.608326999
48.274079, -117.608326999
48.283079, -117.608326999
48.292079, -117.608326999
48.301079, -117.608326999
48.310079, -117.608326999
48.319079, -117.608326999
48.328079, -117.608326999
48.337079, -117.608326999
48.346079, -117.608326999
48.355079, -117.608326999
48.364079, -117.608326999
48.373079, -117.608326999
48.382079, -117.608326999
48.391079, -117.608326999
48.400079, -117.608326999
48.409079, -117.608326999
48.418079, -117.608326999
48.427079, -117.608326999
48.436079, -117.608326999
48.445079, -117.608326999
48.454079, -117.608326999
48.463079, -117.608326999
48.472079, -117.608326999
48.481079, -117.608326999
48.490079, -117.608326999
48.499079, -117.608326999
48.508079, -117.608326999
48.517079, -117.608326999
48.526079, -117.608326999
48.535079, -117.608326999
48.544079, -117.608326999
48.553079, -117.608326999
48.562079, -117.608326999
48.571079, -117.608326999
48.580079, -117.608326999
48.589079, -117.608326999
48.598079, -117.608326999
48.607079, -117.608326999
48.616079, -117.608326999
48.625079, -117.608326999
48.634079, -117.608326999
48.643079, -117.608326999
48.652079, -117.608326999
48.661079, -117.608326999
48.670079, -117.608326999
48.679079, -117.608326999
48.688079, -117.608326999
48.697079, -117.608326999
48.706079, -117.608326999
48.715079, -117.608326999
48.724079, -117.608326999
48.733079, -117.608326999
48.742079, -117.608326999
48.751079, -117.608326999
48.760079, -117.608326999
48.769079, -117.608326999
48.778079, -117.608326999
48.787079, -117.608326999
48.796079, -117.608326999
48.805079, -117.608326999
48.814079, -117.608326999
48.823079, -117.608326999
48.832079, -117.608326999
48.841079, -117.608326999
48.850079, -117.608326999
48.859079, -117.608326999
48.868079, -117.608326999
48.877079, -117.608326999
48.886079, -117.608326999
48.895079, -117.608326999
48.904079, -117.608326999
48.913079, -117.608326999
48.922079, -117.608326999
48.931079, -117.608326999
48.940079, -117.608326999
48.949079, -117.608326999
46.213079, -117.594620241
46.222079, -117.594620241
46.231079, -117.594620241
46.240079, -117.594620241
46.249079, -117.594620241
46.258079, -117.594620241
46.267079, -117.594620241
46.276079, -117.594620241
46.285079, -117.594620241
46.294079, -117.594620241
46.303079, -117.594620241
46.312079, -117.594620241
46.321079, -117.594620241
46.330079, -117.594620241
46.339079, -117.594620241
46.348079, -117.594620241
46.357079, -117.594620241
46.366079, -117.594620241
46.375079, -117.594620241
46.384079, -117.594620241
46.393079, -117.594620241
46.402079, -117.594620241
46.411079, -117.594620241
46.420079, -117.594620241
46.429079, -117.594620241
46.438079, -117.594620241
46.447079, -117.594620241
46.456079, -117.594620241
46.465079, -117.594620241
46.474079, -117.594620241
46.483079, -117.594620241
46.492079, -117.594620241
46.501079, -117.594620241
46.510079, -117.594620241
46.519079, -117.594620241
46.528079, -117.594620241
46.537079, -117.594620241
46.546079, -117.594620241
46.555079, -117.594620241
46.564079, -117.594620241
46.573079, -117.594620241
46.582079, -117.594620241
46.591079, -117.594620241
46.600079, -117.594620241
46.609079, -117.594620241
46.618079, -117.594620241
46.627079, -117.594620241
46.636079, -117.594620241
46.645079, -117.594620241
46.654079, -117.594620241
46.663079, -117.594620241
46.672079, -117.594620241
46.681079, -117.594620241
46.690079, -117.594620241
46.699079, -117.594620241
46.708079, -117.594620241
46.717079, -117.594620241
46.726079, -117.594620241
46.735079, -117.594620241
46.744079, -117.594620241
46.753079, -117.594620241
46.762079, -117.594620241
46.771079, -117.594620241
46.780079, -117.594620241
46.789079, -117.594620241
46.798079, -117.594620241
46.807079, -117.594620241
46.816079, -117.594620241
46.825079, -117.594620241
46.834079, -117.594620241
46.843079, -117.594620241
46.852079, -117.594620241
46.861079, -117.594620241
46.870079, -117.594620241
46.879079, -117.594620241
46.888079, -117.594620241
46.897079, -117.594620241
46.906079, -117.594620241
46.915079, -117.594620241
46.924079, -117.594620241
46.933079, -117.594620241
46.942079, -117.594620241
46.951079, -117.594620241
46.960079, -117.594620241
46.969079, -117.594620241
46.978079, -117.594620241
46.987079, -117.594620241
46.996079, -117.594620241
47.005079, -117.594620241
47.014079, -117.594620241
47.023079, -117.594620241
47.032079, -117.594620241
47.041079, -117.594620241
47.050079, -117.594620241
47.059079, -117.594620241
47.068079, -117.594620241
47.077079, -117.594620241
47.086079, -117.594620241
47.095079, -117.594620241
47.104079, -117.594620241
47.113079, -117.594620241
47.122079, -117.594620241
47.131079, -117.594620241
47.140079, -117.594620241
47.149079, -117.594620241
47.158079, -117.594620241
47.167079, -117.594620241
47.176079, -117.594620241
47.185079, -117.594620241
47.194079, -117.594620241
47.203079, -117.594620241
47.212079, -117.594620241
47.221079, -117.594620241
47.230079, -117.594620241
47.239079, -117.594620241
47.248079, -117.594620241
47.257079, -117.594620241
47.266079, -117.594620241
47.275079, -117.594620241
47.284079, -117.594620241
47.293079, -117.594620241
47.302079, -117.594620241
47.311079, -117.594620241
47.320079, -117.594620241
47.329079, -117.594620241
47.338079, -117.594620241
47.347079, -117.594620241
47.356079, -117.594620241
47.365079, -117.594620241
47.374079, -117.594620241
47.383079, -117.594620241
47.392079, -117.594620241
47.401079, -117.594620241
47.410079, -117.594620241
47.419079, -117.594620241
47.428079, -117.594620241
47.437079, -117.594620241
47.446079, -117.594620241
47.455079, -117.594620241
47.464079, -117.594620241
47.473079, -117.594620241
47.482079, -117.594620241
47.491079, -117.594620241
47.500079, -117.594620241
47.509079, -117.594620241
47.518079, -117.594620241
47.527079, -117.594620241
47.536079, -117.594620241
47.545079, -117.594620241
47.554079, -117.594620241
47.563079, -117.594620241
47.572079, -117.594620241
47.581079, -117.594620241
47.590079, -117.594620241
47.599079, -117.594620241
47.608079, -117.594620241
47.617079, -117.594620241
47.626079, -117.594620241
47.635079, -117.594620241
47.644079, -117.594620241
47.653079, -117.594620241
47.662079, -117.594620241
47.671079, -117.594620241
47.680079, -117.594620241
47.689079, -117.594620241
47.698079, -117.594620241
47.707079, -117.594620241
47.716079, -117.594620241
47.725079, -117.594620241
47.734079, -117.594620241
47.743079, -117.594620241
47.752079, -117.594620241
47.761079, -117.594620241
47.770079, -117.594620241
47.779079, -117.594620241
47.788079, -117.594620241
47.797079, -117.594620241
47.806079, -117.594620241
47.815079, -117.594620241
47.824079, -117.594620241
47.833079, -117.594620241
47.842079, -117.594620241
47.851079, -117.594620241
47.860079, -117.594620241
47.869079, -117.594620241
47.878079, -117.594620241
47.887079, -117.594620241
47.896079, -117.594620241
47.905079, -117.594620241
47.914079, -117.594620241
47.923079, -117.594620241
47.932079, -117.594620241
47.941079, -117.594620241
47.950079, -117.594620241
47.959079, -117.594620241
47.968079, -117.594620241
47.977079, -117.594620241
47.986079, -117.594620241
47.995079, -117.594620241
48.004079, -117.594620241
48.013079, -117.594620241
48.022079, -117.594620241
48.031079, -117.594620241
48.040079, -117.594620241
48.049079, -117.594620241
48.058079, -117.594620241
48.067079, -117.594620241
48.076079, -117.594620241
48.085079, -117.594620241
48.094079, -117.594620241
48.103079, -117.594620241
48.112079, -117.594620241
48.121079, -117.594620241
48.130079, -117.594620241
48.139079, -117.594620241
48.148079, -117.594620241
48.157079, -117.594620241
48.166079, -117.594620241
48.175079, -117.594620241
48.184079, -117.594620241
48.193079, -117.594620241
48.202079, -117.594620241
48.211079, -117.594620241
48.220079, -117.594620241
48.229079, -117.594620241
48.238079, -117.594620241
48.247079, -117.594620241
48.256079, -117.594620241
48.265079, -117.594620241
48.274079, -117.594620241
48.283079, -117.594620241
48.292079, -117.594620241
48.301079, -117.594620241
48.310079, -117.594620241
48.319079, -117.594620241
48.328079, -117.594620241
48.337079, -117.594620241
48.346079, -117.594620241
48.355079, -117.594620241
48.364079, -117.594620241
48.373079, -117.594620241
48.382079, -117.594620241
48.391079, -117.594620241
48.400079, -117.594620241
48.409079, -117.594620241
48.418079, -117.594620241
48.427079, -117.594620241
48.436079, -117.594620241
48.445079, -117.594620241
48.454079, -117.594620241
48.463079, -117.594620241
48.472079, -117.594620241
48.481079, -117.594620241
48.490079, -117.594620241
48.499079, -117.594620241
48.508079, -117.594620241
48.517079, -117.594620241
48.526079, -117.594620241
48.535079, -117.594620241
48.544079, -117.594620241
48.553079, -117.594620241
48.562079, -117.594620241
48.571079, -117.594620241
48.580079, -117.594620241
48.589079, -117.594620241
48.598079, -117.594620241
48.607079, -117.594620241
48.616079, -117.594620241
48.625079, -117.594620241
48.634079, -117.594620241
48.643079, -117.594620241
48.652079, -117.594620241
48.661079, -117.594620241
48.670079, -117.594620241
48.679079, -117.594620241
48.688079, -117.594620241
48.697079, -117.594620241
48.706079, -117.594620241
48.715079, -117.594620241
48.724079, -117.594620241
48.733079, -117.594620241
48.742079, -117.594620241
48.751079, -117.594620241
48.760079, -117.594620241
48.769079, -117.594620241
48.778079, -117.594620241
48.787079, -117.594620241
48.796079, -117.594620241
48.805079, -117.594620241
48.814079, -117.594620241
48.823079, -117.594620241
48.832079, -117.594620241
48.841079, -117.594620241
48.850079, -117.594620241
48.859079, -117.594620241
48.868079, -117.594620241
48.877079, -117.594620241
48.886079, -117.594620241
48.895079, -117.594620241
48.904079, -117.594620241
48.913079, -117.594620241
48.922079, -117.594620241
48.931079, -117.594620241
48.940079, -117.594620241
48.949079, -117.594620241
46.213079, -117.580913482
46.222079, -117.580913482
46.231079, -117.580913482
46.240079, -117.580913482
46.249079, -117.580913482
46.258079, -117.580913482
46.267079, -117.580913482
46.276079, -117.580913482
46.285079, -117.580913482
46.294079, -117.580913482
46.303079, -117.580913482
46.312079, -117.580913482
46.321079, -117.580913482
46.330079, -117.580913482
46.339079, -117.580913482
46.348079, -117.580913482
46.357079, -117.580913482
46.366079, -117.580913482
46.375079, -117.580913482
46.384079, -117.580913482
46.393079, -117.580913482
46.402079, -117.580913482
46.411079, -117.580913482
46.420079, -117.580913482
46.429079, -117.580913482
46.438079, -117.580913482
46.447079, -117.580913482
46.456079, -117.580913482
46.465079, -117.580913482
46.474079, -117.580913482
46.483079, -117.580913482
46.492079, -117.580913482
46.501079, -117.580913482
46.510079, -117.580913482
46.519079, -117.580913482
46.528079, -117.580913482
46.537079, -117.580913482
46.546079, -117.580913482
46.555079, -117.580913482
46.564079, -117.580913482
46.573079, -117.580913482
46.582079, -117.580913482
46.591079, -117.580913482
46.600079, -117.580913482
46.609079, -117.580913482
46.618079, -117.580913482
46.627079, -117.580913482
46.636079, -117.580913482
46.645079, -117.580913482
46.654079, -117.580913482
46.663079, -117.580913482
46.672079, -117.580913482
46.681079, -117.580913482
46.690079, -117.580913482
46.699079, -117.580913482
46.708079, -117.580913482
46.717079, -117.580913482
46.726079, -117.580913482
46.735079, -117.580913482
46.744079, -117.580913482
46.753079, -117.580913482
46.762079, -117.580913482
46.771079, -117.580913482
46.780079, -117.580913482
46.789079, -117.580913482
46.798079, -117.580913482
46.807079, -117.580913482
46.816079, -117.580913482
46.825079, -117.580913482
46.834079, -117.580913482
46.843079, -117.580913482
46.852079, -117.580913482
46.861079, -117.580913482
46.870079, -117.580913482
46.879079, -117.580913482
46.888079, -117.580913482
46.897079, -117.580913482
46.906079, -117.580913482
46.915079, -117.580913482
46.924079, -117.580913482
46.933079, -117.580913482
46.942079, -117.580913482
46.951079, -117.580913482
46.960079, -117.580913482
46.969079, -117.580913482
46.978079, -117.580913482
46.987079, -117.580913482
46.996079, -117.580913482
47.005079, -117.580913482
47.014079, -117.580913482
47.023079, -117.580913482
47.032079, -117.580913482
47.041079, -117.580913482
47.050079, -117.580913482
47.059079, -117.580913482
47.068079, -117.580913482
47.077079, -117.580913482
47.086079, -117.580913482
47.095079, -117.580913482
47.104079, -117.580913482
47.113079, -117.580913482
47.122079, -117.580913482
47.131079, -117.580913482
47.140079, -117.580913482
47.149079, -117.580913482
47.158079, -117.580913482
47.167079, -117.580913482
47.176079, -117.580913482
47.185079, -117.580913482
47.194079, -117.580913482
47.203079, -117.580913482
47.212079, -117.580913482
47.221079, -117.580913482
47.230079, -117.580913482
47.239079, -117.580913482
47.248079, -117.580913482
47.257079, -117.580913482
47.266079, -117.580913482
47.275079, -117.580913482
47.284079, -117.580913482
47.293079, -117.580913482
47.302079, -117.580913482
47.311079, -117.580913482
47.320079, -117.580913482
47.329079, -117.580913482
47.338079, -117.580913482
47.347079, -117.580913482
47.356079, -117.580913482
47.365079, -117.580913482
47.374079, -117.580913482
47.383079, -117.580913482
47.392079, -117.580913482
47.401079, -117.580913482
47.410079, -117.580913482
47.419079, -117.580913482
47.428079, -117.580913482
47.437079, -117.580913482
47.446079, -117.580913482
47.455079, -117.580913482
47.464079, -117.580913482
47.473079, -117.580913482
47.482079, -117.580913482
47.491079, -117.580913482
47.500079, -117.580913482
47.509079, -117.580913482
47.518079, -117.580913482
47.527079, -117.580913482
47.536079, -117.580913482
47.545079, -117.580913482
47.554079, -117.580913482
47.563079, -117.580913482
47.572079, -117.580913482
47.581079, -117.580913482
47.590079, -117.580913482
47.599079, -117.580913482
47.608079, -117.580913482
47.617079, -117.580913482
47.626079, -117.580913482
47.635079, -117.580913482
47.644079, -117.580913482
47.653079, -117.580913482
47.662079, -117.580913482
47.671079, -117.580913482
47.680079, -117.580913482
47.689079, -117.580913482
47.698079, -117.580913482
47.707079, -117.580913482
47.716079, -117.580913482
47.725079, -117.580913482
47.734079, -117.580913482
47.743079, -117.580913482
47.752079, -117.580913482
47.761079, -117.580913482
47.770079, -117.580913482
47.779079, -117.580913482
47.788079, -117.580913482
47.797079, -117.580913482
47.806079, -117.580913482
47.815079, -117.580913482
47.824079, -117.580913482
47.833079, -117.580913482
47.842079, -117.580913482
47.851079, -117.580913482
47.860079, -117.580913482
47.869079, -117.580913482
47.878079, -117.580913482
47.887079, -117.580913482
47.896079, -117.580913482
47.905079, -117.580913482
47.914079, -117.580913482
47.923079, -117.580913482
47.932079, -117.580913482
47.941079, -117.580913482
47.950079, -117.580913482
47.959079, -117.580913482
47.968079, -117.580913482
47.977079, -117.580913482
47.986079, -117.580913482
47.995079, -117.580913482
48.004079, -117.580913482
48.013079, -117.580913482
48.022079, -117.580913482
48.031079, -117.580913482
48.040079, -117.580913482
48.049079, -117.580913482
48.058079, -117.580913482
48.067079, -117.580913482
48.076079, -117.580913482
48.085079, -117.580913482
48.094079, -117.580913482
48.103079, -117.580913482
48.112079, -117.580913482
48.121079, -117.580913482
48.130079, -117.580913482
48.139079, -117.580913482
48.148079, -117.580913482
48.157079, -117.580913482
48.166079, -117.580913482
48.175079, -117.580913482
48.184079, -117.580913482
48.193079, -117.580913482
48.202079, -117.580913482
48.211079, -117.580913482
48.220079, -117.580913482
48.229079, -117.580913482
48.238079, -117.580913482
48.247079, -117.580913482
48.256079, -117.580913482
48.265079, -117.580913482
48.274079, -117.580913482
48.283079, -117.580913482
48.292079, -117.580913482
48.301079, -117.580913482
48.310079, -117.580913482
48.319079, -117.580913482
48.328079, -117.580913482
48.337079, -117.580913482
48.346079, -117.580913482
48.355079, -117.580913482
48.364079, -117.580913482
48.373079, -117.580913482
48.382079, -117.580913482
48.391079, -117.580913482
48.400079, -117.580913482
48.409079, -117.580913482
48.418079, -117.580913482
48.427079, -117.580913482
48.436079, -117.580913482
48.445079, -117.580913482
48.454079, -117.580913482
48.463079, -117.580913482
48.472079, -117.580913482
48.481079, -117.580913482
48.490079, -117.580913482
48.499079, -117.580913482
48.508079, -117.580913482
48.517079, -117.580913482
48.526079, -117.580913482
48.535079, -117.580913482
48.544079, -117.580913482
48.553079, -117.580913482
48.562079, -117.580913482
48.571079, -117.580913482
48.580079, -117.580913482
48.589079, -117.580913482
48.598079, -117.580913482
48.607079, -117.580913482
48.616079, -117.580913482
48.625079, -117.580913482
48.634079, -117.580913482
48.643079, -117.580913482
48.652079, -117.580913482
48.661079, -117.580913482
48.670079, -117.580913482
48.679079, -117.580913482
48.688079, -117.580913482
48.697079, -117.580913482
48.706079, -117.580913482
48.715079, -117.580913482
48.724079, -117.580913482
48.733079, -117.580913482
48.742079, -117.580913482
48.751079, -117.580913482
48.760079, -117.580913482
48.769079, -117.580913482
48.778079, -117.580913482
48.787079, -117.580913482
48.796079, -117.580913482
48.805079, -117.580913482
48.814079, -117.580913482
48.823079, -117.580913482
48.832079, -117.580913482
48.841079, -117.580913482
48.850079, -117.580913482
48.859079, -117.580913482
48.868079, -117.580913482
48.877079, -117.580913482
48.886079, -117.580913482
48.895079, -117.580913482
48.904079, -117.580913482
48.913079, -117.580913482
48.922079, -117.580913482
48.931079, -117.580913482
48.940079, -117.580913482
48.949079, -117.580913482
46.213079, -117.567206724
46.222079, -117.567206724
46.231079, -117.567206724
46.240079, -117.567206724
46.249079, -117.567206724
46.258079, -117.567206724
46.267079, -117.567206724
46.276079, -117.567206724
46.285079, -117.567206724
46.294079, -117.567206724
46.303079, -117.567206724
46.312079, -117.567206724
46.321079, -117.567206724
46.330079, -117.567206724
46.339079, -117.567206724
46.348079, -117.567206724
46.357079, -117.567206724
46.366079, -117.567206724
46.375079, -117.567206724
46.384079, -117.567206724
46.393079, -117.567206724
46.402079, -117.567206724
46.411079, -117.567206724
46.420079, -117.567206724
46.429079, -117.567206724
46.438079, -117.567206724
46.447079, -117.567206724
46.456079, -117.567206724
46.465079, -117.567206724
46.474079, -117.567206724
46.483079, -117.567206724
46.492079, -117.567206724
46.501079, -117.567206724
46.510079, -117.567206724
46.519079, -117.567206724
46.528079, -117.567206724
46.537079, -117.567206724
46.546079, -117.567206724
46.555079, -117.567206724
46.564079, -117.567206724
46.573079, -117.567206724
46.582079, -117.567206724
46.591079, -117.567206724
46.600079, -117.567206724
46.609079, -117.567206724
46.618079, -117.567206724
46.627079, -117.567206724
46.636079, -117.567206724
46.645079, -117.567206724
46.654079, -117.567206724
46.663079, -117.567206724
46.672079, -117.567206724
46.681079, -117.567206724
46.690079, -117.567206724
46.699079, -117.567206724
46.708079, -117.567206724
46.717079, -117.567206724
46.726079, -117.567206724
46.735079, -117.567206724
46.744079, -117.567206724
46.753079, -117.567206724
46.762079, -117.567206724
46.771079, -117.567206724
46.780079, -117.567206724
46.789079, -117.567206724
46.798079, -117.567206724
46.807079, -117.567206724
46.816079, -117.567206724
46.825079, -117.567206724
46.834079, -117.567206724
46.843079, -117.567206724
46.852079, -117.567206724
46.861079, -117.567206724
46.870079, -117.567206724
46.879079, -117.567206724
46.888079, -117.567206724
46.897079, -117.567206724
46.906079, -117.567206724
46.915079, -117.567206724
46.924079, -117.567206724
46.933079, -117.567206724
46.942079, -117.567206724
46.951079, -117.567206724
46.960079, -117.567206724
46.969079, -117.567206724
46.978079, -117.567206724
46.987079, -117.567206724
46.996079, -117.567206724
47.005079, -117.567206724
47.014079, -117.567206724
47.023079, -117.567206724
47.032079, -117.567206724
47.041079, -117.567206724
47.050079, -117.567206724
47.059079, -117.567206724
47.068079, -117.567206724
47.077079, -117.567206724
47.086079, -117.567206724
47.095079, -117.567206724
47.104079, -117.567206724
47.113079, -117.567206724
47.122079, -117.567206724
47.131079, -117.567206724
47.140079, -117.567206724
47.149079, -117.567206724
47.158079, -117.567206724
47.167079, -117.567206724
47.176079, -117.567206724
47.185079, -117.567206724
47.194079, -117.567206724
47.203079, -117.567206724
47.212079, -117.567206724
47.221079, -117.567206724
47.230079, -117.567206724
47.239079, -117.567206724
47.248079, -117.567206724
47.257079, -117.567206724
47.266079, -117.567206724
47.275079, -117.567206724
47.284079, -117.567206724
47.293079, -117.567206724
47.302079, -117.567206724
47.311079, -117.567206724
47.320079, -117.567206724
47.329079, -117.567206724
47.338079, -117.567206724
47.347079, -117.567206724
47.356079, -117.567206724
47.365079, -117.567206724
47.374079, -117.567206724
47.383079, -117.567206724
47.392079, -117.567206724
47.401079, -117.567206724
47.410079, -117.567206724
47.419079, -117.567206724
47.428079, -117.567206724
47.437079, -117.567206724
47.446079, -117.567206724
47.455079, -117.567206724
47.464079, -117.567206724
47.473079, -117.567206724
47.482079, -117.567206724
47.491079, -117.567206724
47.500079, -117.567206724
47.509079, -117.567206724
47.518079, -117.567206724
47.527079, -117.567206724
47.536079, -117.567206724
47.545079, -117.567206724
47.554079, -117.567206724
47.563079, -117.567206724
47.572079, -117.567206724
47.581079, -117.567206724
47.590079, -117.567206724
47.599079, -117.567206724
47.608079, -117.567206724
47.617079, -117.567206724
47.626079, -117.567206724
47.635079, -117.567206724
47.644079, -117.567206724
47.653079, -117.567206724
47.662079, -117.567206724
47.671079, -117.567206724
47.680079, -117.567206724
47.689079, -117.567206724
47.698079, -117.567206724
47.707079, -117.567206724
47.716079, -117.567206724
47.725079, -117.567206724
47.734079, -117.567206724
47.743079, -117.567206724
47.752079, -117.567206724
47.761079, -117.567206724
47.770079, -117.567206724
47.779079, -117.567206724
47.788079, -117.567206724
47.797079, -117.567206724
47.806079, -117.567206724
47.815079, -117.567206724
47.824079, -117.567206724
47.833079, -117.567206724
47.842079, -117.567206724
47.851079, -117.567206724
47.860079, -117.567206724
47.869079, -117.567206724
47.878079, -117.567206724
47.887079, -117.567206724
47.896079, -117.567206724
47.905079, -117.567206724
47.914079, -117.567206724
47.923079, -117.567206724
47.932079, -117.567206724
47.941079, -117.567206724
47.950079, -117.567206724
47.959079, -117.567206724
47.968079, -117.567206724
47.977079, -117.567206724
47.986079, -117.567206724
47.995079, -117.567206724
48.004079, -117.567206724
48.013079, -117.567206724
48.022079, -117.567206724
48.031079, -117.567206724
48.040079, -117.567206724
48.049079, -117.567206724
48.058079, -117.567206724
48.067079, -117.567206724
48.076079, -117.567206724
48.085079, -117.567206724
48.094079, -117.567206724
48.103079, -117.567206724
48.112079, -117.567206724
48.121079, -117.567206724
48.130079, -117.567206724
48.139079, -117.567206724
48.148079, -117.567206724
48.157079, -117.567206724
48.166079, -117.567206724
48.175079, -117.567206724
48.184079, -117.567206724
48.193079, -117.567206724
48.202079, -117.567206724
48.211079, -117.567206724
48.220079, -117.567206724
48.229079, -117.567206724
48.238079, -117.567206724
48.247079, -117.567206724
48.256079, -117.567206724
48.265079, -117.567206724
48.274079, -117.567206724
48.283079, -117.567206724
48.292079, -117.567206724
48.301079, -117.567206724
48.310079, -117.567206724
48.319079, -117.567206724
48.328079, -117.567206724
48.337079, -117.567206724
48.346079, -117.567206724
48.355079, -117.567206724
48.364079, -117.567206724
48.373079, -117.567206724
48.382079, -117.567206724
48.391079, -117.567206724
48.400079, -117.567206724
48.409079, -117.567206724
48.418079, -117.567206724
48.427079, -117.567206724
48.436079, -117.567206724
48.445079, -117.567206724
48.454079, -117.567206724
48.463079, -117.567206724
48.472079, -117.567206724
48.481079, -117.567206724
48.490079, -117.567206724
48.499079, -117.567206724
48.508079, -117.567206724
48.517079, -117.567206724
48.526079, -117.567206724
48.535079, -117.567206724
48.544079, -117.567206724
48.553079, -117.567206724
48.562079, -117.567206724
48.571079, -117.567206724
48.580079, -117.567206724
48.589079, -117.567206724
48.598079, -117.567206724
48.607079, -117.567206724
48.616079, -117.567206724
48.625079, -117.567206724
48.634079, -117.567206724
48.643079, -117.567206724
48.652079, -117.567206724
48.661079, -117.567206724
48.670079, -117.567206724
48.679079, -117.567206724
48.688079, -117.567206724
48.697079, -117.567206724
48.706079, -117.567206724
48.715079, -117.567206724
48.724079, -117.567206724
48.733079, -117.567206724
48.742079, -117.567206724
48.751079, -117.567206724
48.760079, -117.567206724
48.769079, -117.567206724
48.778079, -117.567206724
48.787079, -117.567206724
48.796079, -117.567206724
48.805079, -117.567206724
48.814079, -117.567206724
48.823079, -117.567206724
48.832079, -117.567206724
48.841079, -117.567206724
48.850079, -117.567206724
48.859079, -117.567206724
48.868079, -117.567206724
48.877079, -117.567206724
48.886079, -117.567206724
48.895079, -117.567206724
48.904079, -117.567206724
48.913079, -117.567206724
48.922079, -117.567206724
48.931079, -117.567206724
48.940079, -117.567206724
48.949079, -117.567206724
46.213079, -117.553499965
46.222079, -117.553499965
46.231079, -117.553499965
46.240079, -117.553499965
46.249079, -117.553499965
46.258079, -117.553499965
46.267079, -117.553499965
46.276079, -117.553499965
46.285079, -117.553499965
46.294079, -117.553499965
46.303079, -117.553499965
46.312079, -117.553499965
46.321079, -117.553499965
46.330079, -117.553499965
46.339079, -117.553499965
46.348079, -117.553499965
46.357079, -117.553499965
46.366079, -117.553499965
46.375079, -117.553499965
46.384079, -117.553499965
46.393079, -117.553499965
46.402079, -117.553499965
46.411079, -117.553499965
46.420079, -117.553499965
46.429079, -117.553499965
46.438079, -117.553499965
46.447079, -117.553499965
46.456079, -117.553499965
46.465079, -117.553499965
46.474079, -117.553499965
46.483079, -117.553499965
46.492079, -117.553499965
46.501079, -117.553499965
46.510079, -117.553499965
46.519079, -117.553499965
46.528079, -117.553499965
46.537079, -117.553499965
46.546079, -117.553499965
46.555079, -117.553499965
46.564079, -117.553499965
46.573079, -117.553499965
46.582079, -117.553499965
46.591079, -117.553499965
46.600079, -117.553499965
46.609079, -117.553499965
46.618079, -117.553499965
46.627079, -117.553499965
46.636079, -117.553499965
46.645079, -117.553499965
46.654079, -117.553499965
46.663079, -117.553499965
46.672079, -117.553499965
46.681079, -117.553499965
46.690079, -117.553499965
46.699079, -117.553499965
46.708079, -117.553499965
46.717079, -117.553499965
46.726079, -117.553499965
46.735079, -117.553499965
46.744079, -117.553499965
46.753079, -117.553499965
46.762079, -117.553499965
46.771079, -117.553499965
46.780079, -117.553499965
46.789079, -117.553499965
46.798079, -117.553499965
46.807079, -117.553499965
46.816079, -117.553499965
46.825079, -117.553499965
46.834079, -117.553499965
46.843079, -117.553499965
46.852079, -117.553499965
46.861079, -117.553499965
46.870079, -117.553499965
46.879079, -117.553499965
46.888079, -117.553499965
46.897079, -117.553499965
46.906079, -117.553499965
46.915079, -117.553499965
46.924079, -117.553499965
46.933079, -117.553499965
46.942079, -117.553499965
46.951079, -117.553499965
46.960079, -117.553499965
46.969079, -117.553499965
46.978079, -117.553499965
46.987079, -117.553499965
46.996079, -117.553499965
47.005079, -117.553499965
47.014079, -117.553499965
47.023079, -117.553499965
47.032079, -117.553499965
47.041079, -117.553499965
47.050079, -117.553499965
47.059079, -117.553499965
47.068079, -117.553499965
47.077079, -117.553499965
47.086079, -117.553499965
47.095079, -117.553499965
47.104079, -117.553499965
47.113079, -117.553499965
47.122079, -117.553499965
47.131079, -117.553499965
47.140079, -117.553499965
47.149079, -117.553499965
47.158079, -117.553499965
47.167079, -117.553499965
47.176079, -117.553499965
47.185079, -117.553499965
47.194079, -117.553499965
47.203079, -117.553499965
47.212079, -117.553499965
47.221079, -117.553499965
47.230079, -117.553499965
47.239079, -117.553499965
47.248079, -117.553499965
47.257079, -117.553499965
47.266079, -117.553499965
47.275079, -117.553499965
47.284079, -117.553499965
47.293079, -117.553499965
47.302079, -117.553499965
47.311079, -117.553499965
47.320079, -117.553499965
47.329079, -117.553499965
47.338079, -117.553499965
47.347079, -117.553499965
47.356079, -117.553499965
47.365079, -117.553499965
47.374079, -117.553499965
47.383079, -117.553499965
47.392079, -117.553499965
47.401079, -117.553499965
47.410079, -117.553499965
47.419079, -117.553499965
47.428079, -117.553499965
47.437079, -117.553499965
47.446079, -117.553499965
47.455079, -117.553499965
47.464079, -117.553499965
47.473079, -117.553499965
47.482079, -117.553499965
47.491079, -117.553499965
47.500079, -117.553499965
47.509079, -117.553499965
47.518079, -117.553499965
47.527079, -117.553499965
47.536079, -117.553499965
47.545079, -117.553499965
47.554079, -117.553499965
47.563079, -117.553499965
47.572079, -117.553499965
47.581079, -117.553499965
47.590079, -117.553499965
47.599079, -117.553499965
47.608079, -117.553499965
47.617079, -117.553499965
47.626079, -117.553499965
47.635079, -117.553499965
47.644079, -117.553499965
47.653079, -117.553499965
47.662079, -117.553499965
47.671079, -117.553499965
47.680079, -117.553499965
47.689079, -117.553499965
47.698079, -117.553499965
47.707079, -117.553499965
47.716079, -117.553499965
47.725079, -117.553499965
47.734079, -117.553499965
47.743079, -117.553499965
47.752079, -117.553499965
47.761079, -117.553499965
47.770079, -117.553499965
47.779079, -117.553499965
47.788079, -117.553499965
47.797079, -117.553499965
47.806079, -117.553499965
47.815079, -117.553499965
47.824079, -117.553499965
47.833079, -117.553499965
47.842079, -117.553499965
47.851079, -117.553499965
47.860079, -117.553499965
47.869079, -117.553499965
47.878079, -117.553499965
47.887079, -117.553499965
47.896079, -117.553499965
47.905079, -117.553499965
47.914079, -117.553499965
47.923079, -117.553499965
47.932079, -117.553499965
47.941079, -117.553499965
47.950079, -117.553499965
47.959079, -117.553499965
47.968079, -117.553499965
47.977079, -117.553499965
47.986079, -117.553499965
47.995079, -117.553499965
48.004079, -117.553499965
48.013079, -117.553499965
48.022079, -117.553499965
48.031079, -117.553499965
48.040079, -117.553499965
48.049079, -117.553499965
48.058079, -117.553499965
48.067079, -117.553499965
48.076079, -117.553499965
48.085079, -117.553499965
48.094079, -117.553499965
48.103079, -117.553499965
48.112079, -117.553499965
48.121079, -117.553499965
48.130079, -117.553499965
48.139079, -117.553499965
48.148079, -117.553499965
48.157079, -117.553499965
48.166079, -117.553499965
48.175079, -117.553499965
48.184079, -117.553499965
48.193079, -117.553499965
48.202079, -117.553499965
48.211079, -117.553499965
48.220079, -117.553499965
48.229079, -117.553499965
48.238079, -117.553499965
48.247079, -117.553499965
48.256079, -117.553499965
48.265079, -117.553499965
48.274079, -117.553499965
48.283079, -117.553499965
48.292079, -117.553499965
48.301079, -117.553499965
48.310079, -117.553499965
48.319079, -117.553499965
48.328079, -117.553499965
48.337079, -117.553499965
48.346079, -117.553499965
48.355079, -117.553499965
48.364079, -117.553499965
48.373079, -117.553499965
48.382079, -117.553499965
48.391079, -117.553499965
48.400079, -117.553499965
48.409079, -117.553499965
48.418079, -117.553499965
48.427079, -117.553499965
48.436079, -117.553499965
48.445079, -117.553499965
48.454079, -117.553499965
48.463079, -117.553499965
48.472079, -117.553499965
48.481079, -117.553499965
48.490079, -117.553499965
48.499079, -117.553499965
48.508079, -117.553499965
48.517079, -117.553499965
48.526079, -117.553499965
48.535079, -117.553499965
48.544079, -117.553499965
48.553079, -117.553499965
48.562079, -117.553499965
48.571079, -117.553499965
48.580079, -117.553499965
48.589079, -117.553499965
48.598079, -117.553499965
48.607079, -117.553499965
48.616079, -117.553499965
48.625079, -117.553499965
48.634079, -117.553499965
48.643079, -117.553499965
48.652079, -117.553499965
48.661079, -117.553499965
48.670079, -117.553499965
48.679079, -117.553499965
48.688079, -117.553499965
48.697079, -117.553499965
48.706079, -117.553499965
48.715079, -117.553499965
48.724079, -117.553499965
48.733079, -117.553499965
48.742079, -117.553499965
48.751079, -117.553499965
48.760079, -117.553499965
48.769079, -117.553499965
48.778079, -117.553499965
48.787079, -117.553499965
48.796079, -117.553499965
48.805079, -117.553499965
48.814079, -117.553499965
48.823079, -117.553499965
48.832079, -117.553499965
48.841079, -117.553499965
48.850079, -117.553499965
48.859079, -117.553499965
48.868079, -117.553499965
48.877079, -117.553499965
48.886079, -117.553499965
48.895079, -117.553499965
48.904079, -117.553499965
48.913079, -117.553499965
48.922079, -117.553499965
48.931079, -117.553499965
48.940079, -117.553499965
48.949079, -117.553499965
46.213079, -117.539793207
46.222079, -117.539793207
46.231079, -117.539793207
46.240079, -117.539793207
46.249079, -117.539793207
46.258079, -117.539793207
46.267079, -117.539793207
46.276079, -117.539793207
46.285079, -117.539793207
46.294079, -117.539793207
46.303079, -117.539793207
46.312079, -117.539793207
46.321079, -117.539793207
46.330079, -117.539793207
46.339079, -117.539793207
46.348079, -117.539793207
46.357079, -117.539793207
46.366079, -117.539793207
46.375079, -117.539793207
46.384079, -117.539793207
46.393079, -117.539793207
46.402079, -117.539793207
46.411079, -117.539793207
46.420079, -117.539793207
46.429079, -117.539793207
46.438079, -117.539793207
46.447079, -117.539793207
46.456079, -117.539793207
46.465079, -117.539793207
46.474079, -117.539793207
46.483079, -117.539793207
46.492079, -117.539793207
46.501079, -117.539793207
46.510079, -117.539793207
46.519079, -117.539793207
46.528079, -117.539793207
46.537079, -117.539793207
46.546079, -117.539793207
46.555079, -117.539793207
46.564079, -117.539793207
46.573079, -117.539793207
46.582079, -117.539793207
46.591079, -117.539793207
46.600079, -117.539793207
46.609079, -117.539793207
46.618079, -117.539793207
46.627079, -117.539793207
46.636079, -117.539793207
46.645079, -117.539793207
46.654079, -117.539793207
46.663079, -117.539793207
46.672079, -117.539793207
46.681079, -117.539793207
46.690079, -117.539793207
46.699079, -117.539793207
46.708079, -117.539793207
46.717079, -117.539793207
46.726079, -117.539793207
46.735079, -117.539793207
46.744079, -117.539793207
46.753079, -117.539793207
46.762079, -117.539793207
46.771079, -117.539793207
46.780079, -117.539793207
46.789079, -117.539793207
46.798079, -117.539793207
46.807079, -117.539793207
46.816079, -117.539793207
46.825079, -117.539793207
46.834079, -117.539793207
46.843079, -117.539793207
46.852079, -117.539793207
46.861079, -117.539793207
46.870079, -117.539793207
46.879079, -117.539793207
46.888079, -117.539793207
46.897079, -117.539793207
46.906079, -117.539793207
46.915079, -117.539793207
46.924079, -117.539793207
46.933079, -117.539793207
46.942079, -117.539793207
46.951079, -117.539793207
46.960079, -117.539793207
46.969079, -117.539793207
46.978079, -117.539793207
46.987079, -117.539793207
46.996079, -117.539793207
47.005079, -117.539793207
47.014079, -117.539793207
47.023079, -117.539793207
47.032079, -117.539793207
47.041079, -117.539793207
47.050079, -117.539793207
47.059079, -117.539793207
47.068079, -117.539793207
47.077079, -117.539793207
47.086079, -117.539793207
47.095079, -117.539793207
47.104079, -117.539793207
47.113079, -117.539793207
47.122079, -117.539793207
47.131079, -117.539793207
47.140079, -117.539793207
47.149079, -117.539793207
47.158079, -117.539793207
47.167079, -117.539793207
47.176079, -117.539793207
47.185079, -117.539793207
47.194079, -117.539793207
47.203079, -117.539793207
47.212079, -117.539793207
47.221079, -117.539793207
47.230079, -117.539793207
47.239079, -117.539793207
47.248079, -117.539793207
47.257079, -117.539793207
47.266079, -117.539793207
47.275079, -117.539793207
47.284079, -117.539793207
47.293079, -117.539793207
47.302079, -117.539793207
47.311079, -117.539793207
47.320079, -117.539793207
47.329079, -117.539793207
47.338079, -117.539793207
47.347079, -117.539793207
47.356079, -117.539793207
47.365079, -117.539793207
47.374079, -117.539793207
47.383079, -117.539793207
47.392079, -117.539793207
47.401079, -117.539793207
47.410079, -117.539793207
47.419079, -117.539793207
47.428079, -117.539793207
47.437079, -117.539793207
47.446079, -117.539793207
47.455079, -117.539793207
47.464079, -117.539793207
47.473079, -117.539793207
47.482079, -117.539793207
47.491079, -117.539793207
47.500079, -117.539793207
47.509079, -117.539793207
47.518079, -117.539793207
47.527079, -117.539793207
47.536079, -117.539793207
47.545079, -117.539793207
47.554079, -117.539793207
47.563079, -117.539793207
47.572079, -117.539793207
47.581079, -117.539793207
47.590079, -117.539793207
47.599079, -117.539793207
47.608079, -117.539793207
47.617079, -117.539793207
47.626079, -117.539793207
47.635079, -117.539793207
47.644079, -117.539793207
47.653079, -117.539793207
47.662079, -117.539793207
47.671079, -117.539793207
47.680079, -117.539793207
47.689079, -117.539793207
47.698079, -117.539793207
47.707079, -117.539793207
47.716079, -117.539793207
47.725079, -117.539793207
47.734079, -117.539793207
47.743079, -117.539793207
47.752079, -117.539793207
47.761079, -117.539793207
47.770079, -117.539793207
47.779079, -117.539793207
47.788079, -117.539793207
47.797079, -117.539793207
47.806079, -117.539793207
47.815079, -117.539793207
47.824079, -117.539793207
47.833079, -117.539793207
47.842079, -117.539793207
47.851079, -117.539793207
47.860079, -117.539793207
47.869079, -117.539793207
47.878079, -117.539793207
47.887079, -117.539793207
47.896079, -117.539793207
47.905079, -117.539793207
47.914079, -117.539793207
47.923079, -117.539793207
47.932079, -117.539793207
47.941079, -117.539793207
47.950079, -117.539793207
47.959079, -117.539793207
47.968079, -117.539793207
47.977079, -117.539793207
47.986079, -117.539793207
47.995079, -117.539793207
48.004079, -117.539793207
48.013079, -117.539793207
48.022079, -117.539793207
48.031079, -117.539793207
48.040079, -117.539793207
48.049079, -117.539793207
48.058079, -117.539793207
48.067079, -117.539793207
48.076079, -117.539793207
48.085079, -117.539793207
48.094079, -117.539793207
48.103079, -117.539793207
48.112079, -117.539793207
48.121079, -117.539793207
48.130079, -117.539793207
48.139079, -117.539793207
48.148079, -117.539793207
48.157079, -117.539793207
48.166079, -117.539793207
48.175079, -117.539793207
48.184079, -117.539793207
48.193079, -117.539793207
48.202079, -117.539793207
48.211079, -117.539793207
48.220079, -117.539793207
48.229079, -117.539793207
48.238079, -117.539793207
48.247079, -117.539793207
48.256079, -117.539793207
48.265079, -117.539793207
48.274079, -117.539793207
48.283079, -117.539793207
48.292079, -117.539793207
48.301079, -117.539793207
48.310079, -117.539793207
48.319079, -117.539793207
48.328079, -117.539793207
48.337079, -117.539793207
48.346079, -117.539793207
48.355079, -117.539793207
48.364079, -117.539793207
48.373079, -117.539793207
48.382079, -117.539793207
48.391079, -117.539793207
48.400079, -117.539793207
48.409079, -117.539793207
48.418079, -117.539793207
48.427079, -117.539793207
48.436079, -117.539793207
48.445079, -117.539793207
48.454079, -117.539793207
48.463079, -117.539793207
48.472079, -117.539793207
48.481079, -117.539793207
48.490079, -117.539793207
48.499079, -117.539793207
48.508079, -117.539793207
48.517079, -117.539793207
48.526079, -117.539793207
48.535079, -117.539793207
48.544079, -117.539793207
48.553079, -117.539793207
48.562079, -117.539793207
48.571079, -117.539793207
48.580079, -117.539793207
48.589079, -117.539793207
48.598079, -117.539793207
48.607079, -117.539793207
48.616079, -117.539793207
48.625079, -117.539793207
48.634079, -117.539793207
48.643079, -117.539793207
48.652079, -117.539793207
48.661079, -117.539793207
48.670079, -117.539793207
48.679079, -117.539793207
48.688079, -117.539793207
48.697079, -117.539793207
48.706079, -117.539793207
48.715079, -117.539793207
48.724079, -117.539793207
48.733079, -117.539793207
48.742079, -117.539793207
48.751079, -117.539793207
48.760079, -117.539793207
48.769079, -117.539793207
48.778079, -117.539793207
48.787079, -117.539793207
48.796079, -117.539793207
48.805079, -117.539793207
48.814079, -117.539793207
48.823079, -117.539793207
48.832079, -117.539793207
48.841079, -117.539793207
48.850079, -117.539793207
48.859079, -117.539793207
48.868079, -117.539793207
48.877079, -117.539793207
48.886079, -117.539793207
48.895079, -117.539793207
48.904079, -117.539793207
48.913079, -117.539793207
48.922079, -117.539793207
48.931079, -117.539793207
48.940079, -117.539793207
48.949079, -117.539793207
46.213079, -117.526086448
46.222079, -117.526086448
46.231079, -117.526086448
46.240079, -117.526086448
46.249079, -117.526086448
46.258079, -117.526086448
46.267079, -117.526086448
46.276079, -117.526086448
46.285079, -117.526086448
46.294079, -117.526086448
46.303079, -117.526086448
46.312079, -117.526086448
46.321079, -117.526086448
46.330079, -117.526086448
46.339079, -117.526086448
46.348079, -117.526086448
46.357079, -117.526086448
46.366079, -117.526086448
46.375079, -117.526086448
46.384079, -117.526086448
46.393079, -117.526086448
46.402079, -117.526086448
46.411079, -117.526086448
46.420079, -117.526086448
46.429079, -117.526086448
46.438079, -117.526086448
46.447079, -117.526086448
46.456079, -117.526086448
46.465079, -117.526086448
46.474079, -117.526086448
46.483079, -117.526086448
46.492079, -117.526086448
46.501079, -117.526086448
46.510079, -117.526086448
46.519079, -117.526086448
46.528079, -117.526086448
46.537079, -117.526086448
46.546079, -117.526086448
46.555079, -117.526086448
46.564079, -117.526086448
46.573079, -117.526086448
46.582079, -117.526086448
46.591079, -117.526086448
46.600079, -117.526086448
46.609079, -117.526086448
46.618079, -117.526086448
46.627079, -117.526086448
46.636079, -117.526086448
46.645079, -117.526086448
46.654079, -117.526086448
46.663079, -117.526086448
46.672079, -117.526086448
46.681079, -117.526086448
46.690079, -117.526086448
46.699079, -117.526086448
46.708079, -117.526086448
46.717079, -117.526086448
46.726079, -117.526086448
46.735079, -117.526086448
46.744079, -117.526086448
46.753079, -117.526086448
46.762079, -117.526086448
46.771079, -117.526086448
46.780079, -117.526086448
46.789079, -117.526086448
46.798079, -117.526086448
46.807079, -117.526086448
46.816079, -117.526086448
46.825079, -117.526086448
46.834079, -117.526086448
46.843079, -117.526086448
46.852079, -117.526086448
46.861079, -117.526086448
46.870079, -117.526086448
46.879079, -117.526086448
46.888079, -117.526086448
46.897079, -117.526086448
46.906079, -117.526086448
46.915079, -117.526086448
46.924079, -117.526086448
46.933079, -117.526086448
46.942079, -117.526086448
46.951079, -117.526086448
46.960079, -117.526086448
46.969079, -117.526086448
46.978079, -117.526086448
46.987079, -117.526086448
46.996079, -117.526086448
47.005079, -117.526086448
47.014079, -117.526086448
47.023079, -117.526086448
47.032079, -117.526086448
47.041079, -117.526086448
47.050079, -117.526086448
47.059079, -117.526086448
47.068079, -117.526086448
47.077079, -117.526086448
47.086079, -117.526086448
47.095079, -117.526086448
47.104079, -117.526086448
47.113079, -117.526086448
47.122079, -117.526086448
47.131079, -117.526086448
47.140079, -117.526086448
47.149079, -117.526086448
47.158079, -117.526086448
47.167079, -117.526086448
47.176079, -117.526086448
47.185079, -117.526086448
47.194079, -117.526086448
47.203079, -117.526086448
47.212079, -117.526086448
47.221079, -117.526086448
47.230079, -117.526086448
47.239079, -117.526086448
47.248079, -117.526086448
47.257079, -117.526086448
47.266079, -117.526086448
47.275079, -117.526086448
47.284079, -117.526086448
47.293079, -117.526086448
47.302079, -117.526086448
47.311079, -117.526086448
47.320079, -117.526086448
47.329079, -117.526086448
47.338079, -117.526086448
47.347079, -117.526086448
47.356079, -117.526086448
47.365079, -117.526086448
47.374079, -117.526086448
47.383079, -117.526086448
47.392079, -117.526086448
47.401079, -117.526086448
47.410079, -117.526086448
47.419079, -117.526086448
47.428079, -117.526086448
47.437079, -117.526086448
47.446079, -117.526086448
47.455079, -117.526086448
47.464079, -117.526086448
47.473079, -117.526086448
47.482079, -117.526086448
47.491079, -117.526086448
47.500079, -117.526086448
47.509079, -117.526086448
47.518079, -117.526086448
47.527079, -117.526086448
47.536079, -117.526086448
47.545079, -117.526086448
47.554079, -117.526086448
47.563079, -117.526086448
47.572079, -117.526086448
47.581079, -117.526086448
47.590079, -117.526086448
47.599079, -117.526086448
47.608079, -117.526086448
47.617079, -117.526086448
47.626079, -117.526086448
47.635079, -117.526086448
47.644079, -117.526086448
47.653079, -117.526086448
47.662079, -117.526086448
47.671079, -117.526086448
47.680079, -117.526086448
47.689079, -117.526086448
47.698079, -117.526086448
47.707079, -117.526086448
47.716079, -117.526086448
47.725079, -117.526086448
47.734079, -117.526086448
47.743079, -117.526086448
47.752079, -117.526086448
47.761079, -117.526086448
47.770079, -117.526086448
47.779079, -117.526086448
47.788079, -117.526086448
47.797079, -117.526086448
47.806079, -117.526086448
47.815079, -117.526086448
47.824079, -117.526086448
47.833079, -117.526086448
47.842079, -117.526086448
47.851079, -117.526086448
47.860079, -117.526086448
47.869079, -117.526086448
47.878079, -117.526086448
47.887079, -117.526086448
47.896079, -117.526086448
47.905079, -117.526086448
47.914079, -117.526086448
47.923079, -117.526086448
47.932079, -117.526086448
47.941079, -117.526086448
47.950079, -117.526086448
47.959079, -117.526086448
47.968079, -117.526086448
47.977079, -117.526086448
47.986079, -117.526086448
47.995079, -117.526086448
48.004079, -117.526086448
48.013079, -117.526086448
48.022079, -117.526086448
48.031079, -117.526086448
48.040079, -117.526086448
48.049079, -117.526086448
48.058079, -117.526086448
48.067079, -117.526086448
48.076079, -117.526086448
48.085079, -117.526086448
48.094079, -117.526086448
48.103079, -117.526086448
48.112079, -117.526086448
48.121079, -117.526086448
48.130079, -117.526086448
48.139079, -117.526086448
48.148079, -117.526086448
48.157079, -117.526086448
48.166079, -117.526086448
48.175079, -117.526086448
48.184079, -117.526086448
48.193079, -117.526086448
48.202079, -117.526086448
48.211079, -117.526086448
48.220079, -117.526086448
48.229079, -117.526086448
48.238079, -117.526086448
48.247079, -117.526086448
48.256079, -117.526086448
48.265079, -117.526086448
48.274079, -117.526086448
48.283079, -117.526086448
48.292079, -117.526086448
48.301079, -117.526086448
48.310079, -117.526086448
48.319079, -117.526086448
48.328079, -117.526086448
48.337079, -117.526086448
48.346079, -117.526086448
48.355079, -117.526086448
48.364079, -117.526086448
48.373079, -117.526086448
48.382079, -117.526086448
48.391079, -117.526086448
48.400079, -117.526086448
48.409079, -117.526086448
48.418079, -117.526086448
48.427079, -117.526086448
48.436079, -117.526086448
48.445079, -117.526086448
48.454079, -117.526086448
48.463079, -117.526086448
48.472079, -117.526086448
48.481079, -117.526086448
48.490079, -117.526086448
48.499079, -117.526086448
48.508079, -117.526086448
48.517079, -117.526086448
48.526079, -117.526086448
48.535079, -117.526086448
48.544079, -117.526086448
48.553079, -117.526086448
48.562079, -117.526086448
48.571079, -117.526086448
48.580079, -117.526086448
48.589079, -117.526086448
48.598079, -117.526086448
48.607079, -117.526086448
48.616079, -117.526086448
48.625079, -117.526086448
48.634079, -117.526086448
48.643079, -117.526086448
48.652079, -117.526086448
48.661079, -117.526086448
48.670079, -117.526086448
48.679079, -117.526086448
48.688079, -117.526086448
48.697079, -117.526086448
48.706079, -117.526086448
48.715079, -117.526086448
48.724079, -117.526086448
48.733079, -117.526086448
48.742079, -117.526086448
48.751079, -117.526086448
48.760079, -117.526086448
48.769079, -117.526086448
48.778079, -117.526086448
48.787079, -117.526086448
48.796079, -117.526086448
48.805079, -117.526086448
48.814079, -117.526086448
48.823079, -117.526086448
48.832079, -117.526086448
48.841079, -117.526086448
48.850079, -117.526086448
48.859079, -117.526086448
48.868079, -117.526086448
48.877079, -117.526086448
48.886079, -117.526086448
48.895079, -117.526086448
48.904079, -117.526086448
48.913079, -117.526086448
48.922079, -117.526086448
48.931079, -117.526086448
48.940079, -117.526086448
48.949079, -117.526086448
46.213079, -117.51237969
46.222079, -117.51237969
46.231079, -117.51237969
46.240079, -117.51237969
46.249079, -117.51237969
46.258079, -117.51237969
46.267079, -117.51237969
46.276079, -117.51237969
46.285079, -117.51237969
46.294079, -117.51237969
46.303079, -117.51237969
46.312079, -117.51237969
46.321079, -117.51237969
46.330079, -117.51237969
46.339079, -117.51237969
46.348079, -117.51237969
46.357079, -117.51237969
46.366079, -117.51237969
46.375079, -117.51237969
46.384079, -117.51237969
46.393079, -117.51237969
46.402079, -117.51237969
46.411079, -117.51237969
46.420079, -117.51237969
46.429079, -117.51237969
46.438079, -117.51237969
46.447079, -117.51237969
46.456079, -117.51237969
46.465079, -117.51237969
46.474079, -117.51237969
46.483079, -117.51237969
46.492079, -117.51237969
46.501079, -117.51237969
46.510079, -117.51237969
46.519079, -117.51237969
46.528079, -117.51237969
46.537079, -117.51237969
46.546079, -117.51237969
46.555079, -117.51237969
46.564079, -117.51237969
46.573079, -117.51237969
46.582079, -117.51237969
46.591079, -117.51237969
46.600079, -117.51237969
46.609079, -117.51237969
46.618079, -117.51237969
46.627079, -117.51237969
46.636079, -117.51237969
46.645079, -117.51237969
46.654079, -117.51237969
46.663079, -117.51237969
46.672079, -117.51237969
46.681079, -117.51237969
46.690079, -117.51237969
46.699079, -117.51237969
46.708079, -117.51237969
46.717079, -117.51237969
46.726079, -117.51237969
46.735079, -117.51237969
46.744079, -117.51237969
46.753079, -117.51237969
46.762079, -117.51237969
46.771079, -117.51237969
46.780079, -117.51237969
46.789079, -117.51237969
46.798079, -117.51237969
46.807079, -117.51237969
46.816079, -117.51237969
46.825079, -117.51237969
46.834079, -117.51237969
46.843079, -117.51237969
46.852079, -117.51237969
46.861079, -117.51237969
46.870079, -117.51237969
46.879079, -117.51237969
46.888079, -117.51237969
46.897079, -117.51237969
46.906079, -117.51237969
46.915079, -117.51237969
46.924079, -117.51237969
46.933079, -117.51237969
46.942079, -117.51237969
46.951079, -117.51237969
46.960079, -117.51237969
46.969079, -117.51237969
46.978079, -117.51237969
46.987079, -117.51237969
46.996079, -117.51237969
47.005079, -117.51237969
47.014079, -117.51237969
47.023079, -117.51237969
47.032079, -117.51237969
47.041079, -117.51237969
47.050079, -117.51237969
47.059079, -117.51237969
47.068079, -117.51237969
47.077079, -117.51237969
47.086079, -117.51237969
47.095079, -117.51237969
47.104079, -117.51237969
47.113079, -117.51237969
47.122079, -117.51237969
47.131079, -117.51237969
47.140079, -117.51237969
47.149079, -117.51237969
47.158079, -117.51237969
47.167079, -117.51237969
47.176079, -117.51237969
47.185079, -117.51237969
47.194079, -117.51237969
47.203079, -117.51237969
47.212079, -117.51237969
47.221079, -117.51237969
47.230079, -117.51237969
47.239079, -117.51237969
47.248079, -117.51237969
47.257079, -117.51237969
47.266079, -117.51237969
47.275079, -117.51237969
47.284079, -117.51237969
47.293079, -117.51237969
47.302079, -117.51237969
47.311079, -117.51237969
47.320079, -117.51237969
47.329079, -117.51237969
47.338079, -117.51237969
47.347079, -117.51237969
47.356079, -117.51237969
47.365079, -117.51237969
47.374079, -117.51237969
47.383079, -117.51237969
47.392079, -117.51237969
47.401079, -117.51237969
47.410079, -117.51237969
47.419079, -117.51237969
47.428079, -117.51237969
47.437079, -117.51237969
47.446079, -117.51237969
47.455079, -117.51237969
47.464079, -117.51237969
47.473079, -117.51237969
47.482079, -117.51237969
47.491079, -117.51237969
47.500079, -117.51237969
47.509079, -117.51237969
47.518079, -117.51237969
47.527079, -117.51237969
47.536079, -117.51237969
47.545079, -117.51237969
47.554079, -117.51237969
47.563079, -117.51237969
47.572079, -117.51237969
47.581079, -117.51237969
47.590079, -117.51237969
47.599079, -117.51237969
47.608079, -117.51237969
47.617079, -117.51237969
47.626079, -117.51237969
47.635079, -117.51237969
47.644079, -117.51237969
47.653079, -117.51237969
47.662079, -117.51237969
47.671079, -117.51237969
47.680079, -117.51237969
47.689079, -117.51237969
47.698079, -117.51237969
47.707079, -117.51237969
47.716079, -117.51237969
47.725079, -117.51237969
47.734079, -117.51237969
47.743079, -117.51237969
47.752079, -117.51237969
47.761079, -117.51237969
47.770079, -117.51237969
47.779079, -117.51237969
47.788079, -117.51237969
47.797079, -117.51237969
47.806079, -117.51237969
47.815079, -117.51237969
47.824079, -117.51237969
47.833079, -117.51237969
47.842079, -117.51237969
47.851079, -117.51237969
47.860079, -117.51237969
47.869079, -117.51237969
47.878079, -117.51237969
47.887079, -117.51237969
47.896079, -117.51237969
47.905079, -117.51237969
47.914079, -117.51237969
47.923079, -117.51237969
47.932079, -117.51237969
47.941079, -117.51237969
47.950079, -117.51237969
47.959079, -117.51237969
47.968079, -117.51237969
47.977079, -117.51237969
47.986079, -117.51237969
47.995079, -117.51237969
48.004079, -117.51237969
48.013079, -117.51237969
48.022079, -117.51237969
48.031079, -117.51237969
48.040079, -117.51237969
48.049079, -117.51237969
48.058079, -117.51237969
48.067079, -117.51237969
48.076079, -117.51237969
48.085079, -117.51237969
48.094079, -117.51237969
48.103079, -117.51237969
48.112079, -117.51237969
48.121079, -117.51237969
48.130079, -117.51237969
48.139079, -117.51237969
48.148079, -117.51237969
48.157079, -117.51237969
48.166079, -117.51237969
48.175079, -117.51237969
48.184079, -117.51237969
48.193079, -117.51237969
48.202079, -117.51237969
48.211079, -117.51237969
48.220079, -117.51237969
48.229079, -117.51237969
48.238079, -117.51237969
48.247079, -117.51237969
48.256079, -117.51237969
48.265079, -117.51237969
48.274079, -117.51237969
48.283079, -117.51237969
48.292079, -117.51237969
48.301079, -117.51237969
48.310079, -117.51237969
48.319079, -117.51237969
48.328079, -117.51237969
48.337079, -117.51237969
48.346079, -117.51237969
48.355079, -117.51237969
48.364079, -117.51237969
48.373079, -117.51237969
48.382079, -117.51237969
48.391079, -117.51237969
48.400079, -117.51237969
48.409079, -117.51237969
48.418079, -117.51237969
48.427079, -117.51237969
48.436079, -117.51237969
48.445079, -117.51237969
48.454079, -117.51237969
48.463079, -117.51237969
48.472079, -117.51237969
48.481079, -117.51237969
48.490079, -117.51237969
48.499079, -117.51237969
48.508079, -117.51237969
48.517079, -117.51237969
48.526079, -117.51237969
48.535079, -117.51237969
48.544079, -117.51237969
48.553079, -117.51237969
48.562079, -117.51237969
48.571079, -117.51237969
48.580079, -117.51237969
48.589079, -117.51237969
48.598079, -117.51237969
48.607079, -117.51237969
48.616079, -117.51237969
48.625079, -117.51237969
48.634079, -117.51237969
48.643079, -117.51237969
48.652079, -117.51237969
48.661079, -117.51237969
48.670079, -117.51237969
48.679079, -117.51237969
48.688079, -117.51237969
48.697079, -117.51237969
48.706079, -117.51237969
48.715079, -117.51237969
48.724079, -117.51237969
48.733079, -117.51237969
48.742079, -117.51237969
48.751079, -117.51237969
48.760079, -117.51237969
48.769079, -117.51237969
48.778079, -117.51237969
48.787079, -117.51237969
48.796079, -117.51237969
48.805079, -117.51237969
48.814079, -117.51237969
48.823079, -117.51237969
48.832079, -117.51237969
48.841079, -117.51237969
48.850079, -117.51237969
48.859079, -117.51237969
48.868079, -117.51237969
48.877079, -117.51237969
48.886079, -117.51237969
48.895079, -117.51237969
48.904079, -117.51237969
48.913079, -117.51237969
48.922079, -117.51237969
48.931079, -117.51237969
48.940079, -117.51237969
48.949079, -117.51237969
46.213079, -117.498672931
46.222079, -117.498672931
46.231079, -117.498672931
46.240079, -117.498672931
46.249079, -117.498672931
46.258079, -117.498672931
46.267079, -117.498672931
46.276079, -117.498672931
46.285079, -117.498672931
46.294079, -117.498672931
46.303079, -117.498672931
46.312079, -117.498672931
46.321079, -117.498672931
46.330079, -117.498672931
46.339079, -117.498672931
46.348079, -117.498672931
46.357079, -117.498672931
46.366079, -117.498672931
46.375079, -117.498672931
46.384079, -117.498672931
46.393079, -117.498672931
46.402079, -117.498672931
46.411079, -117.498672931
46.420079, -117.498672931
46.429079, -117.498672931
46.438079, -117.498672931
46.447079, -117.498672931
46.456079, -117.498672931
46.465079, -117.498672931
46.474079, -117.498672931
46.483079, -117.498672931
46.492079, -117.498672931
46.501079, -117.498672931
46.510079, -117.498672931
46.519079, -117.498672931
46.528079, -117.498672931
46.537079, -117.498672931
46.546079, -117.498672931
46.555079, -117.498672931
46.564079, -117.498672931
46.573079, -117.498672931
46.582079, -117.498672931
46.591079, -117.498672931
46.600079, -117.498672931
46.609079, -117.498672931
46.618079, -117.498672931
46.627079, -117.498672931
46.636079, -117.498672931
46.645079, -117.498672931
46.654079, -117.498672931
46.663079, -117.498672931
46.672079, -117.498672931
46.681079, -117.498672931
46.690079, -117.498672931
46.699079, -117.498672931
46.708079, -117.498672931
46.717079, -117.498672931
46.726079, -117.498672931
46.735079, -117.498672931
46.744079, -117.498672931
46.753079, -117.498672931
46.762079, -117.498672931
46.771079, -117.498672931
46.780079, -117.498672931
46.789079, -117.498672931
46.798079, -117.498672931
46.807079, -117.498672931
46.816079, -117.498672931
46.825079, -117.498672931
46.834079, -117.498672931
46.843079, -117.498672931
46.852079, -117.498672931
46.861079, -117.498672931
46.870079, -117.498672931
46.879079, -117.498672931
46.888079, -117.498672931
46.897079, -117.498672931
46.906079, -117.498672931
46.915079, -117.498672931
46.924079, -117.498672931
46.933079, -117.498672931
46.942079, -117.498672931
46.951079, -117.498672931
46.960079, -117.498672931
46.969079, -117.498672931
46.978079, -117.498672931
46.987079, -117.498672931
46.996079, -117.498672931
47.005079, -117.498672931
47.014079, -117.498672931
47.023079, -117.498672931
47.032079, -117.498672931
47.041079, -117.498672931
47.050079, -117.498672931
47.059079, -117.498672931
47.068079, -117.498672931
47.077079, -117.498672931
47.086079, -117.498672931
47.095079, -117.498672931
47.104079, -117.498672931
47.113079, -117.498672931
47.122079, -117.498672931
47.131079, -117.498672931
47.140079, -117.498672931
47.149079, -117.498672931
47.158079, -117.498672931
47.167079, -117.498672931
47.176079, -117.498672931
47.185079, -117.498672931
47.194079, -117.498672931
47.203079, -117.498672931
