47.122079, -119.116070433
47.131079, -119.116070433
47.140079, -119.116070433
47.149079, -119.116070433
47.158079, -119.116070433
47.167079, -119.116070433
47.176079, -119.116070433
47.185079, -119.116070433
47.194079, -119.116070433
47.203079, -119.116070433
47.212079, -119.116070433
47.221079, -119.116070433
47.230079, -119.116070433
47.239079, -119.116070433
47.248079, -119.116070433
47.257079, -119.116070433
47.266079, -119.116070433
47.275079, -119.116070433
47.284079, -119.116070433
47.293079, -119.116070433
47.302079, -119.116070433
47.311079, -119.116070433
47.320079, -119.116070433
47.329079, -119.116070433
47.338079, -119.116070433
47.347079, -119.116070433
47.356079, -119.116070433
47.365079, -119.116070433
47.374079, -119.116070433
47.383079, -119.116070433
47.392079, -119.116070433
47.401079, -119.116070433
47.410079, -119.116070433
47.419079, -119.116070433
47.428079, -119.116070433
47.437079, -119.116070433
47.446079, -119.116070433
47.455079, -119.116070433
47.464079, -119.116070433
47.473079, -119.116070433
47.482079, -119.116070433
47.491079, -119.116070433
47.500079, -119.116070433
47.509079, -119.116070433
47.518079, -119.116070433
47.527079, -119.116070433
47.536079, -119.116070433
47.545079, -119.116070433
47.554079, -119.116070433
47.563079, -119.116070433
47.572079, -119.116070433
47.581079, -119.116070433
47.590079, -119.116070433
47.599079, -119.116070433
47.608079, -119.116070433
47.617079, -119.116070433
47.626079, -119.116070433
47.635079, -119.116070433
47.644079, -119.116070433
47.653079, -119.116070433
47.662079, -119.116070433
47.671079, -119.116070433
47.680079, -119.116070433
47.689079, -119.116070433
47.698079, -119.116070433
47.707079, -119.116070433
47.716079, -119.116070433
47.725079, -119.116070433
47.734079, -119.116070433
47.743079, -119.116070433
47.752079, -119.116070433
47.761079, -119.116070433
47.770079, -119.116070433
47.779079, -119.116070433
47.788079, -119.116070433
47.797079, -119.116070433
47.806079, -119.116070433
47.815079, -119.116070433
47.824079, -119.116070433
47.833079, -119.116070433
47.842079, -119.116070433
47.851079, -119.116070433
47.860079, -119.116070433
47.869079, -119.116070433
47.878079, -119.116070433
47.887079, -119.116070433
47.896079, -119.116070433
47.905079, -119.116070433
47.914079, -119.116070433
47.923079, -119.116070433
47.932079, -119.116070433
47.941079, -119.116070433
47.950079, -119.116070433
47.959079, -119.116070433
47.968079, -119.116070433
47.977079, -119.116070433
47.986079, -119.116070433
47.995079, -119.116070433
48.004079, -119.116070433
48.013079, -119.116070433
48.022079, -119.116070433
48.031079, -119.116070433
48.040079, -119.116070433
48.049079, -119.116070433
48.058079, -119.116070433
48.067079, -119.116070433
48.076079, -119.116070433
48.085079, -119.116070433
48.094079, -119.116070433
48.103079, -119.116070433
48.112079, -119.116070433
48.121079, -119.116070433
48.130079, -119.116070433
48.139079, -119.116070433
48.148079, -119.116070433
48.157079, -119.116070433
48.166079, -119.116070433
48.175079, -119.116070433
48.184079, -119.116070433
48.193079, -119.116070433
48.202079, -119.116070433
48.211079, -119.116070433
48.220079, -119.116070433
48.229079, -119.116070433
48.238079, -119.116070433
48.247079, -119.116070433
48.256079, -119.116070433
48.265079, -119.116070433
48.274079, -119.116070433
48.283079, -119.116070433
48.292079, -119.116070433
48.301079, -119.116070433
48.310079, -119.116070433
48.319079, -119.116070433
48.328079, -119.116070433
48.337079, -119.116070433
48.346079, -119.116070433
48.355079, -119.116070433
48.364079, -119.116070433
48.373079, -119.116070433
48.382079, -119.116070433
48.391079, -119.116070433
48.400079, -119.116070433
48.409079, -119.116070433
48.418079, -119.116070433
48.427079, -119.116070433
48.436079, -119.116070433
48.445079, -119.116070433
48.454079, -119.116070433
48.463079, -119.116070433
48.472079, -119.116070433
48.481079, -119.116070433
48.490079, -119.116070433
48.499079, -119.116070433
48.508079, -119.116070433
48.517079, -119.116070433
48.526079, -119.116070433
48.535079, -119.116070433
48.544079, -119.116070433
48.553079, -119.116070433
48.562079, -119.116070433
48.571079, -119.116070433
48.580079, -119.116070433
48.589079, -119.116070433
48.598079, -119.116070433
48.607079, -119.116070433
48.616079, -119.116070433
48.625079, -119.116070433
48.634079, -119.116070433
48.643079, -119.116070433
48.652079, -119.116070433
48.661079, -119.116070433
48.670079, -119.116070433
48.679079, -119.116070433
48.688079, -119.116070433
48.697079, -119.116070433
48.706079, -119.116070433
48.715079, -119.116070433
48.724079, -119.116070433
48.733079, -119.116070433
48.742079, -119.116070433
48.751079, -119.116070433
48.760079, -119.116070433
48.769079, -119.116070433
48.778079, -119.116070433
48.787079, -119.116070433
48.796079, -119.116070433
48.805079, -119.116070433
48.814079, -119.116070433
48.823079, -119.116070433
48.832079, -119.116070433
48.841079, -119.116070433
48.850079, -119.116070433
48.859079, -119.116070433
48.868079, -119.116070433
48.877079, -119.116070433
48.886079, -119.116070433
48.895079, -119.116070433
48.904079, -119.116070433
48.913079, -119.116070433
48.922079, -119.116070433
48.931079, -119.116070433
48.940079, -119.116070433
48.949079, -119.116070433
46.213079, -119.102363675
46.222079, -119.102363675
46.231079, -119.102363675
46.240079, -119.102363675
46.249079, -119.102363675
46.258079, -119.102363675
46.267079, -119.102363675
46.276079, -119.102363675
46.285079, -119.102363675
46.294079, -119.102363675
46.303079, -119.102363675
46.312079, -119.102363675
46.321079, -119.102363675
46.330079, -119.102363675
46.339079, -119.102363675
46.348079, -119.102363675
46.357079, -119.102363675
46.366079, -119.102363675
46.375079, -119.102363675
46.384079, -119.102363675
46.393079, -119.102363675
46.402079, -119.102363675
46.411079, -119.102363675
46.420079, -119.102363675
46.429079, -119.102363675
46.438079, -119.102363675
46.447079, -119.102363675
46.456079, -119.102363675
46.465079, -119.102363675
46.474079, -119.102363675
46.483079, -119.102363675
46.492079, -119.102363675
46.501079, -119.102363675
46.510079, -119.102363675
46.519079, -119.102363675
46.528079, -119.102363675
46.537079, -119.102363675
46.546079, -119.102363675
46.555079, -119.102363675
46.564079, -119.102363675
46.573079, -119.102363675
46.582079, -119.102363675
46.591079, -119.102363675
46.600079, -119.102363675
46.609079, -119.102363675
46.618079, -119.102363675
46.627079, -119.102363675
46.636079, -119.102363675
46.645079, -119.102363675
46.654079, -119.102363675
46.663079, -119.102363675
46.672079, -119.102363675
46.681079, -119.102363675
46.690079, -119.102363675
46.699079, -119.102363675
46.708079, -119.102363675
46.717079, -119.102363675
46.726079, -119.102363675
46.735079, -119.102363675
46.744079, -119.102363675
46.753079, -119.102363675
46.762079, -119.102363675
46.771079, -119.102363675
46.780079, -119.102363675
46.789079, -119.102363675
46.798079, -119.102363675
46.807079, -119.102363675
46.816079, -119.102363675
46.825079, -119.102363675
46.834079, -119.102363675
46.843079, -119.102363675
46.852079, -119.102363675
46.861079, -119.102363675
46.870079, -119.102363675
46.879079, -119.102363675
46.888079, -119.102363675
46.897079, -119.102363675
46.906079, -119.102363675
46.915079, -119.102363675
46.924079, -119.102363675
46.933079, -119.102363675
46.942079, -119.102363675
46.951079, -119.102363675
46.960079, -119.102363675
46.969079, -119.102363675
46.978079, -119.102363675
46.987079, -119.102363675
46.996079, -119.102363675
47.005079, -119.102363675
47.014079, -119.102363675
47.023079, -119.102363675
47.032079, -119.102363675
47.041079, -119.102363675
47.050079, -119.102363675
47.059079, -119.102363675
47.068079, -119.102363675
47.077079, -119.102363675
47.086079, -119.102363675
47.095079, -119.102363675
47.104079, -119.102363675
47.113079, -119.102363675
47.122079, -119.102363675
47.131079, -119.102363675
47.140079, -119.102363675
47.149079, -119.102363675
47.158079, -119.102363675
47.167079, -119.102363675
47.176079, -119.102363675
47.185079, -119.102363675
47.194079, -119.102363675
47.203079, -119.102363675
47.212079, -119.102363675
47.221079, -119.102363675
47.230079, -119.102363675
47.239079, -119.102363675
47.248079, -119.102363675
47.257079, -119.102363675
47.266079, -119.102363675
47.275079, -119.102363675
47.284079, -119.102363675
47.293079, -119.102363675
47.302079, -119.102363675
47.311079, -119.102363675
47.320079, -119.102363675
47.329079, -119.102363675
47.338079, -119.102363675
47.347079, -119.102363675
47.356079, -119.102363675
47.365079, -119.102363675
47.374079, -119.102363675
47.383079, -119.102363675
47.392079, -119.102363675
47.401079, -119.102363675
47.410079, -119.102363675
47.419079, -119.102363675
47.428079, -119.102363675
47.437079, -119.102363675
47.446079, -119.102363675
47.455079, -119.102363675
47.464079, -119.102363675
47.473079, -119.102363675
47.482079, -119.102363675
47.491079, -119.102363675
47.500079, -119.102363675
47.509079, -119.102363675
47.518079, -119.102363675
47.527079, -119.102363675
47.536079, -119.102363675
47.545079, -119.102363675
47.554079, -119.102363675
47.563079, -119.102363675
47.572079, -119.102363675
47.581079, -119.102363675
47.590079, -119.102363675
47.599079, -119.102363675
47.608079, -119.102363675
47.617079, -119.102363675
47.626079, -119.102363675
47.635079, -119.102363675
47.644079, -119.102363675
47.653079, -119.102363675
47.662079, -119.102363675
47.671079, -119.102363675
47.680079, -119.102363675
47.689079, -119.102363675
47.698079, -119.102363675
47.707079, -119.102363675
47.716079, -119.102363675
47.725079, -119.102363675
47.734079, -119.102363675
47.743079, -119.102363675
47.752079, -119.102363675
47.761079, -119.102363675
47.770079, -119.102363675
47.779079, -119.102363675
47.788079, -119.102363675
47.797079, -119.102363675
47.806079, -119.102363675
47.815079, -119.102363675
47.824079, -119.102363675
47.833079, -119.102363675
47.842079, -119.102363675
47.851079, -119.102363675
47.860079, -119.102363675
47.869079, -119.102363675
47.878079, -119.102363675
47.887079, -119.102363675
47.896079, -119.102363675
47.905079, -119.102363675
47.914079, -119.102363675
47.923079, -119.102363675
47.932079, -119.102363675
47.941079, -119.102363675
47.950079, -119.102363675
47.959079, -119.102363675
47.968079, -119.102363675
47.977079, -119.102363675
47.986079, -119.102363675
47.995079, -119.102363675
48.004079, -119.102363675
48.013079, -119.102363675
48.022079, -119.102363675
48.031079, -119.102363675
48.040079, -119.102363675
48.049079, -119.102363675
48.058079, -119.102363675
48.067079, -119.102363675
48.076079, -119.102363675
48.085079, -119.102363675
48.094079, -119.102363675
48.103079, -119.102363675
48.112079, -119.102363675
48.121079, -119.102363675
48.130079, -119.102363675
48.139079, -119.102363675
48.148079, -119.102363675
48.157079, -119.102363675
48.166079, -119.102363675
48.175079, -119.102363675
48.184079, -119.102363675
48.193079, -119.102363675
48.202079, -119.102363675
48.211079, -119.102363675
48.220079, -119.102363675
48.229079, -119.102363675
48.238079, -119.102363675
48.247079, -119.102363675
48.256079, -119.102363675
48.265079, -119.102363675
48.274079, -119.102363675
48.283079, -119.102363675
48.292079, -119.102363675
48.301079, -119.102363675
48.310079, -119.102363675
48.319079, -119.102363675
48.328079, -119.102363675
48.337079, -119.102363675
48.346079, -119.102363675
48.355079, -119.102363675
48.364079, -119.102363675
48.373079, -119.102363675
48.382079, -119.102363675
48.391079, -119.102363675
48.400079, -119.102363675
48.409079, -119.102363675
48.418079, -119.102363675
48.427079, -119.102363675
48.436079, -119.102363675
48.445079, -119.102363675
48.454079, -119.102363675
48.463079, -119.102363675
48.472079, -119.102363675
48.481079, -119.102363675
48.490079, -119.102363675
48.499079, -119.102363675
48.508079, -119.102363675
48.517079, -119.102363675
48.526079, -119.102363675
48.535079, -119.102363675
48.544079, -119.102363675
48.553079, -119.102363675
48.562079, -119.102363675
48.571079, -119.102363675
48.580079, -119.102363675
48.589079, -119.102363675
48.598079, -119.102363675
48.607079, -119.102363675
48.616079, -119.102363675
48.625079, -119.102363675
48.634079, -119.102363675
48.643079, -119.102363675
48.652079, -119.102363675
48.661079, -119.102363675
48.670079, -119.102363675
48.679079, -119.102363675
48.688079, -119.102363675
48.697079, -119.102363675
48.706079, -119.102363675
48.715079, -119.102363675
48.724079, -119.102363675
48.733079, -119.102363675
48.742079, -119.102363675
48.751079, -119.102363675
48.760079, -119.102363675
48.769079, -119.102363675
48.778079, -119.102363675
48.787079, -119.102363675
48.796079, -119.102363675
48.805079, -119.102363675
48.814079, -119.102363675
48.823079, -119.102363675
48.832079, -119.102363675
48.841079, -119.102363675
48.850079, -119.102363675
48.859079, -119.102363675
48.868079, -119.102363675
48.877079, -119.102363675
48.886079, -119.102363675
48.895079, -119.102363675
48.904079, -119.102363675
48.913079, -119.102363675
48.922079, -119.102363675
48.931079, -119.102363675
48.940079, -119.102363675
48.949079, -119.102363675
46.213079, -119.088656916
46.222079, -119.088656916
46.231079, -119.088656916
46.240079, -119.088656916
46.249079, -119.088656916
46.258079, -119.088656916
46.267079, -119.088656916
46.276079, -119.088656916
46.285079, -119.088656916
46.294079, -119.088656916
46.303079, -119.088656916
46.312079, -119.088656916
46.321079, -119.088656916
46.330079, -119.088656916
46.339079, -119.088656916
46.348079, -119.088656916
46.357079, -119.088656916
46.366079, -119.088656916
46.375079, -119.088656916
46.384079, -119.088656916
46.393079, -119.088656916
46.402079, -119.088656916
46.411079, -119.088656916
46.420079, -119.088656916
46.429079, -119.088656916
46.438079, -119.088656916
46.447079, -119.088656916
46.456079, -119.088656916
46.465079, -119.088656916
46.474079, -119.088656916
46.483079, -119.088656916
46.492079, -119.088656916
46.501079, -119.088656916
46.510079, -119.088656916
46.519079, -119.088656916
46.528079, -119.088656916
46.537079, -119.088656916
46.546079, -119.088656916
46.555079, -119.088656916
46.564079, -119.088656916
46.573079, -119.088656916
46.582079, -119.088656916
46.591079, -119.088656916
46.600079, -119.088656916
46.609079, -119.088656916
46.618079, -119.088656916
46.627079, -119.088656916
46.636079, -119.088656916
46.645079, -119.088656916
46.654079, -119.088656916
46.663079, -119.088656916
46.672079, -119.088656916
46.681079, -119.088656916
46.690079, -119.088656916
46.699079, -119.088656916
46.708079, -119.088656916
46.717079, -119.088656916
46.726079, -119.088656916
46.735079, -119.088656916
46.744079, -119.088656916
46.753079, -119.088656916
46.762079, -119.088656916
46.771079, -119.088656916
46.780079, -119.088656916
46.789079, -119.088656916
46.798079, -119.088656916
46.807079, -119.088656916
46.816079, -119.088656916
46.825079, -119.088656916
46.834079, -119.088656916
46.843079, -119.088656916
46.852079, -119.088656916
46.861079, -119.088656916
46.870079, -119.088656916
46.879079, -119.088656916
46.888079, -119.088656916
46.897079, -119.088656916
46.906079, -119.088656916
46.915079, -119.088656916
46.924079, -119.088656916
46.933079, -119.088656916
46.942079, -119.088656916
46.951079, -119.088656916
46.960079, -119.088656916
46.969079, -119.088656916
46.978079, -119.088656916
46.987079, -119.088656916
46.996079, -119.088656916
47.005079, -119.088656916
47.014079, -119.088656916
47.023079, -119.088656916
47.032079, -119.088656916
47.041079, -119.088656916
47.050079, -119.088656916
47.059079, -119.088656916
47.068079, -119.088656916
47.077079, -119.088656916
47.086079, -119.088656916
47.095079, -119.088656916
47.104079, -119.088656916
47.113079, -119.088656916
47.122079, -119.088656916
47.131079, -119.088656916
47.140079, -119.088656916
47.149079, -119.088656916
47.158079, -119.088656916
47.167079, -119.088656916
47.176079, -119.088656916
47.185079, -119.088656916
47.194079, -119.088656916
47.203079, -119.088656916
47.212079, -119.088656916
47.221079, -119.088656916
47.230079, -119.088656916
47.239079, -119.088656916
47.248079, -119.088656916
47.257079, -119.088656916
47.266079, -119.088656916
47.275079, -119.088656916
47.284079, -119.088656916
47.293079, -119.088656916
47.302079, -119.088656916
47.311079, -119.088656916
47.320079, -119.088656916
47.329079, -119.088656916
47.338079, -119.088656916
47.347079, -119.088656916
47.356079, -119.088656916
47.365079, -119.088656916
47.374079, -119.088656916
47.383079, -119.088656916
47.392079, -119.088656916
47.401079, -119.088656916
47.410079, -119.088656916
47.419079, -119.088656916
47.428079, -119.088656916
47.437079, -119.088656916
47.446079, -119.088656916
47.455079, -119.088656916
47.464079, -119.088656916
47.473079, -119.088656916
47.482079, -119.088656916
47.491079, -119.088656916
47.500079, -119.088656916
47.509079, -119.088656916
47.518079, -119.088656916
47.527079, -119.088656916
47.536079, -119.088656916
47.545079, -119.088656916
47.554079, -119.088656916
47.563079, -119.088656916
47.572079, -119.088656916
47.581079, -119.088656916
47.590079, -119.088656916
47.599079, -119.088656916
47.608079, -119.088656916
47.617079, -119.088656916
47.626079, -119.088656916
47.635079, -119.088656916
47.644079, -119.088656916
47.653079, -119.088656916
47.662079, -119.088656916
47.671079, -119.088656916
47.680079, -119.088656916
47.689079, -119.088656916
47.698079, -119.088656916
47.707079, -119.088656916
47.716079, -119.088656916
47.725079, -119.088656916
47.734079, -119.088656916
47.743079, -119.088656916
47.752079, -119.088656916
47.761079, -119.088656916
47.770079, -119.088656916
47.779079, -119.088656916
47.788079, -119.088656916
47.797079, -119.088656916
47.806079, -119.088656916
47.815079, -119.088656916
47.824079, -119.088656916
47.833079, -119.088656916
47.842079, -119.088656916
47.851079, -119.088656916
47.860079, -119.088656916
47.869079, -119.088656916
47.878079, -119.088656916
47.887079, -119.088656916
47.896079, -119.088656916
47.905079, -119.088656916
47.914079, -119.088656916
47.923079, -119.088656916
47.932079, -119.088656916
47.941079, -119.088656916
47.950079, -119.088656916
47.959079, -119.088656916
47.968079, -119.088656916
47.977079, -119.088656916
47.986079, -119.088656916
47.995079, -119.088656916
48.004079, -119.088656916
48.013079, -119.088656916
48.022079, -119.088656916
48.031079, -119.088656916
48.040079, -119.088656916
48.049079, -119.088656916
48.058079, -119.088656916
48.067079, -119.088656916
48.076079, -119.088656916
48.085079, -119.088656916
48.094079, -119.088656916
48.103079, -119.088656916
48.112079, -119.088656916
48.121079, -119.088656916
48.130079, -119.088656916
48.139079, -119.088656916
48.148079, -119.088656916
48.157079, -119.088656916
48.166079, -119.088656916
48.175079, -119.088656916
48.184079, -119.088656916
48.193079, -119.088656916
48.202079, -119.088656916
48.211079, -119.088656916
48.220079, -119.088656916
48.229079, -119.088656916
48.238079, -119.088656916
48.247079, -119.088656916
48.256079, -119.088656916
48.265079, -119.088656916
48.274079, -119.088656916
48.283079, -119.088656916
48.292079, -119.088656916
48.301079, -119.088656916
48.310079, -119.088656916
48.319079, -119.088656916
48.328079, -119.088656916
48.337079, -119.088656916
48.346079, -119.088656916
48.355079, -119.088656916
48.364079, -119.088656916
48.373079, -119.088656916
48.382079, -119.088656916
48.391079, -119.088656916
48.400079, -119.088656916
48.409079, -119.088656916
48.418079, -119.088656916
48.427079, -119.088656916
48.436079, -119.088656916
48.445079, -119.088656916
48.454079, -119.088656916
48.463079, -119.088656916
48.472079, -119.088656916
48.481079, -119.088656916
48.490079, -119.088656916
48.499079, -119.088656916
48.508079, -119.088656916
48.517079, -119.088656916
48.526079, -119.088656916
48.535079, -119.088656916
48.544079, -119.088656916
48.553079, -119.088656916
48.562079, -119.088656916
48.571079, -119.088656916
48.580079, -119.088656916
48.589079, -119.088656916
48.598079, -119.088656916
48.607079, -119.088656916
48.616079, -119.088656916
48.625079, -119.088656916
48.634079, -119.088656916
48.643079, -119.088656916
48.652079, -119.088656916
48.661079, -119.088656916
48.670079, -119.088656916
48.679079, -119.088656916
48.688079, -119.088656916
48.697079, -119.088656916
48.706079, -119.088656916
48.715079, -119.088656916
48.724079, -119.088656916
48.733079, -119.088656916
48.742079, -119.088656916
48.751079, -119.088656916
48.760079, -119.088656916
48.769079, -119.088656916
48.778079, -119.088656916
48.787079, -119.088656916
48.796079, -119.088656916
48.805079, -119.088656916
48.814079, -119.088656916
48.823079, -119.088656916
48.832079, -119.088656916
48.841079, -119.088656916
48.850079, -119.088656916
48.859079, -119.088656916
48.868079, -119.088656916
48.877079, -119.088656916
48.886079, -119.088656916
48.895079, -119.088656916
48.904079, -119.088656916
48.913079, -119.088656916
48.922079, -119.088656916
48.931079, -119.088656916
48.940079, -119.088656916
48.949079, -119.088656916
46.213079, -119.074950158
46.222079, -119.074950158
46.231079, -119.074950158
46.240079, -119.074950158
46.249079, -119.074950158
46.258079, -119.074950158
46.267079, -119.074950158
46.276079, -119.074950158
46.285079, -119.074950158
46.294079, -119.074950158
46.303079, -119.074950158
46.312079, -119.074950158
46.321079, -119.074950158
46.330079, -119.074950158
46.339079, -119.074950158
46.348079, -119.074950158
46.357079, -119.074950158
46.366079, -119.074950158
46.375079, -119.074950158
46.384079, -119.074950158
46.393079, -119.074950158
46.402079, -119.074950158
46.411079, -119.074950158
46.420079, -119.074950158
46.429079, -119.074950158
46.438079, -119.074950158
46.447079, -119.074950158
46.456079, -119.074950158
46.465079, -119.074950158
46.474079, -119.074950158
46.483079, -119.074950158
46.492079, -119.074950158
46.501079, -119.074950158
46.510079, -119.074950158
46.519079, -119.074950158
46.528079, -119.074950158
46.537079, -119.074950158
46.546079, -119.074950158
46.555079, -119.074950158
46.564079, -119.074950158
46.573079, -119.074950158
46.582079, -119.074950158
46.591079, -119.074950158
46.600079, -119.074950158
46.609079, -119.074950158
46.618079, -119.074950158
46.627079, -119.074950158
46.636079, -119.074950158
46.645079, -119.074950158
46.654079, -119.074950158
46.663079, -119.074950158
46.672079, -119.074950158
46.681079, -119.074950158
46.690079, -119.074950158
46.699079, -119.074950158
46.708079, -119.074950158
46.717079, -119.074950158
46.726079, -119.074950158
46.735079, -119.074950158
46.744079, -119.074950158
46.753079, -119.074950158
46.762079, -119.074950158
46.771079, -119.074950158
46.780079, -119.074950158
46.789079, -119.074950158
46.798079, -119.074950158
46.807079, -119.074950158
46.816079, -119.074950158
46.825079, -119.074950158
46.834079, -119.074950158
46.843079, -119.074950158
46.852079, -119.074950158
46.861079, -119.074950158
46.870079, -119.074950158
46.879079, -119.074950158
46.888079, -119.074950158
46.897079, -119.074950158
46.906079, -119.074950158
46.915079, -119.074950158
46.924079, -119.074950158
46.933079, -119.074950158
46.942079, -119.074950158
46.951079, -119.074950158
46.960079, -119.074950158
46.969079, -119.074950158
46.978079, -119.074950158
46.987079, -119.074950158
46.996079, -119.074950158
47.005079, -119.074950158
47.014079, -119.074950158
47.023079, -119.074950158
47.032079, -119.074950158
47.041079, -119.074950158
47.050079, -119.074950158
47.059079, -119.074950158
47.068079, -119.074950158
47.077079, -119.074950158
47.086079, -119.074950158
47.095079, -119.074950158
47.104079, -119.074950158
47.113079, -119.074950158
47.122079, -119.074950158
47.131079, -119.074950158
47.140079, -119.074950158
47.149079, -119.074950158
47.158079, -119.074950158
47.167079, -119.074950158
47.176079, -119.074950158
47.185079, -119.074950158
47.194079, -119.074950158
47.203079, -119.074950158
47.212079, -119.074950158
47.221079, -119.074950158
47.230079, -119.074950158
47.239079, -119.074950158
47.248079, -119.074950158
47.257079, -119.074950158
47.266079, -119.074950158
47.275079, -119.074950158
47.284079, -119.074950158
47.293079, -119.074950158
47.302079, -119.074950158
47.311079, -119.074950158
47.320079, -119.074950158
47.329079, -119.074950158
47.338079, -119.074950158
47.347079, -119.074950158
47.356079, -119.074950158
47.365079, -119.074950158
47.374079, -119.074950158
47.383079, -119.074950158
47.392079, -119.074950158
47.401079, -119.074950158
47.410079, -119.074950158
47.419079, -119.074950158
47.428079, -119.074950158
47.437079, -119.074950158
47.446079, -119.074950158
47.455079, -119.074950158
47.464079, -119.074950158
47.473079, -119.074950158
47.482079, -119.074950158
47.491079, -119.074950158
47.500079, -119.074950158
47.509079, -119.074950158
47.518079, -119.074950158
47.527079, -119.074950158
47.536079, -119.074950158
47.545079, -119.074950158
47.554079, -119.074950158
47.563079, -119.074950158
47.572079, -119.074950158
47.581079, -119.074950158
47.590079, -119.074950158
47.599079, -119.074950158
47.608079, -119.074950158
47.617079, -119.074950158
47.626079, -119.074950158
47.635079, -119.074950158
47.644079, -119.074950158
47.653079, -119.074950158
47.662079, -119.074950158
47.671079, -119.074950158
47.680079, -119.074950158
47.689079, -119.074950158
47.698079, -119.074950158
47.707079, -119.074950158
47.716079, -119.074950158
47.725079, -119.074950158
47.734079, -119.074950158
47.743079, -119.074950158
47.752079, -119.074950158
47.761079, -119.074950158
47.770079, -119.074950158
47.779079, -119.074950158
47.788079, -119.074950158
47.797079, -119.074950158
47.806079, -119.074950158
47.815079, -119.074950158
47.824079, -119.074950158
47.833079, -119.074950158
47.842079, -119.074950158
47.851079, -119.074950158
47.860079, -119.074950158
47.869079, -119.074950158
47.878079, -119.074950158
47.887079, -119.074950158
47.896079, -119.074950158
47.905079, -119.074950158
47.914079, -119.074950158
47.923079, -119.074950158
47.932079, -119.074950158
47.941079, -119.074950158
47.950079, -119.074950158
47.959079, -119.074950158
47.968079, -119.074950158
47.977079, -119.074950158
47.986079, -119.074950158
47.995079, -119.074950158
48.004079, -119.074950158
48.013079, -119.074950158
48.022079, -119.074950158
48.031079, -119.074950158
48.040079, -119.074950158
48.049079, -119.074950158
48.058079, -119.074950158
48.067079, -119.074950158
48.076079, -119.074950158
48.085079, -119.074950158
48.094079, -119.074950158
48.103079, -119.074950158
48.112079, -119.074950158
48.121079, -119.074950158
48.130079, -119.074950158
48.139079, -119.074950158
48.148079, -119.074950158
48.157079, -119.074950158
48.166079, -119.074950158
48.175079, -119.074950158
48.184079, -119.074950158
48.193079, -119.074950158
48.202079, -119.074950158
48.211079, -119.074950158
48.220079, -119.074950158
48.229079, -119.074950158
48.238079, -119.074950158
48.247079, -119.074950158
48.256079, -119.074950158
48.265079, -119.074950158
48.274079, -119.074950158
48.283079, -119.074950158
48.292079, -119.074950158
48.301079, -119.074950158
48.310079, -119.074950158
48.319079, -119.074950158
48.328079, -119.074950158
48.337079, -119.074950158
48.346079, -119.074950158
48.355079, -119.074950158
48.364079, -119.074950158
48.373079, -119.074950158
48.382079, -119.074950158
48.391079, -119.074950158
48.400079, -119.074950158
48.409079, -119.074950158
48.418079, -119.074950158
48.427079, -119.074950158
48.436079, -119.074950158
48.445079, -119.074950158
48.454079, -119.074950158
48.463079, -119.074950158
48.472079, -119.074950158
48.481079, -119.074950158
48.490079, -119.074950158
48.499079, -119.074950158
48.508079, -119.074950158
48.517079, -119.074950158
48.526079, -119.074950158
48.535079, -119.074950158
48.544079, -119.074950158
48.553079, -119.074950158
48.562079, -119.074950158
48.571079, -119.074950158
48.580079, -119.074950158
48.589079, -119.074950158
48.598079, -119.074950158
48.607079, -119.074950158
48.616079, -119.074950158
48.625079, -119.074950158
48.634079, -119.074950158
48.643079, -119.074950158
48.652079, -119.074950158
48.661079, -119.074950158
48.670079, -119.074950158
48.679079, -119.074950158
48.688079, -119.074950158
48.697079, -119.074950158
48.706079, -119.074950158
48.715079, -119.074950158
48.724079, -119.074950158
48.733079, -119.074950158
48.742079, -119.074950158
48.751079, -119.074950158
48.760079, -119.074950158
48.769079, -119.074950158
48.778079, -119.074950158
48.787079, -119.074950158
48.796079, -119.074950158
48.805079, -119.074950158
48.814079, -119.074950158
48.823079, -119.074950158
48.832079, -119.074950158
48.841079, -119.074950158
48.850079, -119.074950158
48.859079, -119.074950158
48.868079, -119.074950158
48.877079, -119.074950158
48.886079, -119.074950158
48.895079, -119.074950158
48.904079, -119.074950158
48.913079, -119.074950158
48.922079, -119.074950158
48.931079, -119.074950158
48.940079, -119.074950158
48.949079, -119.074950158
46.213079, -119.061243399
46.222079, -119.061243399
46.231079, -119.061243399
46.240079, -119.061243399
46.249079, -119.061243399
46.258079, -119.061243399
46.267079, -119.061243399
46.276079, -119.061243399
46.285079, -119.061243399
46.294079, -119.061243399
46.303079, -119.061243399
46.312079, -119.061243399
46.321079, -119.061243399
46.330079, -119.061243399
46.339079, -119.061243399
46.348079, -119.061243399
46.357079, -119.061243399
46.366079, -119.061243399
46.375079, -119.061243399
46.384079, -119.061243399
46.393079, -119.061243399
46.402079, -119.061243399
46.411079, -119.061243399
46.420079, -119.061243399
46.429079, -119.061243399
46.438079, -119.061243399
46.447079, -119.061243399
46.456079, -119.061243399
46.465079, -119.061243399
46.474079, -119.061243399
46.483079, -119.061243399
46.492079, -119.061243399
46.501079, -119.061243399
46.510079, -119.061243399
46.519079, -119.061243399
46.528079, -119.061243399
46.537079, -119.061243399
46.546079, -119.061243399
46.555079, -119.061243399
46.564079, -119.061243399
46.573079, -119.061243399
46.582079, -119.061243399
46.591079, -119.061243399
46.600079, -119.061243399
46.609079, -119.061243399
46.618079, -119.061243399
46.627079, -119.061243399
46.636079, -119.061243399
46.645079, -119.061243399
46.654079, -119.061243399
46.663079, -119.061243399
46.672079, -119.061243399
46.681079, -119.061243399
46.690079, -119.061243399
46.699079, -119.061243399
46.708079, -119.061243399
46.717079, -119.061243399
46.726079, -119.061243399
46.735079, -119.061243399
46.744079, -119.061243399
46.753079, -119.061243399
46.762079, -119.061243399
46.771079, -119.061243399
46.780079, -119.061243399
46.789079, -119.061243399
46.798079, -119.061243399
46.807079, -119.061243399
46.816079, -119.061243399
46.825079, -119.061243399
46.834079, -119.061243399
46.843079, -119.061243399
46.852079, -119.061243399
46.861079, -119.061243399
46.870079, -119.061243399
46.879079, -119.061243399
46.888079, -119.061243399
46.897079, -119.061243399
46.906079, -119.061243399
46.915079, -119.061243399
46.924079, -119.061243399
46.933079, -119.061243399
46.942079, -119.061243399
46.951079, -119.061243399
46.960079, -119.061243399
46.969079, -119.061243399
46.978079, -119.061243399
46.987079, -119.061243399
46.996079, -119.061243399
47.005079, -119.061243399
47.014079, -119.061243399
47.023079, -119.061243399
47.032079, -119.061243399
47.041079, -119.061243399
47.050079, -119.061243399
47.059079, -119.061243399
47.068079, -119.061243399
47.077079, -119.061243399
47.086079, -119.061243399
47.095079, -119.061243399
47.104079, -119.061243399
47.113079, -119.061243399
47.122079, -119.061243399
47.131079, -119.061243399
47.140079, -119.061243399
47.149079, -119.061243399
47.158079, -119.061243399
47.167079, -119.061243399
47.176079, -119.061243399
47.185079, -119.061243399
47.194079, -119.061243399
47.203079, -119.061243399
47.212079, -119.061243399
47.221079, -119.061243399
47.230079, -119.061243399
47.239079, -119.061243399
47.248079, -119.061243399
47.257079, -119.061243399
47.266079, -119.061243399
47.275079, -119.061243399
47.284079, -119.061243399
47.293079, -119.061243399
47.302079, -119.061243399
47.311079, -119.061243399
47.320079, -119.061243399
47.329079, -119.061243399
47.338079, -119.061243399
47.347079, -119.061243399
47.356079, -119.061243399
47.365079, -119.061243399
47.374079, -119.061243399
47.383079, -119.061243399
47.392079, -119.061243399
47.401079, -119.061243399
47.410079, -119.061243399
47.419079, -119.061243399
47.428079, -119.061243399
47.437079, -119.061243399
47.446079, -119.061243399
47.455079, -119.061243399
47.464079, -119.061243399
47.473079, -119.061243399
47.482079, -119.061243399
47.491079, -119.061243399
47.500079, -119.061243399
47.509079, -119.061243399
47.518079, -119.061243399
47.527079, -119.061243399
47.536079, -119.061243399
47.545079, -119.061243399
47.554079, -119.061243399
47.563079, -119.061243399
47.572079, -119.061243399
47.581079, -119.061243399
47.590079, -119.061243399
47.599079, -119.061243399
47.608079, -119.061243399
47.617079, -119.061243399
47.626079, -119.061243399
47.635079, -119.061243399
47.644079, -119.061243399
47.653079, -119.061243399
47.662079, -119.061243399
47.671079, -119.061243399
47.680079, -119.061243399
47.689079, -119.061243399
47.698079, -119.061243399
47.707079, -119.061243399
47.716079, -119.061243399
47.725079, -119.061243399
47.734079, -119.061243399
47.743079, -119.061243399
47.752079, -119.061243399
47.761079, -119.061243399
47.770079, -119.061243399
47.779079, -119.061243399
47.788079, -119.061243399
47.797079, -119.061243399
47.806079, -119.061243399
47.815079, -119.061243399
47.824079, -119.061243399
47.833079, -119.061243399
47.842079, -119.061243399
47.851079, -119.061243399
47.860079, -119.061243399
47.869079, -119.061243399
47.878079, -119.061243399
47.887079, -119.061243399
47.896079, -119.061243399
47.905079, -119.061243399
47.914079, -119.061243399
47.923079, -119.061243399
47.932079, -119.061243399
47.941079, -119.061243399
47.950079, -119.061243399
47.959079, -119.061243399
47.968079, -119.061243399
47.977079, -119.061243399
47.986079, -119.061243399
47.995079, -119.061243399
48.004079, -119.061243399
48.013079, -119.061243399
48.022079, -119.061243399
48.031079, -119.061243399
48.040079, -119.061243399
48.049079, -119.061243399
48.058079, -119.061243399
48.067079, -119.061243399
48.076079, -119.061243399
48.085079, -119.061243399
48.094079, -119.061243399
48.103079, -119.061243399
48.112079, -119.061243399
48.121079, -119.061243399
48.130079, -119.061243399
48.139079, -119.061243399
48.148079, -119.061243399
48.157079, -119.061243399
48.166079, -119.061243399
48.175079, -119.061243399
48.184079, -119.061243399
48.193079, -119.061243399
48.202079, -119.061243399
48.211079, -119.061243399
48.220079, -119.061243399
48.229079, -119.061243399
48.238079, -119.061243399
48.247079, -119.061243399
48.256079, -119.061243399
48.265079, -119.061243399
48.274079, -119.061243399
48.283079, -119.061243399
48.292079, -119.061243399
48.301079, -119.061243399
48.310079, -119.061243399
48.319079, -119.061243399
48.328079, -119.061243399
48.337079, -119.061243399
48.346079, -119.061243399
48.355079, -119.061243399
48.364079, -119.061243399
48.373079, -119.061243399
48.382079, -119.061243399
48.391079, -119.061243399
48.400079, -119.061243399
48.409079, -119.061243399
48.418079, -119.061243399
48.427079, -119.061243399
48.436079, -119.061243399
48.445079, -119.061243399
48.454079, -119.061243399
48.463079, -119.061243399
48.472079, -119.061243399
48.481079, -119.061243399
48.490079, -119.061243399
48.499079, -119.061243399
48.508079, -119.061243399
48.517079, -119.061243399
48.526079, -119.061243399
48.535079, -119.061243399
48.544079, -119.061243399
48.553079, -119.061243399
48.562079, -119.061243399
48.571079, -119.061243399
48.580079, -119.061243399
48.589079, -119.061243399
48.598079, -119.061243399
48.607079, -119.061243399
48.616079, -119.061243399
48.625079, -119.061243399
48.634079, -119.061243399
48.643079, -119.061243399
48.652079, -119.061243399
48.661079, -119.061243399
48.670079, -119.061243399
48.679079, -119.061243399
48.688079, -119.061243399
48.697079, -119.061243399
48.706079, -119.061243399
48.715079, -119.061243399
48.724079, -119.061243399
48.733079, -119.061243399
48.742079, -119.061243399
48.751079, -119.061243399
48.760079, -119.061243399
48.769079, -119.061243399
48.778079, -119.061243399
48.787079, -119.061243399
48.796079, -119.061243399
48.805079, -119.061243399
48.814079, -119.061243399
48.823079, -119.061243399
48.832079, -119.061243399
48.841079, -119.061243399
48.850079, -119.061243399
48.859079, -119.061243399
48.868079, -119.061243399
48.877079, -119.061243399
48.886079, -119.061243399
48.895079, -119.061243399
48.904079, -119.061243399
48.913079, -119.061243399
48.922079, -119.061243399
48.931079, -119.061243399
48.940079, -119.061243399
48.949079, -119.061243399
46.213079, -119.047536641
46.222079, -119.047536641
46.231079, -119.047536641
46.240079, -119.047536641
46.249079, -119.047536641
46.258079, -119.047536641
46.267079, -119.047536641
46.276079, -119.047536641
46.285079, -119.047536641
46.294079, -119.047536641
46.303079, -119.047536641
46.312079, -119.047536641
46.321079, -119.047536641
46.330079, -119.047536641
46.339079, -119.047536641
46.348079, -119.047536641
46.357079, -119.047536641
46.366079, -119.047536641
46.375079, -119.047536641
46.384079, -119.047536641
46.393079, -119.047536641
46.402079, -119.047536641
46.411079, -119.047536641
46.420079, -119.047536641
46.429079, -119.047536641
46.438079, -119.047536641
46.447079, -119.047536641
46.456079, -119.047536641
46.465079, -119.047536641
46.474079, -119.047536641
46.483079, -119.047536641
46.492079, -119.047536641
46.501079, -119.047536641
46.510079, -119.047536641
46.519079, -119.047536641
46.528079, -119.047536641
46.537079, -119.047536641
46.546079, -119.047536641
46.555079, -119.047536641
46.564079, -119.047536641
46.573079, -119.047536641
46.582079, -119.047536641
46.591079, -119.047536641
46.600079, -119.047536641
46.609079, -119.047536641
46.618079, -119.047536641
46.627079, -119.047536641
46.636079, -119.047536641
46.645079, -119.047536641
46.654079, -119.047536641
46.663079, -119.047536641
46.672079, -119.047536641
46.681079, -119.047536641
46.690079, -119.047536641
46.699079, -119.047536641
46.708079, -119.047536641
46.717079, -119.047536641
46.726079, -119.047536641
46.735079, -119.047536641
46.744079, -119.047536641
46.753079, -119.047536641
46.762079, -119.047536641
46.771079, -119.047536641
46.780079, -119.047536641
46.789079, -119.047536641
46.798079, -119.047536641
46.807079, -119.047536641
46.816079, -119.047536641
46.825079, -119.047536641
46.834079, -119.047536641
46.843079, -119.047536641
46.852079, -119.047536641
46.861079, -119.047536641
46.870079, -119.047536641
46.879079, -119.047536641
46.888079, -119.047536641
46.897079, -119.047536641
46.906079, -119.047536641
46.915079, -119.047536641
46.924079, -119.047536641
46.933079, -119.047536641
46.942079, -119.047536641
46.951079, -119.047536641
46.960079, -119.047536641
46.969079, -119.047536641
46.978079, -119.047536641
46.987079, -119.047536641
46.996079, -119.047536641
47.005079, -119.047536641
47.014079, -119.047536641
47.023079, -119.047536641
47.032079, -119.047536641
47.041079, -119.047536641
47.050079, -119.047536641
47.059079, -119.047536641
47.068079, -119.047536641
47.077079, -119.047536641
47.086079, -119.047536641
47.095079, -119.047536641
47.104079, -119.047536641
47.113079, -119.047536641
47.122079, -119.047536641
47.131079, -119.047536641
47.140079, -119.047536641
47.149079, -119.047536641
47.158079, -119.047536641
47.167079, -119.047536641
47.176079, -119.047536641
47.185079, -119.047536641
47.194079, -119.047536641
47.203079, -119.047536641
47.212079, -119.047536641
47.221079, -119.047536641
47.230079, -119.047536641
47.239079, -119.047536641
47.248079, -119.047536641
47.257079, -119.047536641
47.266079, -119.047536641
47.275079, -119.047536641
47.284079, -119.047536641
47.293079, -119.047536641
47.302079, -119.047536641
47.311079, -119.047536641
47.320079, -119.047536641
47.329079, -119.047536641
47.338079, -119.047536641
47.347079, -119.047536641
47.356079, -119.047536641
47.365079, -119.047536641
47.374079, -119.047536641
47.383079, -119.047536641
47.392079, -119.047536641
47.401079, -119.047536641
47.410079, -119.047536641
47.419079, -119.047536641
47.428079, -119.047536641
47.437079, -119.047536641
47.446079, -119.047536641
47.455079, -119.047536641
47.464079, -119.047536641
47.473079, -119.047536641
47.482079, -119.047536641
47.491079, -119.047536641
47.500079, -119.047536641
47.509079, -119.047536641
47.518079, -119.047536641
47.527079, -119.047536641
47.536079, -119.047536641
47.545079, -119.047536641
47.554079, -119.047536641
47.563079, -119.047536641
47.572079, -119.047536641
47.581079, -119.047536641
47.590079, -119.047536641
47.599079, -119.047536641
47.608079, -119.047536641
47.617079, -119.047536641
47.626079, -119.047536641
47.635079, -119.047536641
47.644079, -119.047536641
47.653079, -119.047536641
47.662079, -119.047536641
47.671079, -119.047536641
47.680079, -119.047536641
47.689079, -119.047536641
47.698079, -119.047536641
47.707079, -119.047536641
47.716079, -119.047536641
47.725079, -119.047536641
47.734079, -119.047536641
47.743079, -119.047536641
47.752079, -119.047536641
47.761079, -119.047536641
47.770079, -119.047536641
47.779079, -119.047536641
47.788079, -119.047536641
47.797079, -119.047536641
47.806079, -119.047536641
47.815079, -119.047536641
47.824079, -119.047536641
47.833079, -119.047536641
47.842079, -119.047536641
47.851079, -119.047536641
47.860079, -119.047536641
47.869079, -119.047536641
47.878079, -119.047536641
47.887079, -119.047536641
47.896079, -119.047536641
47.905079, -119.047536641
47.914079, -119.047536641
47.923079, -119.047536641
47.932079, -119.047536641
47.941079, -119.047536641
47.950079, -119.047536641
47.959079, -119.047536641
47.968079, -119.047536641
47.977079, -119.047536641
47.986079, -119.047536641
47.995079, -119.047536641
48.004079, -119.047536641
48.013079, -119.047536641
48.022079, -119.047536641
48.031079, -119.047536641
48.040079, -119.047536641
48.049079, -119.047536641
48.058079, -119.047536641
48.067079, -119.047536641
48.076079, -119.047536641
48.085079, -119.047536641
48.094079, -119.047536641
48.103079, -119.047536641
48.112079, -119.047536641
48.121079, -119.047536641
48.130079, -119.047536641
48.139079, -119.047536641
48.148079, -119.047536641
48.157079, -119.047536641
48.166079, -119.047536641
48.175079, -119.047536641
48.184079, -119.047536641
48.193079, -119.047536641
48.202079, -119.047536641
48.211079, -119.047536641
48.220079, -119.047536641
48.229079, -119.047536641
48.238079, -119.047536641
48.247079, -119.047536641
48.256079, -119.047536641
48.265079, -119.047536641
48.274079, -119.047536641
48.283079, -119.047536641
48.292079, -119.047536641
48.301079, -119.047536641
48.310079, -119.047536641
48.319079, -119.047536641
48.328079, -119.047536641
48.337079, -119.047536641
48.346079, -119.047536641
48.355079, -119.047536641
48.364079, -119.047536641
48.373079, -119.047536641
48.382079, -119.047536641
48.391079, -119.047536641
48.400079, -119.047536641
48.409079, -119.047536641
48.418079, -119.047536641
48.427079, -119.047536641
48.436079, -119.047536641
48.445079, -119.047536641
48.454079, -119.047536641
48.463079, -119.047536641
48.472079, -119.047536641
48.481079, -119.047536641
48.490079, -119.047536641
48.499079, -119.047536641
48.508079, -119.047536641
48.517079, -119.047536641
48.526079, -119.047536641
48.535079, -119.047536641
48.544079, -119.047536641
48.553079, -119.047536641
48.562079, -119.047536641
48.571079, -119.047536641
48.580079, -119.047536641
48.589079, -119.047536641
48.598079, -119.047536641
48.607079, -119.047536641
48.616079, -119.047536641
48.625079, -119.047536641
48.634079, -119.047536641
48.643079, -119.047536641
48.652079, -119.047536641
48.661079, -119.047536641
48.670079, -119.047536641
48.679079, -119.047536641
48.688079, -119.047536641
48.697079, -119.047536641
48.706079, -119.047536641
48.715079, -119.047536641
48.724079, -119.047536641
48.733079, -119.047536641
48.742079, -119.047536641
48.751079, -119.047536641
48.760079, -119.047536641
48.769079, -119.047536641
48.778079, -119.047536641
48.787079, -119.047536641
48.796079, -119.047536641
48.805079, -119.047536641
48.814079, -119.047536641
48.823079, -119.047536641
48.832079, -119.047536641
48.841079, -119.047536641
48.850079, -119.047536641
48.859079, -119.047536641
48.868079, -119.047536641
48.877079, -119.047536641
48.886079, -119.047536641
48.895079, -119.047536641
48.904079, -119.047536641
48.913079, -119.047536641
48.922079, -119.047536641
48.931079, -119.047536641
48.940079, -119.047536641
48.949079, -119.047536641
46.213079, -119.033829882
46.222079, -119.033829882
46.231079, -119.033829882
46.240079, -119.033829882
46.249079, -119.033829882
46.258079, -119.033829882
46.267079, -119.033829882
46.276079, -119.033829882
46.285079, -119.033829882
46.294079, -119.033829882
46.303079, -119.033829882
46.312079, -119.033829882
46.321079, -119.033829882
46.330079, -119.033829882
46.339079, -119.033829882
46.348079, -119.033829882
46.357079, -119.033829882
46.366079, -119.033829882
46.375079, -119.033829882
46.384079, -119.033829882
46.393079, -119.033829882
46.402079, -119.033829882
46.411079, -119.033829882
46.420079, -119.033829882
46.429079, -119.033829882
46.438079, -119.033829882
46.447079, -119.033829882
46.456079, -119.033829882
46.465079, -119.033829882
46.474079, -119.033829882
46.483079, -119.033829882
46.492079, -119.033829882
46.501079, -119.033829882
46.510079, -119.033829882
46.519079, -119.033829882
46.528079, -119.033829882
46.537079, -119.033829882
46.546079, -119.033829882
46.555079, -119.033829882
46.564079, -119.033829882
46.573079, -119.033829882
46.582079, -119.033829882
46.591079, -119.033829882
46.600079, -119.033829882
46.609079, -119.033829882
46.618079, -119.033829882
46.627079, -119.033829882
46.636079, -119.033829882
46.645079, -119.033829882
46.654079, -119.033829882
46.663079, -119.033829882
46.672079, -119.033829882
46.681079, -119.033829882
46.690079, -119.033829882
46.699079, -119.033829882
46.708079, -119.033829882
46.717079, -119.033829882
46.726079, -119.033829882
46.735079, -119.033829882
46.744079, -119.033829882
46.753079, -119.033829882
46.762079, -119.033829882
46.771079, -119.033829882
46.780079, -119.033829882
46.789079, -119.033829882
46.798079, -119.033829882
46.807079, -119.033829882
46.816079, -119.033829882
46.825079, -119.033829882
46.834079, -119.033829882
46.843079, -119.033829882
46.852079, -119.033829882
46.861079, -119.033829882
46.870079, -119.033829882
46.879079, -119.033829882
46.888079, -119.033829882
46.897079, -119.033829882
46.906079, -119.033829882
46.915079, -119.033829882
46.924079, -119.033829882
46.933079, -119.033829882
46.942079, -119.033829882
46.951079, -119.033829882
46.960079, -119.033829882
46.969079, -119.033829882
46.978079, -119.033829882
46.987079, -119.033829882
46.996079, -119.033829882
47.005079, -119.033829882
47.014079, -119.033829882
47.023079, -119.033829882
47.032079, -119.033829882
47.041079, -119.033829882
47.050079, -119.033829882
47.059079, -119.033829882
47.068079, -119.033829882
47.077079, -119.033829882
47.086079, -119.033829882
47.095079, -119.033829882
47.104079, -119.033829882
47.113079, -119.033829882
47.122079, -119.033829882
47.131079, -119.033829882
47.140079, -119.033829882
47.149079, -119.033829882
47.158079, -119.033829882
47.167079, -119.033829882
47.176079, -119.033829882
47.185079, -119.033829882
47.194079, -119.033829882
47.203079, -119.033829882
47.212079, -119.033829882
47.221079, -119.033829882
47.230079, -119.033829882
47.239079, -119.033829882
47.248079, -119.033829882
47.257079, -119.033829882
47.266079, -119.033829882
47.275079, -119.033829882
47.284079, -119.033829882
47.293079, -119.033829882
47.302079, -119.033829882
47.311079, -119.033829882
47.320079, -119.033829882
47.329079, -119.033829882
47.338079, -119.033829882
47.347079, -119.033829882
47.356079, -119.033829882
47.365079, -119.033829882
47.374079, -119.033829882
47.383079, -119.033829882
47.392079, -119.033829882
47.401079, -119.033829882
47.410079, -119.033829882
47.419079, -119.033829882
47.428079, -119.033829882
47.437079, -119.033829882
47.446079, -119.033829882
47.455079, -119.033829882
47.464079, -119.033829882
47.473079, -119.033829882
47.482079, -119.033829882
47.491079, -119.033829882
47.500079, -119.033829882
47.509079, -119.033829882
47.518079, -119.033829882
47.527079, -119.033829882
47.536079, -119.033829882
47.545079, -119.033829882
47.554079, -119.033829882
47.563079, -119.033829882
47.572079, -119.033829882
47.581079, -119.033829882
47.590079, -119.033829882
47.599079, -119.033829882
47.608079, -119.033829882
47.617079, -119.033829882
47.626079, -119.033829882
47.635079, -119.033829882
47.644079, -119.033829882
47.653079, -119.033829882
47.662079, -119.033829882
47.671079, -119.033829882
47.680079, -119.033829882
47.689079, -119.033829882
47.698079, -119.033829882
47.707079, -119.033829882
47.716079, -119.033829882
47.725079, -119.033829882
47.734079, -119.033829882
47.743079, -119.033829882
47.752079, -119.033829882
47.761079, -119.033829882
47.770079, -119.033829882
47.779079, -119.033829882
47.788079, -119.033829882
47.797079, -119.033829882
47.806079, -119.033829882
47.815079, -119.033829882
47.824079, -119.033829882
47.833079, -119.033829882
47.842079, -119.033829882
47.851079, -119.033829882
47.860079, -119.033829882
47.869079, -119.033829882
47.878079, -119.033829882
47.887079, -119.033829882
47.896079, -119.033829882
47.905079, -119.033829882
47.914079, -119.033829882
47.923079, -119.033829882
47.932079, -119.033829882
47.941079, -119.033829882
47.950079, -119.033829882
47.959079, -119.033829882
47.968079, -119.033829882
47.977079, -119.033829882
47.986079, -119.033829882
47.995079, -119.033829882
48.004079, -119.033829882
48.013079, -119.033829882
48.022079, -119.033829882
48.031079, -119.033829882
48.040079, -119.033829882
48.049079, -119.033829882
48.058079, -119.033829882
48.067079, -119.033829882
48.076079, -119.033829882
48.085079, -119.033829882
48.094079, -119.033829882
48.103079, -119.033829882
48.112079, -119.033829882
48.121079, -119.033829882
48.130079, -119.033829882
48.139079, -119.033829882
48.148079, -119.033829882
48.157079, -119.033829882
48.166079, -119.033829882
48.175079, -119.033829882
48.184079, -119.033829882
48.193079, -119.033829882
48.202079, -119.033829882
48.211079, -119.033829882
48.220079, -119.033829882
48.229079, -119.033829882
48.238079, -119.033829882
48.247079, -119.033829882
48.256079, -119.033829882
48.265079, -119.033829882
48.274079, -119.033829882
48.283079, -119.033829882
48.292079, -119.033829882
48.301079, -119.033829882
48.310079, -119.033829882
48.319079, -119.033829882
48.328079, -119.033829882
48.337079, -119.033829882
48.346079, -119.033829882
48.355079, -119.033829882
48.364079, -119.033829882
48.373079, -119.033829882
48.382079, -119.033829882
48.391079, -119.033829882
48.400079, -119.033829882
48.409079, -119.033829882
48.418079, -119.033829882
48.427079, -119.033829882
48.436079, -119.033829882
48.445079, -119.033829882
48.454079, -119.033829882
48.463079, -119.033829882
48.472079, -119.033829882
48.481079, -119.033829882
48.490079, -119.033829882
48.499079, -119.033829882
48.508079, -119.033829882
48.517079, -119.033829882
48.526079, -119.033829882
48.535079, -119.033829882
48.544079, -119.033829882
48.553079, -119.033829882
48.562079, -119.033829882
48.571079, -119.033829882
48.580079, -119.033829882
48.589079, -119.033829882
48.598079, -119.033829882
48.607079, -119.033829882
48.616079, -119.033829882
48.625079, -119.033829882
48.634079, -119.033829882
48.643079, -119.033829882
48.652079, -119.033829882
48.661079, -119.033829882
48.670079, -119.033829882
48.679079, -119.033829882
48.688079, -119.033829882
48.697079, -119.033829882
48.706079, -119.033829882
48.715079, -119.033829882
48.724079, -119.033829882
48.733079, -119.033829882
48.742079, -119.033829882
48.751079, -119.033829882
48.760079, -119.033829882
48.769079, -119.033829882
48.778079, -119.033829882
48.787079, -119.033829882
48.796079, -119.033829882
48.805079, -119.033829882
48.814079, -119.033829882
48.823079, -119.033829882
48.832079, -119.033829882
48.841079, -119.033829882
48.850079, -119.033829882
48.859079, -119.033829882
48.868079, -119.033829882
48.877079, -119.033829882
48.886079, -119.033829882
48.895079, -119.033829882
48.904079, -119.033829882
48.913079, -119.033829882
48.922079, -119.033829882
48.931079, -119.033829882
48.940079, -119.033829882
48.949079, -119.033829882
46.213079, -119.020123124
46.222079, -119.020123124
46.231079, -119.020123124
46.240079, -119.020123124
46.249079, -119.020123124
46.258079, -119.020123124
46.267079, -119.020123124
46.276079, -119.020123124
46.285079, -119.020123124
46.294079, -119.020123124
46.303079, -119.020123124
46.312079, -119.020123124
46.321079, -119.020123124
46.330079, -119.020123124
46.339079, -119.020123124
46.348079, -119.020123124
46.357079, -119.020123124
46.366079, -119.020123124
46.375079, -119.020123124
46.384079, -119.020123124
46.393079, -119.020123124
46.402079, -119.020123124
46.411079, -119.020123124
46.420079, -119.020123124
46.429079, -119.020123124
46.438079, -119.020123124
46.447079, -119.020123124
46.456079, -119.020123124
46.465079, -119.020123124
46.474079, -119.020123124
46.483079, -119.020123124
46.492079, -119.020123124
46.501079, -119.020123124
46.510079, -119.020123124
46.519079, -119.020123124
46.528079, -119.020123124
46.537079, -119.020123124
46.546079, -119.020123124
46.555079, -119.020123124
46.564079, -119.020123124
46.573079, -119.020123124
46.582079, -119.020123124
46.591079, -119.020123124
46.600079, -119.020123124
46.609079, -119.020123124
46.618079, -119.020123124
46.627079, -119.020123124
46.636079, -119.020123124
46.645079, -119.020123124
46.654079, -119.020123124
46.663079, -119.020123124
46.672079, -119.020123124
46.681079, -119.020123124
46.690079, -119.020123124
46.699079, -119.020123124
46.708079, -119.020123124
46.717079, -119.020123124
46.726079, -119.020123124
46.735079, -119.020123124
46.744079, -119.020123124
46.753079, -119.020123124
46.762079, -119.020123124
46.771079, -119.020123124
46.780079, -119.020123124
46.789079, -119.020123124
46.798079, -119.020123124
46.807079, -119.020123124
46.816079, -119.020123124
46.825079, -119.020123124
46.834079, -119.020123124
46.843079, -119.020123124
46.852079, -119.020123124
46.861079, -119.020123124
46.870079, -119.020123124
46.879079, -119.020123124
46.888079, -119.020123124
46.897079, -119.020123124
46.906079, -119.020123124
46.915079, -119.020123124
46.924079, -119.020123124
46.933079, -119.020123124
46.942079, -119.020123124
46.951079, -119.020123124
46.960079, -119.020123124
46.969079, -119.020123124
46.978079, -119.020123124
46.987079, -119.020123124
46.996079, -119.020123124
47.005079, -119.020123124
47.014079, -119.020123124
47.023079, -119.020123124
47.032079, -119.020123124
47.041079, -119.020123124
47.050079, -119.020123124
47.059079, -119.020123124
47.068079, -119.020123124
47.077079, -119.020123124
47.086079, -119.020123124
47.095079, -119.020123124
47.104079, -119.020123124
47.113079, -119.020123124
47.122079, -119.020123124
47.131079, -119.020123124
47.140079, -119.020123124
47.149079, -119.020123124
47.158079, -119.020123124
47.167079, -119.020123124
47.176079, -119.020123124
47.185079, -119.020123124
47.194079, -119.020123124
47.203079, -119.020123124
47.212079, -119.020123124
47.221079, -119.020123124
47.230079, -119.020123124
47.239079, -119.020123124
47.248079, -119.020123124
47.257079, -119.020123124
47.266079, -119.020123124
47.275079, -119.020123124
47.284079, -119.020123124
47.293079, -119.020123124
47.302079, -119.020123124
47.311079, -119.020123124
47.320079, -119.020123124
47.329079, -119.020123124
47.338079, -119.020123124
47.347079, -119.020123124
47.356079, -119.020123124
47.365079, -119.020123124
47.374079, -119.020123124
47.383079, -119.020123124
47.392079, -119.020123124
47.401079, -119.020123124
47.410079, -119.020123124
47.419079, -119.020123124
47.428079, -119.020123124
47.437079, -119.020123124
47.446079, -119.020123124
47.455079, -119.020123124
47.464079, -119.020123124
47.473079, -119.020123124
47.482079, -119.020123124
47.491079, -119.020123124
47.500079, -119.020123124
47.509079, -119.020123124
47.518079, -119.020123124
47.527079, -119.020123124
47.536079, -119.020123124
47.545079, -119.020123124
47.554079, -119.020123124
47.563079, -119.020123124
47.572079, -119.020123124
47.581079, -119.020123124
47.590079, -119.020123124
47.599079, -119.020123124
47.608079, -119.020123124
47.617079, -119.020123124
47.626079, -119.020123124
47.635079, -119.020123124
47.644079, -119.020123124
47.653079, -119.020123124
47.662079, -119.020123124
47.671079, -119.020123124
47.680079, -119.020123124
47.689079, -119.020123124
47.698079, -119.020123124
47.707079, -119.020123124
47.716079, -119.020123124
47.725079, -119.020123124
47.734079, -119.020123124
47.743079, -119.020123124
47.752079, -119.020123124
47.761079, -119.020123124
47.770079, -119.020123124
47.779079, -119.020123124
47.788079, -119.020123124
47.797079, -119.020123124
47.806079, -119.020123124
47.815079, -119.020123124
47.824079, -119.020123124
47.833079, -119.020123124
47.842079, -119.020123124
47.851079, -119.020123124
47.860079, -119.020123124
47.869079, -119.020123124
47.878079, -119.020123124
47.887079, -119.020123124
47.896079, -119.020123124
47.905079, -119.020123124
47.914079, -119.020123124
47.923079, -119.020123124
47.932079, -119.020123124
47.941079, -119.020123124
47.950079, -119.020123124
47.959079, -119.020123124
47.968079, -119.020123124
47.977079, -119.020123124
47.986079, -119.020123124
47.995079, -119.020123124
48.004079, -119.020123124
48.013079, -119.020123124
48.022079, -119.020123124
48.031079, -119.020123124
48.040079, -119.020123124
48.049079, -119.020123124
48.058079, -119.020123124
48.067079, -119.020123124
48.076079, -119.020123124
48.085079, -119.020123124
48.094079, -119.020123124
48.103079, -119.020123124
48.112079, -119.020123124
48.121079, -119.020123124
48.130079, -119.020123124
48.139079, -119.020123124
48.148079, -119.020123124
48.157079, -119.020123124
48.166079, -119.020123124
48.175079, -119.020123124
48.184079, -119.020123124
48.193079, -119.020123124
48.202079, -119.020123124
48.211079, -119.020123124
48.220079, -119.020123124
48.229079, -119.020123124
48.238079, -119.020123124
48.247079, -119.020123124
48.256079, -119.020123124
48.265079, -119.020123124
48.274079, -119.020123124
48.283079, -119.020123124
48.292079, -119.020123124
48.301079, -119.020123124
48.310079, -119.020123124
48.319079, -119.020123124
48.328079, -119.020123124
48.337079, -119.020123124
48.346079, -119.020123124
48.355079, -119.020123124
48.364079, -119.020123124
48.373079, -119.020123124
48.382079, -119.020123124
48.391079, -119.020123124
48.400079, -119.020123124
48.409079, -119.020123124
48.418079, -119.020123124
48.427079, -119.020123124
48.436079, -119.020123124
48.445079, -119.020123124
48.454079, -119.020123124
48.463079, -119.020123124
48.472079, -119.020123124
48.481079, -119.020123124
48.490079, -119.020123124
48.499079, -119.020123124
48.508079, -119.020123124
48.517079, -119.020123124
48.526079, -119.020123124
48.535079, -119.020123124
48.544079, -119.020123124
48.553079, -119.020123124
48.562079, -119.020123124
48.571079, -119.020123124
48.580079, -119.020123124
48.589079, -119.020123124
48.598079, -119.020123124
48.607079, -119.020123124
48.616079, -119.020123124
48.625079, -119.020123124
48.634079, -119.020123124
48.643079, -119.020123124
48.652079, -119.020123124
48.661079, -119.020123124
48.670079, -119.020123124
48.679079, -119.020123124
48.688079, -119.020123124
48.697079, -119.020123124
48.706079, -119.020123124
48.715079, -119.020123124
48.724079, -119.020123124
48.733079, -119.020123124
48.742079, -119.020123124
48.751079, -119.020123124
48.760079, -119.020123124
48.769079, -119.020123124
48.778079, -119.020123124
48.787079, -119.020123124
48.796079, -119.020123124
48.805079, -119.020123124
48.814079, -119.020123124
48.823079, -119.020123124
48.832079, -119.020123124
48.841079, -119.020123124
48.850079, -119.020123124
48.859079, -119.020123124
48.868079, -119.020123124
48.877079, -119.020123124
48.886079, -119.020123124
48.895079, -119.020123124
48.904079, -119.020123124
48.913079, -119.020123124
48.922079, -119.020123124
48.931079, -119.020123124
48.940079, -119.020123124
48.949079, -119.020123124
46.213079, -119.006416365
46.222079, -119.006416365
46.231079, -119.006416365
46.240079, -119.006416365
46.249079, -119.006416365
46.258079, -119.006416365
46.267079, -119.006416365
46.276079, -119.006416365
46.285079, -119.006416365
46.294079, -119.006416365
46.303079, -119.006416365
46.312079, -119.006416365
46.321079, -119.006416365
46.330079, -119.006416365
46.339079, -119.006416365
46.348079, -119.006416365
46.357079, -119.006416365
46.366079, -119.006416365
46.375079, -119.006416365
46.384079, -119.006416365
46.393079, -119.006416365
46.402079, -119.006416365
46.411079, -119.006416365
46.420079, -119.006416365
46.429079, -119.006416365
46.438079, -119.006416365
46.447079, -119.006416365
46.456079, -119.006416365
46.465079, -119.006416365
46.474079, -119.006416365
46.483079, -119.006416365
46.492079, -119.006416365
46.501079, -119.006416365
46.510079, -119.006416365
46.519079, -119.006416365
46.528079, -119.006416365
46.537079, -119.006416365
46.546079, -119.006416365
46.555079, -119.006416365
46.564079, -119.006416365
46.573079, -119.006416365
46.582079, -119.006416365
46.591079, -119.006416365
46.600079, -119.006416365
46.609079, -119.006416365
46.618079, -119.006416365
46.627079, -119.006416365
46.636079, -119.006416365
46.645079, -119.006416365
46.654079, -119.006416365
46.663079, -119.006416365
46.672079, -119.006416365
46.681079, -119.006416365
46.690079, -119.006416365
46.699079, -119.006416365
46.708079, -119.006416365
46.717079, -119.006416365
46.726079, -119.006416365
46.735079, -119.006416365
46.744079, -119.006416365
46.753079, -119.006416365
