48.112079, -121.062430139
48.121079, -121.062430139
48.130079, -121.062430139
48.139079, -121.062430139
48.148079, -121.062430139
48.157079, -121.062430139
48.166079, -121.062430139
48.175079, -121.062430139
48.184079, -121.062430139
48.193079, -121.062430139
48.202079, -121.062430139
48.211079, -121.062430139
48.220079, -121.062430139
48.229079, -121.062430139
48.238079, -121.062430139
48.247079, -121.062430139
48.256079, -121.062430139
48.265079, -121.062430139
48.274079, -121.062430139
48.283079, -121.062430139
48.292079, -121.062430139
48.301079, -121.062430139
48.310079, -121.062430139
48.319079, -121.062430139
48.328079, -121.062430139
48.337079, -121.062430139
48.346079, -121.062430139
48.355079, -121.062430139
48.364079, -121.062430139
48.373079, -121.062430139
48.382079, -121.062430139
48.391079, -121.062430139
48.400079, -121.062430139
48.409079, -121.062430139
48.418079, -121.062430139
48.427079, -121.062430139
48.436079, -121.062430139
48.445079, -121.062430139
48.454079, -121.062430139
48.463079, -121.062430139
48.472079, -121.062430139
48.481079, -121.062430139
48.490079, -121.062430139
48.499079, -121.062430139
48.508079, -121.062430139
48.517079, -121.062430139
48.526079, -121.062430139
48.535079, -121.062430139
48.544079, -121.062430139
48.553079, -121.062430139
48.562079, -121.062430139
48.571079, -121.062430139
48.580079, -121.062430139
48.589079, -121.062430139
48.598079, -121.062430139
48.607079, -121.062430139
48.616079, -121.062430139
48.625079, -121.062430139
48.634079, -121.062430139
48.643079, -121.062430139
48.652079, -121.062430139
48.661079, -121.062430139
48.670079, -121.062430139
48.679079, -121.062430139
48.688079, -121.062430139
48.697079, -121.062430139
48.706079, -121.062430139
48.715079, -121.062430139
48.724079, -121.062430139
48.733079, -121.062430139
48.742079, -121.062430139
48.751079, -121.062430139
48.760079, -121.062430139
48.769079, -121.062430139
48.778079, -121.062430139
48.787079, -121.062430139
48.796079, -121.062430139
48.805079, -121.062430139
48.814079, -121.062430139
48.823079, -121.062430139
48.832079, -121.062430139
48.841079, -121.062430139
48.850079, -121.062430139
48.859079, -121.062430139
48.868079, -121.062430139
48.877079, -121.062430139
48.886079, -121.062430139
48.895079, -121.062430139
48.904079, -121.062430139
48.913079, -121.062430139
48.922079, -121.062430139
48.931079, -121.062430139
48.940079, -121.062430139
48.949079, -121.062430139
46.213079, -121.048723381
46.222079, -121.048723381
46.231079, -121.048723381
46.240079, -121.048723381
46.249079, -121.048723381
46.258079, -121.048723381
46.267079, -121.048723381
46.276079, -121.048723381
46.285079, -121.048723381
46.294079, -121.048723381
46.303079, -121.048723381
46.312079, -121.048723381
46.321079, -121.048723381
46.330079, -121.048723381
46.339079, -121.048723381
46.348079, -121.048723381
46.357079, -121.048723381
46.366079, -121.048723381
46.375079, -121.048723381
46.384079, -121.048723381
46.393079, -121.048723381
46.402079, -121.048723381
46.411079, -121.048723381
46.420079, -121.048723381
46.429079, -121.048723381
46.438079, -121.048723381
46.447079, -121.048723381
46.456079, -121.048723381
46.465079, -121.048723381
46.474079, -121.048723381
46.483079, -121.048723381
46.492079, -121.048723381
46.501079, -121.048723381
46.510079, -121.048723381
46.519079, -121.048723381
46.528079, -121.048723381
46.537079, -121.048723381
46.546079, -121.048723381
46.555079, -121.048723381
46.564079, -121.048723381
46.573079, -121.048723381
46.582079, -121.048723381
46.591079, -121.048723381
46.600079, -121.048723381
46.609079, -121.048723381
46.618079, -121.048723381
46.627079, -121.048723381
46.636079, -121.048723381
46.645079, -121.048723381
46.654079, -121.048723381
46.663079, -121.048723381
46.672079, -121.048723381
46.681079, -121.048723381
46.690079, -121.048723381
46.699079, -121.048723381
46.708079, -121.048723381
46.717079, -121.048723381
46.726079, -121.048723381
46.735079, -121.048723381
46.744079, -121.048723381
46.753079, -121.048723381
46.762079, -121.048723381
46.771079, -121.048723381
46.780079, -121.048723381
46.789079, -121.048723381
46.798079, -121.048723381
46.807079, -121.048723381
46.816079, -121.048723381
46.825079, -121.048723381
46.834079, -121.048723381
46.843079, -121.048723381
46.852079, -121.048723381
46.861079, -121.048723381
46.870079, -121.048723381
46.879079, -121.048723381
46.888079, -121.048723381
46.897079, -121.048723381
46.906079, -121.048723381
46.915079, -121.048723381
46.924079, -121.048723381
46.933079, -121.048723381
46.942079, -121.048723381
46.951079, -121.048723381
46.960079, -121.048723381
46.969079, -121.048723381
46.978079, -121.048723381
46.987079, -121.048723381
46.996079, -121.048723381
47.005079, -121.048723381
47.014079, -121.048723381
47.023079, -121.048723381
47.032079, -121.048723381
47.041079, -121.048723381
47.050079, -121.048723381
47.059079, -121.048723381
47.068079, -121.048723381
47.077079, -121.048723381
47.086079, -121.048723381
47.095079, -121.048723381
47.104079, -121.048723381
47.113079, -121.048723381
47.122079, -121.048723381
47.131079, -121.048723381
47.140079, -121.048723381
47.149079, -121.048723381
47.158079, -121.048723381
47.167079, -121.048723381
47.176079, -121.048723381
47.185079, -121.048723381
47.194079, -121.048723381
47.203079, -121.048723381
47.212079, -121.048723381
47.221079, -121.048723381
47.230079, -121.048723381
47.239079, -121.048723381
47.248079, -121.048723381
47.257079, -121.048723381
47.266079, -121.048723381
47.275079, -121.048723381
47.284079, -121.048723381
47.293079, -121.048723381
47.302079, -121.048723381
47.311079, -121.048723381
47.320079, -121.048723381
47.329079, -121.048723381
47.338079, -121.048723381
47.347079, -121.048723381
47.356079, -121.048723381
47.365079, -121.048723381
47.374079, -121.048723381
47.383079, -121.048723381
47.392079, -121.048723381
47.401079, -121.048723381
47.410079, -121.048723381
47.419079, -121.048723381
47.428079, -121.048723381
47.437079, -121.048723381
47.446079, -121.048723381
47.455079, -121.048723381
47.464079, -121.048723381
47.473079, -121.048723381
47.482079, -121.048723381
47.491079, -121.048723381
47.500079, -121.048723381
47.509079, -121.048723381
47.518079, -121.048723381
47.527079, -121.048723381
47.536079, -121.048723381
47.545079, -121.048723381
47.554079, -121.048723381
47.563079, -121.048723381
47.572079, -121.048723381
47.581079, -121.048723381
47.590079, -121.048723381
47.599079, -121.048723381
47.608079, -121.048723381
47.617079, -121.048723381
47.626079, -121.048723381
47.635079, -121.048723381
47.644079, -121.048723381
47.653079, -121.048723381
47.662079, -121.048723381
47.671079, -121.048723381
47.680079, -121.048723381
47.689079, -121.048723381
47.698079, -121.048723381
47.707079, -121.048723381
47.716079, -121.048723381
47.725079, -121.048723381
47.734079, -121.048723381
47.743079, -121.048723381
47.752079, -121.048723381
47.761079, -121.048723381
47.770079, -121.048723381
47.779079, -121.048723381
47.788079, -121.048723381
47.797079, -121.048723381
47.806079, -121.048723381
47.815079, -121.048723381
47.824079, -121.048723381
47.833079, -121.048723381
47.842079, -121.048723381
47.851079, -121.048723381
47.860079, -121.048723381
47.869079, -121.048723381
47.878079, -121.048723381
47.887079, -121.048723381
47.896079, -121.048723381
47.905079, -121.048723381
47.914079, -121.048723381
47.923079, -121.048723381
47.932079, -121.048723381
47.941079, -121.048723381
47.950079, -121.048723381
47.959079, -121.048723381
47.968079, -121.048723381
47.977079, -121.048723381
47.986079, -121.048723381
47.995079, -121.048723381
48.004079, -121.048723381
48.013079, -121.048723381
48.022079, -121.048723381
48.031079, -121.048723381
48.040079, -121.048723381
48.049079, -121.048723381
48.058079, -121.048723381
48.067079, -121.048723381
48.076079, -121.048723381
48.085079, -121.048723381
48.094079, -121.048723381
48.103079, -121.048723381
48.112079, -121.048723381
48.121079, -121.048723381
48.130079, -121.048723381
48.139079, -121.048723381
48.148079, -121.048723381
48.157079, -121.048723381
48.166079, -121.048723381
48.175079, -121.048723381
48.184079, -121.048723381
48.193079, -121.048723381
48.202079, -121.048723381
48.211079, -121.048723381
48.220079, -121.048723381
48.229079, -121.048723381
48.238079, -121.048723381
48.247079, -121.048723381
48.256079, -121.048723381
48.265079, -121.048723381
48.274079, -121.048723381
48.283079, -121.048723381
48.292079, -121.048723381
48.301079, -121.048723381
48.310079, -121.048723381
48.319079, -121.048723381
48.328079, -121.048723381
48.337079, -121.048723381
48.346079, -121.048723381
48.355079, -121.048723381
48.364079, -121.048723381
48.373079, -121.048723381
48.382079, -121.048723381
48.391079, -121.048723381
48.400079, -121.048723381
48.409079, -121.048723381
48.418079, -121.048723381
48.427079, -121.048723381
48.436079, -121.048723381
48.445079, -121.048723381
48.454079, -121.048723381
48.463079, -121.048723381
48.472079, -121.048723381
48.481079, -121.048723381
48.490079, -121.048723381
48.499079, -121.048723381
48.508079, -121.048723381
48.517079, -121.048723381
48.526079, -121.048723381
48.535079, -121.048723381
48.544079, -121.048723381
48.553079, -121.048723381
48.562079, -121.048723381
48.571079, -121.048723381
48.580079, -121.048723381
48.589079, -121.048723381
48.598079, -121.048723381
48.607079, -121.048723381
48.616079, -121.048723381
48.625079, -121.048723381
48.634079, -121.048723381
48.643079, -121.048723381
48.652079, -121.048723381
48.661079, -121.048723381
48.670079, -121.048723381
48.679079, -121.048723381
48.688079, -121.048723381
48.697079, -121.048723381
48.706079, -121.048723381
48.715079, -121.048723381
48.724079, -121.048723381
48.733079, -121.048723381
48.742079, -121.048723381
48.751079, -121.048723381
48.760079, -121.048723381
48.769079, -121.048723381
48.778079, -121.048723381
48.787079, -121.048723381
48.796079, -121.048723381
48.805079, -121.048723381
48.814079, -121.048723381
48.823079, -121.048723381
48.832079, -121.048723381
48.841079, -121.048723381
48.850079, -121.048723381
48.859079, -121.048723381
48.868079, -121.048723381
48.877079, -121.048723381
48.886079, -121.048723381
48.895079, -121.048723381
48.904079, -121.048723381
48.913079, -121.048723381
48.922079, -121.048723381
48.931079, -121.048723381
48.940079, -121.048723381
48.949079, -121.048723381
46.213079, -121.035016622
46.222079, -121.035016622
46.231079, -121.035016622
46.240079, -121.035016622
46.249079, -121.035016622
46.258079, -121.035016622
46.267079, -121.035016622
46.276079, -121.035016622
46.285079, -121.035016622
46.294079, -121.035016622
46.303079, -121.035016622
46.312079, -121.035016622
46.321079, -121.035016622
46.330079, -121.035016622
46.339079, -121.035016622
46.348079, -121.035016622
46.357079, -121.035016622
46.366079, -121.035016622
46.375079, -121.035016622
46.384079, -121.035016622
46.393079, -121.035016622
46.402079, -121.035016622
46.411079, -121.035016622
46.420079, -121.035016622
46.429079, -121.035016622
46.438079, -121.035016622
46.447079, -121.035016622
46.456079, -121.035016622
46.465079, -121.035016622
46.474079, -121.035016622
46.483079, -121.035016622
46.492079, -121.035016622
46.501079, -121.035016622
46.510079, -121.035016622
46.519079, -121.035016622
46.528079, -121.035016622
46.537079, -121.035016622
46.546079, -121.035016622
46.555079, -121.035016622
46.564079, -121.035016622
46.573079, -121.035016622
46.582079, -121.035016622
46.591079, -121.035016622
46.600079, -121.035016622
46.609079, -121.035016622
46.618079, -121.035016622
46.627079, -121.035016622
46.636079, -121.035016622
46.645079, -121.035016622
46.654079, -121.035016622
46.663079, -121.035016622
46.672079, -121.035016622
46.681079, -121.035016622
46.690079, -121.035016622
46.699079, -121.035016622
46.708079, -121.035016622
46.717079, -121.035016622
46.726079, -121.035016622
46.735079, -121.035016622
46.744079, -121.035016622
46.753079, -121.035016622
46.762079, -121.035016622
46.771079, -121.035016622
46.780079, -121.035016622
46.789079, -121.035016622
46.798079, -121.035016622
46.807079, -121.035016622
46.816079, -121.035016622
46.825079, -121.035016622
46.834079, -121.035016622
46.843079, -121.035016622
46.852079, -121.035016622
46.861079, -121.035016622
46.870079, -121.035016622
46.879079, -121.035016622
46.888079, -121.035016622
46.897079, -121.035016622
46.906079, -121.035016622
46.915079, -121.035016622
46.924079, -121.035016622
46.933079, -121.035016622
46.942079, -121.035016622
46.951079, -121.035016622
46.960079, -121.035016622
46.969079, -121.035016622
46.978079, -121.035016622
46.987079, -121.035016622
46.996079, -121.035016622
47.005079, -121.035016622
47.014079, -121.035016622
47.023079, -121.035016622
47.032079, -121.035016622
47.041079, -121.035016622
47.050079, -121.035016622
47.059079, -121.035016622
47.068079, -121.035016622
47.077079, -121.035016622
47.086079, -121.035016622
47.095079, -121.035016622
47.104079, -121.035016622
47.113079, -121.035016622
47.122079, -121.035016622
47.131079, -121.035016622
47.140079, -121.035016622
47.149079, -121.035016622
47.158079, -121.035016622
47.167079, -121.035016622
47.176079, -121.035016622
47.185079, -121.035016622
47.194079, -121.035016622
47.203079, -121.035016622
47.212079, -121.035016622
47.221079, -121.035016622
47.230079, -121.035016622
47.239079, -121.035016622
47.248079, -121.035016622
47.257079, -121.035016622
47.266079, -121.035016622
47.275079, -121.035016622
47.284079, -121.035016622
47.293079, -121.035016622
47.302079, -121.035016622
47.311079, -121.035016622
47.320079, -121.035016622
47.329079, -121.035016622
47.338079, -121.035016622
47.347079, -121.035016622
47.356079, -121.035016622
47.365079, -121.035016622
47.374079, -121.035016622
47.383079, -121.035016622
47.392079, -121.035016622
47.401079, -121.035016622
47.410079, -121.035016622
47.419079, -121.035016622
47.428079, -121.035016622
47.437079, -121.035016622
47.446079, -121.035016622
47.455079, -121.035016622
47.464079, -121.035016622
47.473079, -121.035016622
47.482079, -121.035016622
47.491079, -121.035016622
47.500079, -121.035016622
47.509079, -121.035016622
47.518079, -121.035016622
47.527079, -121.035016622
47.536079, -121.035016622
47.545079, -121.035016622
47.554079, -121.035016622
47.563079, -121.035016622
47.572079, -121.035016622
47.581079, -121.035016622
47.590079, -121.035016622
47.599079, -121.035016622
47.608079, -121.035016622
47.617079, -121.035016622
47.626079, -121.035016622
47.635079, -121.035016622
47.644079, -121.035016622
47.653079, -121.035016622
47.662079, -121.035016622
47.671079, -121.035016622
47.680079, -121.035016622
47.689079, -121.035016622
47.698079, -121.035016622
47.707079, -121.035016622
47.716079, -121.035016622
47.725079, -121.035016622
47.734079, -121.035016622
47.743079, -121.035016622
47.752079, -121.035016622
47.761079, -121.035016622
47.770079, -121.035016622
47.779079, -121.035016622
47.788079, -121.035016622
47.797079, -121.035016622
47.806079, -121.035016622
47.815079, -121.035016622
47.824079, -121.035016622
47.833079, -121.035016622
47.842079, -121.035016622
47.851079, -121.035016622
47.860079, -121.035016622
47.869079, -121.035016622
47.878079, -121.035016622
47.887079, -121.035016622
47.896079, -121.035016622
47.905079, -121.035016622
47.914079, -121.035016622
47.923079, -121.035016622
47.932079, -121.035016622
47.941079, -121.035016622
47.950079, -121.035016622
47.959079, -121.035016622
47.968079, -121.035016622
47.977079, -121.035016622
47.986079, -121.035016622
47.995079, -121.035016622
48.004079, -121.035016622
48.013079, -121.035016622
48.022079, -121.035016622
48.031079, -121.035016622
48.040079, -121.035016622
48.049079, -121.035016622
48.058079, -121.035016622
48.067079, -121.035016622
48.076079, -121.035016622
48.085079, -121.035016622
48.094079, -121.035016622
48.103079, -121.035016622
48.112079, -121.035016622
48.121079, -121.035016622
48.130079, -121.035016622
48.139079, -121.035016622
48.148079, -121.035016622
48.157079, -121.035016622
48.166079, -121.035016622
48.175079, -121.035016622
48.184079, -121.035016622
48.193079, -121.035016622
48.202079, -121.035016622
48.211079, -121.035016622
48.220079, -121.035016622
48.229079, -121.035016622
48.238079, -121.035016622
48.247079, -121.035016622
48.256079, -121.035016622
48.265079, -121.035016622
48.274079, -121.035016622
48.283079, -121.035016622
48.292079, -121.035016622
48.301079, -121.035016622
48.310079, -121.035016622
48.319079, -121.035016622
48.328079, -121.035016622
48.337079, -121.035016622
48.346079, -121.035016622
48.355079, -121.035016622
48.364079, -121.035016622
48.373079, -121.035016622
48.382079, -121.035016622
48.391079, -121.035016622
48.400079, -121.035016622
48.409079, -121.035016622
48.418079, -121.035016622
48.427079, -121.035016622
48.436079, -121.035016622
48.445079, -121.035016622
48.454079, -121.035016622
48.463079, -121.035016622
48.472079, -121.035016622
48.481079, -121.035016622
48.490079, -121.035016622
48.499079, -121.035016622
48.508079, -121.035016622
48.517079, -121.035016622
48.526079, -121.035016622
48.535079, -121.035016622
48.544079, -121.035016622
48.553079, -121.035016622
48.562079, -121.035016622
48.571079, -121.035016622
48.580079, -121.035016622
48.589079, -121.035016622
48.598079, -121.035016622
48.607079, -121.035016622
48.616079, -121.035016622
48.625079, -121.035016622
48.634079, -121.035016622
48.643079, -121.035016622
48.652079, -121.035016622
48.661079, -121.035016622
48.670079, -121.035016622
48.679079, -121.035016622
48.688079, -121.035016622
48.697079, -121.035016622
48.706079, -121.035016622
48.715079, -121.035016622
48.724079, -121.035016622
48.733079, -121.035016622
48.742079, -121.035016622
48.751079, -121.035016622
48.760079, -121.035016622
48.769079, -121.035016622
48.778079, -121.035016622
48.787079, -121.035016622
48.796079, -121.035016622
48.805079, -121.035016622
48.814079, -121.035016622
48.823079, -121.035016622
48.832079, -121.035016622
48.841079, -121.035016622
48.850079, -121.035016622
48.859079, -121.035016622
48.868079, -121.035016622
48.877079, -121.035016622
48.886079, -121.035016622
48.895079, -121.035016622
48.904079, -121.035016622
48.913079, -121.035016622
48.922079, -121.035016622
48.931079, -121.035016622
48.940079, -121.035016622
48.949079, -121.035016622
46.213079, -121.021309864
46.222079, -121.021309864
46.231079, -121.021309864
46.240079, -121.021309864
46.249079, -121.021309864
46.258079, -121.021309864
46.267079, -121.021309864
46.276079, -121.021309864
46.285079, -121.021309864
46.294079, -121.021309864
46.303079, -121.021309864
46.312079, -121.021309864
46.321079, -121.021309864
46.330079, -121.021309864
46.339079, -121.021309864
46.348079, -121.021309864
46.357079, -121.021309864
46.366079, -121.021309864
46.375079, -121.021309864
46.384079, -121.021309864
46.393079, -121.021309864
46.402079, -121.021309864
46.411079, -121.021309864
46.420079, -121.021309864
46.429079, -121.021309864
46.438079, -121.021309864
46.447079, -121.021309864
46.456079, -121.021309864
46.465079, -121.021309864
46.474079, -121.021309864
46.483079, -121.021309864
46.492079, -121.021309864
46.501079, -121.021309864
46.510079, -121.021309864
46.519079, -121.021309864
46.528079, -121.021309864
46.537079, -121.021309864
46.546079, -121.021309864
46.555079, -121.021309864
46.564079, -121.021309864
46.573079, -121.021309864
46.582079, -121.021309864
46.591079, -121.021309864
46.600079, -121.021309864
46.609079, -121.021309864
46.618079, -121.021309864
46.627079, -121.021309864
46.636079, -121.021309864
46.645079, -121.021309864
46.654079, -121.021309864
46.663079, -121.021309864
46.672079, -121.021309864
46.681079, -121.021309864
46.690079, -121.021309864
46.699079, -121.021309864
46.708079, -121.021309864
46.717079, -121.021309864
46.726079, -121.021309864
46.735079, -121.021309864
46.744079, -121.021309864
46.753079, -121.021309864
46.762079, -121.021309864
46.771079, -121.021309864
46.780079, -121.021309864
46.789079, -121.021309864
46.798079, -121.021309864
46.807079, -121.021309864
46.816079, -121.021309864
46.825079, -121.021309864
46.834079, -121.021309864
46.843079, -121.021309864
46.852079, -121.021309864
46.861079, -121.021309864
46.870079, -121.021309864
46.879079, -121.021309864
46.888079, -121.021309864
46.897079, -121.021309864
46.906079, -121.021309864
46.915079, -121.021309864
46.924079, -121.021309864
46.933079, -121.021309864
46.942079, -121.021309864
46.951079, -121.021309864
46.960079, -121.021309864
46.969079, -121.021309864
46.978079, -121.021309864
46.987079, -121.021309864
46.996079, -121.021309864
47.005079, -121.021309864
47.014079, -121.021309864
47.023079, -121.021309864
47.032079, -121.021309864
47.041079, -121.021309864
47.050079, -121.021309864
47.059079, -121.021309864
47.068079, -121.021309864
47.077079, -121.021309864
47.086079, -121.021309864
47.095079, -121.021309864
47.104079, -121.021309864
47.113079, -121.021309864
47.122079, -121.021309864
47.131079, -121.021309864
47.140079, -121.021309864
47.149079, -121.021309864
47.158079, -121.021309864
47.167079, -121.021309864
47.176079, -121.021309864
47.185079, -121.021309864
47.194079, -121.021309864
47.203079, -121.021309864
47.212079, -121.021309864
47.221079, -121.021309864
47.230079, -121.021309864
47.239079, -121.021309864
47.248079, -121.021309864
47.257079, -121.021309864
47.266079, -121.021309864
47.275079, -121.021309864
47.284079, -121.021309864
47.293079, -121.021309864
47.302079, -121.021309864
47.311079, -121.021309864
47.320079, -121.021309864
47.329079, -121.021309864
47.338079, -121.021309864
47.347079, -121.021309864
47.356079, -121.021309864
47.365079, -121.021309864
47.374079, -121.021309864
47.383079, -121.021309864
47.392079, -121.021309864
47.401079, -121.021309864
47.410079, -121.021309864
47.419079, -121.021309864
47.428079, -121.021309864
47.437079, -121.021309864
47.446079, -121.021309864
47.455079, -121.021309864
47.464079, -121.021309864
47.473079, -121.021309864
47.482079, -121.021309864
47.491079, -121.021309864
47.500079, -121.021309864
47.509079, -121.021309864
47.518079, -121.021309864
47.527079, -121.021309864
47.536079, -121.021309864
47.545079, -121.021309864
47.554079, -121.021309864
47.563079, -121.021309864
47.572079, -121.021309864
47.581079, -121.021309864
47.590079, -121.021309864
47.599079, -121.021309864
47.608079, -121.021309864
47.617079, -121.021309864
47.626079, -121.021309864
47.635079, -121.021309864
47.644079, -121.021309864
47.653079, -121.021309864
47.662079, -121.021309864
47.671079, -121.021309864
47.680079, -121.021309864
47.689079, -121.021309864
47.698079, -121.021309864
47.707079, -121.021309864
47.716079, -121.021309864
47.725079, -121.021309864
47.734079, -121.021309864
47.743079, -121.021309864
47.752079, -121.021309864
47.761079, -121.021309864
47.770079, -121.021309864
47.779079, -121.021309864
47.788079, -121.021309864
47.797079, -121.021309864
47.806079, -121.021309864
47.815079, -121.021309864
47.824079, -121.021309864
47.833079, -121.021309864
47.842079, -121.021309864
47.851079, -121.021309864
47.860079, -121.021309864
47.869079, -121.021309864
47.878079, -121.021309864
47.887079, -121.021309864
47.896079, -121.021309864
47.905079, -121.021309864
47.914079, -121.021309864
47.923079, -121.021309864
47.932079, -121.021309864
47.941079, -121.021309864
47.950079, -121.021309864
47.959079, -121.021309864
47.968079, -121.021309864
47.977079, -121.021309864
47.986079, -121.021309864
47.995079, -121.021309864
48.004079, -121.021309864
48.013079, -121.021309864
48.022079, -121.021309864
48.031079, -121.021309864
48.040079, -121.021309864
48.049079, -121.021309864
48.058079, -121.021309864
48.067079, -121.021309864
48.076079, -121.021309864
48.085079, -121.021309864
48.094079, -121.021309864
48.103079, -121.021309864
48.112079, -121.021309864
48.121079, -121.021309864
48.130079, -121.021309864
48.139079, -121.021309864
48.148079, -121.021309864
48.157079, -121.021309864
48.166079, -121.021309864
48.175079, -121.021309864
48.184079, -121.021309864
48.193079, -121.021309864
48.202079, -121.021309864
48.211079, -121.021309864
48.220079, -121.021309864
48.229079, -121.021309864
48.238079, -121.021309864
48.247079, -121.021309864
48.256079, -121.021309864
48.265079, -121.021309864
48.274079, -121.021309864
48.283079, -121.021309864
48.292079, -121.021309864
48.301079, -121.021309864
48.310079, -121.021309864
48.319079, -121.021309864
48.328079, -121.021309864
48.337079, -121.021309864
48.346079, -121.021309864
48.355079, -121.021309864
48.364079, -121.021309864
48.373079, -121.021309864
48.382079, -121.021309864
48.391079, -121.021309864
48.400079, -121.021309864
48.409079, -121.021309864
48.418079, -121.021309864
48.427079, -121.021309864
48.436079, -121.021309864
48.445079, -121.021309864
48.454079, -121.021309864
48.463079, -121.021309864
48.472079, -121.021309864
48.481079, -121.021309864
48.490079, -121.021309864
48.499079, -121.021309864
48.508079, -121.021309864
48.517079, -121.021309864
48.526079, -121.021309864
48.535079, -121.021309864
48.544079, -121.021309864
48.553079, -121.021309864
48.562079, -121.021309864
48.571079, -121.021309864
48.580079, -121.021309864
48.589079, -121.021309864
48.598079, -121.021309864
48.607079, -121.021309864
48.616079, -121.021309864
48.625079, -121.021309864
48.634079, -121.021309864
48.643079, -121.021309864
48.652079, -121.021309864
48.661079, -121.021309864
48.670079, -121.021309864
48.679079, -121.021309864
48.688079, -121.021309864
48.697079, -121.021309864
48.706079, -121.021309864
48.715079, -121.021309864
48.724079, -121.021309864
48.733079, -121.021309864
48.742079, -121.021309864
48.751079, -121.021309864
48.760079, -121.021309864
48.769079, -121.021309864
48.778079, -121.021309864
48.787079, -121.021309864
48.796079, -121.021309864
48.805079, -121.021309864
48.814079, -121.021309864
48.823079, -121.021309864
48.832079, -121.021309864
48.841079, -121.021309864
48.850079, -121.021309864
48.859079, -121.021309864
48.868079, -121.021309864
48.877079, -121.021309864
48.886079, -121.021309864
48.895079, -121.021309864
48.904079, -121.021309864
48.913079, -121.021309864
48.922079, -121.021309864
48.931079, -121.021309864
48.940079, -121.021309864
48.949079, -121.021309864
46.213079, -121.007603105
46.222079, -121.007603105
46.231079, -121.007603105
46.240079, -121.007603105
46.249079, -121.007603105
46.258079, -121.007603105
46.267079, -121.007603105
46.276079, -121.007603105
46.285079, -121.007603105
46.294079, -121.007603105
46.303079, -121.007603105
46.312079, -121.007603105
46.321079, -121.007603105
46.330079, -121.007603105
46.339079, -121.007603105
46.348079, -121.007603105
46.357079, -121.007603105
46.366079, -121.007603105
46.375079, -121.007603105
46.384079, -121.007603105
46.393079, -121.007603105
46.402079, -121.007603105
46.411079, -121.007603105
46.420079, -121.007603105
46.429079, -121.007603105
46.438079, -121.007603105
46.447079, -121.007603105
46.456079, -121.007603105
46.465079, -121.007603105
46.474079, -121.007603105
46.483079, -121.007603105
46.492079, -121.007603105
46.501079, -121.007603105
46.510079, -121.007603105
46.519079, -121.007603105
46.528079, -121.007603105
46.537079, -121.007603105
46.546079, -121.007603105
46.555079, -121.007603105
46.564079, -121.007603105
46.573079, -121.007603105
46.582079, -121.007603105
46.591079, -121.007603105
46.600079, -121.007603105
46.609079, -121.007603105
46.618079, -121.007603105
46.627079, -121.007603105
46.636079, -121.007603105
46.645079, -121.007603105
46.654079, -121.007603105
46.663079, -121.007603105
46.672079, -121.007603105
46.681079, -121.007603105
46.690079, -121.007603105
46.699079, -121.007603105
46.708079, -121.007603105
46.717079, -121.007603105
46.726079, -121.007603105
46.735079, -121.007603105
46.744079, -121.007603105
46.753079, -121.007603105
46.762079, -121.007603105
46.771079, -121.007603105
46.780079, -121.007603105
46.789079, -121.007603105
46.798079, -121.007603105
46.807079, -121.007603105
46.816079, -121.007603105
46.825079, -121.007603105
46.834079, -121.007603105
46.843079, -121.007603105
46.852079, -121.007603105
46.861079, -121.007603105
46.870079, -121.007603105
46.879079, -121.007603105
46.888079, -121.007603105
46.897079, -121.007603105
46.906079, -121.007603105
46.915079, -121.007603105
46.924079, -121.007603105
46.933079, -121.007603105
46.942079, -121.007603105
46.951079, -121.007603105
46.960079, -121.007603105
46.969079, -121.007603105
46.978079, -121.007603105
46.987079, -121.007603105
46.996079, -121.007603105
47.005079, -121.007603105
47.014079, -121.007603105
47.023079, -121.007603105
47.032079, -121.007603105
47.041079, -121.007603105
47.050079, -121.007603105
47.059079, -121.007603105
47.068079, -121.007603105
47.077079, -121.007603105
47.086079, -121.007603105
47.095079, -121.007603105
47.104079, -121.007603105
47.113079, -121.007603105
47.122079, -121.007603105
47.131079, -121.007603105
47.140079, -121.007603105
47.149079, -121.007603105
47.158079, -121.007603105
47.167079, -121.007603105
47.176079, -121.007603105
47.185079, -121.007603105
47.194079, -121.007603105
47.203079, -121.007603105
47.212079, -121.007603105
47.221079, -121.007603105
47.230079, -121.007603105
47.239079, -121.007603105
47.248079, -121.007603105
47.257079, -121.007603105
47.266079, -121.007603105
47.275079, -121.007603105
47.284079, -121.007603105
47.293079, -121.007603105
47.302079, -121.007603105
47.311079, -121.007603105
47.320079, -121.007603105
47.329079, -121.007603105
47.338079, -121.007603105
47.347079, -121.007603105
47.356079, -121.007603105
47.365079, -121.007603105
47.374079, -121.007603105
47.383079, -121.007603105
47.392079, -121.007603105
47.401079, -121.007603105
47.410079, -121.007603105
47.419079, -121.007603105
47.428079, -121.007603105
47.437079, -121.007603105
47.446079, -121.007603105
47.455079, -121.007603105
47.464079, -121.007603105
47.473079, -121.007603105
47.482079, -121.007603105
47.491079, -121.007603105
47.500079, -121.007603105
47.509079, -121.007603105
47.518079, -121.007603105
47.527079, -121.007603105
47.536079, -121.007603105
47.545079, -121.007603105
47.554079, -121.007603105
47.563079, -121.007603105
47.572079, -121.007603105
47.581079, -121.007603105
47.590079, -121.007603105
47.599079, -121.007603105
47.608079, -121.007603105
47.617079, -121.007603105
47.626079, -121.007603105
47.635079, -121.007603105
47.644079, -121.007603105
47.653079, -121.007603105
47.662079, -121.007603105
47.671079, -121.007603105
47.680079, -121.007603105
47.689079, -121.007603105
47.698079, -121.007603105
47.707079, -121.007603105
47.716079, -121.007603105
47.725079, -121.007603105
47.734079, -121.007603105
47.743079, -121.007603105
47.752079, -121.007603105
47.761079, -121.007603105
47.770079, -121.007603105
47.779079, -121.007603105
47.788079, -121.007603105
47.797079, -121.007603105
47.806079, -121.007603105
47.815079, -121.007603105
47.824079, -121.007603105
47.833079, -121.007603105
47.842079, -121.007603105
47.851079, -121.007603105
47.860079, -121.007603105
47.869079, -121.007603105
47.878079, -121.007603105
47.887079, -121.007603105
47.896079, -121.007603105
47.905079, -121.007603105
47.914079, -121.007603105
47.923079, -121.007603105
47.932079, -121.007603105
47.941079, -121.007603105
47.950079, -121.007603105
47.959079, -121.007603105
47.968079, -121.007603105
47.977079, -121.007603105
47.986079, -121.007603105
47.995079, -121.007603105
48.004079, -121.007603105
48.013079, -121.007603105
48.022079, -121.007603105
48.031079, -121.007603105
48.040079, -121.007603105
48.049079, -121.007603105
48.058079, -121.007603105
48.067079, -121.007603105
48.076079, -121.007603105
48.085079, -121.007603105
48.094079, -121.007603105
48.103079, -121.007603105
48.112079, -121.007603105
48.121079, -121.007603105
48.130079, -121.007603105
48.139079, -121.007603105
48.148079, -121.007603105
48.157079, -121.007603105
48.166079, -121.007603105
48.175079, -121.007603105
48.184079, -121.007603105
48.193079, -121.007603105
48.202079, -121.007603105
48.211079, -121.007603105
48.220079, -121.007603105
48.229079, -121.007603105
48.238079, -121.007603105
48.247079, -121.007603105
48.256079, -121.007603105
48.265079, -121.007603105
48.274079, -121.007603105
48.283079, -121.007603105
48.292079, -121.007603105
48.301079, -121.007603105
48.310079, -121.007603105
48.319079, -121.007603105
48.328079, -121.007603105
48.337079, -121.007603105
48.346079, -121.007603105
48.355079, -121.007603105
48.364079, -121.007603105
48.373079, -121.007603105
48.382079, -121.007603105
48.391079, -121.007603105
48.400079, -121.007603105
48.409079, -121.007603105
48.418079, -121.007603105
48.427079, -121.007603105
48.436079, -121.007603105
48.445079, -121.007603105
48.454079, -121.007603105
48.463079, -121.007603105
48.472079, -121.007603105
48.481079, -121.007603105
48.490079, -121.007603105
48.499079, -121.007603105
48.508079, -121.007603105
48.517079, -121.007603105
48.526079, -121.007603105
48.535079, -121.007603105
48.544079, -121.007603105
48.553079, -121.007603105
48.562079, -121.007603105
48.571079, -121.007603105
48.580079, -121.007603105
48.589079, -121.007603105
48.598079, -121.007603105
48.607079, -121.007603105
48.616079, -121.007603105
48.625079, -121.007603105
48.634079, -121.007603105
48.643079, -121.007603105
48.652079, -121.007603105
48.661079, -121.007603105
48.670079, -121.007603105
48.679079, -121.007603105
48.688079, -121.007603105
48.697079, -121.007603105
48.706079, -121.007603105
48.715079, -121.007603105
48.724079, -121.007603105
48.733079, -121.007603105
48.742079, -121.007603105
48.751079, -121.007603105
48.760079, -121.007603105
48.769079, -121.007603105
48.778079, -121.007603105
48.787079, -121.007603105
48.796079, -121.007603105
48.805079, -121.007603105
48.814079, -121.007603105
48.823079, -121.007603105
48.832079, -121.007603105
48.841079, -121.007603105
48.850079, -121.007603105
48.859079, -121.007603105
48.868079, -121.007603105
48.877079, -121.007603105
48.886079, -121.007603105
48.895079, -121.007603105
48.904079, -121.007603105
48.913079, -121.007603105
48.922079, -121.007603105
48.931079, -121.007603105
48.940079, -121.007603105
48.949079, -121.007603105
46.213079, -120.993896347
46.222079, -120.993896347
46.231079, -120.993896347
46.240079, -120.993896347
46.249079, -120.993896347
46.258079, -120.993896347
46.267079, -120.993896347
46.276079, -120.993896347
46.285079, -120.993896347
46.294079, -120.993896347
46.303079, -120.993896347
46.312079, -120.993896347
46.321079, -120.993896347
46.330079, -120.993896347
46.339079, -120.993896347
46.348079, -120.993896347
46.357079, -120.993896347
46.366079, -120.993896347
46.375079, -120.993896347
46.384079, -120.993896347
46.393079, -120.993896347
46.402079, -120.993896347
46.411079, -120.993896347
46.420079, -120.993896347
46.429079, -120.993896347
46.438079, -120.993896347
46.447079, -120.993896347
46.456079, -120.993896347
46.465079, -120.993896347
46.474079, -120.993896347
46.483079, -120.993896347
46.492079, -120.993896347
46.501079, -120.993896347
46.510079, -120.993896347
46.519079, -120.993896347
46.528079, -120.993896347
46.537079, -120.993896347
46.546079, -120.993896347
46.555079, -120.993896347
46.564079, -120.993896347
46.573079, -120.993896347
46.582079, -120.993896347
46.591079, -120.993896347
46.600079, -120.993896347
46.609079, -120.993896347
46.618079, -120.993896347
46.627079, -120.993896347
46.636079, -120.993896347
46.645079, -120.993896347
46.654079, -120.993896347
46.663079, -120.993896347
46.672079, -120.993896347
46.681079, -120.993896347
46.690079, -120.993896347
46.699079, -120.993896347
46.708079, -120.993896347
46.717079, -120.993896347
46.726079, -120.993896347
46.735079, -120.993896347
46.744079, -120.993896347
46.753079, -120.993896347
46.762079, -120.993896347
46.771079, -120.993896347
46.780079, -120.993896347
46.789079, -120.993896347
46.798079, -120.993896347
46.807079, -120.993896347
46.816079, -120.993896347
46.825079, -120.993896347
46.834079, -120.993896347
46.843079, -120.993896347
46.852079, -120.993896347
46.861079, -120.993896347
46.870079, -120.993896347
46.879079, -120.993896347
46.888079, -120.993896347
46.897079, -120.993896347
46.906079, -120.993896347
46.915079, -120.993896347
46.924079, -120.993896347
46.933079, -120.993896347
46.942079, -120.993896347
46.951079, -120.993896347
46.960079, -120.993896347
46.969079, -120.993896347
46.978079, -120.993896347
46.987079, -120.993896347
46.996079, -120.993896347
47.005079, -120.993896347
47.014079, -120.993896347
47.023079, -120.993896347
47.032079, -120.993896347
47.041079, -120.993896347
47.050079, -120.993896347
47.059079, -120.993896347
47.068079, -120.993896347
47.077079, -120.993896347
47.086079, -120.993896347
47.095079, -120.993896347
47.104079, -120.993896347
47.113079, -120.993896347
47.122079, -120.993896347
47.131079, -120.993896347
47.140079, -120.993896347
47.149079, -120.993896347
47.158079, -120.993896347
47.167079, -120.993896347
47.176079, -120.993896347
47.185079, -120.993896347
47.194079, -120.993896347
47.203079, -120.993896347
47.212079, -120.993896347
47.221079, -120.993896347
47.230079, -120.993896347
47.239079, -120.993896347
47.248079, -120.993896347
47.257079, -120.993896347
47.266079, -120.993896347
47.275079, -120.993896347
47.284079, -120.993896347
47.293079, -120.993896347
47.302079, -120.993896347
47.311079, -120.993896347
47.320079, -120.993896347
47.329079, -120.993896347
47.338079, -120.993896347
47.347079, -120.993896347
47.356079, -120.993896347
47.365079, -120.993896347
47.374079, -120.993896347
47.383079, -120.993896347
47.392079, -120.993896347
47.401079, -120.993896347
47.410079, -120.993896347
47.419079, -120.993896347
47.428079, -120.993896347
47.437079, -120.993896347
47.446079, -120.993896347
47.455079, -120.993896347
47.464079, -120.993896347
47.473079, -120.993896347
47.482079, -120.993896347
47.491079, -120.993896347
47.500079, -120.993896347
47.509079, -120.993896347
47.518079, -120.993896347
47.527079, -120.993896347
47.536079, -120.993896347
47.545079, -120.993896347
47.554079, -120.993896347
47.563079, -120.993896347
47.572079, -120.993896347
47.581079, -120.993896347
47.590079, -120.993896347
47.599079, -120.993896347
47.608079, -120.993896347
47.617079, -120.993896347
47.626079, -120.993896347
47.635079, -120.993896347
47.644079, -120.993896347
47.653079, -120.993896347
47.662079, -120.993896347
47.671079, -120.993896347
47.680079, -120.993896347
47.689079, -120.993896347
47.698079, -120.993896347
47.707079, -120.993896347
47.716079, -120.993896347
47.725079, -120.993896347
47.734079, -120.993896347
47.743079, -120.993896347
47.752079, -120.993896347
47.761079, -120.993896347
47.770079, -120.993896347
47.779079, -120.993896347
47.788079, -120.993896347
47.797079, -120.993896347
47.806079, -120.993896347
47.815079, -120.993896347
47.824079, -120.993896347
47.833079, -120.993896347
47.842079, -120.993896347
47.851079, -120.993896347
47.860079, -120.993896347
47.869079, -120.993896347
47.878079, -120.993896347
47.887079, -120.993896347
47.896079, -120.993896347
47.905079, -120.993896347
47.914079, -120.993896347
47.923079, -120.993896347
47.932079, -120.993896347
47.941079, -120.993896347
47.950079, -120.993896347
47.959079, -120.993896347
47.968079, -120.993896347
47.977079, -120.993896347
47.986079, -120.993896347
47.995079, -120.993896347
48.004079, -120.993896347
48.013079, -120.993896347
48.022079, -120.993896347
48.031079, -120.993896347
48.040079, -120.993896347
48.049079, -120.993896347
48.058079, -120.993896347
48.067079, -120.993896347
48.076079, -120.993896347
48.085079, -120.993896347
48.094079, -120.993896347
48.103079, -120.993896347
48.112079, -120.993896347
48.121079, -120.993896347
48.130079, -120.993896347
48.139079, -120.993896347
48.148079, -120.993896347
48.157079, -120.993896347
48.166079, -120.993896347
48.175079, -120.993896347
48.184079, -120.993896347
48.193079, -120.993896347
48.202079, -120.993896347
48.211079, -120.993896347
48.220079, -120.993896347
48.229079, -120.993896347
48.238079, -120.993896347
48.247079, -120.993896347
48.256079, -120.993896347
48.265079, -120.993896347
48.274079, -120.993896347
48.283079, -120.993896347
48.292079, -120.993896347
48.301079, -120.993896347
48.310079, -120.993896347
48.319079, -120.993896347
48.328079, -120.993896347
48.337079, -120.993896347
48.346079, -120.993896347
48.355079, -120.993896347
48.364079, -120.993896347
48.373079, -120.993896347
48.382079, -120.993896347
48.391079, -120.993896347
48.400079, -120.993896347
48.409079, -120.993896347
48.418079, -120.993896347
48.427079, -120.993896347
48.436079, -120.993896347
48.445079, -120.993896347
48.454079, -120.993896347
48.463079, -120.993896347
48.472079, -120.993896347
48.481079, -120.993896347
48.490079, -120.993896347
48.499079, -120.993896347
48.508079, -120.993896347
48.517079, -120.993896347
48.526079, -120.993896347
48.535079, -120.993896347
48.544079, -120.993896347
48.553079, -120.993896347
48.562079, -120.993896347
48.571079, -120.993896347
48.580079, -120.993896347
48.589079, -120.993896347
48.598079, -120.993896347
48.607079, -120.993896347
48.616079, -120.993896347
48.625079, -120.993896347
48.634079, -120.993896347
48.643079, -120.993896347
48.652079, -120.993896347
48.661079, -120.993896347
48.670079, -120.993896347
48.679079, -120.993896347
48.688079, -120.993896347
48.697079, -120.993896347
48.706079, -120.993896347
48.715079, -120.993896347
48.724079, -120.993896347
48.733079, -120.993896347
48.742079, -120.993896347
48.751079, -120.993896347
48.760079, -120.993896347
48.769079, -120.993896347
48.778079, -120.993896347
48.787079, -120.993896347
48.796079, -120.993896347
48.805079, -120.993896347
48.814079, -120.993896347
48.823079, -120.993896347
48.832079, -120.993896347
48.841079, -120.993896347
48.850079, -120.993896347
48.859079, -120.993896347
48.868079, -120.993896347
48.877079, -120.993896347
48.886079, -120.993896347
48.895079, -120.993896347
48.904079, -120.993896347
48.913079, -120.993896347
48.922079, -120.993896347
48.931079, -120.993896347
48.940079, -120.993896347
48.949079, -120.993896347
46.213079, -120.980189588
46.222079, -120.980189588
46.231079, -120.980189588
46.240079, -120.980189588
46.249079, -120.980189588
46.258079, -120.980189588
46.267079, -120.980189588
46.276079, -120.980189588
46.285079, -120.980189588
46.294079, -120.980189588
46.303079, -120.980189588
46.312079, -120.980189588
46.321079, -120.980189588
46.330079, -120.980189588
46.339079, -120.980189588
46.348079, -120.980189588
46.357079, -120.980189588
46.366079, -120.980189588
46.375079, -120.980189588
46.384079, -120.980189588
46.393079, -120.980189588
46.402079, -120.980189588
46.411079, -120.980189588
46.420079, -120.980189588
46.429079, -120.980189588
46.438079, -120.980189588
46.447079, -120.980189588
46.456079, -120.980189588
46.465079, -120.980189588
46.474079, -120.980189588
46.483079, -120.980189588
46.492079, -120.980189588
46.501079, -120.980189588
46.510079, -120.980189588
46.519079, -120.980189588
46.528079, -120.980189588
46.537079, -120.980189588
46.546079, -120.980189588
46.555079, -120.980189588
46.564079, -120.980189588
46.573079, -120.980189588
46.582079, -120.980189588
46.591079, -120.980189588
46.600079, -120.980189588
46.609079, -120.980189588
46.618079, -120.980189588
46.627079, -120.980189588
46.636079, -120.980189588
46.645079, -120.980189588
46.654079, -120.980189588
46.663079, -120.980189588
46.672079, -120.980189588
46.681079, -120.980189588
46.690079, -120.980189588
46.699079, -120.980189588
46.708079, -120.980189588
46.717079, -120.980189588
46.726079, -120.980189588
46.735079, -120.980189588
46.744079, -120.980189588
46.753079, -120.980189588
46.762079, -120.980189588
46.771079, -120.980189588
46.780079, -120.980189588
46.789079, -120.980189588
46.798079, -120.980189588
46.807079, -120.980189588
46.816079, -120.980189588
46.825079, -120.980189588
46.834079, -120.980189588
46.843079, -120.980189588
46.852079, -120.980189588
46.861079, -120.980189588
46.870079, -120.980189588
46.879079, -120.980189588
46.888079, -120.980189588
46.897079, -120.980189588
46.906079, -120.980189588
46.915079, -120.980189588
46.924079, -120.980189588
46.933079, -120.980189588
46.942079, -120.980189588
46.951079, -120.980189588
46.960079, -120.980189588
46.969079, -120.980189588
46.978079, -120.980189588
46.987079, -120.980189588
46.996079, -120.980189588
47.005079, -120.980189588
47.014079, -120.980189588
47.023079, -120.980189588
47.032079, -120.980189588
47.041079, -120.980189588
47.050079, -120.980189588
47.059079, -120.980189588
47.068079, -120.980189588
47.077079, -120.980189588
47.086079, -120.980189588
47.095079, -120.980189588
47.104079, -120.980189588
47.113079, -120.980189588
47.122079, -120.980189588
47.131079, -120.980189588
47.140079, -120.980189588
47.149079, -120.980189588
47.158079, -120.980189588
47.167079, -120.980189588
47.176079, -120.980189588
47.185079, -120.980189588
47.194079, -120.980189588
47.203079, -120.980189588
47.212079, -120.980189588
47.221079, -120.980189588
47.230079, -120.980189588
47.239079, -120.980189588
47.248079, -120.980189588
47.257079, -120.980189588
47.266079, -120.980189588
47.275079, -120.980189588
47.284079, -120.980189588
47.293079, -120.980189588
47.302079, -120.980189588
47.311079, -120.980189588
47.320079, -120.980189588
47.329079, -120.980189588
47.338079, -120.980189588
47.347079, -120.980189588
47.356079, -120.980189588
47.365079, -120.980189588
47.374079, -120.980189588
47.383079, -120.980189588
47.392079, -120.980189588
47.401079, -120.980189588
47.410079, -120.980189588
47.419079, -120.980189588
47.428079, -120.980189588
47.437079, -120.980189588
47.446079, -120.980189588
47.455079, -120.980189588
47.464079, -120.980189588
47.473079, -120.980189588
47.482079, -120.980189588
47.491079, -120.980189588
47.500079, -120.980189588
47.509079, -120.980189588
47.518079, -120.980189588
47.527079, -120.980189588
47.536079, -120.980189588
47.545079, -120.980189588
47.554079, -120.980189588
47.563079, -120.980189588
47.572079, -120.980189588
47.581079, -120.980189588
47.590079, -120.980189588
47.599079, -120.980189588
47.608079, -120.980189588
47.617079, -120.980189588
47.626079, -120.980189588
47.635079, -120.980189588
47.644079, -120.980189588
47.653079, -120.980189588
47.662079, -120.980189588
47.671079, -120.980189588
47.680079, -120.980189588
47.689079, -120.980189588
47.698079, -120.980189588
47.707079, -120.980189588
47.716079, -120.980189588
47.725079, -120.980189588
47.734079, -120.980189588
47.743079, -120.980189588
47.752079, -120.980189588
47.761079, -120.980189588
47.770079, -120.980189588
47.779079, -120.980189588
47.788079, -120.980189588
47.797079, -120.980189588
47.806079, -120.980189588
47.815079, -120.980189588
47.824079, -120.980189588
47.833079, -120.980189588
47.842079, -120.980189588
47.851079, -120.980189588
47.860079, -120.980189588
47.869079, -120.980189588
47.878079, -120.980189588
47.887079, -120.980189588
47.896079, -120.980189588
47.905079, -120.980189588
47.914079, -120.980189588
47.923079, -120.980189588
47.932079, -120.980189588
47.941079, -120.980189588
47.950079, -120.980189588
47.959079, -120.980189588
47.968079, -120.980189588
47.977079, -120.980189588
47.986079, -120.980189588
47.995079, -120.980189588
48.004079, -120.980189588
48.013079, -120.980189588
48.022079, -120.980189588
48.031079, -120.980189588
48.040079, -120.980189588
48.049079, -120.980189588
48.058079, -120.980189588
48.067079, -120.980189588
48.076079, -120.980189588
48.085079, -120.980189588
48.094079, -120.980189588
48.103079, -120.980189588
48.112079, -120.980189588
48.121079, -120.980189588
48.130079, -120.980189588
48.139079, -120.980189588
48.148079, -120.980189588
48.157079, -120.980189588
48.166079, -120.980189588
48.175079, -120.980189588
48.184079, -120.980189588
48.193079, -120.980189588
48.202079, -120.980189588
48.211079, -120.980189588
48.220079, -120.980189588
48.229079, -120.980189588
48.238079, -120.980189588
48.247079, -120.980189588
48.256079, -120.980189588
48.265079, -120.980189588
48.274079, -120.980189588
48.283079, -120.980189588
48.292079, -120.980189588
48.301079, -120.980189588
48.310079, -120.980189588
48.319079, -120.980189588
48.328079, -120.980189588
48.337079, -120.980189588
48.346079, -120.980189588
48.355079, -120.980189588
48.364079, -120.980189588
48.373079, -120.980189588
48.382079, -120.980189588
48.391079, -120.980189588
48.400079, -120.980189588
48.409079, -120.980189588
48.418079, -120.980189588
48.427079, -120.980189588
48.436079, -120.980189588
48.445079, -120.980189588
48.454079, -120.980189588
48.463079, -120.980189588
48.472079, -120.980189588
48.481079, -120.980189588
48.490079, -120.980189588
48.499079, -120.980189588
48.508079, -120.980189588
48.517079, -120.980189588
48.526079, -120.980189588
48.535079, -120.980189588
48.544079, -120.980189588
48.553079, -120.980189588
48.562079, -120.980189588
48.571079, -120.980189588
48.580079, -120.980189588
48.589079, -120.980189588
48.598079, -120.980189588
48.607079, -120.980189588
48.616079, -120.980189588
48.625079, -120.980189588
48.634079, -120.980189588
48.643079, -120.980189588
48.652079, -120.980189588
48.661079, -120.980189588
48.670079, -120.980189588
48.679079, -120.980189588
48.688079, -120.980189588
48.697079, -120.980189588
48.706079, -120.980189588
48.715079, -120.980189588
48.724079, -120.980189588
48.733079, -120.980189588
48.742079, -120.980189588
48.751079, -120.980189588
48.760079, -120.980189588
48.769079, -120.980189588
48.778079, -120.980189588
48.787079, -120.980189588
48.796079, -120.980189588
48.805079, -120.980189588
48.814079, -120.980189588
48.823079, -120.980189588
48.832079, -120.980189588
48.841079, -120.980189588
48.850079, -120.980189588
48.859079, -120.980189588
48.868079, -120.980189588
48.877079, -120.980189588
48.886079, -120.980189588
48.895079, -120.980189588
48.904079, -120.980189588
48.913079, -120.980189588
48.922079, -120.980189588
48.931079, -120.980189588
48.940079, -120.980189588
48.949079, -120.980189588
46.213079, -120.96648283
46.222079, -120.96648283
46.231079, -120.96648283
46.240079, -120.96648283
46.249079, -120.96648283
46.258079, -120.96648283
46.267079, -120.96648283
46.276079, -120.96648283
46.285079, -120.96648283
46.294079, -120.96648283
46.303079, -120.96648283
46.312079, -120.96648283
46.321079, -120.96648283
46.330079, -120.96648283
46.339079, -120.96648283
46.348079, -120.96648283
46.357079, -120.96648283
46.366079, -120.96648283
46.375079, -120.96648283
46.384079, -120.96648283
46.393079, -120.96648283
46.402079, -120.96648283
46.411079, -120.96648283
46.420079, -120.96648283
46.429079, -120.96648283
46.438079, -120.96648283
46.447079, -120.96648283
46.456079, -120.96648283
46.465079, -120.96648283
46.474079, -120.96648283
46.483079, -120.96648283
46.492079, -120.96648283
46.501079, -120.96648283
46.510079, -120.96648283
46.519079, -120.96648283
46.528079, -120.96648283
46.537079, -120.96648283
46.546079, -120.96648283
46.555079, -120.96648283
46.564079, -120.96648283
46.573079, -120.96648283
46.582079, -120.96648283
46.591079, -120.96648283
46.600079, -120.96648283
46.609079, -120.96648283
46.618079, -120.96648283
46.627079, -120.96648283
46.636079, -120.96648283
46.645079, -120.96648283
46.654079, -120.96648283
46.663079, -120.96648283
46.672079, -120.96648283
46.681079, -120.96648283
46.690079, -120.96648283
46.699079, -120.96648283
46.708079, -120.96648283
46.717079, -120.96648283
46.726079, -120.96648283
46.735079, -120.96648283
46.744079, -120.96648283
46.753079, -120.96648283
46.762079, -120.96648283
46.771079, -120.96648283
46.780079, -120.96648283
46.789079, -120.96648283
46.798079, -120.96648283
46.807079, -120.96648283
46.816079, -120.96648283
46.825079, -120.96648283
46.834079, -120.96648283
46.843079, -120.96648283
46.852079, -120.96648283
46.861079, -120.96648283
46.870079, -120.96648283
46.879079, -120.96648283
46.888079, -120.96648283
46.897079, -120.96648283
46.906079, -120.96648283
46.915079, -120.96648283
46.924079, -120.96648283
46.933079, -120.96648283
46.942079, -120.96648283
46.951079, -120.96648283
46.960079, -120.96648283
46.969079, -120.96648283
46.978079, -120.96648283
46.987079, -120.96648283
46.996079, -120.96648283
47.005079, -120.96648283
47.014079, -120.96648283
47.023079, -120.96648283
47.032079, -120.96648283
47.041079, -120.96648283
47.050079, -120.96648283
47.059079, -120.96648283
47.068079, -120.96648283
47.077079, -120.96648283
47.086079, -120.96648283
47.095079, -120.96648283
47.104079, -120.96648283
47.113079, -120.96648283
47.122079, -120.96648283
47.131079, -120.96648283
47.140079, -120.96648283
47.149079, -120.96648283
47.158079, -120.96648283
47.167079, -120.96648283
47.176079, -120.96648283
47.185079, -120.96648283
47.194079, -120.96648283
47.203079, -120.96648283
47.212079, -120.96648283
47.221079, -120.96648283
47.230079, -120.96648283
47.239079, -120.96648283
47.248079, -120.96648283
47.257079, -120.96648283
47.266079, -120.96648283
47.275079, -120.96648283
47.284079, -120.96648283
47.293079, -120.96648283
47.302079, -120.96648283
47.311079, -120.96648283
47.320079, -120.96648283
47.329079, -120.96648283
47.338079, -120.96648283
47.347079, -120.96648283
47.356079, -120.96648283
47.365079, -120.96648283
47.374079, -120.96648283
47.383079, -120.96648283
47.392079, -120.96648283
47.401079, -120.96648283
47.410079, -120.96648283
47.419079, -120.96648283
47.428079, -120.96648283
47.437079, -120.96648283
47.446079, -120.96648283
47.455079, -120.96648283
47.464079, -120.96648283
47.473079, -120.96648283
47.482079, -120.96648283
47.491079, -120.96648283
47.500079, -120.96648283
47.509079, -120.96648283
47.518079, -120.96648283
47.527079, -120.96648283
47.536079, -120.96648283
47.545079, -120.96648283
47.554079, -120.96648283
47.563079, -120.96648283
47.572079, -120.96648283
47.581079, -120.96648283
47.590079, -120.96648283
47.599079, -120.96648283
47.608079, -120.96648283
47.617079, -120.96648283
47.626079, -120.96648283
47.635079, -120.96648283
47.644079, -120.96648283
47.653079, -120.96648283
47.662079, -120.96648283
47.671079, -120.96648283
47.680079, -120.96648283
47.689079, -120.96648283
47.698079, -120.96648283
47.707079, -120.96648283
47.716079, -120.96648283
47.725079, -120.96648283
47.734079, -120.96648283
47.743079, -120.96648283
47.752079, -120.96648283
47.761079, -120.96648283
47.770079, -120.96648283
47.779079, -120.96648283
47.788079, -120.96648283
47.797079, -120.96648283
47.806079, -120.96648283
47.815079, -120.96648283
47.824079, -120.96648283
47.833079, -120.96648283
47.842079, -120.96648283
47.851079, -120.96648283
47.860079, -120.96648283
47.869079, -120.96648283
47.878079, -120.96648283
47.887079, -120.96648283
47.896079, -120.96648283
47.905079, -120.96648283
47.914079, -120.96648283
47.923079, -120.96648283
47.932079, -120.96648283
47.941079, -120.96648283
47.950079, -120.96648283
47.959079, -120.96648283
47.968079, -120.96648283
47.977079, -120.96648283
47.986079, -120.96648283
47.995079, -120.96648283
48.004079, -120.96648283
48.013079, -120.96648283
48.022079, -120.96648283
48.031079, -120.96648283
48.040079, -120.96648283
48.049079, -120.96648283
48.058079, -120.96648283
48.067079, -120.96648283
48.076079, -120.96648283
48.085079, -120.96648283
48.094079, -120.96648283
48.103079, -120.96648283
48.112079, -120.96648283
48.121079, -120.96648283
48.130079, -120.96648283
48.139079, -120.96648283
48.148079, -120.96648283
48.157079, -120.96648283
48.166079, -120.96648283
48.175079, -120.96648283
48.184079, -120.96648283
48.193079, -120.96648283
48.202079, -120.96648283
48.211079, -120.96648283
48.220079, -120.96648283
48.229079, -120.96648283
48.238079, -120.96648283
48.247079, -120.96648283
48.256079, -120.96648283
48.265079, -120.96648283
48.274079, -120.96648283
48.283079, -120.96648283
48.292079, -120.96648283
48.301079, -120.96648283
48.310079, -120.96648283
48.319079, -120.96648283
48.328079, -120.96648283
48.337079, -120.96648283
48.346079, -120.96648283
48.355079, -120.96648283
48.364079, -120.96648283
48.373079, -120.96648283
48.382079, -120.96648283
48.391079, -120.96648283
48.400079, -120.96648283
48.409079, -120.96648283
48.418079, -120.96648283
48.427079, -120.96648283
48.436079, -120.96648283
48.445079, -120.96648283
48.454079, -120.96648283
48.463079, -120.96648283
48.472079, -120.96648283
48.481079, -120.96648283
48.490079, -120.96648283
48.499079, -120.96648283
48.508079, -120.96648283
48.517079, -120.96648283
48.526079, -120.96648283
48.535079, -120.96648283
48.544079, -120.96648283
48.553079, -120.96648283
48.562079, -120.96648283
48.571079, -120.96648283
48.580079, -120.96648283
48.589079, -120.96648283
48.598079, -120.96648283
48.607079, -120.96648283
48.616079, -120.96648283
48.625079, -120.96648283
48.634079, -120.96648283
48.643079, -120.96648283
48.652079, -120.96648283
48.661079, -120.96648283
48.670079, -120.96648283
48.679079, -120.96648283
48.688079, -120.96648283
48.697079, -120.96648283
48.706079, -120.96648283
48.715079, -120.96648283
48.724079, -120.96648283
48.733079, -120.96648283
48.742079, -120.96648283
48.751079, -120.96648283
48.760079, -120.96648283
48.769079, -120.96648283
48.778079, -120.96648283
48.787079, -120.96648283
48.796079, -120.96648283
48.805079, -120.96648283
48.814079, -120.96648283
48.823079, -120.96648283
48.832079, -120.96648283
48.841079, -120.96648283
48.850079, -120.96648283
48.859079, -120.96648283
48.868079, -120.96648283
48.877079, -120.96648283
48.886079, -120.96648283
48.895079, -120.96648283
48.904079, -120.96648283
48.913079, -120.96648283
48.922079, -120.96648283
48.931079, -120.96648283
48.940079, -120.96648283
48.949079, -120.96648283
46.213079, -120.952776071
46.222079, -120.952776071
46.231079, -120.952776071
46.240079, -120.952776071
46.249079, -120.952776071
46.258079, -120.952776071
46.267079, -120.952776071
46.276079, -120.952776071
46.285079, -120.952776071
46.294079, -120.952776071
46.303079, -120.952776071
46.312079, -120.952776071
46.321079, -120.952776071
46.330079, -120.952776071
46.339079, -120.952776071
46.348079, -120.952776071
46.357079, -120.952776071
46.366079, -120.952776071
46.375079, -120.952776071
46.384079, -120.952776071
46.393079, -120.952776071
46.402079, -120.952776071
46.411079, -120.952776071
46.420079, -120.952776071
46.429079, -120.952776071
46.438079, -120.952776071
46.447079, -120.952776071
46.456079, -120.952776071
46.465079, -120.952776071
46.474079, -120.952776071
46.483079, -120.952776071
46.492079, -120.952776071
46.501079, -120.952776071
46.510079, -120.952776071
46.519079, -120.952776071
46.528079, -120.952776071
46.537079, -120.952776071
46.546079, -120.952776071
46.555079, -120.952776071
46.564079, -120.952776071
46.573079, -120.952776071
46.582079, -120.952776071
46.591079, -120.952776071
46.600079, -120.952776071
46.609079, -120.952776071
46.618079, -120.952776071
46.627079, -120.952776071
46.636079, -120.952776071
46.645079, -120.952776071
46.654079, -120.952776071
46.663079, -120.952776071
46.672079, -120.952776071
46.681079, -120.952776071
46.690079, -120.952776071
46.699079, -120.952776071
46.708079, -120.952776071
46.717079, -120.952776071
46.726079, -120.952776071
46.735079, -120.952776071
46.744079, -120.952776071
46.753079, -120.952776071
46.762079, -120.952776071
46.771079, -120.952776071
46.780079, -120.952776071
46.789079, -120.952776071
46.798079, -120.952776071
46.807079, -120.952776071
46.816079, -120.952776071
46.825079, -120.952776071
46.834079, -120.952776071
46.843079, -120.952776071
46.852079, -120.952776071
46.861079, -120.952776071
46.870079, -120.952776071
46.879079, -120.952776071
46.888079, -120.952776071
46.897079, -120.952776071
46.906079, -120.952776071
46.915079, -120.952776071
46.924079, -120.952776071
46.933079, -120.952776071
46.942079, -120.952776071
46.951079, -120.952776071
46.960079, -120.952776071
46.969079, -120.952776071
46.978079, -120.952776071
46.987079, -120.952776071
46.996079, -120.952776071
47.005079, -120.952776071
47.014079, -120.952776071
47.023079, -120.952776071
47.032079, -120.952776071
47.041079, -120.952776071
47.050079, -120.952776071
47.059079, -120.952776071
47.068079, -120.952776071
47.077079, -120.952776071
47.086079, -120.952776071
47.095079, -120.952776071
47.104079, -120.952776071
47.113079, -120.952776071
47.122079, -120.952776071
47.131079, -120.952776071
47.140079, -120.952776071
47.149079, -120.952776071
47.158079, -120.952776071
47.167079, -120.952776071
47.176079, -120.952776071
47.185079, -120.952776071
47.194079, -120.952776071
47.203079, -120.952776071
47.212079, -120.952776071
47.221079, -120.952776071
47.230079, -120.952776071
47.239079, -120.952776071
47.248079, -120.952776071
47.257079, -120.952776071
47.266079, -120.952776071
47.275079, -120.952776071
47.284079, -120.952776071
47.293079, -120.952776071
47.302079, -120.952776071
47.311079, -120.952776071
47.320079, -120.952776071
47.329079, -120.952776071
47.338079, -120.952776071
47.347079, -120.952776071
47.356079, -120.952776071
47.365079, -120.952776071
47.374079, -120.952776071
47.383079, -120.952776071
47.392079, -120.952776071
47.401079, -120.952776071
47.410079, -120.952776071
47.419079, -120.952776071
47.428079, -120.952776071
47.437079, -120.952776071
47.446079, -120.952776071
47.455079, -120.952776071
47.464079, -120.952776071
47.473079, -120.952776071
47.482079, -120.952776071
47.491079, -120.952776071
47.500079, -120.952776071
47.509079, -120.952776071
47.518079, -120.952776071
47.527079, -120.952776071
47.536079, -120.952776071
47.545079, -120.952776071
47.554079, -120.952776071
47.563079, -120.952776071
47.572079, -120.952776071
47.581079, -120.952776071
47.590079, -120.952776071
47.599079, -120.952776071
47.608079, -120.952776071
47.617079, -120.952776071
47.626079, -120.952776071
47.635079, -120.952776071
47.644079, -120.952776071
47.653079, -120.952776071
47.662079, -120.952776071
47.671079, -120.952776071
47.680079, -120.952776071
47.689079, -120.952776071
47.698079, -120.952776071
47.707079, -120.952776071
47.716079, -120.952776071
47.725079, -120.952776071
47.734079, -120.952776071
47.743079, -120.952776071
